/*--------------------------------*- C++ -*----------------------------------*\
  =========                 |
  \\      /  F ield         | OpenFOAM: The Open Source CFD Toolbox
   \\    /   O peration     | Website:  https://openfoam.org
    \\  /    A nd           | Version:  8
     \\/     M anipulation  |
\*---------------------------------------------------------------------------*/
FoamFile
{
    version     2.0;
    format      ascii;
    class       labelList;
    note        "nPoints: 15006 nCells: 7320 nFaces: 29462 nInternalFaces: 14458";
    location    "constant/polyMesh";
    object      neighbour;
}
// * * * * * * * * * * * * * * * * * * * * * * * * * * * * * * * * * * * * * //


14458
(
1
122
2
123
3
124
4
125
5
126
6
127
7
128
8
129
9
130
10
131
11
132
12
133
13
134
14
135
15
136
16
137
17
138
18
139
19
140
20
141
21
142
22
143
23
144
24
145
25
146
26
147
27
148
28
149
29
150
30
151
31
152
32
153
33
154
34
155
35
156
36
157
37
158
38
159
39
160
40
161
41
162
42
163
43
164
44
165
45
166
46
167
47
168
48
169
49
170
50
171
51
172
52
173
53
174
54
175
55
176
56
177
57
178
58
179
59
180
60
181
61
182
62
183
63
184
64
185
65
186
66
187
67
188
68
189
69
190
70
191
71
192
72
193
73
194
74
195
75
196
76
197
77
198
78
199
79
200
80
201
81
202
82
203
83
204
84
205
85
206
86
207
87
208
88
209
89
210
90
211
91
212
92
213
93
214
94
215
95
216
96
217
97
218
98
219
99
220
100
221
101
222
102
223
103
224
104
225
105
226
106
227
107
228
108
229
109
230
110
231
111
232
112
233
113
234
114
235
115
236
116
237
117
238
118
239
119
240
120
241
121
242
243
123
244
124
245
125
246
126
247
127
248
128
249
129
250
130
251
131
252
132
253
133
254
134
255
135
256
136
257
137
258
138
259
139
260
140
261
141
262
142
263
143
264
144
265
145
266
146
267
147
268
148
269
149
270
150
271
151
272
152
273
153
274
154
275
155
276
156
277
157
278
158
279
159
280
160
281
161
282
162
283
163
284
164
285
165
286
166
287
167
288
168
289
169
290
170
291
171
292
172
293
173
294
174
295
175
296
176
297
177
298
178
299
179
300
180
301
181
302
182
303
183
304
184
305
185
306
186
307
187
308
188
309
189
310
190
311
191
312
192
313
193
314
194
315
195
316
196
317
197
318
198
319
199
320
200
321
201
322
202
323
203
324
204
325
205
326
206
327
207
328
208
329
209
330
210
331
211
332
212
333
213
334
214
335
215
336
216
337
217
338
218
339
219
340
220
341
221
342
222
343
223
344
224
345
225
346
226
347
227
348
228
349
229
350
230
351
231
352
232
353
233
354
234
355
235
356
236
357
237
358
238
359
239
360
240
361
241
362
242
363
243
364
365
245
366
246
367
247
368
248
369
249
370
250
371
251
372
252
373
253
374
254
375
255
376
256
377
257
378
258
379
259
380
260
381
261
382
262
383
263
384
264
385
265
386
266
387
267
388
268
389
269
390
270
391
271
392
272
393
273
394
274
395
275
396
276
397
277
398
278
399
279
400
280
401
281
402
282
403
283
404
284
405
285
406
286
407
287
408
288
409
289
410
290
411
291
412
292
413
293
414
294
415
295
416
296
417
297
418
298
419
299
420
300
421
301
422
302
423
303
424
304
425
305
426
306
427
307
428
308
429
309
430
310
431
311
432
312
433
313
434
314
435
315
436
316
437
317
438
318
439
319
440
320
441
321
442
322
443
323
444
324
445
325
446
326
447
327
448
328
449
329
450
330
451
331
452
332
453
333
454
334
455
335
456
336
457
337
458
338
459
339
460
340
461
341
462
342
463
343
464
344
465
345
466
346
467
347
468
348
469
349
470
350
471
351
472
352
473
353
474
354
475
355
476
356
477
357
478
358
479
359
480
360
481
361
482
362
483
363
484
364
485
365
486
487
367
488
368
489
369
490
370
491
371
492
372
493
373
494
374
495
375
496
376
497
377
498
378
499
379
500
380
501
381
502
382
503
383
504
384
505
385
506
386
507
387
508
388
509
389
510
390
511
391
512
392
513
393
514
394
515
395
516
396
517
397
518
398
519
399
520
400
521
401
522
402
523
403
524
404
525
405
526
406
527
407
528
408
529
409
530
410
531
411
532
412
533
413
534
414
535
415
536
416
537
417
538
418
539
419
540
420
541
421
542
422
543
423
544
424
545
425
546
426
547
427
548
428
549
429
550
430
551
431
552
432
553
433
554
434
555
435
556
436
557
437
558
438
559
439
560
440
561
441
562
442
563
443
564
444
565
445
566
446
567
447
568
448
569
449
570
450
571
451
572
452
573
453
574
454
575
455
576
456
577
457
578
458
579
459
580
460
581
461
582
462
583
463
584
464
585
465
586
466
587
467
588
468
589
469
590
470
591
471
592
472
593
473
594
474
595
475
596
476
597
477
598
478
599
479
600
480
601
481
602
482
603
483
604
484
605
485
606
486
607
487
608
609
489
610
490
611
491
612
492
613
493
614
494
615
495
616
496
617
497
618
498
619
499
620
500
621
501
622
502
623
503
624
504
625
505
626
506
627
507
628
508
629
509
630
510
631
511
632
512
633
513
634
514
635
515
636
516
637
517
638
518
639
519
640
520
641
521
642
522
643
523
644
524
645
525
646
526
647
527
648
528
649
529
650
530
651
531
652
532
653
533
654
534
655
535
656
536
657
537
658
538
659
539
660
540
661
541
662
542
663
543
664
544
665
545
666
546
667
547
668
548
669
549
670
550
671
551
672
552
673
553
674
554
675
555
676
556
677
557
678
558
679
559
680
560
681
561
682
562
683
563
684
564
685
565
686
566
687
567
688
568
689
569
690
570
691
571
692
572
693
573
694
574
695
575
696
576
697
577
698
578
699
579
700
580
701
581
702
582
703
583
704
584
705
585
706
586
707
587
708
588
709
589
710
590
711
591
712
592
713
593
714
594
715
595
716
596
717
597
718
598
719
599
720
600
721
601
722
602
723
603
724
604
725
605
726
606
727
607
728
608
729
609
730
731
611
732
612
733
613
734
614
735
615
736
616
737
617
738
618
739
619
740
620
741
621
742
622
743
623
744
624
745
625
746
626
747
627
748
628
749
629
750
630
751
631
752
632
753
633
754
634
755
635
756
636
757
637
758
638
759
639
760
640
761
641
762
642
763
643
764
644
765
645
766
646
767
647
768
648
769
649
770
650
771
651
772
652
773
653
774
654
775
655
776
656
777
657
778
658
779
659
780
660
781
661
782
662
783
663
784
664
785
665
786
666
787
667
788
668
789
669
790
670
791
671
792
672
793
673
794
674
795
675
796
676
797
677
798
678
799
679
800
680
801
681
802
682
803
683
804
684
805
685
806
686
807
687
808
688
809
689
810
690
811
691
812
692
813
693
814
694
815
695
816
696
817
697
818
698
819
699
820
700
821
701
822
702
823
703
824
704
825
705
826
706
827
707
828
708
829
709
830
710
831
711
832
712
833
713
834
714
835
715
836
716
837
717
838
718
839
719
840
720
841
721
842
722
843
723
844
724
845
725
846
726
847
727
848
728
849
729
850
730
851
731
852
853
733
854
734
855
735
856
736
857
737
858
738
859
739
860
740
861
741
862
742
863
743
864
744
865
745
866
746
867
747
868
748
869
749
870
750
871
751
872
752
873
753
874
754
875
755
876
756
877
757
878
758
879
759
880
760
881
761
882
762
883
763
884
764
885
765
886
766
887
767
888
768
889
769
890
770
891
771
892
772
893
773
894
774
895
775
896
776
897
777
898
778
899
779
900
780
901
781
902
782
903
783
904
784
905
785
906
786
907
787
908
788
909
789
910
790
911
791
912
792
913
793
914
794
915
795
916
796
917
797
918
798
919
799
920
800
921
801
922
802
923
803
924
804
925
805
926
806
927
807
928
808
929
809
930
810
931
811
932
812
933
813
934
814
935
815
936
816
937
817
938
818
939
819
940
820
941
821
942
822
943
823
944
824
945
825
946
826
947
827
948
828
949
829
950
830
951
831
952
832
953
833
954
834
955
835
956
836
957
837
958
838
959
839
960
840
961
841
962
842
963
843
964
844
965
845
966
846
967
847
968
848
969
849
970
850
971
851
972
852
973
853
974
975
855
976
856
977
857
978
858
979
859
980
860
981
861
982
862
983
863
984
864
985
865
986
866
987
867
988
868
989
869
990
870
991
871
992
872
993
873
994
874
995
875
996
876
997
877
998
878
999
879
1000
880
1001
881
1002
882
1003
883
1004
884
1005
885
1006
886
1007
887
1008
888
1009
889
1010
890
1011
891
1012
892
1013
893
1014
894
1015
895
1016
896
1017
897
1018
898
1019
899
1020
900
1021
901
1022
902
1023
903
1024
904
1025
905
1026
906
1027
907
1028
908
1029
909
1030
910
1031
911
1032
912
1033
913
1034
914
1035
915
1036
916
1037
917
1038
918
1039
919
1040
920
1041
921
1042
922
1043
923
1044
924
1045
925
1046
926
1047
927
1048
928
1049
929
1050
930
1051
931
1052
932
1053
933
1054
934
1055
935
1056
936
1057
937
1058
938
1059
939
1060
940
1061
941
1062
942
1063
943
1064
944
1065
945
1066
946
1067
947
1068
948
1069
949
1070
950
1071
951
1072
952
1073
953
1074
954
1075
955
1076
956
1077
957
1078
958
1079
959
1080
960
1081
961
1082
962
1083
963
1084
964
1085
965
1086
966
1087
967
1088
968
1089
969
1090
970
1091
971
1092
972
1093
973
1094
974
1095
975
1096
1097
977
1098
978
1099
979
1100
980
1101
981
1102
982
1103
983
1104
984
1105
985
1106
986
1107
987
1108
988
1109
989
1110
990
1111
991
1112
992
1113
993
1114
994
1115
995
1116
996
1117
997
1118
998
1119
999
1120
1000
1121
1001
1122
1002
1123
1003
1124
1004
1125
1005
1126
1006
1127
1007
1128
1008
1129
1009
1130
1010
1131
1011
1132
1012
1133
1013
1134
1014
1135
1015
1136
1016
1137
1017
1138
1018
1139
1019
1140
1020
1141
1021
1142
1022
1143
1023
1144
1024
1145
1025
1146
1026
1147
1027
1148
1028
1149
1029
1150
1030
1151
1031
1152
1032
1153
1033
1154
1034
1155
1035
1156
1036
1157
1037
1158
1038
1159
1039
1160
1040
1161
1041
1162
1042
1163
1043
1164
1044
1165
1045
1166
1046
1167
1047
1168
1048
1169
1049
1170
1050
1171
1051
1172
1052
1173
1053
1174
1054
1175
1055
1176
1056
1177
1057
1178
1058
1179
1059
1180
1060
1181
1061
1182
1062
1183
1063
1184
1064
1185
1065
1186
1066
1187
1067
1188
1068
1189
1069
1190
1070
1191
1071
1192
1072
1193
1073
1194
1074
1195
1075
1196
1076
1197
1077
1198
1078
1199
1079
1200
1080
1201
1081
1202
1082
1203
1083
1204
1084
1205
1085
1206
1086
1207
1087
1208
1088
1209
1089
1210
1090
1211
1091
1212
1092
1213
1093
1214
1094
1215
1095
1216
1096
1217
1097
1218
1219
1099
1220
1100
1221
1101
1222
1102
1223
1103
1224
1104
1225
1105
1226
1106
1227
1107
1228
1108
1229
1109
1230
1110
1231
1111
1232
1112
1233
1113
1234
1114
1235
1115
1236
1116
1237
1117
1238
1118
1239
1119
1240
1120
1241
1121
1242
1122
1243
1123
1244
1124
1245
1125
1246
1126
1247
1127
1248
1128
1249
1129
1250
1130
1251
1131
1252
1132
1253
1133
1254
1134
1255
1135
1256
1136
1257
1137
1258
1138
1259
1139
1260
1140
1261
1141
1262
1142
1263
1143
1264
1144
1265
1145
1266
1146
1267
1147
1268
1148
1269
1149
1270
1150
1271
1151
1272
1152
1273
1153
1274
1154
1275
1155
1276
1156
1277
1157
1278
1158
1279
1159
1280
1160
1281
1161
1282
1162
1283
1163
1284
1164
1285
1165
1286
1166
1287
1167
1288
1168
1289
1169
1290
1170
1291
1171
1292
1172
1293
1173
1294
1174
1295
1175
1296
1176
1297
1177
1298
1178
1299
1179
1300
1180
1301
1181
1302
1182
1303
1183
1304
1184
1305
1185
1306
1186
1307
1187
1308
1188
1309
1189
1310
1190
1311
1191
1312
1192
1313
1193
1314
1194
1315
1195
1316
1196
1317
1197
1318
1198
1319
1199
1320
1200
1321
1201
1322
1202
1323
1203
1324
1204
1325
1205
1326
1206
1327
1207
1328
1208
1329
1209
1330
1210
1331
1211
1332
1212
1333
1213
1334
1214
1335
1215
1336
1216
1337
1217
1338
1218
1339
1219
1340
1341
1221
1342
1222
1343
1223
1344
1224
1345
1225
1346
1226
1347
1227
1348
1228
1349
1229
1350
1230
1351
1231
1352
1232
1353
1233
1354
1234
1355
1235
1356
1236
1357
1237
1358
1238
1359
1239
1360
1240
1361
1241
1362
1242
1363
1243
1364
1244
1365
1245
1366
1246
1367
1247
1368
1248
1369
1249
1370
1250
1371
1251
1372
1252
1373
1253
1374
1254
1375
1255
1376
1256
1377
1257
1378
1258
1379
1259
1380
1260
1381
1261
1382
1262
1383
1263
1384
1264
1385
1265
1386
1266
1387
1267
1388
1268
1389
1269
1390
1270
1391
1271
1392
1272
1393
1273
1394
1274
1395
1275
1396
1276
1397
1277
1398
1278
1399
1279
1400
1280
1401
1281
1402
1282
1403
1283
1404
1284
1405
1285
1406
1286
1407
1287
1408
1288
1409
1289
1410
1290
1411
1291
1412
1292
1413
1293
1414
1294
1415
1295
1416
1296
1417
1297
1418
1298
1419
1299
1420
1300
1421
1301
1422
1302
1423
1303
1424
1304
1425
1305
1426
1306
1427
1307
1428
1308
1429
1309
1430
1310
1431
1311
1432
1312
1433
1313
1434
1314
1435
1315
1436
1316
1437
1317
1438
1318
1439
1319
1440
1320
1441
1321
1442
1322
1443
1323
1444
1324
1445
1325
1446
1326
1447
1327
1448
1328
1449
1329
1450
1330
1451
1331
1452
1332
1453
1333
1454
1334
1455
1335
1456
1336
1457
1337
1458
1338
1459
1339
1460
1340
1461
1341
1462
1463
1343
1464
1344
1465
1345
1466
1346
1467
1347
1468
1348
1469
1349
1470
1350
1471
1351
1472
1352
1473
1353
1474
1354
1475
1355
1476
1356
1477
1357
1478
1358
1479
1359
1480
1360
1481
1361
1482
1362
1483
1363
1484
1364
1485
1365
1486
1366
1487
1367
1488
1368
1489
1369
1490
1370
1491
1371
1492
1372
1493
1373
1494
1374
1495
1375
1496
1376
1497
1377
1498
1378
1499
1379
1500
1380
1501
1381
1502
1382
1503
1383
1504
1384
1505
1385
1506
1386
1507
1387
1508
1388
1509
1389
1510
1390
1511
1391
1512
1392
1513
1393
1514
1394
1515
1395
1516
1396
1517
1397
1518
1398
1519
1399
1520
1400
1521
1401
1522
1402
1523
1403
1524
1404
1525
1405
1526
1406
1527
1407
1528
1408
1529
1409
1530
1410
1531
1411
1532
1412
1533
1413
1534
1414
1535
1415
1536
1416
1537
1417
1538
1418
1539
1419
1540
1420
1541
1421
1542
1422
1543
1423
1544
1424
1545
1425
1546
1426
1547
1427
1548
1428
1549
1429
1550
1430
1551
1431
1552
1432
1553
1433
1554
1434
1555
1435
1556
1436
1557
1437
1558
1438
1559
1439
1560
1440
1561
1441
1562
1442
1563
1443
1564
1444
1565
1445
1566
1446
1567
1447
1568
1448
1569
1449
1570
1450
1571
1451
1572
1452
1573
1453
1574
1454
1575
1455
1576
1456
1577
1457
1578
1458
1579
1459
1580
1460
1581
1461
1582
1462
1583
1463
1584
1585
1465
1586
1466
1587
1467
1588
1468
1589
1469
1590
1470
1591
1471
1592
1472
1593
1473
1594
1474
1595
1475
1596
1476
1597
1477
1598
1478
1599
1479
1600
1480
1601
1481
1602
1482
1603
1483
1604
1484
1605
1485
1606
1486
1607
1487
1608
1488
1609
1489
1610
1490
1611
1491
1612
1492
1613
1493
1614
1494
1615
1495
1616
1496
1617
1497
1618
1498
1619
1499
1620
1500
1621
1501
1622
1502
1623
1503
1624
1504
1625
1505
1626
1506
1627
1507
1628
1508
1629
1509
1630
1510
1631
1511
1632
1512
1633
1513
1634
1514
1635
1515
1636
1516
1637
1517
1638
1518
1639
1519
1640
1520
1641
1521
1642
1522
1643
1523
1644
1524
1645
1525
1646
1526
1647
1527
1648
1528
1649
1529
1650
1530
1651
1531
1652
1532
1653
1533
1654
1534
1655
1535
1656
1536
1657
1537
1658
1538
1659
1539
1660
1540
1661
1541
1662
1542
1663
1543
1664
1544
1665
1545
1666
1546
1667
1547
1668
1548
1669
1549
1670
1550
1671
1551
1672
1552
1673
1553
1674
1554
1675
1555
1676
1556
1677
1557
1678
1558
1679
1559
1680
1560
1681
1561
1682
1562
1683
1563
1684
1564
1685
1565
1686
1566
1687
1567
1688
1568
1689
1569
1690
1570
1691
1571
1692
1572
1693
1573
1694
1574
1695
1575
1696
1576
1697
1577
1698
1578
1699
1579
1700
1580
1701
1581
1702
1582
1703
1583
1704
1584
1705
1585
1706
1707
1587
1708
1588
1709
1589
1710
1590
1711
1591
1712
1592
1713
1593
1714
1594
1715
1595
1716
1596
1717
1597
1718
1598
1719
1599
1720
1600
1721
1601
1722
1602
1723
1603
1724
1604
1725
1605
1726
1606
1727
1607
1728
1608
1729
1609
1730
1610
1731
1611
1732
1612
1733
1613
1734
1614
1735
1615
1736
1616
1737
1617
1738
1618
1739
1619
1740
1620
1741
1621
1742
1622
1743
1623
1744
1624
1745
1625
1746
1626
1747
1627
1748
1628
1749
1629
1750
1630
1751
1631
1752
1632
1753
1633
1754
1634
1755
1635
1756
1636
1757
1637
1758
1638
1759
1639
1760
1640
1761
1641
1762
1642
1763
1643
1764
1644
1765
1645
1766
1646
1767
1647
1768
1648
1769
1649
1770
1650
1771
1651
1772
1652
1773
1653
1774
1654
1775
1655
1776
1656
1777
1657
1778
1658
1779
1659
1780
1660
1781
1661
1782
1662
1783
1663
1784
1664
1785
1665
1786
1666
1787
1667
1788
1668
1789
1669
1790
1670
1791
1671
1792
1672
1793
1673
1794
1674
1795
1675
1796
1676
1797
1677
1798
1678
1799
1679
1800
1680
1801
1681
1802
1682
1803
1683
1804
1684
1805
1685
1806
1686
1807
1687
1808
1688
1809
1689
1810
1690
1811
1691
1812
1692
1813
1693
1814
1694
1815
1695
1816
1696
1817
1697
1818
1698
1819
1699
1820
1700
1821
1701
1822
1702
1823
1703
1824
1704
1825
1705
1826
1706
1827
1707
1828
1829
1709
1830
1710
1831
1711
1832
1712
1833
1713
1834
1714
1835
1715
1836
1716
1837
1717
1838
1718
1839
1719
1840
1720
1841
1721
1842
1722
1843
1723
1844
1724
1845
1725
1846
1726
1847
1727
1848
1728
1849
1729
1850
1730
1851
1731
1852
1732
1853
1733
1854
1734
1855
1735
1856
1736
1857
1737
1858
1738
1859
1739
1860
1740
1861
1741
1862
1742
1863
1743
1864
1744
1865
1745
1866
1746
1867
1747
1868
1748
1869
1749
1870
1750
1871
1751
1872
1752
1873
1753
1874
1754
1875
1755
1876
1756
1877
1757
1878
1758
1879
1759
1880
1760
1881
1761
1882
1762
1883
1763
1884
1764
1885
1765
1886
1766
1887
1767
1888
1768
1889
1769
1890
1770
1891
1771
1892
1772
1893
1773
1894
1774
1895
1775
1896
1776
1897
1777
1898
1778
1899
1779
1900
1780
1901
1781
1902
1782
1903
1783
1904
1784
1905
1785
1906
1786
1907
1787
1908
1788
1909
1789
1910
1790
1911
1791
1912
1792
1913
1793
1914
1794
1915
1795
1916
1796
1917
1797
1918
1798
1919
1799
1920
1800
1921
1801
1922
1802
1923
1803
1924
1804
1925
1805
1926
1806
1927
1807
1928
1808
1929
1809
1930
1810
1931
1811
1932
1812
1933
1813
1934
1814
1935
1815
1936
1816
1937
1817
1938
1818
1939
1819
1940
1820
1941
1821
1942
1822
1943
1823
1944
1824
1945
1825
1946
1826
1947
1827
1948
1828
1949
1829
1950
1951
1831
1952
1832
1953
1833
1954
1834
1955
1835
1956
1836
1957
1837
1958
1838
1959
1839
1960
1840
1961
1841
1962
1842
1963
1843
1964
1844
1965
1845
1966
1846
1967
1847
1968
1848
1969
1849
1970
1850
1971
1851
1972
1852
1973
1853
1974
1854
1975
1855
1976
1856
1977
1857
1978
1858
1979
1859
1980
1860
1981
1861
1982
1862
1983
1863
1984
1864
1985
1865
1986
1866
1987
1867
1988
1868
1989
1869
1990
1870
1991
1871
1992
1872
1993
1873
1994
1874
1995
1875
1996
1876
1997
1877
1998
1878
1999
1879
2000
1880
2001
1881
2002
1882
2003
1883
2004
1884
2005
1885
2006
1886
2007
1887
2008
1888
2009
1889
2010
1890
2011
1891
2012
1892
2013
1893
2014
1894
2015
1895
2016
1896
2017
1897
2018
1898
2019
1899
2020
1900
2021
1901
2022
1902
2023
1903
2024
1904
2025
1905
2026
1906
2027
1907
2028
1908
2029
1909
2030
1910
2031
1911
2032
1912
2033
1913
2034
1914
2035
1915
2036
1916
2037
1917
2038
1918
2039
1919
2040
1920
2041
1921
2042
1922
2043
1923
2044
1924
2045
1925
2046
1926
2047
1927
2048
1928
2049
1929
2050
1930
2051
1931
2052
1932
2053
1933
2054
1934
2055
1935
2056
1936
2057
1937
2058
1938
2059
1939
2060
1940
2061
1941
2062
1942
2063
1943
2064
1944
2065
1945
2066
1946
2067
1947
2068
1948
2069
1949
2070
1950
2071
1951
2072
2073
1953
2074
1954
2075
1955
2076
1956
2077
1957
2078
1958
2079
1959
2080
1960
2081
1961
2082
1962
2083
1963
2084
1964
2085
1965
2086
1966
2087
1967
2088
1968
2089
1969
2090
1970
2091
1971
2092
1972
2093
1973
2094
1974
2095
1975
2096
1976
2097
1977
2098
1978
2099
1979
2100
1980
2101
1981
2102
1982
2103
1983
2104
1984
2105
1985
2106
1986
2107
1987
2108
1988
2109
1989
2110
1990
2111
1991
2112
1992
2113
1993
2114
1994
2115
1995
2116
1996
2117
1997
2118
1998
2119
1999
2120
2000
2121
2001
2122
2002
2123
2003
2124
2004
2125
2005
2126
2006
2127
2007
2128
2008
2129
2009
2130
2010
2131
2011
2132
2012
2133
2013
2134
2014
2135
2015
2136
2016
2137
2017
2138
2018
2139
2019
2140
2020
2141
2021
2142
2022
2143
2023
2144
2024
2145
2025
2146
2026
2147
2027
2148
2028
2149
2029
2150
2030
2151
2031
2152
2032
2153
2033
2154
2034
2155
2035
2156
2036
2157
2037
2158
2038
2159
2039
2160
2040
2161
2041
2162
2042
2163
2043
2164
2044
2165
2045
2166
2046
2167
2047
2168
2048
2169
2049
2170
2050
2171
2051
2172
2052
2173
2053
2174
2054
2175
2055
2176
2056
2177
2057
2178
2058
2179
2059
2180
2060
2181
2061
2182
2062
2183
2063
2184
2064
2185
2065
2186
2066
2187
2067
2188
2068
2189
2069
2190
2070
2191
2071
2192
2072
2193
2073
2194
2195
2075
2196
2076
2197
2077
2198
2078
2199
2079
2200
2080
2201
2081
2202
2082
2203
2083
2204
2084
2205
2085
2206
2086
2207
2087
2208
2088
2209
2089
2210
2090
2211
2091
2212
2092
2213
2093
2214
2094
2215
2095
2216
2096
2217
2097
2218
2098
2219
2099
2220
2100
2221
2101
2222
2102
2223
2103
2224
2104
2225
2105
2226
2106
2227
2107
2228
2108
2229
2109
2230
2110
2231
2111
2232
2112
2233
2113
2234
2114
2235
2115
2236
2116
2237
2117
2238
2118
2239
2119
2240
2120
2241
2121
2242
2122
2243
2123
2244
2124
2245
2125
2246
2126
2247
2127
2248
2128
2249
2129
2250
2130
2251
2131
2252
2132
2253
2133
2254
2134
2255
2135
2256
2136
2257
2137
2258
2138
2259
2139
2260
2140
2261
2141
2262
2142
2263
2143
2264
2144
2265
2145
2266
2146
2267
2147
2268
2148
2269
2149
2270
2150
2271
2151
2272
2152
2273
2153
2274
2154
2275
2155
2276
2156
2277
2157
2278
2158
2279
2159
2280
2160
2281
2161
2282
2162
2283
2163
2284
2164
2285
2165
2286
2166
2287
2167
2288
2168
2289
2169
2290
2170
2291
2171
2292
2172
2293
2173
2294
2174
2295
2175
2296
2176
2297
2177
2298
2178
2299
2179
2300
2180
2301
2181
2302
2182
2303
2183
2304
2184
2305
2185
2306
2186
2307
2187
2308
2188
2309
2189
2310
2190
2311
2191
2312
2192
2313
2193
2314
2194
2315
2195
2316
2317
2197
2318
2198
2319
2199
2320
2200
2321
2201
2322
2202
2323
2203
2324
2204
2325
2205
2326
2206
2327
2207
2328
2208
2329
2209
2330
2210
2331
2211
2332
2212
2333
2213
2334
2214
2335
2215
2336
2216
2337
2217
2338
2218
2339
2219
2340
2220
2341
2221
2342
2222
2343
2223
2344
2224
2345
2225
2346
2226
2347
2227
2348
2228
2349
2229
2350
2230
2351
2231
2352
2232
2353
2233
2354
2234
2355
2235
2356
2236
2357
2237
2358
2238
2359
2239
2360
2240
2361
2241
2362
2242
2363
2243
2364
2244
2365
2245
2366
2246
2367
2247
2368
2248
2369
2249
2370
2250
2371
2251
2372
2252
2373
2253
2374
2254
2375
2255
2376
2256
2377
2257
2378
2258
2379
2259
2380
2260
2381
2261
2382
2262
2383
2263
2384
2264
2385
2265
2386
2266
2387
2267
2388
2268
2389
2269
2390
2270
2391
2271
2392
2272
2393
2273
2394
2274
2395
2275
2396
2276
2397
2277
2398
2278
2399
2279
2400
2280
2401
2281
2402
2282
2403
2283
2404
2284
2405
2285
2406
2286
2407
2287
2408
2288
2409
2289
2410
2290
2411
2291
2412
2292
2413
2293
2414
2294
2415
2295
2416
2296
2417
2297
2418
2298
2419
2299
2420
2300
2421
2301
2422
2302
2423
2303
2424
2304
2425
2305
2426
2306
2427
2307
2428
2308
2429
2309
2430
2310
2431
2311
2432
2312
2433
2313
2434
2314
2435
2315
2436
2316
2437
2317
2438
2439
2319
2440
2320
2441
2321
2442
2322
2443
2323
2444
2324
2445
2325
2446
2326
2447
2327
2448
2328
2449
2329
2450
2330
2451
2331
2452
2332
2453
2333
2454
2334
2455
2335
2456
2336
2457
2337
2458
2338
2459
2339
2460
2340
2461
2341
2462
2342
2463
2343
2464
2344
2465
2345
2466
2346
2467
2347
2468
2348
2469
2349
2470
2350
2471
2351
2472
2352
2473
2353
2474
2354
2475
2355
2476
2356
2477
2357
2478
2358
2479
2359
2480
2360
2481
2361
2482
2362
2483
2363
2484
2364
2485
2365
2486
2366
2487
2367
2488
2368
2489
2369
2490
2370
2491
2371
2492
2372
2493
2373
2494
2374
2495
2375
2496
2376
2497
2377
2498
2378
2499
2379
2500
2380
2501
2381
2502
2382
2503
2383
2504
2384
2505
2385
2506
2386
2507
2387
2508
2388
2509
2389
2510
2390
2511
2391
2512
2392
2513
2393
2514
2394
2515
2395
2516
2396
2517
2397
2518
2398
2519
2399
2520
2400
2521
2401
2522
2402
2523
2403
2524
2404
2525
2405
2526
2406
2527
2407
2528
2408
2529
2409
2530
2410
2531
2411
2532
2412
2533
2413
2534
2414
2535
2415
2536
2416
2537
2417
2538
2418
2539
2419
2540
2420
2541
2421
2542
2422
2543
2423
2544
2424
2545
2425
2546
2426
2547
2427
2548
2428
2549
2429
2550
2430
2551
2431
2552
2432
2553
2433
2554
2434
2555
2435
2556
2436
2557
2437
2558
2438
2559
2439
2560
2561
2441
2562
2442
2563
2443
2564
2444
2565
2445
2566
2446
2567
2447
2568
2448
2569
2449
2570
2450
2571
2451
2572
2452
2573
2453
2574
2454
2575
2455
2576
2456
2577
2457
2578
2458
2579
2459
2580
2460
2581
2461
2582
2462
2583
2463
2584
2464
2585
2465
2586
2466
2587
2467
2588
2468
2589
2469
2590
2470
2591
2471
2592
2472
2593
2473
2594
2474
2595
2475
2596
2476
2597
2477
2598
2478
2599
2479
2600
2480
2601
2481
2602
2482
2603
2483
2604
2484
2605
2485
2606
2486
2607
2487
2608
2488
2609
2489
2610
2490
2611
2491
2612
2492
2613
2493
2614
2494
2615
2495
2616
2496
2617
2497
2618
2498
2619
2499
2620
2500
2621
2501
2622
2502
2623
2503
2624
2504
2625
2505
2626
2506
2627
2507
2628
2508
2629
2509
2630
2510
2631
2511
2632
2512
2633
2513
2634
2514
2635
2515
2636
2516
2637
2517
2638
2518
2639
2519
2640
2520
2641
2521
2642
2522
2643
2523
2644
2524
2645
2525
2646
2526
2647
2527
2648
2528
2649
2529
2650
2530
2651
2531
2652
2532
2653
2533
2654
2534
2655
2535
2656
2536
2657
2537
2658
2538
2659
2539
2660
2540
2661
2541
2662
2542
2663
2543
2664
2544
2665
2545
2666
2546
2667
2547
2668
2548
2669
2549
2670
2550
2671
2551
2672
2552
2673
2553
2674
2554
2675
2555
2676
2556
2677
2557
2678
2558
2679
2559
2680
2560
2681
2561
2682
2683
2563
2684
2564
2685
2565
2686
2566
2687
2567
2688
2568
2689
2569
2690
2570
2691
2571
2692
2572
2693
2573
2694
2574
2695
2575
2696
2576
2697
2577
2698
2578
2699
2579
2700
2580
2701
2581
2702
2582
2703
2583
2704
2584
2705
2585
2706
2586
2707
2587
2708
2588
2709
2589
2710
2590
2711
2591
2712
2592
2713
2593
2714
2594
2715
2595
2716
2596
2717
2597
2718
2598
2719
2599
2720
2600
2721
2601
2722
2602
2723
2603
2724
2604
2725
2605
2726
2606
2727
2607
2728
2608
2729
2609
2730
2610
2731
2611
2732
2612
2733
2613
2734
2614
2735
2615
2736
2616
2737
2617
2738
2618
2739
2619
2740
2620
2741
2621
2742
2622
2743
2623
2744
2624
2745
2625
2746
2626
2747
2627
2748
2628
2749
2629
2750
2630
2751
2631
2752
2632
2753
2633
2754
2634
2755
2635
2756
2636
2757
2637
2758
2638
2759
2639
2760
2640
2761
2641
2762
2642
2763
2643
2764
2644
2765
2645
2766
2646
2767
2647
2768
2648
2769
2649
2770
2650
2771
2651
2772
2652
2773
2653
2774
2654
2775
2655
2776
2656
2777
2657
2778
2658
2779
2659
2780
2660
2781
2661
2782
2662
2783
2663
2784
2664
2785
2665
2786
2666
2787
2667
2788
2668
2789
2669
2790
2670
2791
2671
2792
2672
2793
2673
2794
2674
2795
2675
2796
2676
2797
2677
2798
2678
2799
2679
2800
2680
2801
2681
2802
2682
2803
2683
2804
2805
2685
2806
2686
2807
2687
2808
2688
2809
2689
2810
2690
2811
2691
2812
2692
2813
2693
2814
2694
2815
2695
2816
2696
2817
2697
2818
2698
2819
2699
2820
2700
2821
2701
2822
2702
2823
2703
2824
2704
2825
2705
2826
2706
2827
2707
2828
2708
2829
2709
2830
2710
2831
2711
2832
2712
2833
2713
2834
2714
2835
2715
2836
2716
2837
2717
2838
2718
2839
2719
2840
2720
2841
2721
2842
2722
2843
2723
2844
2724
2845
2725
2846
2726
2847
2727
2848
2728
2849
2729
2850
2730
2851
2731
2852
2732
2853
2733
2854
2734
2855
2735
2856
2736
2857
2737
2858
2738
2859
2739
2860
2740
2861
2741
2862
2742
2863
2743
2864
2744
2865
2745
2866
2746
2867
2747
2868
2748
2869
2749
2870
2750
2871
2751
2872
2752
2873
2753
2874
2754
2875
2755
2876
2756
2877
2757
2878
2758
2879
2759
2880
2760
2881
2761
2882
2762
2883
2763
2884
2764
2885
2765
2886
2766
2887
2767
2888
2768
2889
2769
2890
2770
2891
2771
2892
2772
2893
2773
2894
2774
2895
2775
2896
2776
2897
2777
2898
2778
2899
2779
2900
2780
2901
2781
2902
2782
2903
2783
2904
2784
2905
2785
2906
2786
2907
2787
2908
2788
2909
2789
2910
2790
2911
2791
2912
2792
2913
2793
2914
2794
2915
2795
2916
2796
2917
2797
2918
2798
2919
2799
2920
2800
2921
2801
2922
2802
2923
2803
2924
2804
2925
2805
2926
2927
2807
2928
2808
2929
2809
2930
2810
2931
2811
2932
2812
2933
2813
2934
2814
2935
2815
2936
2816
2937
2817
2938
2818
2939
2819
2940
2820
2941
2821
2942
2822
2943
2823
2944
2824
2945
2825
2946
2826
2947
2827
2948
2828
2949
2829
2950
2830
2951
2831
2952
2832
2953
2833
2954
2834
2955
2835
2956
2836
2957
2837
2958
2838
2959
2839
2960
2840
2961
2841
2962
2842
2963
2843
2964
2844
2965
2845
2966
2846
2967
2847
2968
2848
2969
2849
2970
2850
2971
2851
2972
2852
2973
2853
2974
2854
2975
2855
2976
2856
2977
2857
2978
2858
2979
2859
2980
2860
2981
2861
2982
2862
2983
2863
2984
2864
2985
2865
2986
2866
2987
2867
2988
2868
2989
2869
2990
2870
2991
2871
2992
2872
2993
2873
2994
2874
2995
2875
2996
2876
2997
2877
2998
2878
2999
2879
3000
2880
3001
2881
3002
2882
3003
2883
3004
2884
3005
2885
3006
2886
3007
2887
3008
2888
3009
2889
3010
2890
3011
2891
3012
2892
3013
2893
3014
2894
3015
2895
3016
2896
3017
2897
3018
2898
3019
2899
3020
2900
3021
2901
3022
2902
3023
2903
3024
2904
3025
2905
3026
2906
3027
2907
3028
2908
3029
2909
3030
2910
3031
2911
3032
2912
3033
2913
3034
2914
3035
2915
3036
2916
3037
2917
3038
2918
3039
2919
3040
2920
3041
2921
3042
2922
3043
2923
3044
2924
3045
2925
3046
2926
3047
2927
3048
3049
2929
3050
2930
3051
2931
3052
2932
3053
2933
3054
2934
3055
2935
3056
2936
3057
2937
3058
2938
3059
2939
3060
2940
3061
2941
3062
2942
3063
2943
3064
2944
3065
2945
3066
2946
3067
2947
3068
2948
3069
2949
3070
2950
3071
2951
3072
2952
3073
2953
3074
2954
3075
2955
3076
2956
3077
2957
3078
2958
3079
2959
3080
2960
3081
2961
3082
2962
3083
2963
3084
2964
3085
2965
3086
2966
3087
2967
3088
2968
3089
2969
3090
2970
3091
2971
3092
2972
3093
2973
3094
2974
3095
2975
3096
2976
3097
2977
3098
2978
3099
2979
3100
2980
3101
2981
3102
2982
3103
2983
3104
2984
3105
2985
3106
2986
3107
2987
3108
2988
3109
2989
3110
2990
3111
2991
3112
2992
3113
2993
3114
2994
3115
2995
3116
2996
3117
2997
3118
2998
3119
2999
3120
3000
3121
3001
3122
3002
3123
3003
3124
3004
3125
3005
3126
3006
3127
3007
3128
3008
3129
3009
3130
3010
3131
3011
3132
3012
3133
3013
3134
3014
3135
3015
3136
3016
3137
3017
3138
3018
3139
3019
3140
3020
3141
3021
3142
3022
3143
3023
3144
3024
3145
3025
3146
3026
3147
3027
3148
3028
3149
3029
3150
3030
3151
3031
3152
3032
3153
3033
3154
3034
3155
3035
3156
3036
3157
3037
3158
3038
3159
3039
3160
3040
3161
3041
3162
3042
3163
3043
3164
3044
3165
3045
3166
3046
3167
3047
3168
3048
3169
3049
3170
3171
3051
3172
3052
3173
3053
3174
3054
3175
3055
3176
3056
3177
3057
3178
3058
3179
3059
3180
3060
3181
3061
3182
3062
3183
3063
3184
3064
3185
3065
3186
3066
3187
3067
3188
3068
3189
3069
3190
3070
3191
3071
3192
3072
3193
3073
3194
3074
3195
3075
3196
3076
3197
3077
3198
3078
3199
3079
3200
3080
3201
3081
3202
3082
3203
3083
3204
3084
3205
3085
3206
3086
3207
3087
3208
3088
3209
3089
3210
3090
3211
3091
3212
3092
3213
3093
3214
3094
3215
3095
3216
3096
3217
3097
3218
3098
3219
3099
3220
3100
3221
3101
3222
3102
3223
3103
3224
3104
3225
3105
3226
3106
3227
3107
3228
3108
3229
3109
3230
3110
3231
3111
3232
3112
3233
3113
3234
3114
3235
3115
3236
3116
3237
3117
3238
3118
3239
3119
3240
3120
3241
3121
3242
3122
3243
3123
3244
3124
3245
3125
3246
3126
3247
3127
3248
3128
3249
3129
3250
3130
3251
3131
3252
3132
3253
3133
3254
3134
3255
3135
3256
3136
3257
3137
3258
3138
3259
3139
3260
3140
3261
3141
3262
3142
3263
3143
3264
3144
3265
3145
3266
3146
3267
3147
3268
3148
3269
3149
3270
3150
3271
3151
3272
3152
3273
3153
3274
3154
3275
3155
3276
3156
3277
3157
3278
3158
3279
3159
3280
3160
3281
3161
3282
3162
3283
3163
3284
3164
3285
3165
3286
3166
3287
3167
3288
3168
3289
3169
3290
3170
3291
3171
3292
3293
3173
3294
3174
3295
3175
3296
3176
3297
3177
3298
3178
3299
3179
3300
3180
3301
3181
3302
3182
3303
3183
3304
3184
3305
3185
3306
3186
3307
3187
3308
3188
3309
3189
3310
3190
3311
3191
3312
3192
3313
3193
3314
3194
3315
3195
3316
3196
3317
3197
3318
3198
3319
3199
3320
3200
3321
3201
3322
3202
3323
3203
3324
3204
3325
3205
3326
3206
3327
3207
3328
3208
3329
3209
3330
3210
3331
3211
3332
3212
3333
3213
3334
3214
3335
3215
3336
3216
3337
3217
3338
3218
3339
3219
3340
3220
3341
3221
3342
3222
3343
3223
3344
3224
3345
3225
3346
3226
3347
3227
3348
3228
3349
3229
3350
3230
3351
3231
3352
3232
3353
3233
3354
3234
3355
3235
3356
3236
3357
3237
3358
3238
3359
3239
3360
3240
3361
3241
3362
3242
3363
3243
3364
3244
3365
3245
3366
3246
3367
3247
3368
3248
3369
3249
3370
3250
3371
3251
3372
3252
3373
3253
3374
3254
3375
3255
3376
3256
3377
3257
3378
3258
3379
3259
3380
3260
3381
3261
3382
3262
3383
3263
3384
3264
3385
3265
3386
3266
3387
3267
3388
3268
3389
3269
3390
3270
3391
3271
3392
3272
3393
3273
3394
3274
3395
3275
3396
3276
3397
3277
3398
3278
3399
3279
3400
3280
3401
3281
3402
3282
3403
3283
3404
3284
3405
3285
3406
3286
3407
3287
3408
3288
3409
3289
3410
3290
3411
3291
3412
3292
3413
3293
3414
3415
3295
3416
3296
3417
3297
3418
3298
3419
3299
3420
3300
3421
3301
3422
3302
3423
3303
3424
3304
3425
3305
3426
3306
3427
3307
3428
3308
3429
3309
3430
3310
3431
3311
3432
3312
3433
3313
3434
3314
3435
3315
3436
3316
3437
3317
3438
3318
3439
3319
3440
3320
3441
3321
3442
3322
3443
3323
3444
3324
3445
3325
3446
3326
3447
3327
3448
3328
3449
3329
3450
3330
3451
3331
3452
3332
3453
3333
3454
3334
3455
3335
3456
3336
3457
3337
3458
3338
3459
3339
3460
3340
3461
3341
3462
3342
3463
3343
3464
3344
3465
3345
3466
3346
3467
3347
3468
3348
3469
3349
3470
3350
3471
3351
3472
3352
3473
3353
3474
3354
3475
3355
3476
3356
3477
3357
3478
3358
3479
3359
3480
3360
3481
3361
3482
3362
3483
3363
3484
3364
3485
3365
3486
3366
3487
3367
3488
3368
3489
3369
3490
3370
3491
3371
3492
3372
3493
3373
3494
3374
3495
3375
3496
3376
3497
3377
3498
3378
3499
3379
3500
3380
3501
3381
3502
3382
3503
3383
3504
3384
3505
3385
3506
3386
3507
3387
3508
3388
3509
3389
3510
3390
3511
3391
3512
3392
3513
3393
3514
3394
3515
3395
3516
3396
3517
3397
3518
3398
3519
3399
3520
3400
3521
3401
3522
3402
3523
3403
3524
3404
3525
3405
3526
3406
3527
3407
3528
3408
3529
3409
3530
3410
3531
3411
3532
3412
3533
3413
3534
3414
3535
3415
3536
3537
3417
3538
3418
3539
3419
3540
3420
3541
3421
3542
3422
3543
3423
3544
3424
3545
3425
3546
3426
3547
3427
3548
3428
3549
3429
3550
3430
3551
3431
3552
3432
3553
3433
3554
3434
3555
3435
3556
3436
3557
3437
3558
3438
3559
3439
3560
3440
3561
3441
3562
3442
3563
3443
3564
3444
3565
3445
3566
3446
3567
3447
3568
3448
3569
3449
3570
3450
3571
3451
3572
3452
3573
3453
3574
3454
3575
3455
3576
3456
3577
3457
3578
3458
3579
3459
3580
3460
3581
3461
3582
3462
3583
3463
3584
3464
3585
3465
3586
3466
3587
3467
3588
3468
3589
3469
3590
3470
3591
3471
3592
3472
3593
3473
3594
3474
3595
3475
3596
3476
3597
3477
3598
3478
3599
3479
3600
3480
3601
3481
3602
3482
3603
3483
3604
3484
3605
3485
3606
3486
3607
3487
3608
3488
3609
3489
3610
3490
3611
3491
3612
3492
3613
3493
3614
3494
3615
3495
3616
3496
3617
3497
3618
3498
3619
3499
3620
3500
3621
3501
3622
3502
3623
3503
3624
3504
3625
3505
3626
3506
3627
3507
3628
3508
3629
3509
3630
3510
3631
3511
3632
3512
3633
3513
3634
3514
3635
3515
3636
3516
3637
3517
3638
3518
3639
3519
3640
3520
3641
3521
3642
3522
3643
3523
3644
3524
3645
3525
3646
3526
3647
3527
3648
3528
3649
3529
3650
3530
3651
3531
3652
3532
3653
3533
3654
3534
3655
3535
3656
3536
3657
3537
3658
3659
3539
3660
3540
3661
3541
3662
3542
3663
3543
3664
3544
3665
3545
3666
3546
3667
3547
3668
3548
3669
3549
3670
3550
3671
3551
3672
3552
3673
3553
3674
3554
3675
3555
3676
3556
3677
3557
3678
3558
3679
3559
3680
3560
3681
3561
3682
3562
3683
3563
3684
3564
3685
3565
3686
3566
3687
3567
3688
3568
3689
3569
3690
3570
3691
3571
3692
3572
3693
3573
3694
3574
3695
3575
3696
3576
3697
3577
3698
3578
3699
3579
3700
3580
3701
3581
3702
3582
3703
3583
3704
3584
3705
3585
3706
3586
3707
3587
3708
3588
3709
3589
3710
3590
3711
3591
3712
3592
3713
3593
3714
3594
3715
3595
3716
3596
3717
3597
3718
3598
3719
3599
3720
3600
3721
3601
3722
3602
3723
3603
3724
3604
3725
3605
3726
3606
3727
3607
3728
3608
3729
3609
3730
3610
3731
3611
3732
3612
3733
3613
3734
3614
3735
3615
3736
3616
3737
3617
3738
3618
3739
3619
3740
3620
3741
3621
3742
3622
3743
3623
3744
3624
3745
3625
3746
3626
3747
3627
3748
3628
3749
3629
3750
3630
3751
3631
3752
3632
3753
3633
3754
3634
3755
3635
3756
3636
3757
3637
3758
3638
3759
3639
3760
3640
3761
3641
3762
3642
3763
3643
3764
3644
3765
3645
3766
3646
3767
3647
3768
3648
3769
3649
3770
3650
3771
3651
3772
3652
3773
3653
3774
3654
3775
3655
3776
3656
3777
3657
3778
3658
3779
3659
3780
3781
3661
3782
3662
3783
3663
3784
3664
3785
3665
3786
3666
3787
3667
3788
3668
3789
3669
3790
3670
3791
3671
3792
3672
3793
3673
3794
3674
3795
3675
3796
3676
3797
3677
3798
3678
3799
3679
3800
3680
3801
3681
3802
3682
3803
3683
3804
3684
3805
3685
3806
3686
3807
3687
3808
3688
3809
3689
3810
3690
3811
3691
3812
3692
3813
3693
3814
3694
3815
3695
3816
3696
3817
3697
3818
3698
3819
3699
3820
3700
3821
3701
3822
3702
3823
3703
3824
3704
3825
3705
3826
3706
3827
3707
3828
3708
3829
3709
3830
3710
3831
3711
3832
3712
3833
3713
3834
3714
3835
3715
3836
3716
3837
3717
3838
3718
3839
3719
3840
3720
3841
3721
3842
3722
3843
3723
3844
3724
3845
3725
3846
3726
3847
3727
3848
3728
3849
3729
3850
3730
3851
3731
3852
3732
3853
3733
3854
3734
3855
3735
3856
3736
3857
3737
3858
3738
3859
3739
3860
3740
3861
3741
3862
3742
3863
3743
3864
3744
3865
3745
3866
3746
3867
3747
3868
3748
3869
3749
3870
3750
3871
3751
3872
3752
3873
3753
3874
3754
3875
3755
3876
3756
3877
3757
3878
3758
3879
3759
3880
3760
3881
3761
3882
3762
3883
3763
3884
3764
3885
3765
3886
3766
3887
3767
3888
3768
3889
3769
3890
3770
3891
3771
3892
3772
3893
3773
3894
3774
3895
3775
3896
3776
3897
3777
3898
3778
3899
3779
3900
3780
3901
3781
3902
3903
3783
3904
3784
3905
3785
3906
3786
3907
3787
3908
3788
3909
3789
3910
3790
3911
3791
3912
3792
3913
3793
3914
3794
3915
3795
3916
3796
3917
3797
3918
3798
3919
3799
3920
3800
3921
3801
3922
3802
3923
3803
3924
3804
3925
3805
3926
3806
3927
3807
3928
3808
3929
3809
3930
3810
3931
3811
3932
3812
3933
3813
3934
3814
3935
3815
3936
3816
3937
3817
3938
3818
3939
3819
3940
3820
3941
3821
3942
3822
3943
3823
3944
3824
3945
3825
3946
3826
3947
3827
3948
3828
3949
3829
3950
3830
3951
3831
3952
3832
3953
3833
3954
3834
3955
3835
3956
3836
3957
3837
3958
3838
3959
3839
3960
3840
3961
3841
3962
3842
3963
3843
3964
3844
3965
3845
3966
3846
3967
3847
3968
3848
3969
3849
3970
3850
3971
3851
3972
3852
3973
3853
3974
3854
3975
3855
3976
3856
3977
3857
3978
3858
3979
3859
3980
3860
3981
3861
3982
3862
3983
3863
3984
3864
3985
3865
3986
3866
3987
3867
3988
3868
3989
3869
3990
3870
3991
3871
3992
3872
3993
3873
3994
3874
3995
3875
3996
3876
3997
3877
3998
3878
3999
3879
4000
3880
4001
3881
4002
3882
4003
3883
4004
3884
4005
3885
4006
3886
4007
3887
4008
3888
4009
3889
4010
3890
4011
3891
4012
3892
4013
3893
4014
3894
4015
3895
4016
3896
4017
3897
4018
3898
4019
3899
4020
3900
4021
3901
4022
3902
4023
3903
4024
4025
3905
4026
3906
4027
3907
4028
3908
4029
3909
4030
3910
4031
3911
4032
3912
4033
3913
4034
3914
4035
3915
4036
3916
4037
3917
4038
3918
4039
3919
4040
3920
4041
3921
4042
3922
4043
3923
4044
3924
4045
3925
4046
3926
4047
3927
4048
3928
4049
3929
4050
3930
4051
3931
4052
3932
4053
3933
4054
3934
4055
3935
4056
3936
4057
3937
4058
3938
4059
3939
4060
3940
4061
3941
4062
3942
4063
3943
4064
3944
4065
3945
4066
3946
4067
3947
4068
3948
4069
3949
4070
3950
4071
3951
4072
3952
4073
3953
4074
3954
4075
3955
4076
3956
4077
3957
4078
3958
4079
3959
4080
3960
4081
3961
4082
3962
4083
3963
4084
3964
4085
3965
4086
3966
4087
3967
4088
3968
4089
3969
4090
3970
4091
3971
4092
3972
4093
3973
4094
3974
4095
3975
4096
3976
4097
3977
4098
3978
4099
3979
4100
3980
4101
3981
4102
3982
4103
3983
4104
3984
4105
3985
4106
3986
4107
3987
4108
3988
4109
3989
4110
3990
4111
3991
4112
3992
4113
3993
4114
3994
4115
3995
4116
3996
4117
3997
4118
3998
4119
3999
4120
4000
4121
4001
4122
4002
4123
4003
4124
4004
4125
4005
4126
4006
4127
4007
4128
4008
4129
4009
4130
4010
4131
4011
4132
4012
4133
4013
4134
4014
4135
4015
4136
4016
4137
4017
4138
4018
4139
4019
4140
4020
4141
4021
4142
4022
4143
4023
4144
4024
4145
4025
4146
4147
4027
4148
4028
4149
4029
4150
4030
4151
4031
4152
4032
4153
4033
4154
4034
4155
4035
4156
4036
4157
4037
4158
4038
4159
4039
4160
4040
4161
4041
4162
4042
4163
4043
4164
4044
4165
4045
4166
4046
4167
4047
4168
4048
4169
4049
4170
4050
4171
4051
4172
4052
4173
4053
4174
4054
4175
4055
4176
4056
4177
4057
4178
4058
4179
4059
4180
4060
4181
4061
4182
4062
4183
4063
4184
4064
4185
4065
4186
4066
4187
4067
4188
4068
4189
4069
4190
4070
4191
4071
4192
4072
4193
4073
4194
4074
4195
4075
4196
4076
4197
4077
4198
4078
4199
4079
4200
4080
4201
4081
4202
4082
4203
4083
4204
4084
4205
4085
4206
4086
4207
4087
4208
4088
4209
4089
4210
4090
4211
4091
4212
4092
4213
4093
4214
4094
4215
4095
4216
4096
4217
4097
4218
4098
4219
4099
4220
4100
4221
4101
4222
4102
4223
4103
4224
4104
4225
4105
4226
4106
4227
4107
4228
4108
4229
4109
4230
4110
4231
4111
4232
4112
4233
4113
4234
4114
4235
4115
4236
4116
4237
4117
4238
4118
4239
4119
4240
4120
4241
4121
4242
4122
4243
4123
4244
4124
4245
4125
4246
4126
4247
4127
4248
4128
4249
4129
4250
4130
4251
4131
4252
4132
4253
4133
4254
4134
4255
4135
4256
4136
4257
4137
4258
4138
4259
4139
4260
4140
4261
4141
4262
4142
4263
4143
4264
4144
4265
4145
4266
4146
4267
4147
4268
4269
4149
4270
4150
4271
4151
4272
4152
4273
4153
4274
4154
4275
4155
4276
4156
4277
4157
4278
4158
4279
4159
4280
4160
4281
4161
4282
4162
4283
4163
4284
4164
4285
4165
4286
4166
4287
4167
4288
4168
4289
4169
4290
4170
4291
4171
4292
4172
4293
4173
4294
4174
4295
4175
4296
4176
4297
4177
4298
4178
4299
4179
4300
4180
4301
4181
4302
4182
4303
4183
4304
4184
4305
4185
4306
4186
4307
4187
4308
4188
4309
4189
4310
4190
4311
4191
4312
4192
4313
4193
4314
4194
4315
4195
4316
4196
4317
4197
4318
4198
4319
4199
4320
4200
4321
4201
4322
4202
4323
4203
4324
4204
4325
4205
4326
4206
4327
4207
4328
4208
4329
4209
4330
4210
4331
4211
4332
4212
4333
4213
4334
4214
4335
4215
4336
4216
4337
4217
4338
4218
4339
4219
4340
4220
4341
4221
4342
4222
4343
4223
4344
4224
4345
4225
4346
4226
4347
4227
4348
4228
4349
4229
4350
4230
4351
4231
4352
4232
4353
4233
4354
4234
4355
4235
4356
4236
4357
4237
4358
4238
4359
4239
4360
4240
4361
4241
4362
4242
4363
4243
4364
4244
4365
4245
4366
4246
4367
4247
4368
4248
4369
4249
4370
4250
4371
4251
4372
4252
4373
4253
4374
4254
4375
4255
4376
4256
4377
4257
4378
4258
4379
4259
4380
4260
4381
4261
4382
4262
4383
4263
4384
4264
4385
4265
4386
4266
4387
4267
4388
4268
4389
4269
4390
4391
4271
4392
4272
4393
4273
4394
4274
4395
4275
4396
4276
4397
4277
4398
4278
4399
4279
4400
4280
4401
4281
4402
4282
4403
4283
4404
4284
4405
4285
4406
4286
4407
4287
4408
4288
4409
4289
4410
4290
4411
4291
4412
4292
4413
4293
4414
4294
4415
4295
4416
4296
4417
4297
4418
4298
4419
4299
4420
4300
4421
4301
4422
4302
4423
4303
4424
4304
4425
4305
4426
4306
4427
4307
4428
4308
4429
4309
4430
4310
4431
4311
4432
4312
4433
4313
4434
4314
4435
4315
4436
4316
4437
4317
4438
4318
4439
4319
4440
4320
4441
4321
4442
4322
4443
4323
4444
4324
4445
4325
4446
4326
4447
4327
4448
4328
4449
4329
4450
4330
4451
4331
4452
4332
4453
4333
4454
4334
4455
4335
4456
4336
4457
4337
4458
4338
4459
4339
4460
4340
4461
4341
4462
4342
4463
4343
4464
4344
4465
4345
4466
4346
4467
4347
4468
4348
4469
4349
4470
4350
4471
4351
4472
4352
4473
4353
4474
4354
4475
4355
4476
4356
4477
4357
4478
4358
4479
4359
4480
4360
4481
4361
4482
4362
4483
4363
4484
4364
4485
4365
4486
4366
4487
4367
4488
4368
4489
4369
4490
4370
4491
4371
4492
4372
4493
4373
4494
4374
4495
4375
4496
4376
4497
4377
4498
4378
4499
4379
4500
4380
4501
4381
4502
4382
4503
4383
4504
4384
4505
4385
4506
4386
4507
4387
4508
4388
4509
4389
4510
4390
4511
4391
4512
4513
4393
4514
4394
4515
4395
4516
4396
4517
4397
4518
4398
4519
4399
4520
4400
4521
4401
4522
4402
4523
4403
4524
4404
4525
4405
4526
4406
4527
4407
4528
4408
4529
4409
4530
4410
4531
4411
4532
4412
4533
4413
4534
4414
4535
4415
4536
4416
4537
4417
4538
4418
4539
4419
4540
4420
4541
4421
4542
4422
4543
4423
4544
4424
4545
4425
4546
4426
4547
4427
4548
4428
4549
4429
4550
4430
4551
4431
4552
4432
4553
4433
4554
4434
4555
4435
4556
4436
4557
4437
4558
4438
4559
4439
4560
4440
4561
4441
4562
4442
4563
4443
4564
4444
4565
4445
4566
4446
4567
4447
4568
4448
4569
4449
4570
4450
4571
4451
4572
4452
4573
4453
4574
4454
4575
4455
4576
4456
4577
4457
4578
4458
4579
4459
4580
4460
4581
4461
4582
4462
4583
4463
4584
4464
4585
4465
4586
4466
4587
4467
4588
4468
4589
4469
4590
4470
4591
4471
4592
4472
4593
4473
4594
4474
4595
4475
4596
4476
4597
4477
4598
4478
4599
4479
4600
4480
4601
4481
4602
4482
4603
4483
4604
4484
4605
4485
4606
4486
4607
4487
4608
4488
4609
4489
4610
4490
4611
4491
4612
4492
4613
4493
4614
4494
4615
4495
4616
4496
4617
4497
4618
4498
4619
4499
4620
4500
4621
4501
4622
4502
4623
4503
4624
4504
4625
4505
4626
4506
4627
4507
4628
4508
4629
4509
4630
4510
4631
4511
4632
4512
4633
4513
4634
4635
4515
4636
4516
4637
4517
4638
4518
4639
4519
4640
4520
4641
4521
4642
4522
4643
4523
4644
4524
4645
4525
4646
4526
4647
4527
4648
4528
4649
4529
4650
4530
4651
4531
4652
4532
4653
4533
4654
4534
4655
4535
4656
4536
4657
4537
4658
4538
4659
4539
4660
4540
4661
4541
4662
4542
4663
4543
4664
4544
4665
4545
4666
4546
4667
4547
4668
4548
4669
4549
4670
4550
4671
4551
4672
4552
4673
4553
4674
4554
4675
4555
4676
4556
4677
4557
4678
4558
4679
4559
4680
4560
4681
4561
4682
4562
4683
4563
4684
4564
4685
4565
4686
4566
4687
4567
4688
4568
4689
4569
4690
4570
4691
4571
4692
4572
4693
4573
4694
4574
4695
4575
4696
4576
4697
4577
4698
4578
4699
4579
4700
4580
4701
4581
4702
4582
4703
4583
4704
4584
4705
4585
4706
4586
4707
4587
4708
4588
4709
4589
4710
4590
4711
4591
4712
4592
4713
4593
4714
4594
4715
4595
4716
4596
4717
4597
4718
4598
4719
4599
4720
4600
4721
4601
4722
4602
4723
4603
4724
4604
4725
4605
4726
4606
4727
4607
4728
4608
4729
4609
4730
4610
4731
4611
4732
4612
4733
4613
4734
4614
4735
4615
4736
4616
4737
4617
4738
4618
4739
4619
4740
4620
4741
4621
4742
4622
4743
4623
4744
4624
4745
4625
4746
4626
4747
4627
4748
4628
4749
4629
4750
4630
4751
4631
4752
4632
4753
4633
4754
4634
4755
4635
4756
4757
4637
4758
4638
4759
4639
4760
4640
4761
4641
4762
4642
4763
4643
4764
4644
4765
4645
4766
4646
4767
4647
4768
4648
4769
4649
4770
4650
4771
4651
4772
4652
4773
4653
4774
4654
4775
4655
4776
4656
4777
4657
4778
4658
4779
4659
4780
4660
4781
4661
4782
4662
4783
4663
4784
4664
4785
4665
4786
4666
4787
4667
4788
4668
4789
4669
4790
4670
4791
4671
4792
4672
4793
4673
4794
4674
4795
4675
4796
4676
4797
4677
4798
4678
4799
4679
4800
4680
4801
4681
4802
4682
4803
4683
4804
4684
4805
4685
4806
4686
4807
4687
4808
4688
4809
4689
4810
4690
4811
4691
4812
4692
4813
4693
4814
4694
4815
4695
4816
4696
4817
4697
4818
4698
4819
4699
4820
4700
4821
4701
4822
4702
4823
4703
4824
4704
4825
4705
4826
4706
4827
4707
4828
4708
4829
4709
4830
4710
4831
4711
4832
4712
4833
4713
4834
4714
4835
4715
4836
4716
4837
4717
4838
4718
4839
4719
4840
4720
4841
4721
4842
4722
4843
4723
4844
4724
4845
4725
4846
4726
4847
4727
4848
4728
4849
4729
4850
4730
4851
4731
4852
4732
4853
4733
4854
4734
4855
4735
4856
4736
4857
4737
4858
4738
4859
4739
4860
4740
4861
4741
4862
4742
4863
4743
4864
4744
4865
4745
4866
4746
4867
4747
4868
4748
4869
4749
4870
4750
4871
4751
4872
4752
4873
4753
4874
4754
4875
4755
4876
4756
4877
4757
4878
4879
4759
4880
4760
4881
4761
4882
4762
4883
4763
4884
4764
4885
4765
4886
4766
4887
4767
4888
4768
4889
4769
4890
4770
4891
4771
4892
4772
4893
4773
4894
4774
4895
4775
4896
4776
4897
4777
4898
4778
4899
4779
4900
4780
4901
4781
4902
4782
4903
4783
4904
4784
4905
4785
4906
4786
4907
4787
4908
4788
4909
4789
4910
4790
4911
4791
4912
4792
4913
4793
4914
4794
4915
4795
4916
4796
4917
4797
4918
4798
4919
4799
4920
4800
4921
4801
4922
4802
4923
4803
4924
4804
4925
4805
4926
4806
4927
4807
4928
4808
4929
4809
4930
4810
4931
4811
4932
4812
4933
4813
4934
4814
4935
4815
4936
4816
4937
4817
4938
4818
4939
4819
4940
4820
4941
4821
4942
4822
4943
4823
4944
4824
4945
4825
4946
4826
4947
4827
4948
4828
4949
4829
4950
4830
4951
4831
4952
4832
4953
4833
4954
4834
4955
4835
4956
4836
4957
4837
4958
4838
4959
4839
4960
4840
4961
4841
4962
4842
4963
4843
4964
4844
4965
4845
4966
4846
4967
4847
4968
4848
4969
4849
4970
4850
4971
4851
4972
4852
4973
4853
4974
4854
4975
4855
4976
4856
4977
4857
4978
4858
4979
4859
4980
4860
4981
4861
4982
4862
4983
4863
4984
4864
4985
4865
4986
4866
4987
4867
4988
4868
4989
4869
4990
4870
4991
4871
4992
4872
4993
4873
4994
4874
4995
4875
4996
4876
4997
4877
4998
4878
4999
4879
5000
5001
4881
5002
4882
5003
4883
5004
4884
5005
4885
5006
4886
5007
4887
5008
4888
5009
4889
5010
4890
5011
4891
5012
4892
5013
4893
5014
4894
5015
4895
5016
4896
5017
4897
5018
4898
5019
4899
5020
4900
5021
4901
5022
4902
5023
4903
5024
4904
5025
4905
5026
4906
5027
4907
5028
4908
5029
4909
5030
4910
5031
4911
5032
4912
5033
4913
5034
4914
5035
4915
5036
4916
5037
4917
5038
4918
5039
4919
5040
4920
5041
4921
5042
4922
5043
4923
5044
4924
5045
4925
5046
4926
5047
4927
5048
4928
5049
4929
5050
4930
5051
4931
5052
4932
5053
4933
5054
4934
5055
4935
5056
4936
5057
4937
5058
4938
5059
4939
5060
4940
5061
4941
5062
4942
5063
4943
5064
4944
5065
4945
5066
4946
5067
4947
5068
4948
5069
4949
5070
4950
5071
4951
5072
4952
5073
4953
5074
4954
5075
4955
5076
4956
5077
4957
5078
4958
5079
4959
5080
4960
5081
4961
5082
4962
5083
4963
5084
4964
5085
4965
5086
4966
5087
4967
5088
4968
5089
4969
5090
4970
5091
4971
5092
4972
5093
4973
5094
4974
5095
4975
5096
4976
5097
4977
5098
4978
5099
4979
5100
4980
5101
4981
5102
4982
5103
4983
5104
4984
5105
4985
5106
4986
5107
4987
5108
4988
5109
4989
5110
4990
5111
4991
5112
4992
5113
4993
5114
4994
5115
4995
5116
4996
5117
4997
5118
4998
5119
4999
5120
5000
5121
5001
5122
5123
5003
5124
5004
5125
5005
5126
5006
5127
5007
5128
5008
5129
5009
5130
5010
5131
5011
5132
5012
5133
5013
5134
5014
5135
5015
5136
5016
5137
5017
5138
5018
5139
5019
5140
5020
5141
5021
5142
5022
5143
5023
5144
5024
5145
5025
5146
5026
5147
5027
5148
5028
5149
5029
5150
5030
5151
5031
5152
5032
5153
5033
5154
5034
5155
5035
5156
5036
5157
5037
5158
5038
5159
5039
5160
5040
5161
5041
5162
5042
5163
5043
5164
5044
5165
5045
5166
5046
5167
5047
5168
5048
5169
5049
5170
5050
5171
5051
5172
5052
5173
5053
5174
5054
5175
5055
5176
5056
5177
5057
5178
5058
5179
5059
5180
5060
5181
5061
5182
5062
5183
5063
5184
5064
5185
5065
5186
5066
5187
5067
5188
5068
5189
5069
5190
5070
5191
5071
5192
5072
5193
5073
5194
5074
5195
5075
5196
5076
5197
5077
5198
5078
5199
5079
5200
5080
5201
5081
5202
5082
5203
5083
5204
5084
5205
5085
5206
5086
5207
5087
5208
5088
5209
5089
5210
5090
5211
5091
5212
5092
5213
5093
5214
5094
5215
5095
5216
5096
5217
5097
5218
5098
5219
5099
5220
5100
5221
5101
5222
5102
5223
5103
5224
5104
5225
5105
5226
5106
5227
5107
5228
5108
5229
5109
5230
5110
5231
5111
5232
5112
5233
5113
5234
5114
5235
5115
5236
5116
5237
5117
5238
5118
5239
5119
5240
5120
5241
5121
5242
5122
5243
5123
5244
5245
5125
5246
5126
5247
5127
5248
5128
5249
5129
5250
5130
5251
5131
5252
5132
5253
5133
5254
5134
5255
5135
5256
5136
5257
5137
5258
5138
5259
5139
5260
5140
5261
5141
5262
5142
5263
5143
5264
5144
5265
5145
5266
5146
5267
5147
5268
5148
5269
5149
5270
5150
5271
5151
5272
5152
5273
5153
5274
5154
5275
5155
5276
5156
5277
5157
5278
5158
5279
5159
5280
5160
5281
5161
5282
5162
5283
5163
5284
5164
5285
5165
5286
5166
5287
5167
5288
5168
5289
5169
5290
5170
5291
5171
5292
5172
5293
5173
5294
5174
5295
5175
5296
5176
5297
5177
5298
5178
5299
5179
5300
5180
5301
5181
5302
5182
5303
5183
5304
5184
5305
5185
5306
5186
5307
5187
5308
5188
5309
5189
5310
5190
5311
5191
5312
5192
5313
5193
5314
5194
5315
5195
5316
5196
5317
5197
5318
5198
5319
5199
5320
5200
5321
5201
5322
5202
5323
5203
5324
5204
5325
5205
5326
5206
5327
5207
5328
5208
5329
5209
5330
5210
5331
5211
5332
5212
5333
5213
5334
5214
5335
5215
5336
5216
5337
5217
5338
5218
5339
5219
5340
5220
5341
5221
5342
5222
5343
5223
5344
5224
5345
5225
5346
5226
5347
5227
5348
5228
5349
5229
5350
5230
5351
5231
5352
5232
5353
5233
5354
5234
5355
5235
5356
5236
5357
5237
5358
5238
5359
5239
5360
5240
5361
5241
5362
5242
5363
5243
5364
5244
5365
5245
5366
5367
5247
5368
5248
5369
5249
5370
5250
5371
5251
5372
5252
5373
5253
5374
5254
5375
5255
5376
5256
5377
5257
5378
5258
5379
5259
5380
5260
5381
5261
5382
5262
5383
5263
5384
5264
5385
5265
5386
5266
5387
5267
5388
5268
5389
5269
5390
5270
5391
5271
5392
5272
5393
5273
5394
5274
5395
5275
5396
5276
5397
5277
5398
5278
5399
5279
5400
5280
5401
5281
5402
5282
5403
5283
5404
5284
5405
5285
5406
5286
5407
5287
5408
5288
5409
5289
5410
5290
5411
5291
5412
5292
5413
5293
5414
5294
5415
5295
5416
5296
5417
5297
5418
5298
5419
5299
5420
5300
5421
5301
5422
5302
5423
5303
5424
5304
5425
5305
5426
5306
5427
5307
5428
5308
5429
5309
5430
5310
5431
5311
5432
5312
5433
5313
5434
5314
5435
5315
5436
5316
5437
5317
5438
5318
5439
5319
5440
5320
5441
5321
5442
5322
5443
5323
5444
5324
5445
5325
5446
5326
5447
5327
5448
5328
5449
5329
5450
5330
5451
5331
5452
5332
5453
5333
5454
5334
5455
5335
5456
5336
5457
5337
5458
5338
5459
5339
5460
5340
5461
5341
5462
5342
5463
5343
5464
5344
5465
5345
5466
5346
5467
5347
5468
5348
5469
5349
5470
5350
5471
5351
5472
5352
5473
5353
5474
5354
5475
5355
5476
5356
5477
5357
5478
5358
5479
5359
5480
5360
5481
5361
5482
5362
5483
5363
5484
5364
5485
5365
5486
5366
5487
5367
5488
5489
5369
5490
5370
5491
5371
5492
5372
5493
5373
5494
5374
5495
5375
5496
5376
5497
5377
5498
5378
5499
5379
5500
5380
5501
5381
5502
5382
5503
5383
5504
5384
5505
5385
5506
5386
5507
5387
5508
5388
5509
5389
5510
5390
5511
5391
5512
5392
5513
5393
5514
5394
5515
5395
5516
5396
5517
5397
5518
5398
5519
5399
5520
5400
5521
5401
5522
5402
5523
5403
5524
5404
5525
5405
5526
5406
5527
5407
5528
5408
5529
5409
5530
5410
5531
5411
5532
5412
5533
5413
5534
5414
5535
5415
5536
5416
5537
5417
5538
5418
5539
5419
5540
5420
5541
5421
5542
5422
5543
5423
5544
5424
5545
5425
5546
5426
5547
5427
5548
5428
5549
5429
5550
5430
5551
5431
5552
5432
5553
5433
5554
5434
5555
5435
5556
5436
5557
5437
5558
5438
5559
5439
5560
5440
5561
5441
5562
5442
5563
5443
5564
5444
5565
5445
5566
5446
5567
5447
5568
5448
5569
5449
5570
5450
5571
5451
5572
5452
5573
5453
5574
5454
5575
5455
5576
5456
5577
5457
5578
5458
5579
5459
5580
5460
5581
5461
5582
5462
5583
5463
5584
5464
5585
5465
5586
5466
5587
5467
5588
5468
5589
5469
5590
5470
5591
5471
5592
5472
5593
5473
5594
5474
5595
5475
5596
5476
5597
5477
5598
5478
5599
5479
5600
5480
5601
5481
5602
5482
5603
5483
5604
5484
5605
5485
5606
5486
5607
5487
5608
5488
5609
5489
5610
5611
5491
5612
5492
5613
5493
5614
5494
5615
5495
5616
5496
5617
5497
5618
5498
5619
5499
5620
5500
5621
5501
5622
5502
5623
5503
5624
5504
5625
5505
5626
5506
5627
5507
5628
5508
5629
5509
5630
5510
5631
5511
5632
5512
5633
5513
5634
5514
5635
5515
5636
5516
5637
5517
5638
5518
5639
5519
5640
5520
5641
5521
5642
5522
5643
5523
5644
5524
5645
5525
5646
5526
5647
5527
5648
5528
5649
5529
5650
5530
5651
5531
5652
5532
5653
5533
5654
5534
5655
5535
5656
5536
5657
5537
5658
5538
5659
5539
5660
5540
5661
5541
5662
5542
5663
5543
5664
5544
5665
5545
5666
5546
5667
5547
5668
5548
5669
5549
5670
5550
5671
5551
5672
5552
5673
5553
5674
5554
5675
5555
5676
5556
5677
5557
5678
5558
5679
5559
5680
5560
5681
5561
5682
5562
5683
5563
5684
5564
5685
5565
5686
5566
5687
5567
5688
5568
5689
5569
5690
5570
5691
5571
5692
5572
5693
5573
5694
5574
5695
5575
5696
5576
5697
5577
5698
5578
5699
5579
5700
5580
5701
5581
5702
5582
5703
5583
5704
5584
5705
5585
5706
5586
5707
5587
5708
5588
5709
5589
5710
5590
5711
5591
5712
5592
5713
5593
5714
5594
5715
5595
5716
5596
5717
5597
5718
5598
5719
5599
5720
5600
5721
5601
5722
5602
5723
5603
5724
5604
5725
5605
5726
5606
5727
5607
5728
5608
5729
5609
5730
5610
5731
5611
5732
5733
5613
5734
5614
5735
5615
5736
5616
5737
5617
5738
5618
5739
5619
5740
5620
5741
5621
5742
5622
5743
5623
5744
5624
5745
5625
5746
5626
5747
5627
5748
5628
5749
5629
5750
5630
5751
5631
5752
5632
5753
5633
5754
5634
5755
5635
5756
5636
5757
5637
5758
5638
5759
5639
5760
5640
5761
5641
5762
5642
5763
5643
5764
5644
5765
5645
5766
5646
5767
5647
5768
5648
5769
5649
5770
5650
5771
5651
5772
5652
5773
5653
5774
5654
5775
5655
5776
5656
5777
5657
5778
5658
5779
5659
5780
5660
5781
5661
5782
5662
5783
5663
5784
5664
5785
5665
5786
5666
5787
5667
5788
5668
5789
5669
5790
5670
5791
5671
5792
5672
5793
5673
5794
5674
5795
5675
5796
5676
5797
5677
5798
5678
5799
5679
5800
5680
5801
5681
5802
5682
5803
5683
5804
5684
5805
5685
5806
5686
5807
5687
5808
5688
5809
5689
5810
5690
5811
5691
5812
5692
5813
5693
5814
5694
5815
5695
5816
5696
5817
5697
5818
5698
5819
5699
5820
5700
5821
5701
5822
5702
5823
5703
5824
5704
5825
5705
5826
5706
5827
5707
5828
5708
5829
5709
5830
5710
5831
5711
5832
5712
5833
5713
5834
5714
5835
5715
5836
5716
5837
5717
5838
5718
5839
5719
5840
5720
5841
5721
5842
5722
5843
5723
5844
5724
5845
5725
5846
5726
5847
5727
5848
5728
5849
5729
5850
5730
5851
5731
5852
5732
5853
5733
5854
5855
5735
5856
5736
5857
5737
5858
5738
5859
5739
5860
5740
5861
5741
5862
5742
5863
5743
5864
5744
5865
5745
5866
5746
5867
5747
5868
5748
5869
5749
5870
5750
5871
5751
5872
5752
5873
5753
5874
5754
5875
5755
5876
5756
5877
5757
5878
5758
5879
5759
5880
5760
5881
5761
5882
5762
5883
5763
5884
5764
5885
5765
5886
5766
5887
5767
5888
5768
5889
5769
5890
5770
5891
5771
5892
5772
5893
5773
5894
5774
5895
5775
5896
5776
5897
5777
5898
5778
5899
5779
5900
5780
5901
5781
5902
5782
5903
5783
5904
5784
5905
5785
5906
5786
5907
5787
5908
5788
5909
5789
5910
5790
5911
5791
5912
5792
5913
5793
5914
5794
5915
5795
5916
5796
5917
5797
5918
5798
5919
5799
5920
5800
5921
5801
5922
5802
5923
5803
5924
5804
5925
5805
5926
5806
5927
5807
5928
5808
5929
5809
5930
5810
5931
5811
5932
5812
5933
5813
5934
5814
5935
5815
5936
5816
5937
5817
5938
5818
5939
5819
5940
5820
5941
5821
5942
5822
5943
5823
5944
5824
5945
5825
5946
5826
5947
5827
5948
5828
5949
5829
5950
5830
5951
5831
5952
5832
5953
5833
5954
5834
5955
5835
5956
5836
5957
5837
5958
5838
5959
5839
5960
5840
5961
5841
5962
5842
5963
5843
5964
5844
5965
5845
5966
5846
5967
5847
5968
5848
5969
5849
5970
5850
5971
5851
5972
5852
5973
5853
5974
5854
5975
5855
5976
5977
5857
5978
5858
5979
5859
5980
5860
5981
5861
5982
5862
5983
5863
5984
5864
5985
5865
5986
5866
5987
5867
5988
5868
5989
5869
5990
5870
5991
5871
5992
5872
5993
5873
5994
5874
5995
5875
5996
5876
5997
5877
5998
5878
5999
5879
6000
5880
6001
5881
6002
5882
6003
5883
6004
5884
6005
5885
6006
5886
6007
5887
6008
5888
6009
5889
6010
5890
6011
5891
6012
5892
6013
5893
6014
5894
6015
5895
6016
5896
6017
5897
6018
5898
6019
5899
6020
5900
6021
5901
6022
5902
6023
5903
6024
5904
6025
5905
6026
5906
6027
5907
6028
5908
6029
5909
6030
5910
6031
5911
6032
5912
6033
5913
6034
5914
6035
5915
6036
5916
6037
5917
6038
5918
6039
5919
6040
5920
6041
5921
6042
5922
6043
5923
6044
5924
6045
5925
6046
5926
6047
5927
6048
5928
6049
5929
6050
5930
6051
5931
6052
5932
6053
5933
6054
5934
6055
5935
6056
5936
6057
5937
6058
5938
6059
5939
6060
5940
6061
5941
6062
5942
6063
5943
6064
5944
6065
5945
6066
5946
6067
5947
6068
5948
6069
5949
6070
5950
6071
5951
6072
5952
6073
5953
6074
5954
6075
5955
6076
5956
6077
5957
6078
5958
6079
5959
6080
5960
6081
5961
6082
5962
6083
5963
6084
5964
6085
5965
6086
5966
6087
5967
6088
5968
6089
5969
6090
5970
6091
5971
6092
5972
6093
5973
6094
5974
6095
5975
6096
5976
6097
5977
6098
6099
5979
6100
5980
6101
5981
6102
5982
6103
5983
6104
5984
6105
5985
6106
5986
6107
5987
6108
5988
6109
5989
6110
5990
6111
5991
6112
5992
6113
5993
6114
5994
6115
5995
6116
5996
6117
5997
6118
5998
6119
5999
6120
6000
6121
6001
6122
6002
6123
6003
6124
6004
6125
6005
6126
6006
6127
6007
6128
6008
6129
6009
6130
6010
6131
6011
6132
6012
6133
6013
6134
6014
6135
6015
6136
6016
6137
6017
6138
6018
6139
6019
6140
6020
6141
6021
6142
6022
6143
6023
6144
6024
6145
6025
6146
6026
6147
6027
6148
6028
6149
6029
6150
6030
6151
6031
6152
6032
6153
6033
6154
6034
6155
6035
6156
6036
6157
6037
6158
6038
6159
6039
6160
6040
6161
6041
6162
6042
6163
6043
6164
6044
6165
6045
6166
6046
6167
6047
6168
6048
6169
6049
6170
6050
6171
6051
6172
6052
6173
6053
6174
6054
6175
6055
6176
6056
6177
6057
6178
6058
6179
6059
6180
6060
6181
6061
6182
6062
6183
6063
6184
6064
6185
6065
6186
6066
6187
6067
6188
6068
6189
6069
6190
6070
6191
6071
6192
6072
6193
6073
6194
6074
6195
6075
6196
6076
6197
6077
6198
6078
6199
6079
6200
6080
6201
6081
6202
6082
6203
6083
6204
6084
6205
6085
6206
6086
6207
6087
6208
6088
6209
6089
6210
6090
6211
6091
6212
6092
6213
6093
6214
6094
6215
6095
6216
6096
6217
6097
6218
6098
6219
6099
6220
6221
6101
6222
6102
6223
6103
6224
6104
6225
6105
6226
6106
6227
6107
6228
6108
6229
6109
6230
6110
6231
6111
6232
6112
6233
6113
6234
6114
6235
6115
6236
6116
6237
6117
6238
6118
6239
6119
6240
6120
6241
6121
6242
6122
6243
6123
6244
6124
6245
6125
6246
6126
6247
6127
6248
6128
6249
6129
6250
6130
6251
6131
6252
6132
6253
6133
6254
6134
6255
6135
6256
6136
6257
6137
6258
6138
6259
6139
6260
6140
6261
6141
6262
6142
6263
6143
6264
6144
6265
6145
6266
6146
6267
6147
6268
6148
6269
6149
6270
6150
6271
6151
6272
6152
6273
6153
6274
6154
6275
6155
6276
6156
6277
6157
6278
6158
6279
6159
6280
6160
6281
6161
6282
6162
6283
6163
6284
6164
6285
6165
6286
6166
6287
6167
6288
6168
6289
6169
6290
6170
6291
6171
6292
6172
6293
6173
6294
6174
6295
6175
6296
6176
6297
6177
6298
6178
6299
6179
6300
6180
6301
6181
6302
6182
6303
6183
6304
6184
6305
6185
6306
6186
6307
6187
6308
6188
6309
6189
6310
6190
6311
6191
6312
6192
6313
6193
6314
6194
6315
6195
6316
6196
6317
6197
6318
6198
6319
6199
6320
6200
6321
6201
6322
6202
6323
6203
6324
6204
6325
6205
6326
6206
6327
6207
6328
6208
6329
6209
6330
6210
6331
6211
6332
6212
6333
6213
6334
6214
6335
6215
6336
6216
6337
6217
6338
6218
6339
6219
6340
6220
6341
6221
6342
6343
6223
6344
6224
6345
6225
6346
6226
6347
6227
6348
6228
6349
6229
6350
6230
6351
6231
6352
6232
6353
6233
6354
6234
6355
6235
6356
6236
6357
6237
6358
6238
6359
6239
6360
6240
6361
6241
6362
6242
6363
6243
6364
6244
6365
6245
6366
6246
6367
6247
6368
6248
6369
6249
6370
6250
6371
6251
6372
6252
6373
6253
6374
6254
6375
6255
6376
6256
6377
6257
6378
6258
6379
6259
6380
6260
6381
6261
6382
6262
6383
6263
6384
6264
6385
6265
6386
6266
6387
6267
6388
6268
6389
6269
6390
6270
6391
6271
6392
6272
6393
6273
6394
6274
6395
6275
6396
6276
6397
6277
6398
6278
6399
6279
6400
6280
6401
6281
6402
6282
6403
6283
6404
6284
6405
6285
6406
6286
6407
6287
6408
6288
6409
6289
6410
6290
6411
6291
6412
6292
6413
6293
6414
6294
6415
6295
6416
6296
6417
6297
6418
6298
6419
6299
6420
6300
6421
6301
6422
6302
6423
6303
6424
6304
6425
6305
6426
6306
6427
6307
6428
6308
6429
6309
6430
6310
6431
6311
6432
6312
6433
6313
6434
6314
6435
6315
6436
6316
6437
6317
6438
6318
6439
6319
6440
6320
6441
6321
6442
6322
6443
6323
6444
6324
6445
6325
6446
6326
6447
6327
6448
6328
6449
6329
6450
6330
6451
6331
6452
6332
6453
6333
6454
6334
6455
6335
6456
6336
6457
6337
6458
6338
6459
6339
6460
6340
6461
6341
6462
6342
6463
6343
6464
6465
6345
6466
6346
6467
6347
6468
6348
6469
6349
6470
6350
6471
6351
6472
6352
6473
6353
6474
6354
6475
6355
6476
6356
6477
6357
6478
6358
6479
6359
6480
6360
6481
6361
6482
6362
6483
6363
6484
6364
6485
6365
6486
6366
6487
6367
6488
6368
6489
6369
6490
6370
6491
6371
6492
6372
6493
6373
6494
6374
6495
6375
6496
6376
6497
6377
6498
6378
6499
6379
6500
6380
6501
6381
6502
6382
6503
6383
6504
6384
6505
6385
6506
6386
6507
6387
6508
6388
6509
6389
6510
6390
6511
6391
6512
6392
6513
6393
6514
6394
6515
6395
6516
6396
6517
6397
6518
6398
6519
6399
6520
6400
6521
6401
6522
6402
6523
6403
6524
6404
6525
6405
6526
6406
6527
6407
6528
6408
6529
6409
6530
6410
6531
6411
6532
6412
6533
6413
6534
6414
6535
6415
6536
6416
6537
6417
6538
6418
6539
6419
6540
6420
6541
6421
6542
6422
6543
6423
6544
6424
6545
6425
6546
6426
6547
6427
6548
6428
6549
6429
6550
6430
6551
6431
6552
6432
6553
6433
6554
6434
6555
6435
6556
6436
6557
6437
6558
6438
6559
6439
6560
6440
6561
6441
6562
6442
6563
6443
6564
6444
6565
6445
6566
6446
6567
6447
6568
6448
6569
6449
6570
6450
6571
6451
6572
6452
6573
6453
6574
6454
6575
6455
6576
6456
6577
6457
6578
6458
6579
6459
6580
6460
6581
6461
6582
6462
6583
6463
6584
6464
6585
6465
6586
6587
6467
6588
6468
6589
6469
6590
6470
6591
6471
6592
6472
6593
6473
6594
6474
6595
6475
6596
6476
6597
6477
6598
6478
6599
6479
6600
6480
6601
6481
6602
6482
6603
6483
6604
6484
6605
6485
6606
6486
6607
6487
6608
6488
6609
6489
6610
6490
6611
6491
6612
6492
6613
6493
6614
6494
6615
6495
6616
6496
6617
6497
6618
6498
6619
6499
6620
6500
6621
6501
6622
6502
6623
6503
6624
6504
6625
6505
6626
6506
6627
6507
6628
6508
6629
6509
6630
6510
6631
6511
6632
6512
6633
6513
6634
6514
6635
6515
6636
6516
6637
6517
6638
6518
6639
6519
6640
6520
6641
6521
6642
6522
6643
6523
6644
6524
6645
6525
6646
6526
6647
6527
6648
6528
6649
6529
6650
6530
6651
6531
6652
6532
6653
6533
6654
6534
6655
6535
6656
6536
6657
6537
6658
6538
6659
6539
6660
6540
6661
6541
6662
6542
6663
6543
6664
6544
6665
6545
6666
6546
6667
6547
6668
6548
6669
6549
6670
6550
6671
6551
6672
6552
6673
6553
6674
6554
6675
6555
6676
6556
6677
6557
6678
6558
6679
6559
6680
6560
6681
6561
6682
6562
6683
6563
6684
6564
6685
6565
6686
6566
6687
6567
6688
6568
6689
6569
6690
6570
6691
6571
6692
6572
6693
6573
6694
6574
6695
6575
6696
6576
6697
6577
6698
6578
6699
6579
6700
6580
6701
6581
6702
6582
6703
6583
6704
6584
6705
6585
6706
6586
6707
6587
6708
6709
6589
6710
6590
6711
6591
6712
6592
6713
6593
6714
6594
6715
6595
6716
6596
6717
6597
6718
6598
6719
6599
6720
6600
6721
6601
6722
6602
6723
6603
6724
6604
6725
6605
6726
6606
6727
6607
6728
6608
6729
6609
6730
6610
6731
6611
6732
6612
6733
6613
6734
6614
6735
6615
6736
6616
6737
6617
6738
6618
6739
6619
6740
6620
6741
6621
6742
6622
6743
6623
6744
6624
6745
6625
6746
6626
6747
6627
6748
6628
6749
6629
6750
6630
6751
6631
6752
6632
6753
6633
6754
6634
6755
6635
6756
6636
6757
6637
6758
6638
6759
6639
6760
6640
6761
6641
6762
6642
6763
6643
6764
6644
6765
6645
6766
6646
6767
6647
6768
6648
6769
6649
6770
6650
6771
6651
6772
6652
6773
6653
6774
6654
6775
6655
6776
6656
6777
6657
6778
6658
6779
6659
6780
6660
6781
6661
6782
6662
6783
6663
6784
6664
6785
6665
6786
6666
6787
6667
6788
6668
6789
6669
6790
6670
6791
6671
6792
6672
6793
6673
6794
6674
6795
6675
6796
6676
6797
6677
6798
6678
6799
6679
6800
6680
6801
6681
6802
6682
6803
6683
6804
6684
6805
6685
6806
6686
6807
6687
6808
6688
6809
6689
6810
6690
6811
6691
6812
6692
6813
6693
6814
6694
6815
6695
6816
6696
6817
6697
6818
6698
6819
6699
6820
6700
6821
6701
6822
6702
6823
6703
6824
6704
6825
6705
6826
6706
6827
6707
6828
6708
6829
6709
6830
6831
6711
6832
6712
6833
6713
6834
6714
6835
6715
6836
6716
6837
6717
6838
6718
6839
6719
6840
6720
6841
6721
6842
6722
6843
6723
6844
6724
6845
6725
6846
6726
6847
6727
6848
6728
6849
6729
6850
6730
6851
6731
6852
6732
6853
6733
6854
6734
6855
6735
6856
6736
6857
6737
6858
6738
6859
6739
6860
6740
6861
6741
6862
6742
6863
6743
6864
6744
6865
6745
6866
6746
6867
6747
6868
6748
6869
6749
6870
6750
6871
6751
6872
6752
6873
6753
6874
6754
6875
6755
6876
6756
6877
6757
6878
6758
6879
6759
6880
6760
6881
6761
6882
6762
6883
6763
6884
6764
6885
6765
6886
6766
6887
6767
6888
6768
6889
6769
6890
6770
6891
6771
6892
6772
6893
6773
6894
6774
6895
6775
6896
6776
6897
6777
6898
6778
6899
6779
6900
6780
6901
6781
6902
6782
6903
6783
6904
6784
6905
6785
6906
6786
6907
6787
6908
6788
6909
6789
6910
6790
6911
6791
6912
6792
6913
6793
6914
6794
6915
6795
6916
6796
6917
6797
6918
6798
6919
6799
6920
6800
6921
6801
6922
6802
6923
6803
6924
6804
6925
6805
6926
6806
6927
6807
6928
6808
6929
6809
6930
6810
6931
6811
6932
6812
6933
6813
6934
6814
6935
6815
6936
6816
6937
6817
6938
6818
6939
6819
6940
6820
6941
6821
6942
6822
6943
6823
6944
6824
6945
6825
6946
6826
6947
6827
6948
6828
6949
6829
6950
6830
6951
6831
6952
6953
6833
6954
6834
6955
6835
6956
6836
6957
6837
6958
6838
6959
6839
6960
6840
6961
6841
6962
6842
6963
6843
6964
6844
6965
6845
6966
6846
6967
6847
6968
6848
6969
6849
6970
6850
6971
6851
6972
6852
6973
6853
6974
6854
6975
6855
6976
6856
6977
6857
6978
6858
6979
6859
6980
6860
6981
6861
6982
6862
6983
6863
6984
6864
6985
6865
6986
6866
6987
6867
6988
6868
6989
6869
6990
6870
6991
6871
6992
6872
6993
6873
6994
6874
6995
6875
6996
6876
6997
6877
6998
6878
6999
6879
7000
6880
7001
6881
7002
6882
7003
6883
7004
6884
7005
6885
7006
6886
7007
6887
7008
6888
7009
6889
7010
6890
7011
6891
7012
6892
7013
6893
7014
6894
7015
6895
7016
6896
7017
6897
7018
6898
7019
6899
7020
6900
7021
6901
7022
6902
7023
6903
7024
6904
7025
6905
7026
6906
7027
6907
7028
6908
7029
6909
7030
6910
7031
6911
7032
6912
7033
6913
7034
6914
7035
6915
7036
6916
7037
6917
7038
6918
7039
6919
7040
6920
7041
6921
7042
6922
7043
6923
7044
6924
7045
6925
7046
6926
7047
6927
7048
6928
7049
6929
7050
6930
7051
6931
7052
6932
7053
6933
7054
6934
7055
6935
7056
6936
7057
6937
7058
6938
7059
6939
7060
6940
7061
6941
7062
6942
7063
6943
7064
6944
7065
6945
7066
6946
7067
6947
7068
6948
7069
6949
7070
6950
7071
6951
7072
6952
7073
6953
7074
7075
6955
7076
6956
7077
6957
7078
6958
7079
6959
7080
6960
7081
6961
7082
6962
7083
6963
7084
6964
7085
6965
7086
6966
7087
6967
7088
6968
7089
6969
7090
6970
7091
6971
7092
6972
7093
6973
7094
6974
7095
6975
7096
6976
7097
6977
7098
6978
7099
6979
7100
6980
7101
6981
7102
6982
7103
6983
7104
6984
7105
6985
7106
6986
7107
6987
7108
6988
7109
6989
7110
6990
7111
6991
7112
6992
7113
6993
7114
6994
7115
6995
7116
6996
7117
6997
7118
6998
7119
6999
7120
7000
7121
7001
7122
7002
7123
7003
7124
7004
7125
7005
7126
7006
7127
7007
7128
7008
7129
7009
7130
7010
7131
7011
7132
7012
7133
7013
7134
7014
7135
7015
7136
7016
7137
7017
7138
7018
7139
7019
7140
7020
7141
7021
7142
7022
7143
7023
7144
7024
7145
7025
7146
7026
7147
7027
7148
7028
7149
7029
7150
7030
7151
7031
7152
7032
7153
7033
7154
7034
7155
7035
7156
7036
7157
7037
7158
7038
7159
7039
7160
7040
7161
7041
7162
7042
7163
7043
7164
7044
7165
7045
7166
7046
7167
7047
7168
7048
7169
7049
7170
7050
7171
7051
7172
7052
7173
7053
7174
7054
7175
7055
7176
7056
7177
7057
7178
7058
7179
7059
7180
7060
7181
7061
7182
7062
7183
7063
7184
7064
7185
7065
7186
7066
7187
7067
7188
7068
7189
7069
7190
7070
7191
7071
7192
7072
7193
7073
7194
7074
7195
7075
7196
7197
7077
7198
7078
7199
7079
7200
7080
7201
7081
7202
7082
7203
7083
7204
7084
7205
7085
7206
7086
7207
7087
7208
7088
7209
7089
7210
7090
7211
7091
7212
7092
7213
7093
7214
7094
7215
7095
7216
7096
7217
7097
7218
7098
7219
7099
7220
7100
7221
7101
7222
7102
7223
7103
7224
7104
7225
7105
7226
7106
7227
7107
7228
7108
7229
7109
7230
7110
7231
7111
7232
7112
7233
7113
7234
7114
7235
7115
7236
7116
7237
7117
7238
7118
7239
7119
7240
7120
7241
7121
7242
7122
7243
7123
7244
7124
7245
7125
7246
7126
7247
7127
7248
7128
7249
7129
7250
7130
7251
7131
7252
7132
7253
7133
7254
7134
7255
7135
7256
7136
7257
7137
7258
7138
7259
7139
7260
7140
7261
7141
7262
7142
7263
7143
7264
7144
7265
7145
7266
7146
7267
7147
7268
7148
7269
7149
7270
7150
7271
7151
7272
7152
7273
7153
7274
7154
7275
7155
7276
7156
7277
7157
7278
7158
7279
7159
7280
7160
7281
7161
7282
7162
7283
7163
7284
7164
7285
7165
7286
7166
7287
7167
7288
7168
7289
7169
7290
7170
7291
7171
7292
7172
7293
7173
7294
7174
7295
7175
7296
7176
7297
7177
7298
7178
7299
7179
7300
7180
7301
7181
7302
7182
7303
7183
7304
7184
7305
7185
7306
7186
7307
7187
7308
7188
7309
7189
7310
7190
7311
7191
7312
7192
7313
7193
7314
7194
7315
7195
7316
7196
7317
7197
7318
7319
7199
7200
7201
7202
7203
7204
7205
7206
7207
7208
7209
7210
7211
7212
7213
7214
7215
7216
7217
7218
7219
7220
7221
7222
7223
7224
7225
7226
7227
7228
7229
7230
7231
7232
7233
7234
7235
7236
7237
7238
7239
7240
7241
7242
7243
7244
7245
7246
7247
7248
7249
7250
7251
7252
7253
7254
7255
7256
7257
7258
7259
7260
7261
7262
7263
7264
7265
7266
7267
7268
7269
7270
7271
7272
7273
7274
7275
7276
7277
7278
7279
7280
7281
7282
7283
7284
7285
7286
7287
7288
7289
7290
7291
7292
7293
7294
7295
7296
7297
7298
7299
7300
7301
7302
7303
7304
7305
7306
7307
7308
7309
7310
7311
7312
7313
7314
7315
7316
7317
7318
7319
)


// ************************************************************************* //
