/*--------------------------------*- C++ -*----------------------------------*\
  =========                 |
  \\      /  F ield         | OpenFOAM: The Open Source CFD Toolbox
   \\    /   O peration     | Website:  https://openfoam.org
    \\  /    A nd           | Version:  8
     \\/     M anipulation  |
\*---------------------------------------------------------------------------*/
FoamFile
{
    version     2.0;
    format      ascii;
    class       volScalarField;
    location    "100";
    object      epsilon;
}
// * * * * * * * * * * * * * * * * * * * * * * * * * * * * * * * * * * * * * //

dimensions      [0 2 -3 0 0 0 0];

internalField   nonuniform List<scalar> 
7320
(
11509.2
10623.9
18543.5
25126.3
28051
29798.7
31271.2
32634.9
33920.1
35145.1
36333.7
37483.6
38593.8
39655.8
40663.2
41594.9
42437.4
43179.2
43833.5
44388
44850.7
45229.6
45546.9
45801.9
46005.4
46160.9
46300.9
46406.7
46486.8
46543.4
46596.8
46634.2
46660.5
46668
46698.3
46714.3
46722
46717.5
46728.8
46732
46730.3
46713.4
46732.1
46738.5
46737.5
46723.1
46732
46733
46727.6
46705.8
46726
46733.5
46731.6
46714.5
46725.4
46727.6
46723
46700.6
46723.9
46734
46732.5
46714.7
46726.5
46728.6
46725.1
46705.2
46731
46742.3
46741.5
46723.5
46736.1
46738.3
46735.1
46719
46746.9
46758.9
46758.4
46743.9
46758
46759.8
46756.2
46743.7
46770.5
46780.8
46779.7
46768.4
46784.3
46786
46783.1
46774.7
46799.5
46808.1
46806.7
46798.5
46812
46813.9
46812.3
46806.8
46827.1
46833.4
46833.3
46828.7
46838.9
46841.7
46842
46839.8
46852.2
46857.4
46859.2
46858.8
46863.9
46866.8
46869
46870.6
46871.2
46873.6
46876.9
46880
46876.7
46878.1
46878.1
46884.4
3710.57
3558.12
6489.92
9060.27
10158
10793.6
11325.4
11816.6
12278.6
12718
13143.9
13555.1
13951.3
14329.5
14687.8
15018
15315.6
15576.7
15807.2
16001.3
16162.8
16294.4
16405
16493.2
16563.4
16616.5
16665.6
16701.9
16729.1
16747.9
16766.7
16779.2
16787.8
16789.4
16801.1
16806.5
16808.8
16806.5
16811
16811.9
16811
16804
16812.1
16814.4
16813.8
16807.8
16811.9
16812
16809.8
16801
16809.8
16812.5
16811.6
16804.6
16809.4
16810.1
16808.1
16799
16809
16812.7
16812
16804.6
16809.8
16810.3
16808.7
16800.5
16811.4
16815.6
16815.1
16807.6
16813
16813.6
16812.1
16805.3
16817
16821.4
16820.9
16814.8
16820.8
16821.1
16819.4
16814.1
16825.2
16828.9
16828.2
16823.4
16830
16830.2
16828.8
16825.1
16835.4
16838.4
16837.6
16834.1
16839.7
16840.1
16839.2
16836.7
16845
16847.2
16846.9
16844.8
16848.9
16849.7
16849.6
16848.5
16853.5
16855.3
16855.8
16855.4
16857.4
16858.3
16859
16859.4
16859.6
16860.4
16861.6
16862.7
16861.3
16861.7
16862
16864.3
1508.87
1847.66
4185.13
5884.07
6566.38
6951.28
7275.45
7576.59
7860.47
8130.65
8393.03
8646.17
8890
9122.37
9342.28
9544.19
9725.6
9884.03
10023.9
10140.9
10237.8
10316.4
10382.6
10434.9
10476.4
10507.3
10536.8
10558
10573.8
10584.4
10595.6
10602.7
10607.6
10607.8
10615.4
10618.5
10619.7
10617.8
10620.9
10621.2
10620.5
10615.6
10621.4
10622.8
10622.3
10618.2
10621.1
10621.2
10619.6
10613.5
10619.9
10621.6
10620.9
10616.1
10619.6
10620
10618.5
10612.2
10619.4
10621.8
10621.2
10616.1
10619.8
10620.1
10618.9
10613.2
10620.9
10623.6
10623.1
10617.9
10621.8
10622
10620.8
10616.1
10624.3
10627.1
10626.6
10622.3
10626.6
10626.6
10625.3
10621.5
10629.4
10631.7
10631
10627.6
10632.2
10632.2
10631.1
10628.4
10635.7
10637.5
10636.8
10634.2
10638.2
10638.3
10637.5
10635.7
10641.5
10642.8
10642.5
10640.9
10643.8
10644.2
10644
10643.1
10646.6
10647.6
10647.9
10647.5
10648.8
10649.3
10649.7
10649.9
10650
10650.5
10651.2
10651.9
10650.9
10651.2
10651.5
10653
709.702
1219.24
3273.85
4567.48
5054.54
5323.09
5552.74
5768.42
5972.82
6167.94
6358.03
6541.61
6718.53
6887.05
7046.48
7192.49
7323.34
7437.22
7537.75
7621.42
7690.47
7746.18
7793.18
7830.06
7859.16
7880.66
7901.67
7916.42
7927.32
7934.46
7942.4
7947.22
7950.43
7950.16
7955.95
7958.06
7958.78
7957.1
7959.53
7959.72
7959.07
7955.16
7959.83
7960.86
7960.43
7957.14
7959.58
7959.6
7958.36
7953.53
7958.7
7960.04
7959.46
7955.57
7958.46
7958.72
7957.57
7952.54
7958.35
7960.2
7959.66
7955.55
7958.62
7958.79
7957.78
7953.18
7959.45
7961.53
7961.07
7956.85
7960.06
7960.17
7959.15
7955.28
7961.93
7964.05
7963.6
7960.08
7963.55
7963.5
7962.37
7959.26
7965.6
7967.33
7966.73
7963.92
7967.68
7967.54
7966.56
7964.35
7970.18
7971.54
7970.93
7968.8
7971.97
7971.93
7971.26
7969.7
7974.4
7975.31
7974.97
7973.66
7975.98
7976.19
7975.96
7975.16
7977.97
7978.72
7978.85
7978.46
7979.54
7979.88
7980.14
7980.24
7980.25
7980.61
7981.18
7981.67
7980.84
7981.12
7981.38
7982.61
353.08
917.509
2777.51
3824.6
4192.37
4390.25
4563.27
4728.32
4885.99
5037.2
5185.18
5328.35
5466.54
5598.24
5722.91
5836.92
5938.95
6027.55
6105.85
6170.74
6224.14
6267.07
6303.38
6331.68
6353.95
6370.25
6386.55
6397.76
6405.98
6411.25
6417.42
6421.01
6423.36
6422.87
6427.64
6429.23
6429.69
6428.19
6430.25
6430.35
6429.78
6426.45
6430.48
6431.3
6430.9
6428.11
6430.24
6430.24
6429.2
6425.11
6429.59
6430.67
6430.15
6426.84
6429.37
6429.57
6428.58
6424.3
6429.32
6430.82
6430.33
6426.82
6429.5
6429.6
6428.71
6424.77
6430.16
6431.86
6431.43
6427.82
6430.61
6430.65
6429.72
6426.38
6432.08
6433.8
6433.36
6430.32
6433.33
6433.22
6432.19
6429.5
6434.93
6436.3
6435.74
6433.3
6436.53
6436.33
6435.44
6433.5
6438.49
6439.56
6438.99
6437.14
6439.86
6439.74
6439.11
6437.74
6441.75
6442.44
6442.11
6440.94
6442.92
6443.02
6442.78
6442.05
6444.44
6445.01
6445.07
6444.69
6445.6
6445.84
6446.02
6446.06
6446.05
6446.33
6446.79
6447.17
6446.46
6446.7
6446.94
6448.03
178.856
742.173
2457.33
3335.66
3621.26
3770.41
3904.78
4035.67
4162.06
4284.04
4404.07
4520.55
4633.24
4740.79
4842.78
4936.04
5019.5
5091.94
5156.08
5209.08
5252.64
5287.58
5317.22
5340.22
5358.27
5371.4
5384.81
5393.87
5400.48
5404.65
5409.74
5412.6
5414.46
5413.9
5418.03
5419.31
5419.64
5418.29
5420.11
5420.17
5419.65
5416.74
5420.33
5421.01
5420.64
5418.2
5420.12
5420.11
5419.2
5415.63
5419.62
5420.53
5420.05
5417.15
5419.41
5419.57
5418.69
5414.93
5419.4
5420.67
5420.21
5417.12
5419.52
5419.58
5418.76
5415.29
5420.06
5421.5
5421.09
5417.9
5420.4
5420.38
5419.53
5416.56
5421.59
5423.04
5422.6
5419.91
5422.58
5422.43
5421.49
5419.07
5423.87
5425.01
5424.47
5422.29
5425.15
5424.91
5424.08
5422.33
5426.73
5427.61
5427.07
5425.41
5427.81
5427.65
5427.06
5425.8
5429.34
5429.88
5429.55
5428.49
5430.22
5430.26
5430.01
5429.32
5431.42
5431.87
5431.88
5431.52
5432.3
5432.48
5432.6
5432.6
5432.58
5432.8
5433.18
5433.49
5432.85
5433.07
5433.3
5434.29
91.1673
623.262
2226.9
2983.3
3208.74
3321.85
3427.84
3533.93
3637.82
3738.9
3839.04
3936.58
4031.26
4121.85
4208
4286.9
4357.61
4419.04
4473.61
4518.65
4555.68
4585.37
4610.63
4630.18
4645.53
4656.65
4668.19
4675.9
4681.51
4685.02
4689.43
4691.87
4693.44
4692.89
4696.59
4697.69
4697.95
4696.74
4698.39
4698.44
4697.98
4695.38
4698.65
4699.24
4698.89
4696.71
4698.47
4698.46
4697.65
4694.46
4698.08
4698.87
4698.43
4695.82
4697.88
4698.02
4697.22
4693.85
4697.89
4699
4698.57
4695.79
4697.97
4698
4697.25
4694.12
4698.42
4699.67
4699.27
4696.4
4698.67
4698.63
4697.83
4695.13
4699.66
4700.9
4700.47
4698.03
4700.45
4700.28
4699.4
4697.2
4701.5
4702.48
4701.95
4699.97
4702.54
4702.29
4701.5
4699.9
4703.85
4704.59
4704.07
4702.55
4704.71
4704.53
4703.96
4702.8
4705.97
4706.4
4706.07
4705.09
4706.64
4706.64
4706.37
4705.73
4707.6
4707.96
4707.94
4707.58
4708.27
4708.4
4708.48
4708.45
4708.42
4708.59
4708.91
4709.17
4708.59
4708.79
4709
4709.92
47.1754
531.183
2046.34
2713.53
2893.7
2979.04
3063.22
3150.46
3237.43
3322.9
3408.24
3491.76
3573.18
3651.36
3726.01
3794.57
3856.22
3909.92
3957.82
3997.4
4030
4056.16
4078.51
4095.8
4109.39
4119.25
4129.57
4136.43
4141.43
4144.56
4148.55
4150.75
4152.17
4151.68
4155.08
4156.09
4156.33
4155.24
4156.78
4156.83
4156.42
4154.08
4157.09
4157.62
4157.3
4155.32
4156.95
4156.94
4156.2
4153.32
4156.64
4157.35
4156.93
4154.56
4156.46
4156.57
4155.84
4152.78
4156.48
4157.46
4157.05
4154.52
4156.52
4156.53
4155.83
4152.97
4156.9
4158
4157.62
4155
4157.08
4157.02
4156.26
4153.79
4157.9
4158.99
4158.57
4156.34
4158.54
4158.36
4157.53
4155.5
4159.41
4160.25
4159.75
4157.93
4160.26
4159.99
4159.25
4157.77
4161.34
4161.98
4161.49
4160.09
4162.05
4161.84
4161.3
4160.21
4163.08
4163.44
4163.11
4162.2
4163.6
4163.57
4163.29
4162.68
4164.36
4164.66
4164.62
4164.26
4164.88
4164.97
4165.02
4164.97
4164.93
4165.06
4165.33
4165.55
4165.01
4165.2
4165.4
4166.25
25.3622
451.847
1893.55
2497.24
2643.41
2706.9
2773.79
2846.26
2920.1
2993.57
3067.58
3140.45
3211.82
3280.67
3346.76
3407.72
3462.79
3510.98
3554.18
3589.99
3619.57
3643.39
3663.82
3679.65
3692.14
3701.23
3710.78
3717.14
3721.79
3724.74
3728.48
3730.56
3731.92
3731.54
3734.73
3735.69
3735.94
3734.97
3736.43
3736.5
3736.14
3734.03
3736.82
3737.31
3737.01
3735.21
3736.72
3736.72
3736.04
3733.41
3736.48
3737.12
3736.73
3734.56
3736.3
3736.41
3735.72
3732.93
3736.33
3737.21
3736.82
3734.5
3736.34
3736.34
3735.68
3733.06
3736.66
3737.65
3737.28
3734.87
3736.78
3736.71
3735.99
3733.71
3737.47
3738.44
3738.03
3735.97
3737.99
3737.8
3737.02
3735.14
3738.7
3739.45
3738.96
3737.28
3739.41
3739.14
3738.43
3737.04
3740.31
3740.87
3740.39
3739.09
3740.88
3740.67
3740.14
3739.13
3741.74
3742.04
3741.72
3740.86
3742.13
3742.08
3741.8
3741.21
3742.74
3742.99
3742.93
3742.58
3743.13
3743.19
3743.22
3743.15
3743.09
3743.2
3743.43
3743.61
3743.11
3743.28
3743.47
3744.27
14.5221
378.413
1754.33
2316.58
2438.25
2484.51
2537.42
2598.02
2661.47
2725.5
2790.67
2855.25
2918.88
2980.59
3040.18
3095.47
3145.72
3189.95
3229.84
3263.07
3290.65
3312.96
3332.17
3347.11
3358.95
3367.63
3376.72
3382.83
3387.33
3390.22
3393.84
3395.89
3397.26
3397.01
3400.05
3401.01
3401.3
3400.45
3401.84
3401.94
3401.64
3399.72
3402.32
3402.79
3402.52
3400.86
3402.27
3402.27
3401.65
3399.24
3402.08
3402.67
3402.3
3400.3
3401.91
3402.01
3401.37
3398.8
3401.93
3402.75
3402.38
3400.24
3401.93
3401.93
3401.3
3398.88
3402.19
3403.09
3402.73
3400.51
3402.27
3402.19
3401.51
3399.4
3402.84
3403.72
3403.32
3401.41
3403.26
3403.08
3402.34
3400.59
3403.85
3404.52
3404.05
3402.48
3404.43
3404.17
3403.5
3402.2
3405.18
3405.68
3405.23
3404.02
3405.65
3405.44
3404.94
3403.98
3406.37
3406.63
3406.31
3405.5
3406.66
3406.59
3406.31
3405.75
3407.14
3407.35
3407.27
3406.93
3407.42
3407.46
3407.47
3407.38
3407.32
3407.4
3407.6
3407.75
3407.28
3407.44
3407.62
3408.36
8.98407
308.161
1618.33
2159.21
2265.21
2298.18
2339.69
2390.63
2445.67
2502.17
2560.31
2618.34
2675.89
2732.04
2786.64
2837.64
2884.33
2925.73
2963.31
2994.81
3021.12
3042.52
3061.01
3075.48
3087
3095.54
3104.39
3110.43
3114.91
3117.85
3121.43
3123.52
3124.95
3124.87
3127.79
3128.78
3129.12
3128.4
3129.73
3129.88
3129.62
3127.88
3130.31
3130.77
3130.53
3129.01
3130.31
3130.32
3129.75
3127.54
3130.17
3130.73
3130.38
3128.53
3130.02
3130.1
3129.5
3127.14
3130.03
3130.78
3130.43
3128.45
3130.01
3130
3129.42
3127.18
3130.22
3131.05
3130.71
3128.65
3130.26
3130.19
3129.55
3127.58
3130.74
3131.54
3131.16
3129.38
3131.07
3130.9
3130.2
3128.57
3131.56
3132.17
3131.72
3130.26
3132.04
3131.79
3131.15
3129.94
3132.66
3133.12
3132.68
3131.56
3133.05
3132.85
3132.36
3131.46
3133.64
3133.87
3133.56
3132.8
3133.85
3133.77
3133.5
3132.97
3134.23
3134.41
3134.32
3133.99
3134.43
3134.44
3134.44
3134.34
3134.27
3134.34
3134.5
3134.63
3134.19
3134.33
3134.5
3135.17
6.01669
241.083
1477.51
2015.48
2114.82
2138.26
2170.56
2213.52
2261.69
2312.07
2364.52
2417.3
2469.99
2521.75
2572.43
2620.15
2664.19
2703.57
2739.54
2769.94
2795.48
2816.42
2834.55
2848.85
2860.3
2868.88
2877.66
2883.75
2888.32
2891.39
2894.99
2897.18
2898.7
2898.79
2901.64
2902.69
2903.09
2902.5
2903.79
2903.97
2903.77
2902.2
2904.46
2904.93
2904.72
2903.32
2904.53
2904.55
2904.02
2901.99
2904.41
2904.95
2904.62
2902.92
2904.28
2904.36
2903.8
2901.62
2904.28
2904.99
2904.66
2902.83
2904.25
2904.25
2903.7
2901.63
2904.41
2905.18
2904.86
2902.96
2904.42
2904.36
2903.76
2901.94
2904.82
2905.57
2905.2
2903.56
2905.09
2904.93
2904.27
2902.76
2905.49
2906.05
2905.63
2904.27
2905.88
2905.65
2905.05
2903.92
2906.4
2906.82
2906.41
2905.37
2906.72
2906.53
2906.07
2905.22
2907.21
2907.42
2907.12
2906.41
2907.35
2907.28
2907.01
2906.5
2907.65
2907.8
2907.71
2907.39
2907.78
2907.78
2907.76
2907.66
2907.58
2907.63
2907.77
2907.87
2907.46
2907.58
2907.74
2908.36
4.33976
178.984
1325.84
1877.08
1979.51
1997.4
2022.48
2058.87
2101.36
2146.7
2194.48
2242.96
2291.7
2339.91
2387.47
2432.61
2474.63
2512.55
2547.4
2577.12
2602.28
2623.05
2641.08
2655.42
2666.96
2675.73
2684.55
2690.79
2695.51
2698.77
2702.45
2704.76
2706.4
2706.69
2709.47
2710.59
2711.08
2710.61
2711.86
2712.1
2711.95
2710.55
2712.65
2713.12
2712.95
2711.67
2712.78
2712.81
2712.32
2710.47
2712.69
2713.21
2712.91
2711.34
2712.57
2712.65
2712.13
2710.13
2712.55
2713.23
2712.93
2711.24
2712.53
2712.53
2712.01
2710.11
2712.65
2713.37
2713.07
2711.32
2712.64
2712.59
2712.02
2710.34
2712.96
2713.66
2713.32
2711.8
2713.18
2713.04
2712.42
2711.02
2713.5
2714.02
2713.63
2712.38
2713.83
2713.62
2713.05
2712
2714.26
2714.65
2714.27
2713.3
2714.52
2714.35
2713.91
2713.12
2714.92
2715.12
2714.84
2714.17
2715.02
2714.95
2714.69
2714.21
2715.24
2715.38
2715.28
2714.98
2715.32
2715.31
2715.28
2715.18
2715.1
2715.12
2715.24
2715.33
2714.94
2715.05
2715.2
2715.74
3.3466
124.576
1159.66
1736.29
1852.63
1869.56
1889.51
1920.59
1958.35
1999.5
2043.38
2088.28
2133.72
2178.99
2223.95
2266.99
2307.42
2344.24
2378.3
2407.62
2432.62
2453.42
2471.5
2486.02
2497.78
2506.82
2515.74
2522.19
2527.12
2530.6
2534.38
2536.85
2538.62
2539.13
2541.85
2543.06
2543.63
2543.3
2544.52
2544.8
2544.72
2543.48
2545.42
2545.9
2545.77
2544.61
2545.61
2545.66
2545.21
2543.53
2545.54
2546.04
2545.78
2544.34
2545.44
2545.53
2545.04
2543.22
2545.41
2546.05
2545.78
2544.24
2545.38
2545.4
2544.92
2543.18
2545.46
2546.15
2545.87
2544.27
2545.44
2545.41
2544.89
2543.35
2545.71
2546.36
2546.05
2544.66
2545.88
2545.76
2545.19
2543.91
2546.13
2546.63
2546.27
2545.12
2546.41
2546.23
2545.7
2544.74
2546.76
2547.14
2546.79
2545.9
2546.98
2546.83
2546.43
2545.7
2547.31
2547.5
2547.24
2546.62
2547.38
2547.31
2547.07
2546.62
2547.54
2547.67
2547.57
2547.28
2547.58
2547.57
2547.53
2547.43
2547.34
2547.36
2547.45
2547.52
2547.17
2547.25
2547.4
2547.87
2.73848
80.4244
978.672
1585.84
1727.85
1749.39
1766.64
1793.68
1827.57
1865.21
1905.77
1947.61
1990.23
2032.96
2075.68
2116.93
2156
2191.92
2225.35
2254.4
2279.37
2300.3
2318.52
2333.28
2345.3
2354.66
2363.73
2370.42
2375.58
2379.3
2383.19
2385.82
2387.75
2388.47
2391.14
2392.44
2393.11
2392.92
2394.1
2394.44
2394.42
2393.34
2395.11
2395.61
2395.52
2394.48
2395.38
2395.44
2395.04
2393.52
2395.32
2395.82
2395.59
2394.28
2395.25
2395.34
2394.89
2393.24
2395.19
2395.81
2395.57
2394.18
2395.18
2395.2
2394.76
2393.19
2395.22
2395.87
2395.62
2394.17
2395.19
2395.17
2394.7
2393.31
2395.4
2396.02
2395.75
2394.48
2395.55
2395.45
2394.93
2393.77
2395.74
2396.22
2395.9
2394.85
2395.98
2395.83
2395.35
2394.47
2396.26
2396.63
2396.32
2395.5
2396.46
2396.34
2395.96
2395.3
2396.73
2396.92
2396.68
2396.11
2396.77
2396.72
2396.49
2396.08
2396.89
2397.01
2396.92
2396.65
2396.9
2396.89
2396.85
2396.74
2396.66
2396.66
2396.74
2396.79
2396.47
2396.53
2396.67
2397.05
2.36034
47.8841
786.953
1419.33
1598.85
1631.88
1649.43
1673.88
1704.76
1739.48
1777.2
1816.36
1856.49
1896.95
1937.63
1977.22
2015.04
2050.12
2082.94
2111.76
2136.7
2157.76
2176.13
2191.14
2203.43
2213.1
2222.3
2229.24
2234.64
2238.6
2242.6
2245.4
2247.48
2248.41
2251.02
2252.42
2253.19
2253.14
2254.28
2254.67
2254.71
2253.8
2255.4
2255.92
2255.87
2254.96
2255.75
2255.82
2255.47
2254.11
2255.69
2256.18
2255.99
2254.82
2255.66
2255.74
2255.34
2253.86
2255.57
2256.16
2255.96
2254.71
2255.57
2255.6
2255.21
2253.8
2255.57
2256.19
2255.98
2254.68
2255.55
2255.55
2255.12
2253.88
2255.71
2256.3
2256.06
2254.93
2255.84
2255.77
2255.3
2254.26
2255.98
2256.44
2256.16
2255.22
2256.2
2256.08
2255.65
2254.85
2256.42
2256.78
2256.51
2255.78
2256.6
2256.5
2256.17
2255.57
2256.82
2257.01
2256.8
2256.29
2256.85
2256.81
2256.61
2256.23
2256.94
2257.05
2256.97
2256.72
2256.93
2256.92
2256.88
2256.78
2256.69
2256.68
2256.75
2256.79
2256.5
2256.54
2256.67
2256.97
2.12669
26.4461
593.608
1232.28
1459.22
1511.96
1533.76
1557.46
1586.28
1618.68
1653.97
1690.78
1728.63
1766.98
1805.71
1843.67
1880.2
1914.38
1946.52
1975
1999.82
2020.95
2039.39
2054.57
2067.08
2077.03
2086.32
2093.47
2099.07
2103.26
2107.35
2110.31
2112.53
2113.67
2116.22
2117.69
2118.56
2118.66
2119.75
2120.2
2120.3
2119.55
2120.98
2121.51
2121.51
2120.73
2121.4
2121.49
2121.18
2119.99
2121.35
2121.83
2121.68
2120.66
2121.35
2121.43
2121.08
2119.78
2121.24
2121.8
2121.65
2120.54
2121.26
2121.29
2120.95
2119.71
2121.23
2121.81
2121.64
2120.5
2121.22
2121.23
2120.85
2119.76
2121.33
2121.88
2121.7
2120.7
2121.45
2121.41
2120.99
2120.07
2121.55
2121.99
2121.76
2120.93
2121.75
2121.67
2121.28
2120.58
2121.93
2122.27
2122.05
2121.4
2122.09
2122.03
2121.73
2121.2
2122.27
2122.47
2122.29
2121.84
2122.31
2122.28
2122.1
2121.77
2122.37
2122.48
2122.41
2122.19
2122.36
2122.35
2122.31
2122.21
2122.13
2122.12
2122.16
2122.19
2121.94
2121.96
2122.08
2122.29
1.98674
13.9002
412.079
1024
1302.84
1384.41
1415.56
1440.96
1468.96
1499.73
1533.04
1567.75
1603.51
1639.83
1676.62
1712.9
1748.02
1781.14
1812.4
1840.35
1864.89
1885.91
1904.27
1919.51
1932.13
1942.25
1951.57
1958.85
1964.62
1969
1973.14
1976.22
1978.56
1979.9
1982.36
1983.9
1984.86
1985.1
1986.14
1986.64
1986.8
1986.22
1987.46
1988
1988.05
1987.4
1987.96
1988.06
1987.8
1986.78
1987.91
1988.37
1988.27
1987.39
1987.95
1988.02
1987.72
1986.6
1987.81
1988.34
1988.23
1987.28
1987.85
1987.89
1987.59
1986.53
1987.79
1988.33
1988.2
1987.22
1987.79
1987.81
1987.49
1986.56
1987.86
1988.39
1988.25
1987.39
1987.99
1987.97
1987.61
1986.82
1988.05
1988.47
1988.29
1987.58
1988.25
1988.19
1987.86
1987.26
1988.38
1988.72
1988.54
1987.98
1988.55
1988.51
1988.25
1987.8
1988.69
1988.89
1988.75
1988.35
1988.74
1988.73
1988.57
1988.28
1988.78
1988.89
1988.84
1988.64
1988.78
1988.77
1988.73
1988.65
1988.56
1988.55
1988.59
1988.61
1988.39
1988.39
1988.49
1988.62
1.90773
7.31384
257.373
799.83
1124.88
1243.9
1290.69
1321.1
1349.97
1380.02
1411.87
1444.82
1478.65
1513.02
1547.85
1582.32
1615.86
1647.68
1677.8
1704.95
1728.93
1749.6
1767.66
1782.76
1795.33
1805.5
1814.72
1822.04
1827.89
1832.38
1836.53
1839.69
1842.12
1843.62
1845.98
1847.56
1848.6
1848.97
1849.96
1850.49
1850.71
1850.29
1851.35
1851.88
1851.99
1851.46
1851.93
1852.03
1851.81
1850.96
1851.88
1852.3
1852.25
1851.51
1851.94
1852.01
1851.75
1850.81
1851.78
1852.27
1852.2
1851.41
1851.84
1851.88
1851.63
1850.74
1851.75
1852.25
1852.17
1851.35
1851.78
1851.81
1851.54
1850.76
1851.82
1852.3
1852.21
1851.49
1851.96
1851.94
1851.65
1850.98
1851.98
1852.37
1852.25
1851.66
1852.18
1852.15
1851.88
1851.37
1852.28
1852.6
1852.47
1852
1852.45
1852.43
1852.22
1851.84
1852.56
1852.76
1852.66
1852.33
1852.63
1852.63
1852.5
1852.26
1852.66
1852.77
1852.73
1852.57
1852.67
1852.67
1852.63
1852.56
1852.48
1852.46
1852.49
1852.5
1852.32
1852.3
1852.39
1852.43
1.86691
4.13576
141.191
573.046
923.893
1085.41
1154.86
1194.59
1226.68
1257.31
1288.44
1320.06
1352.2
1384.71
1417.56
1450.12
1481.87
1512.11
1540.78
1566.79
1589.87
1609.88
1627.36
1642.08
1654.37
1664.41
1673.37
1680.6
1686.42
1690.95
1695.04
1698.21
1700.68
1702.31
1704.53
1706.13
1707.21
1707.7
1708.63
1709.18
1709.45
1709.18
1710.07
1710.58
1710.73
1710.34
1710.7
1710.81
1710.64
1709.95
1710.66
1711.04
1711.03
1710.44
1710.75
1710.81
1710.6
1709.83
1710.58
1711.01
1710.98
1710.35
1710.65
1710.69
1710.49
1709.77
1710.55
1710.98
1710.95
1710.29
1710.59
1710.62
1710.41
1709.78
1710.6
1711.03
1710.99
1710.42
1710.75
1710.75
1710.52
1709.98
1710.75
1711.11
1711.04
1710.57
1710.95
1710.95
1710.73
1710.32
1711.03
1711.32
1711.24
1710.87
1711.2
1711.21
1711.04
1710.73
1711.3
1711.49
1711.42
1711.16
1711.39
1711.4
1711.3
1711.1
1711.41
1711.52
1711.5
1711.37
1711.44
1711.44
1711.41
1711.35
1711.28
1711.26
1711.28
1711.29
1711.14
1711.11
1711.18
1711.15
1.84816
2.68875
66.8442
364.363
704.834
905.62
1003.88
1058.1
1096.56
1129.59
1161.08
1192.03
1222.87
1253.71
1284.64
1315.21
1344.99
1373.39
1400.28
1424.76
1446.56
1465.54
1482.12
1496.14
1507.9
1517.57
1526.11
1533.08
1538.73
1543.19
1547.13
1550.24
1552.69
1554.39
1556.46
1558.02
1559.13
1559.71
1560.57
1561.13
1561.44
1561.31
1562.03
1562.51
1562.69
1562.43
1562.71
1562.8
1562.68
1562.15
1562.66
1563
1563.02
1562.57
1562.78
1562.83
1562.66
1562.06
1562.59
1562.96
1562.97
1562.49
1562.69
1562.72
1562.56
1562
1562.57
1562.94
1562.95
1562.44
1562.64
1562.66
1562.5
1562.01
1562.62
1562.99
1562.99
1562.56
1562.79
1562.79
1562.61
1562.19
1562.76
1563.08
1563.06
1562.7
1562.97
1562.98
1562.81
1562.49
1563.03
1563.29
1563.25
1562.97
1563.21
1563.22
1563.1
1562.86
1563.29
1563.47
1563.44
1563.23
1563.4
1563.41
1563.34
1563.19
1563.42
1563.52
1563.52
1563.42
1563.47
1563.47
1563.45
1563.4
1563.35
1563.33
1563.34
1563.34
1563.23
1563.19
1563.24
1563.14
1.84071
2.05856
27.5233
196.954
482.297
705.496
834.593
908.397
957.096
995.015
1028.41
1059.68
1089.82
1119.36
1148.57
1177.19
1204.9
1231.23
1256.04
1278.62
1298.75
1316.31
1331.61
1344.61
1355.55
1364.6
1372.51
1379.03
1384.36
1388.62
1392.32
1395.28
1397.64
1399.35
1401.24
1402.72
1403.82
1404.47
1405.25
1405.8
1406.13
1406.12
1406.69
1407.12
1407.33
1407.17
1407.38
1407.47
1407.38
1406.99
1407.35
1407.62
1407.67
1407.35
1407.47
1407.51
1407.38
1406.93
1407.29
1407.59
1407.62
1407.28
1407.39
1407.41
1407.29
1406.87
1407.26
1407.57
1407.6
1407.24
1407.35
1407.36
1407.25
1406.89
1407.31
1407.62
1407.66
1407.36
1407.49
1407.5
1407.37
1407.06
1407.46
1407.73
1407.74
1407.49
1407.67
1407.68
1407.57
1407.34
1407.71
1407.94
1407.94
1407.74
1407.9
1407.92
1407.84
1407.67
1407.97
1408.13
1408.13
1407.99
1408.1
1408.11
1408.07
1407.96
1408.13
1408.22
1408.23
1408.16
1408.19
1408.2
1408.18
1408.15
1408.1
1408.08
1408.09
1408.09
1408.01
1407.97
1408
1407.85
1.8382
1.79954
10.4854
86.322
281.169
494.36
647.032
743.066
805.926
851.777
889.185
922.173
952.599
981.465
1009.34
1036.21
1061.9
1086.05
1108.55
1128.93
1147.02
1162.76
1176.44
1188.07
1197.89
1206.05
1213.14
1219.03
1223.89
1227.81
1231.18
1233.91
1236.11
1237.76
1239.44
1240.81
1241.85
1242.52
1243.23
1243.75
1244.09
1244.16
1244.62
1244.99
1245.2
1245.14
1245.29
1245.36
1245.32
1245.05
1245.27
1245.48
1245.54
1245.33
1245.4
1245.42
1245.32
1245
1245.23
1245.45
1245.5
1245.27
1245.33
1245.33
1245.25
1244.96
1245.2
1245.43
1245.49
1245.25
1245.3
1245.3
1245.22
1244.97
1245.25
1245.5
1245.56
1245.36
1245.44
1245.44
1245.35
1245.14
1245.4
1245.61
1245.66
1245.5
1245.61
1245.62
1245.55
1245.39
1245.65
1245.83
1245.86
1245.73
1245.83
1245.85
1245.81
1245.69
1245.9
1246.03
1246.05
1245.96
1246.03
1246.05
1246.03
1245.96
1246.07
1246.15
1246.17
1246.13
1246.15
1246.16
1246.15
1246.13
1246.1
1246.08
1246.08
1246.08
1246.03
1245.99
1246
1245.82
1.83747
1.70303
4.26445
30.0634
129.971
293.628
448.533
562.632
641.622
698.34
742.245
778.785
810.885
840.05
867.276
892.844
916.745
938.789
958.911
976.874
992.643
1006.27
1018.01
1027.99
1036.43
1043.49
1049.57
1054.68
1058.93
1062.4
1065.36
1067.8
1069.77
1071.31
1072.77
1073.99
1074.95
1075.61
1076.24
1076.72
1077.05
1077.19
1077.54
1077.85
1078.05
1078.06
1078.17
1078.24
1078.21
1078.05
1078.18
1078.32
1078.38
1078.26
1078.3
1078.3
1078.23
1078.02
1078.14
1078.29
1078.35
1078.21
1078.23
1078.23
1078.17
1077.98
1078.12
1078.28
1078.34
1078.2
1078.22
1078.21
1078.16
1078
1078.17
1078.35
1078.42
1078.31
1078.35
1078.35
1078.29
1078.16
1078.32
1078.48
1078.54
1078.45
1078.52
1078.53
1078.49
1078.4
1078.56
1078.69
1078.74
1078.67
1078.74
1078.75
1078.73
1078.67
1078.8
1078.9
1078.94
1078.89
1078.94
1078.96
1078.95
1078.91
1078.99
1079.05
1079.07
1079.06
1079.08
1079.08
1079.09
1079.07
1079.05
1079.04
1079.04
1079.04
1079.01
1078.97
1078.97
1078.78
1.83726
1.67192
2.26791
9.04548
44.2496
134.752
258.776
374.762
465.952
534.413
586.884
628.982
664.43
695.242
722.83
747.831
770.444
790.659
808.532
824.065
837.408
848.757
858.422
866.598
873.512
879.334
884.346
888.592
892.171
895.144
897.677
899.779
901.514
902.9
904.162
905.218
906.076
906.71
907.27
907.703
908.022
908.204
908.484
908.729
908.912
908.969
909.064
909.115
909.114
909.022
909.093
909.183
909.237
909.18
909.193
909.185
909.141
909.014
909.07
909.157
909.205
909.137
909.142
909.129
909.089
908.978
909.052
909.15
909.202
909.133
909.137
909.124
909.091
909.003
909.1
909.215
909.282
909.239
909.263
909.26
909.229
909.156
909.251
909.355
909.412
909.382
909.424
909.436
909.42
909.372
909.469
909.565
909.615
909.594
909.634
909.651
909.646
909.616
909.699
909.773
909.814
909.804
909.836
909.854
909.857
909.843
909.893
909.939
909.969
909.972
909.988
909.998
910.004
909.999
909.991
909.985
909.987
909.986
909.969
909.946
909.936
909.743
1.83717
1.66349
1.6964
3.09836
11.3859
42.6442
110.107
200.075
288.641
363.757
424.266
473.024
513.241
547.236
576.457
601.892
623.973
642.898
658.909
672.279
683.385
692.603
700.32
706.811
712.315
716.998
721.051
724.533
727.518
730.05
732.222
734.051
735.586
736.849
737.961
738.897
739.675
740.283
740.799
741.202
741.514
741.728
741.965
742.169
742.334
742.421
742.507
742.556
742.571
742.536
742.575
742.625
742.665
742.647
742.654
742.643
742.614
742.545
742.565
742.606
742.639
742.613
742.613
742.598
742.573
742.514
742.548
742.6
742.639
742.615
742.616
742.603
742.584
742.542
742.594
742.662
742.716
742.713
742.731
742.73
742.717
742.686
742.739
742.802
742.852
742.856
742.886
742.898
742.897
742.883
742.941
743.003
743.049
743.057
743.087
743.102
743.108
743.104
743.155
743.207
743.246
743.257
743.284
743.301
743.312
743.315
743.35
743.384
743.413
743.427
743.445
743.457
743.467
743.47
743.471
743.472
743.476
743.478
743.472
743.459
743.446
743.279
1.83711
1.66152
1.55453
1.71766
3.08159
9.36178
29.7192
72.5991
133.743
199.932
261.246
314.223
359.01
396.901
428.829
455.726
478.167
496.573
511.443
523.348
532.908
540.675
547.108
552.528
557.174
561.197
564.725
567.809
570.506
572.843
574.872
576.608
578.088
579.337
580.416
581.327
582.094
582.719
583.241
583.658
583.99
584.244
584.476
584.668
584.827
584.938
585.03
585.087
585.119
585.123
585.154
585.181
585.209
585.212
585.22
585.211
585.193
585.161
585.167
585.179
585.195
585.19
585.191
585.178
585.162
585.136
585.15
585.171
585.195
585.194
585.198
585.189
585.179
585.164
585.192
585.227
585.265
585.28
585.299
585.302
585.301
585.294
585.326
585.362
585.4
585.419
585.445
585.458
585.467
585.472
585.509
585.548
585.586
585.607
585.634
585.649
585.663
585.673
585.708
585.742
585.776
585.798
585.823
585.841
585.857
585.87
585.897
585.923
585.95
585.969
585.989
586.005
586.018
586.027
586.036
586.042
586.049
586.054
586.058
586.054
586.042
585.904
1.83704
1.661
1.52569
1.44898
1.54716
2.30518
5.41862
15.1205
36.9708
72.6289
117.447
164.393
208.578
248.015
282.17
310.783
334.211
353.022
367.974
379.876
389.481
397.391
404.052
409.762
414.73
419.087
422.928
426.306
429.275
431.868
434.125
436.07
437.739
439.163
440.382
441.41
442.279
443.003
443.605
444.095
444.493
444.814
445.083
445.3
445.479
445.619
445.73
445.807
445.861
445.896
445.932
445.956
445.979
445.992
446.003
446
445.992
445.98
445.982
445.982
445.987
445.988
445.99
445.981
445.972
445.962
445.969
445.974
445.985
445.991
445.997
445.993
445.99
445.989
446.005
446.021
446.045
446.064
446.082
446.089
446.096
446.102
446.123
446.144
446.171
446.194
446.217
446.232
446.246
446.26
446.287
446.313
446.342
446.367
446.391
446.409
446.426
446.443
446.47
446.495
446.523
446.547
446.571
446.59
446.609
446.627
446.651
446.673
446.697
446.718
446.739
446.757
446.773
446.787
446.801
446.812
446.823
446.832
446.841
446.846
446.841
446.739
1.83699
1.66073
1.52081
1.40727
1.32465
1.31469
1.53115
2.48531
5.56959
13.366
28.5769
51.977
81.5391
113.574
144.736
172.709
196.808
217.252
234.56
249.253
261.781
272.505
281.719
289.656
296.512
302.445
307.584
312.031
315.876
319.194
322.049
324.494
326.581
328.357
329.864
331.133
332.202
333.096
333.84
334.452
334.955
335.365
335.702
335.972
336.193
336.37
336.511
336.617
336.697
336.758
336.807
336.839
336.865
336.885
336.9
336.905
336.905
336.904
336.906
336.903
336.903
336.904
336.905
336.901
336.897
336.894
336.897
336.897
336.901
336.907
336.912
336.913
336.914
336.918
336.928
336.936
336.95
336.966
336.981
336.992
337.002
337.013
337.03
337.044
337.063
337.083
337.103
337.119
337.135
337.152
337.174
337.194
337.216
337.24
337.262
337.281
337.3
337.319
337.341
337.362
337.385
337.409
337.431
337.451
337.471
337.491
337.512
337.533
337.555
337.576
337.597
337.616
337.634
337.651
337.668
337.683
337.697
337.709
337.722
337.732
337.734
337.664
1.83695
1.6606
1.52007
1.40251
1.30099
1.21541
1.15294
1.14069
1.26919
1.81051
3.43562
7.3601
15.0775
27.6674
45.1902
66.7055
90.2328
113.837
136.088
156.17
173.774
188.924
201.827
212.761
222.015
229.85
236.494
242.135
246.93
251.008
254.475
257.418
259.912
262.022
263.801
265.297
266.552
267.6
268.473
269.194
269.788
270.274
270.67
270.991
271.252
271.461
271.628
271.759
271.86
271.938
271.998
272.041
272.074
272.099
272.117
272.129
272.136
272.139
272.141
272.14
272.14
272.141
272.141
272.14
272.139
272.138
272.139
272.138
272.141
272.144
272.149
272.152
272.156
272.16
272.167
272.173
272.183
272.194
272.207
272.218
272.229
272.241
272.254
272.267
272.281
272.298
272.315
272.332
272.348
272.365
272.383
272.4
272.42
272.44
272.46
272.48
272.499
272.518
272.538
272.557
272.577
272.598
272.619
272.64
272.66
272.679
272.699
272.719
272.739
272.759
272.779
272.799
272.817
272.835
272.853
272.87
272.885
272.9
272.915
272.926
272.933
272.881
1.83696
1.66061
1.52009
1.40255
1.30107
1.21561
1.15349
1.14226
1.27386
1.82394
3.46827
7.41997
15.1495
27.7016
45.1484
66.5159
89.8648
113.3
135.416
155.402
172.944
188.06
200.947
211.88
221.14
228.985
235.641
241.295
246.103
250.193
253.671
256.625
259.129
261.247
263.033
264.536
265.796
266.849
267.725
268.451
269.049
269.539
269.938
270.261
270.523
270.734
270.902
271.036
271.14
271.219
271.279
271.325
271.359
271.385
271.403
271.417
271.426
271.43
271.432
271.432
271.434
271.435
271.436
271.437
271.437
271.436
271.436
271.437
271.44
271.444
271.448
271.453
271.458
271.462
271.467
271.474
271.483
271.493
271.504
271.516
271.528
271.538
271.549
271.562
271.576
271.591
271.607
271.623
271.639
271.655
271.671
271.689
271.707
271.727
271.746
271.766
271.785
271.803
271.822
271.841
271.86
271.88
271.9
271.92
271.94
271.959
271.978
271.997
272.016
272.035
272.055
272.074
272.093
272.11
272.128
272.144
272.16
272.174
272.188
272.199
272.204
272.154
1.837
1.66078
1.52091
1.40757
1.3257
1.31839
1.54381
2.52661
5.6843
13.6058
28.9389
52.3662
81.7995
113.566
144.37
171.957
195.693
215.816
232.859
247.353
259.74
270.372
279.534
287.451
294.308
300.252
305.407
309.877
313.747
317.088
319.965
322.433
324.543
326.337
327.857
329.142
330.223
331.127
331.881
332.505
333.019
333.437
333.778
334.055
334.28
334.46
334.604
334.718
334.806
334.871
334.919
334.957
334.987
335.008
335.024
335.036
335.044
335.045
335.045
335.046
335.05
335.052
335.054
335.057
335.058
335.056
335.055
335.057
335.063
335.068
335.075
335.081
335.087
335.09
335.094
335.102
335.114
335.125
335.138
335.151
335.163
335.172
335.182
335.195
335.21
335.226
335.244
335.261
335.278
335.292
335.308
335.326
335.347
335.367
335.388
335.408
335.428
335.445
335.463
335.482
335.503
335.523
335.544
335.564
335.584
335.602
335.62
335.638
335.658
335.677
335.696
335.714
335.732
335.749
335.765
335.78
335.793
335.805
335.816
335.822
335.821
335.748
1.83707
1.66107
1.52619
1.45147
1.55767
2.3473
5.56734
15.5203
37.7081
73.5653
118.284
164.874
208.579
247.511
281.158
309.325
332.376
350.871
365.564
377.266
386.722
394.527
401.12
406.797
411.755
416.113
419.961
423.355
426.343
428.957
431.234
433.205
434.901
436.346
437.576
438.617
439.498
440.233
440.846
441.352
441.768
442.101
442.372
442.593
442.775
442.919
443.034
443.123
443.193
443.238
443.272
443.299
443.324
443.34
443.353
443.361
443.367
443.364
443.361
443.362
443.37
443.373
443.377
443.38
443.383
443.378
443.376
443.379
443.39
443.398
443.407
443.414
443.421
443.421
443.425
443.435
443.452
443.466
443.482
443.495
443.507
443.513
443.522
443.537
443.557
443.576
443.595
443.613
443.631
443.644
443.66
443.681
443.706
443.728
443.751
443.772
443.791
443.807
443.825
443.846
443.869
443.891
443.912
443.932
443.952
443.968
443.985
444.004
444.024
444.043
444.062
444.079
444.096
444.11
444.124
444.136
444.146
444.153
444.16
444.159
444.146
444.044
1.83714
1.66166
1.55738
1.7343
3.16104
9.68229
30.5962
74.0919
135.427
201.289
261.99
314.287
358.431
395.745
427.151
453.632
475.741
493.882
508.54
520.288
529.736
537.428
543.814
549.214
553.861
557.893
561.423
564.514
567.224
569.58
571.626
573.385
574.894
576.169
577.253
578.166
578.94
579.578
580.11
580.543
580.9
581.175
581.403
581.588
581.747
581.865
581.962
582.033
582.09
582.117
582.141
582.16
582.186
582.196
582.207
582.211
582.217
582.206
582.203
582.204
582.218
582.221
582.228
582.229
582.233
582.222
582.22
582.225
582.245
582.254
582.266
582.272
582.28
582.273
582.278
582.291
582.318
582.334
582.353
582.365
582.377
582.377
582.388
582.405
582.434
582.454
582.476
582.494
582.513
582.522
582.541
582.566
582.598
582.622
582.647
582.668
582.688
582.7
582.72
582.743
582.772
582.794
582.817
582.836
582.855
582.869
582.887
582.905
582.927
582.946
582.964
582.98
582.995
583.007
583.017
583.024
583.03
583.033
583.034
583.024
582.997
582.855
1.83721
1.66393
1.71033
3.1892
11.839
44.0533
112.517
202.663
290.652
364.895
424.526
472.512
512.081
545.521
574.292
599.371
621.18
639.901
655.751
669.009
680.054
689.249
696.96
703.463
708.999
713.719
717.779
721.263
724.266
726.824
729.014
730.865
732.437
733.739
734.844
735.764
736.546
737.174
737.699
738.117
738.464
738.716
738.935
739.111
739.271
739.377
739.47
739.53
739.584
739.593
739.615
739.632
739.665
739.668
739.679
739.679
739.687
739.663
739.662
739.665
739.691
739.689
739.698
739.696
739.703
739.679
739.679
739.689
739.722
739.728
739.742
739.745
739.755
739.736
739.744
739.765
739.806
739.82
739.84
739.849
739.862
739.852
739.867
739.891
739.932
739.95
739.976
739.993
740.013
740.014
740.04
740.072
740.114
740.136
740.165
740.184
740.205
740.211
740.235
740.263
740.299
740.319
740.344
740.361
740.381
740.39
740.409
740.43
740.455
740.472
740.49
740.503
740.516
740.525
740.531
740.533
740.534
740.532
740.526
740.507
740.466
740.294
1.83731
1.6736
2.32558
9.45868
45.973
138.129
262.502
377.657
467.677
535.067
586.648
628.03
662.903
693.242
720.458
745.166
767.571
787.645
805.399
820.862
834.2
845.587
855.29
863.516
870.506
876.408
881.432
885.676
889.285
892.303
894.858
896.98
898.77
900.219
901.454
902.469
903.332
904.003
904.571
905.012
905.384
905.632
905.867
906.053
906.233
906.33
906.429
906.485
906.543
906.53
906.558
906.578
906.625
906.613
906.628
906.622
906.637
906.591
906.597
906.605
906.648
906.634
906.646
906.639
906.652
906.605
906.613
906.63
906.682
906.677
906.694
906.691
906.704
906.666
906.684
906.715
906.775
906.779
906.802
906.806
906.822
906.793
906.819
906.854
906.91
906.919
906.951
906.965
906.987
906.976
907.013
907.055
907.11
907.125
907.158
907.175
907.197
907.193
907.227
907.261
907.305
907.32
907.347
907.363
907.383
907.385
907.409
907.431
907.46
907.475
907.492
907.502
907.513
907.518
907.519
907.516
907.511
907.505
907.492
907.464
907.408
907.21
1.83754
1.70902
4.47445
31.5369
134.062
298.77
452.678
565.222
642.888
698.611
741.738
777.666
809.28
838.081
865.01
890.345
914.105
936.075
956.116
974.047
989.871
1003.6
1015.42
1025.49
1034.05
1041.24
1047.33
1052.43
1056.73
1060.28
1063.26
1065.71
1067.77
1069.4
1070.81
1071.95
1072.93
1073.65
1074.29
1074.76
1075.17
1075.42
1075.68
1075.89
1076.1
1076.18
1076.29
1076.34
1076.41
1076.37
1076.41
1076.43
1076.5
1076.47
1076.49
1076.48
1076.5
1076.42
1076.44
1076.46
1076.52
1076.48
1076.5
1076.49
1076.51
1076.43
1076.46
1076.48
1076.56
1076.53
1076.55
1076.54
1076.56
1076.49
1076.53
1076.58
1076.66
1076.64
1076.67
1076.67
1076.69
1076.63
1076.68
1076.73
1076.8
1076.79
1076.83
1076.84
1076.87
1076.84
1076.9
1076.95
1077.02
1077.02
1077.06
1077.07
1077.1
1077.08
1077.13
1077.17
1077.22
1077.23
1077.26
1077.27
1077.29
1077.29
1077.32
1077.34
1077.38
1077.39
1077.4
1077.41
1077.42
1077.42
1077.41
1077.4
1077.39
1077.39
1077.36
1077.33
1077.25
1077.06
1.83832
1.8182
11.1637
90.1178
287.807
500.288
650.905
745.208
806.895
851.946
888.718
921.203
951.25
979.851
1007.5
1034.19
1059.81
1083.97
1106.42
1126.8
1145.01
1160.92
1174.71
1186.46
1196.46
1204.81
1211.88
1217.75
1222.69
1226.72
1230.11
1232.86
1235.17
1236.96
1238.54
1239.79
1240.87
1241.64
1242.34
1242.84
1243.3
1243.52
1243.83
1244.05
1244.29
1244.35
1244.48
1244.52
1244.6
1244.51
1244.58
1244.62
1244.71
1244.63
1244.67
1244.65
1244.69
1244.56
1244.61
1244.64
1244.73
1244.65
1244.68
1244.66
1244.7
1244.57
1244.62
1244.66
1244.77
1244.7
1244.74
1244.72
1244.75
1244.64
1244.71
1244.77
1244.88
1244.82
1244.87
1244.85
1244.88
1244.79
1244.87
1244.93
1245.02
1244.98
1245.04
1245.04
1245.07
1245.02
1245.11
1245.17
1245.25
1245.23
1245.29
1245.29
1245.32
1245.28
1245.36
1245.41
1245.47
1245.45
1245.5
1245.5
1245.53
1245.51
1245.55
1245.58
1245.62
1245.62
1245.64
1245.64
1245.64
1245.64
1245.63
1245.61
1245.6
1245.59
1245.55
1245.52
1245.42
1245.24
1.84099
2.11057
29.412
204.083
490.631
711.314
837.99
910.274
958.077
995.41
1028.3
1059.16
1089.05
1118.41
1147.46
1175.96
1203.68
1230.09
1254.87
1277.5
1297.82
1315.6
1331.05
1344.19
1355.37
1364.65
1372.52
1379.01
1384.46
1388.86
1392.57
1395.55
1398.06
1399.96
1401.67
1403.01
1404.18
1404.96
1405.71
1406.23
1406.71
1406.91
1407.26
1407.49
1407.76
1407.78
1407.93
1407.96
1408.06
1407.91
1408.02
1408.06
1408.18
1408.05
1408.11
1408.08
1408.14
1407.95
1408.04
1408.07
1408.2
1408.07
1408.12
1408.09
1408.14
1407.96
1408.05
1408.1
1408.24
1408.12
1408.18
1408.14
1408.19
1408.03
1408.14
1408.22
1408.36
1408.26
1408.32
1408.3
1408.33
1408.2
1408.32
1408.4
1408.51
1408.43
1408.51
1408.51
1408.54
1408.45
1408.58
1408.66
1408.76
1408.7
1408.78
1408.78
1408.81
1408.74
1408.85
1408.91
1408.98
1408.94
1409
1409
1409.03
1408.99
1409.05
1409.08
1409.13
1409.11
1409.14
1409.13
1409.14
1409.13
1409.11
1409.09
1409.07
1409.06
1409.01
1408.97
1408.85
1408.72
1.84884
2.82366
71.1878
374.84
713.702
910.913
1006.96
1060.04
1097.88
1130.53
1161.63
1192.26
1222.95
1253.71
1284.54
1315.05
1344.93
1373.48
1400.36
1424.93
1446.99
1466.26
1483
1497.19
1509.24
1519.2
1527.65
1534.57
1540.39
1545.02
1548.96
1552.07
1554.72
1556.65
1558.47
1559.86
1561.08
1561.84
1562.64
1563.15
1563.66
1563.79
1564.2
1564.43
1564.73
1564.68
1564.87
1564.88
1565
1564.78
1564.94
1564.98
1565.13
1564.94
1565.03
1564.98
1565.06
1564.8
1564.95
1564.99
1565.15
1564.95
1565.04
1564.99
1565.07
1564.81
1564.96
1565.03
1565.2
1565.01
1565.1
1565.05
1565.12
1564.89
1565.07
1565.16
1565.33
1565.17
1565.26
1565.22
1565.27
1565.08
1565.26
1565.35
1565.49
1565.36
1565.47
1565.45
1565.5
1565.36
1565.55
1565.64
1565.75
1565.65
1565.76
1565.75
1565.78
1565.69
1565.84
1565.9
1565.98
1565.92
1565.99
1565.99
1566.02
1565.96
1566.05
1566.08
1566.13
1566.1
1566.13
1566.12
1566.13
1566.11
1566.09
1566.06
1566.04
1566.03
1565.97
1565.93
1565.77
1565.72
1.86843
4.46854
149.348
585.97
932.434
1090.21
1157.94
1196.92
1228.65
1259.07
1289.9
1321.3
1353.4
1385.91
1418.72
1451.28
1483.21
1513.69
1542.37
1568.49
1591.91
1612.26
1629.92
1644.82
1657.46
1667.82
1676.65
1683.82
1689.85
1694.59
1698.65
1701.81
1704.53
1706.44
1708.33
1709.71
1710.97
1711.67
1712.5
1712.98
1713.51
1713.57
1714.03
1714.25
1714.57
1714.46
1714.68
1714.67
1714.8
1714.5
1714.73
1714.77
1714.95
1714.68
1714.82
1714.75
1714.86
1714.52
1714.73
1714.78
1714.97
1714.69
1714.83
1714.77
1714.87
1714.53
1714.75
1714.82
1715.03
1714.76
1714.89
1714.83
1714.92
1714.62
1714.87
1714.98
1715.18
1714.94
1715.08
1715.03
1715.09
1714.84
1715.09
1715.19
1715.35
1715.16
1715.32
1715.29
1715.34
1715.16
1715.42
1715.51
1715.63
1715.49
1715.64
1715.61
1715.65
1715.52
1715.73
1715.79
1715.88
1715.78
1715.89
1715.87
1715.91
1715.83
1715.94
1715.98
1716.03
1715.99
1716.03
1716.01
1716.02
1716
1715.97
1715.94
1715.91
1715.91
1715.82
1715.8
1715.6
1715.64
1.91079
8.09074
270.185
813.95
1132.73
1248.48
1294.14
1324.14
1352.87
1382.86
1414.48
1447.3
1481.18
1515.63
1550.46
1585
1618.81
1650.93
1681.08
1708.38
1732.76
1753.84
1772.08
1787.37
1800.33
1810.88
1819.89
1827.14
1833.25
1837.99
1842.09
1845.23
1847.95
1849.79
1851.71
1853.06
1854.32
1854.94
1855.79
1856.23
1856.76
1856.73
1857.24
1857.45
1857.8
1857.61
1857.87
1857.82
1857.98
1857.59
1857.89
1857.93
1858.14
1857.79
1857.98
1857.89
1858.02
1857.59
1857.89
1857.93
1858.16
1857.8
1857.99
1857.91
1858.04
1857.61
1857.92
1858
1858.24
1857.89
1858.07
1857.99
1858.11
1857.73
1858.07
1858.18
1858.41
1858.1
1858.29
1858.21
1858.3
1857.98
1858.32
1858.42
1858.6
1858.35
1858.56
1858.51
1858.58
1858.34
1858.68
1858.78
1858.91
1858.72
1858.91
1858.87
1858.92
1858.75
1859.03
1859.09
1859.19
1859.05
1859.19
1859.17
1859.21
1859.11
1859.26
1859.29
1859.35
1859.3
1859.34
1859.32
1859.33
1859.31
1859.27
1859.24
1859.21
1859.21
1859.11
1859.09
1858.84
1859.01
1.9923
15.5841
429.533
1038.25
1310.06
1389.15
1419.71
1444.98
1473.01
1503.85
1536.99
1571.66
1607.56
1644.03
1680.87
1717.27
1752.74
1786.24
1817.52
1845.66
1870.67
1892.14
1910.68
1926.12
1939.18
1949.71
1958.76
1965.96
1972.05
1976.68
1980.75
1983.8
1986.49
1988.21
1990.13
1991.42
1992.66
1993.19
1994.04
1994.43
1994.96
1994.84
1995.4
1995.59
1995.95
1995.68
1995.99
1995.9
1996.09
1995.6
1995.98
1996.01
1996.25
1995.82
1996.07
1995.95
1996.11
1995.59
1995.97
1996.02
1996.28
1995.84
1996.08
1995.98
1996.14
1995.62
1996.02
1996.1
1996.38
1995.94
1996.18
1996.08
1996.23
1995.77
1996.2
1996.32
1996.59
1996.19
1996.44
1996.35
1996.45
1996.06
1996.5
1996.6
1996.81
1996.48
1996.76
1996.69
1996.77
1996.49
1996.91
1997
1997.15
1996.91
1997.16
1997.1
1997.16
1996.95
1997.3
1997.36
1997.46
1997.29
1997.47
1997.44
1997.48
1997.36
1997.55
1997.59
1997.66
1997.59
1997.65
1997.62
1997.63
1997.61
1997.57
1997.54
1997.51
1997.51
1997.39
1997.39
1997.09
1997.38
2.13599
29.758
614.967
1246.04
1466.14
1517.24
1538.9
1562.68
1591.68
1624.25
1659.45
1696.26
1734.34
1772.89
1811.72
1849.85
1886.8
1921.44
1953.59
1982.29
2007.66
2029.27
2047.88
2063.27
2076.26
2086.65
2095.61
2102.67
2108.64
2113.11
2117.09
2120.02
2122.62
2124.2
2126.11
2127.31
2128.52
2128.93
2129.79
2130.12
2130.64
2130.41
2131.04
2131.19
2131.57
2131.21
2131.57
2131.45
2131.65
2131.08
2131.54
2131.56
2131.83
2131.31
2131.62
2131.47
2131.67
2131.05
2131.53
2131.57
2131.87
2131.33
2131.65
2131.52
2131.71
2131.1
2131.6
2131.68
2131.99
2131.46
2131.77
2131.64
2131.83
2131.29
2131.83
2131.95
2132.25
2131.77
2132.08
2131.96
2132.09
2131.64
2132.17
2132.28
2132.51
2132.12
2132.46
2132.36
2132.47
2132.13
2132.64
2132.74
2132.9
2132.61
2132.91
2132.84
2132.91
2132.67
2133.09
2133.14
2133.26
2133.06
2133.28
2133.23
2133.29
2133.15
2133.39
2133.42
2133.5
2133.41
2133.49
2133.46
2133.48
2133.45
2133.41
2133.38
2133.35
2133.36
2133.22
2133.24
2132.88
2133.31
2.37502
53.7072
811.155
1432.43
1605.86
1638.05
1655.8
1680.51
1711.68
1746.66
1784.32
1823.56
1863.97
1904.69
1945.5
1985.31
2023.61
2059.21
2092.04
2121.1
2146.65
2168.23
2186.76
2201.97
2214.79
2224.94
2233.73
2240.57
2246.38
2250.65
2254.51
2257.27
2259.78
2261.19
2263.07
2264.17
2265.34
2265.64
2266.49
2266.75
2267.26
2266.94
2267.61
2267.74
2268.13
2267.69
2268.09
2267.94
2268.16
2267.49
2268.04
2268.05
2268.35
2267.74
2268.11
2267.93
2268.16
2267.45
2268.03
2268.06
2268.39
2267.77
2268.15
2268
2268.23
2267.53
2268.13
2268.21
2268.55
2267.93
2268.31
2268.16
2268.39
2267.76
2268.41
2268.54
2268.87
2268.31
2268.69
2268.55
2268.71
2268.19
2268.82
2268.93
2269.18
2268.72
2269.14
2269.02
2269.14
2268.76
2269.37
2269.46
2269.64
2269.29
2269.67
2269.57
2269.67
2269.39
2269.88
2269.93
2270.06
2269.83
2270.09
2270.04
2270.11
2269.95
2270.24
2270.27
2270.36
2270.26
2270.36
2270.33
2270.36
2270.33
2270.29
2270.26
2270.23
2270.25
2270.09
2270.13
2269.71
2270.29
2.76083
89.5841
1004.71
1598.47
1735.39
1756.75
1774.45
1801.87
1836.16
1874.13
1914.67
1956.61
1999.57
2042.6
2085.47
2126.98
2166.6
2203.09
2236.52
2265.84
2291.46
2312.94
2331.31
2346.28
2358.86
2368.73
2377.31
2383.91
2389.53
2393.58
2397.29
2399.88
2402.28
2403.52
2405.35
2406.36
2407.48
2407.66
2408.51
2408.7
2409.2
2408.77
2409.5
2409.59
2410
2409.47
2409.92
2409.73
2409.97
2409.21
2409.84
2409.84
2410.17
2409.48
2409.91
2409.71
2409.96
2409.16
2409.84
2409.87
2410.23
2409.52
2409.97
2409.79
2410.06
2409.27
2409.98
2410.05
2410.43
2409.73
2410.18
2410.01
2410.27
2409.57
2410.33
2410.46
2410.82
2410.18
2410.63
2410.47
2410.66
2410.07
2410.82
2410.93
2411.2
2410.68
2411.17
2411.03
2411.18
2410.75
2411.46
2411.55
2411.75
2411.35
2411.79
2411.68
2411.79
2411.48
2412.06
2412.11
2412.25
2411.99
2412.3
2412.24
2412.33
2412.15
2412.49
2412.52
2412.62
2412.52
2412.64
2412.61
2412.64
2412.62
2412.58
2412.56
2412.53
2412.56
2412.38
2412.44
2411.97
2412.68
3.38022
137.629
1186.84
1748.83
1861.11
1878.36
1898.96
1930.52
1968.75
2010.29
2054.15
2099.18
2145
2190.6
2235.72
2279.05
2320.09
2357.52
2391.57
2421.17
2446.88
2468.25
2486.47
2501.19
2513.55
2523.12
2531.5
2537.85
2543.28
2547.1
2550.68
2553.09
2555.38
2556.44
2558.24
2559.14
2560.21
2560.28
2561.12
2561.25
2561.74
2561.2
2561.99
2562.05
2562.47
2561.86
2562.36
2562.13
2562.39
2561.54
2562.25
2562.24
2562.6
2561.82
2562.32
2562.08
2562.37
2561.48
2562.25
2562.28
2562.68
2561.88
2562.4
2562.19
2562.5
2561.63
2562.44
2562.51
2562.93
2562.14
2562.66
2562.47
2562.77
2562
2562.87
2563
2563.4
2562.68
2563.21
2563.03
2563.24
2562.6
2563.46
2563.57
2563.87
2563.29
2563.85
2563.7
2563.87
2563.4
2564.21
2564.3
2564.52
2564.08
2564.58
2564.46
2564.59
2564.26
2564.92
2564.96
2565.13
2564.84
2565.2
2565.14
2565.24
2565.05
2565.44
2565.48
2565.6
2565.48
2565.63
2565.6
2565.65
2565.63
2565.6
2565.58
2565.56
2565.6
2565.4
2565.48
2564.95
2565.79
4.3908
196.117
1353.81
1890.02
1989.3
2007.9
2033.76
2070.69
2113.69
2159.48
2207.24
2255.85
2304.98
2353.55
2401.27
2446.71
2489.39
2527.97
2562.79
2592.81
2618.71
2640.07
2658.22
2672.77
2684.95
2694.28
2702.49
2708.63
2713.89
2717.5
2720.95
2723.2
2725.38
2726.29
2728.05
2728.86
2729.89
2729.84
2730.68
2730.74
2731.21
2730.58
2731.42
2731.46
2731.89
2731.19
2731.74
2731.47
2731.75
2730.81
2731.61
2731.59
2731.97
2731.11
2731.67
2731.4
2731.72
2730.74
2731.62
2731.64
2732.07
2731.19
2731.78
2731.55
2731.89
2730.94
2731.86
2731.93
2732.38
2731.51
2732.1
2731.89
2732.23
2731.39
2732.38
2732.52
2732.95
2732.16
2732.76
2732.56
2732.81
2732.12
2733.08
2733.2
2733.53
2732.89
2733.53
2733.36
2733.56
2733.06
2733.97
2734.06
2734.31
2733.82
2734.4
2734.26
2734.42
2734.06
2734.8
2734.85
2735.04
2734.72
2735.14
2735.07
2735.2
2735.01
2735.44
2735.49
2735.63
2735.51
2735.68
2735.66
2735.72
2735.71
2735.69
2735.68
2735.67
2735.72
2735.5
2735.6
2735.02
2735.97
6.09638
262.144
1506.3
2029.35
2126.26
2150.69
2183.86
2227.4
2276.12
2326.96
2379.37
2432.26
2485.34
2537.46
2588.31
2636.33
2681.06
2721.15
2757.06
2787.77
2814.1
2835.65
2853.89
2868.4
2880.51
2889.69
2897.8
2903.78
2908.92
2912.37
2915.72
2917.83
2919.93
2920.69
2922.43
2923.15
2924.14
2923.99
2924.83
2924.83
2925.29
2924.57
2925.46
2925.46
2925.91
2925.14
2925.72
2925.42
2925.72
2924.69
2925.57
2925.54
2925.94
2925
2925.62
2925.32
2925.68
2924.61
2925.58
2925.61
2926.07
2925.11
2925.76
2925.51
2925.9
2924.86
2925.89
2925.96
2926.45
2925.5
2926.16
2925.94
2926.32
2925.42
2926.52
2926.67
2927.14
2926.28
2926.95
2926.74
2927.02
2926.28
2927.36
2927.48
2927.85
2927.16
2927.88
2927.69
2927.93
2927.39
2928.41
2928.5
2928.78
2928.26
2928.9
2928.75
2928.94
2928.56
2929.39
2929.45
2929.66
2929.32
2929.79
2929.73
2929.88
2929.68
2930.18
2930.24
2930.39
2930.28
2930.48
2930.47
2930.54
2930.54
2930.52
2930.53
2930.52
2930.59
2930.35
2930.47
2929.83
2930.91
9.11361
332.758
1648.22
2174.53
2278.63
2312.78
2355.23
2406.77
2462.37
2519.32
2577.37
2635.48
2693.4
2749.9
2804.64
2855.95
2903.36
2945.51
2983
3014.83
3041.95
3064
3082.58
3097.26
3109.47
3118.65
3126.77
3132.69
3137.78
3141.12
3144.42
3146.43
3148.48
3149.11
3150.84
3151.49
3152.46
3152.2
3153.05
3152.99
3153.45
3152.63
3153.57
3153.55
3154.01
3153.16
3153.79
3153.45
3153.77
3152.64
3153.61
3153.57
3154
3152.97
3153.65
3153.33
3153.72
3152.56
3153.63
3153.66
3154.16
3153.11
3153.83
3153.56
3153.99
3152.87
3154.01
3154.09
3154.62
3153.59
3154.33
3154.08
3154.52
3153.55
3154.77
3154.93
3155.45
3154.52
3155.27
3155.04
3155.36
3154.57
3155.77
3155.91
3156.31
3155.57
3156.37
3156.17
3156.44
3155.88
3157.01
3157.11
3157.42
3156.86
3157.58
3157.43
3157.64
3157.25
3158.17
3158.24
3158.48
3158.12
3158.65
3158.59
3158.77
3158.57
3159.13
3159.21
3159.39
3159.27
3159.51
3159.51
3159.6
3159.61
3159.61
3159.63
3159.63
3159.71
3159.46
3159.6
3158.9
3160.08
14.7419
406.037
1785.82
2333.9
2454.01
2501.58
2555.46
2616.66
2680.63
2745.1
2810.11
2874.7
2938.66
3000.69
3060.4
3115.98
3166.98
3211.98
3251.77
3285.32
3313.76
3336.74
3356.03
3371.18
3383.75
3393.12
3401.41
3407.39
3412.55
3415.85
3419.16
3421.12
3423.15
3423.69
3425.44
3426.03
3426.99
3426.65
3427.51
3427.39
3427.85
3426.93
3427.94
3427.9
3428.38
3427.44
3428.11
3427.73
3428.07
3426.84
3427.89
3427.85
3428.32
3427.2
3427.93
3427.58
3428
3426.76
3427.93
3427.96
3428.5
3427.37
3428.16
3427.87
3428.34
3427.14
3428.39
3428.48
3429.06
3427.94
3428.76
3428.5
3428.99
3427.95
3429.3
3429.48
3430.05
3429.05
3429.88
3429.63
3430
3429.16
3430.48
3430.64
3431.1
3430.3
3431.19
3430.99
3431.29
3430.7
3431.95
3432.08
3432.41
3431.82
3432.62
3432.46
3432.72
3432.31
3433.33
3433.42
3433.68
3433.32
3433.91
3433.86
3434.07
3433.87
3434.49
3434.59
3434.8
3434.69
3434.96
3434.98
3435.09
3435.13
3435.13
3435.17
3435.18
3435.28
3435.02
3435.17
3434.41
3435.7
25.7463
481.974
1927.3
2517.12
2661.92
2726.8
2794.66
2867.68
2942.02
3015.86
3089.61
3162.4
3234.05
3303.17
3369.32
3430.54
3486.38
3535.37
3578.44
3614.57
3645.06
3669.58
3690.09
3706.13
3719.39
3729.21
3737.91
3744.13
3749.48
3752.86
3756.27
3758.24
3760.32
3760.79
3762.59
3763.16
3764.13
3763.7
3764.59
3764.42
3764.89
3763.86
3764.93
3764.88
3765.38
3764.35
3765.07
3764.65
3765.01
3763.67
3764.81
3764.77
3765.27
3764.05
3764.85
3764.47
3764.93
3763.58
3764.87
3764.9
3765.49
3764.26
3765.12
3764.81
3765.33
3764.04
3765.41
3765.52
3766.16
3764.95
3765.84
3765.58
3766.12
3765.01
3766.5
3766.71
3767.34
3766.26
3767.17
3766.92
3767.34
3766.45
3767.91
3768.1
3768.6
3767.75
3768.73
3768.53
3768.88
3768.26
3769.64
3769.79
3770.17
3769.55
3770.42
3770.28
3770.57
3770.15
3771.29
3771.39
3771.7
3771.32
3771.97
3771.94
3772.19
3771.99
3772.69
3772.82
3773.06
3772.96
3773.27
3773.31
3773.45
3773.5
3773.52
3773.58
3773.61
3773.73
3773.45
3773.62
3772.8
3774.18
47.8513
563.333
2083.17
2736.63
2915.47
3002.23
3087.36
3175.09
3262.47
3348.23
3433.16
3516.48
3598.08
3676.46
3751.1
3819.88
3882.31
3936.85
3984.57
4024.48
4058.03
4084.94
4107.37
4124.87
4139.29
4149.94
4159.34
4166.04
4171.79
4175.39
4179.02
4181.09
4183.29
4183.73
4185.64
4186.21
4187.23
4186.72
4187.64
4187.44
4187.92
4186.78
4187.93
4187.86
4188.4
4187.26
4188.03
4187.56
4187.95
4186.49
4187.73
4187.68
4188.22
4186.89
4187.76
4187.35
4187.85
4186.39
4187.79
4187.84
4188.49
4187.15
4188.08
4187.76
4188.33
4186.94
4188.44
4188.58
4189.28
4187.97
4188.95
4188.68
4189.28
4188.1
4189.74
4189.99
4190.69
4189.53
4190.53
4190.27
4190.74
4189.8
4191.42
4191.65
4192.21
4191.3
4192.39
4192.19
4192.59
4191.94
4193.47
4193.66
4194.09
4193.43
4194.4
4194.26
4194.6
4194.17
4195.43
4195.57
4195.92
4195.53
4196.26
4196.25
4196.54
4196.35
4197.13
4197.3
4197.58
4197.5
4197.85
4197.91
4198.09
4198.16
4198.2
4198.28
4198.33
4198.47
4198.18
4198.37
4197.47
4198.95
92.3414
657
2267.88
3010.46
3234.45
3348.98
3455.88
3562.35
3666.53
3767.78
3867.32
3964.47
4059.21
4149.9
4235.94
4314.99
4386.49
4448.8
4503.14
4548.51
4586.56
4617.04
4642.38
4662.15
4678.39
4690.4
4700.93
4708.45
4714.87
4718.9
4722.92
4725.22
4727.63
4728.12
4730.19
4730.8
4731.91
4731.34
4732.32
4732.08
4732.59
4731.33
4732.57
4732.48
4733.07
4731.81
4732.65
4732.12
4732.53
4730.93
4732.28
4732.23
4732.82
4731.36
4732.31
4731.86
4732.4
4730.81
4732.36
4732.42
4733.13
4731.67
4732.69
4732.35
4732.98
4731.47
4733.13
4733.3
4734.08
4732.66
4733.74
4733.45
4734.13
4732.86
4734.67
4734.99
4735.77
4734.52
4735.62
4735.36
4735.89
4734.89
4736.69
4736.97
4737.61
4736.63
4737.84
4737.65
4738.12
4737.44
4739.14
4739.38
4739.87
4739.17
4740.25
4740.13
4740.52
4740.08
4741.49
4741.68
4742.08
4741.68
4742.5
4742.51
4742.85
4742.68
4743.56
4743.77
4744.1
4744.04
4744.45
4744.54
4744.75
4744.86
4744.91
4745.02
4745.1
4745.27
4744.95
4745.18
4744.18
4745.77
180.863
777.028
2503.87
3368.03
3651.93
3802.46
3937.65
4068.77
4195.28
4317.25
4436.42
4552.27
4664.84
4772.35
4874.08
4967.41
5051.66
5125.02
5188.88
5242.19
5286.85
5322.66
5352.38
5375.59
5394.64
5408.76
5421.07
5429.91
5437.4
5442.16
5446.82
5449.52
5452.3
5452.92
5455.25
5455.98
5457.23
5456.6
5457.69
5457.41
5457.97
5456.56
5457.93
5457.83
5458.48
5457.08
5457.98
5457.39
5457.84
5456.05
5457.55
5457.5
5458.15
5456.53
5457.56
5457.06
5457.67
5455.91
5457.62
5457.72
5458.51
5456.89
5458.02
5457.65
5458.36
5456.7
5458.55
5458.77
5459.65
5458.09
5459.28
5458.99
5459.76
5458.38
5460.41
5460.8
5461.69
5460.32
5461.54
5461.29
5461.9
5460.82
5462.83
5463.2
5463.93
5462.87
5464.23
5464.05
5464.59
5463.88
5465.8
5466.11
5466.68
5465.93
5467.14
5467.04
5467.5
5467.05
5468.64
5468.89
5469.37
5468.95
5469.88
5469.93
5470.34
5470.18
5471.18
5471.45
5471.85
5471.81
5472.28
5472.42
5472.67
5472.82
5472.9
5473.05
5473.16
5473.36
5473.02
5473.28
5472.17
5473.89
356.496
952.724
2831.73
3863.98
4229.6
4428.8
4602.5
4767.57
4925.11
5076.07
5222.82
5365.02
5502.85
5634.3
5758.52
5872.45
5975.26
6064.85
6142.79
6207.97
6262.57
6306.48
6342.87
6371.41
6394.79
6412.24
6427.32
6438.25
6447.46
6453.41
6459.1
6462.49
6465.88
6466.76
6469.52
6470.46
6471.94
6471.28
6472.52
6472.23
6472.86
6471.27
6472.8
6472.71
6473.43
6471.84
6472.84
6472.17
6472.66
6470.63
6472.31
6472.26
6473
6471.16
6472.31
6471.75
6472.44
6470.45
6472.39
6472.52
6473.42
6471.6
6472.86
6472.46
6473.27
6471.41
6473.5
6473.79
6474.81
6473.07
6474.41
6474.11
6474.99
6473.46
6475.77
6476.27
6477.3
6475.79
6477.17
6476.92
6477.63
6476.46
6478.76
6479.23
6480.08
6478.93
6480.47
6480.32
6480.96
6480.21
6482.4
6482.82
6483.49
6482.67
6484.06
6484
6484.55
6484.09
6485.9
6486.25
6486.82
6486.39
6487.46
6487.56
6488.05
6487.91
6489.07
6489.43
6489.92
6489.91
6490.47
6490.66
6490.98
6491.18
6491.29
6491.48
6491.64
6491.89
6491.52
6491.81
6490.55
6492.43
715.639
1253.13
3339.36
4616.98
5101.2
5370.99
5601.15
5816.52
6020.44
6214.93
6403.28
6585.39
6761.58
6929.55
7088.24
7233.96
7365.56
7480.5
7580.56
7664.51
7734.91
7791.75
7838.86
7875.99
7906.39
7929.27
7948.89
7963.29
7975.32
7983.27
7990.67
7995.24
7999.67
8001.04
8004.51
8005.82
8007.7
8007.03
8008.53
8008.23
8009
8007.15
8008.94
8008.85
8009.71
8007.84
8008.98
8008.19
8008.74
8006.37
8008.29
8008.25
8009.11
8006.96
8008.28
8007.64
8008.44
8006.13
8008.37
8008.55
8009.62
8007.51
8008.96
8008.52
8009.47
8007.32
8009.76
8010.15
8011.36
8009.36
8010.91
8010.61
8011.65
8009.91
8012.62
8013.28
8014.51
8012.79
8014.4
8014.16
8015.02
8013.7
8016.4
8017.04
8018.08
8016.79
8018.59
8018.48
8019.26
8018.45
8021.03
8021.61
8022.43
8021.53
8023.17
8023.16
8023.83
8023.36
8025.51
8025.99
8026.69
8026.25
8027.52
8027.7
8028.31
8028.21
8029.59
8030.07
8030.69
8030.73
8031.41
8031.68
8032.1
8032.38
8032.53
8032.79
8033.01
8033.34
8032.92
8033.27
8031.79
8033.91
1519.87
1876.28
4269.21
5950.15
6628.58
7014.65
7339.11
7639.45
7922.29
8191.25
8451.04
8701.9
8944.41
9175.73
9394.41
9595.69
9777.83
9937.47
10076.7
10194
10292.5
10372.5
10438.8
10491.4
10534.5
10567.2
10595.1
10615.8
10633
10644.6
10655.2
10662
10668.3
10670.6
10675.4
10677.4
10680
10679.4
10681.4
10681.1
10682.1
10679.9
10682.1
10682
10683.1
10680.8
10682.1
10681.2
10681.8
10678.9
10681.2
10681.2
10682.3
10679.6
10681.2
10680.4
10681.4
10678.5
10681.3
10681.6
10682.9
10680.3
10682
10681.5
10682.7
10680.1
10683.1
10683.7
10685.2
10682.8
10684.7
10684.4
10685.7
10683.6
10687
10687.9
10689.5
10687.4
10689.4
10689.2
10690.3
10688.7
10692.1
10693
10694.4
10692.8
10695.1
10695
10696.1
10695.1
10698.4
10699.2
10700.3
10699.3
10701.3
10701.4
10702.3
10701.8
10704.5
10705.2
10706.2
10705.7
10707.3
10707.6
10708.4
10708.4
10710.1
10710.8
10711.7
10711.8
10712.7
10713.1
10713.6
10714.1
10714.3
10714.7
10715
10715.4
10715
10715.4
10713.6
10716.1
3734.29
3577.25
6612.73
9160.89
10253.3
10890.4
11422.3
11911.9
12371.9
12808.9
13230.6
13637.8
14031.5
14407.7
14763.8
15092.7
15391.1
15653.8
15883.4
16077.8
16241.6
16375.4
16486.3
16574.9
16647.4
16703.2
16750.2
16785.7
16814.9
16835.2
16853.1
16865.1
16875.9
16880.6
16888.4
16892.1
16896.5
16896
16899
16898.9
16900.5
16897.3
16900.5
16900.5
16902.1
16898.8
16900.6
16899.3
16900.1
16895.9
16899.1
16899.2
16900.7
16896.9
16899
16898
16899.3
16895.3
16899.1
16899.7
16901.6
16897.9
16900.3
16899.7
16901.4
16897.7
16902
16903
16905.2
16901.8
16904.5
16904.2
16906.1
16903.2
16908.1
16909.7
16912
16909.2
16912
16911.9
16913.5
16911.4
16916.3
16917.9
16919.9
16917.9
16921.1
16921.3
16922.8
16921.7
16926.4
16927.9
16929.5
16928.2
16931.2
16931.5
16932.9
16932.3
16936.3
16937.5
16939
16938.5
16940.8
16941.5
16942.8
16942.9
16945.5
16946.7
16948
16948.3
16949.7
16950.4
16951.3
16952
16952.4
16953.1
16953.6
16954.4
16953.8
16954.5
16951.8
16955.4
11573.9
10743.5
18846.1
25379.1
28294.7
30048.4
31522.3
32882.1
34161.7
35380.4
36557.9
37697.2
38800
39856.2
40857.9
41786
42630.1
43376.2
44029.4
44584.8
45053.5
45438
45757
46013.3
46222.7
46385.2
46521.1
46625
46709.8
46770.2
46822.3
46858.2
46889.4
46904.7
46926.6
46938.3
46950.4
46950.5
46958.6
46958.9
46962.9
46955.6
46963.3
46963.8
46967.6
46959.5
46963.7
46960.4
46962.2
46951.8
46959.6
46960
46963.4
46954.1
46959
46956.6
46959.7
46949.9
46959.3
46961.1
46965.7
46956.8
46962.5
46961.3
46965.3
46956.6
46967.2
46970.2
46975.7
46967.7
46974.1
46973.8
46978.5
46972
46984.2
46988.8
46994.7
46988.2
46995.1
46995.3
46999.5
46995.1
47007.3
47012
47017.2
47012.8
47020.9
47021.9
47026
47023.8
47035.8
47040.2
47044.6
47041.8
47049.3
47050.7
47054.4
47053.7
47063.7
47067.6
47071.5
47070.8
47076.9
47079.1
47082.5
47083.3
47090.1
47093.7
47097.3
47098.7
47102.3
47104.7
47107.2
47109.5
47110.7
47112.8
47114.5
47116.7
47115.2
47117.3
47110.4
47119.8
)
;

boundaryField
{
    lowerWall
    {
        type            epsilonWallFunction;
        value           nonuniform List<scalar> 
122
(
11509.2
10623.9
18543.5
25126.3
28051
29798.7
31271.2
32634.9
33920.1
35145.1
36333.7
37483.6
38593.8
39655.8
40663.2
41594.9
42437.4
43179.2
43833.5
44388
44850.7
45229.6
45546.9
45801.9
46005.4
46160.9
46300.9
46406.7
46486.8
46543.4
46596.8
46634.2
46660.5
46668
46698.3
46714.3
46722
46717.5
46728.8
46732
46730.3
46713.4
46732.1
46738.5
46737.5
46723.1
46732
46733
46727.6
46705.8
46726
46733.5
46731.6
46714.5
46725.4
46727.6
46723
46700.6
46723.9
46734
46732.5
46714.7
46726.5
46728.6
46725.1
46705.2
46731
46742.3
46741.5
46723.5
46736.1
46738.3
46735.1
46719
46746.9
46758.9
46758.4
46743.9
46758
46759.8
46756.2
46743.7
46770.5
46780.8
46779.7
46768.4
46784.3
46786
46783.1
46774.7
46799.5
46808.1
46806.7
46798.5
46812
46813.9
46812.3
46806.8
46827.1
46833.4
46833.3
46828.7
46838.9
46841.7
46842
46839.8
46852.2
46857.4
46859.2
46858.8
46863.9
46866.8
46869
46870.6
46871.2
46873.6
46876.9
46880
46876.7
46878.1
46878.1
46884.4
)
;
    }
    upperWall
    {
        type            epsilonWallFunction;
        value           nonuniform List<scalar> 
122
(
11573.9
10743.5
18846.1
25379.1
28294.7
30048.4
31522.3
32882.1
34161.7
35380.4
36557.9
37697.2
38800
39856.2
40857.9
41786
42630.1
43376.2
44029.4
44584.8
45053.5
45438
45757
46013.3
46222.7
46385.2
46521.1
46625
46709.8
46770.2
46822.3
46858.2
46889.4
46904.7
46926.6
46938.3
46950.4
46950.5
46958.6
46958.9
46962.9
46955.6
46963.3
46963.8
46967.6
46959.5
46963.7
46960.4
46962.2
46951.8
46959.6
46960
46963.4
46954.1
46959
46956.6
46959.7
46949.9
46959.3
46961.1
46965.7
46956.8
46962.5
46961.3
46965.3
46956.6
46967.2
46970.2
46975.7
46967.7
46974.1
46973.8
46978.5
46972
46984.2
46988.8
46994.7
46988.2
46995.1
46995.3
46999.5
46995.1
47007.3
47012
47017.2
47012.8
47020.9
47021.9
47026
47023.8
47035.8
47040.2
47044.6
47041.8
47049.3
47050.7
47054.4
47053.7
47063.7
47067.6
47071.5
47070.8
47076.9
47079.1
47082.5
47083.3
47090.1
47093.7
47097.3
47098.7
47102.3
47104.7
47107.2
47109.5
47110.7
47112.8
47114.5
47116.7
47115.2
47117.3
47110.4
47119.8
)
;
    }
    inlet
    {
        type            turbulentMixingLengthDissipationRateInlet;
        mixingLength    0.07;
        phi             phi;
        k               k;
        value           uniform 2.0504;
    }
    outlet
    {
        type            zeroGradient;
    }
    frontAndBack
    {
        type            empty;
    }
}


// ************************************************************************* //
