/*--------------------------------*- C++ -*----------------------------------*\
  =========                 |
  \\      /  F ield         | OpenFOAM: The Open Source CFD Toolbox
   \\    /   O peration     | Website:  https://openfoam.org
    \\  /    A nd           | Version:  8
     \\/     M anipulation  |
\*---------------------------------------------------------------------------*/
FoamFile
{
    version     2.0;
    format      ascii;
    class       volScalarField;
    location    "100";
    object      k;
}
// * * * * * * * * * * * * * * * * * * * * * * * * * * * * * * * * * * * * * //

dimensions      [0 2 -2 0 0 0 0];

internalField   nonuniform List<scalar> 
7320
(
6.04289
5.69865
8.18353
10.0612
10.8529
11.3122
11.6902
12.0342
12.3537
12.6543
12.9424
13.2181
13.4817
13.7316
13.9669
14.1832
14.3778
14.5484
14.6984
14.8252
14.9309
15.0174
15.0897
15.1479
15.1944
15.23
15.2619
15.2862
15.3046
15.3177
15.33
15.3386
15.3448
15.3468
15.3536
15.3573
15.3592
15.3583
15.3609
15.3616
15.3613
15.3577
15.3618
15.3632
15.363
15.3599
15.3618
15.362
15.3609
15.3562
15.3605
15.3622
15.3618
15.3581
15.3604
15.3609
15.3599
15.355
15.36
15.3622
15.3619
15.3581
15.3606
15.3611
15.3603
15.356
15.3616
15.364
15.3638
15.36
15.3627
15.3632
15.3625
15.359
15.365
15.3676
15.3675
15.3644
15.3674
15.3678
15.367
15.3644
15.3701
15.3724
15.3721
15.3697
15.3731
15.3735
15.3729
15.3711
15.3764
15.3783
15.378
15.3762
15.3791
15.3796
15.3792
15.3781
15.3824
15.3838
15.3838
15.3828
15.385
15.3856
15.3857
15.3852
15.3879
15.389
15.3894
15.3893
15.3904
15.3911
15.3915
15.3919
15.392
15.3925
15.3933
15.3939
15.3932
15.3935
15.3935
15.3949
4.80049
6.16183
14.1362
18.9852
20.921
21.9775
22.8132
23.556
24.2359
24.8678
25.4689
26.0388
26.5802
27.0906
27.57
28.0082
28.401
28.7442
29.0472
29.3016
29.5131
29.6854
29.8309
29.9467
30.0392
30.1091
30.175
30.2232
30.2596
30.2847
30.3102
30.327
30.3388
30.3409
30.3574
30.3648
30.3682
30.3649
30.3715
30.3726
30.3714
30.3619
30.3736
30.3766
30.3759
30.3676
30.3734
30.3735
30.3703
30.3583
30.3709
30.3745
30.3732
30.3635
30.3703
30.3709
30.368
30.3556
30.3697
30.3746
30.3733
30.3631
30.3704
30.3709
30.3685
30.3572
30.3725
30.3778
30.3767
30.3663
30.3739
30.3744
30.3721
30.3627
30.3789
30.3844
30.3834
30.3748
30.383
30.3831
30.3805
30.3731
30.3884
30.3929
30.3917
30.3849
30.3938
30.3938
30.3916
30.3864
30.4004
30.404
30.4026
30.3975
30.4051
30.4053
30.4039
30.4002
30.4116
30.414
30.4133
30.4103
30.4158
30.4165
30.4161
30.4143
30.4211
30.4231
30.4235
30.4227
30.4253
30.4262
30.4269
30.4273
30.4272
30.4282
30.4296
30.4308
30.4288
30.4293
30.4301
30.432
3.55457
6.55343
17.9867
24.26
26.7277
28.0681
29.1285
30.0713
30.9346
31.7367
32.4998
33.2233
33.9103
34.558
35.1663
35.7221
36.2203
36.6552
37.0397
37.3621
37.6301
37.8483
38.0329
38.1795
38.2966
38.3849
38.4688
38.5298
38.5758
38.6074
38.64
38.6612
38.676
38.6784
38.6998
38.7091
38.7134
38.7089
38.7177
38.719
38.7174
38.705
38.7204
38.7242
38.7232
38.7124
38.7201
38.7201
38.716
38.7004
38.717
38.7216
38.7198
38.7071
38.7162
38.7169
38.7131
38.6969
38.7155
38.7217
38.72
38.7066
38.7163
38.7168
38.7136
38.6989
38.7189
38.7257
38.7242
38.7107
38.7207
38.7211
38.7181
38.7059
38.727
38.7339
38.7326
38.7214
38.7321
38.7321
38.7287
38.719
38.7391
38.7447
38.743
38.7341
38.7458
38.7456
38.7427
38.7359
38.7542
38.7587
38.7568
38.7501
38.7601
38.7602
38.7582
38.7534
38.7682
38.7713
38.7703
38.7662
38.7735
38.7743
38.7737
38.7713
38.7802
38.7826
38.7831
38.782
38.7853
38.7865
38.7874
38.7877
38.7877
38.7888
38.7907
38.7921
38.7895
38.7902
38.7913
38.7937
2.70984
7.05029
20.9362
28.2174
31.0596
32.5994
33.8193
34.9054
35.9006
36.8257
37.7063
38.5414
39.3347
40.0827
40.7856
41.4279
42.004
42.5071
42.9522
43.3254
43.6359
43.8887
44.1027
44.2727
44.4085
44.5111
44.6086
44.6794
44.7329
44.7696
44.8077
44.8324
44.8496
44.8524
44.8776
44.8885
44.8934
44.8883
44.8986
44.9001
44.8982
44.8838
44.9019
44.9064
44.9051
44.8925
44.9017
44.9016
44.8968
44.8786
44.8981
44.9034
44.9013
44.8865
44.8971
44.8979
44.8934
44.8745
44.8964
44.9035
44.9014
44.8859
44.8972
44.8977
44.894
44.8768
44.9003
44.9081
44.9063
44.8904
44.9022
44.9027
44.899
44.8847
44.9096
44.9175
44.9158
44.9027
44.9154
44.9153
44.9112
44.8998
44.9233
44.9298
44.9277
44.9173
44.9311
44.9307
44.9272
44.9192
44.9406
44.9458
44.9436
44.9357
44.9474
44.9474
44.9451
44.9394
44.9568
44.9602
44.9591
44.9542
44.9627
44.9636
44.9629
44.96
44.9703
44.9732
44.9737
44.9723
44.9762
44.9775
44.9785
44.9789
44.9788
44.9801
44.9823
44.984
44.9809
44.9817
44.983
44.9859
2.07376
7.52466
23.4262
31.564
34.7263
36.435
37.7897
38.9971
40.1045
41.1345
42.1154
43.0459
43.9303
44.7646
45.5493
46.2668
46.911
47.4743
47.9731
48.3917
48.7403
49.0245
49.2653
49.4567
49.6098
49.7256
49.8358
49.9159
49.9765
50.0182
50.0614
50.0895
50.1091
50.1127
50.1413
50.1536
50.1593
50.1537
50.1655
50.1673
50.1652
50.1492
50.1697
50.1746
50.1732
50.1591
50.1695
50.1694
50.164
50.1436
50.1656
50.1714
50.169
50.1524
50.1645
50.1653
50.1602
50.139
50.1637
50.1715
50.1692
50.1517
50.1645
50.165
50.1608
50.1415
50.1679
50.1765
50.1745
50.1567
50.17
50.1704
50.1662
50.1502
50.1781
50.1869
50.1849
50.1702
50.1844
50.1842
50.1796
50.1668
50.1932
50.2004
50.1979
50.1862
50.2017
50.2012
50.1972
50.1882
50.2123
50.2179
50.2154
50.2066
50.2197
50.2196
50.2169
50.2106
50.23
50.2338
50.2324
50.227
50.2365
50.2375
50.2366
50.2333
50.2449
50.248
50.2486
50.2469
50.2513
50.2527
50.2538
50.2542
50.2541
50.2555
50.2579
50.2597
50.2563
50.2572
50.2587
50.2619
1.59721
7.91303
25.6059
34.5457
38.0127
39.8801
41.3597
42.6795
43.8909
45.0183
46.0924
47.1117
48.0809
48.996
49.8576
50.6465
51.3557
51.977
52.5281
52.9913
53.3776
53.6931
53.9608
54.1739
54.3446
54.4741
54.5973
54.687
54.755
54.8021
54.8508
54.8826
54.9049
54.9095
54.9416
54.9556
54.9621
54.9564
54.9696
54.9717
54.9696
54.9522
54.9748
54.9803
54.9787
54.9633
54.9748
54.9747
54.9688
54.9464
54.9707
54.9771
54.9744
54.9561
54.9694
54.9702
54.9647
54.9414
54.9686
54.9771
54.9745
54.9553
54.9694
54.9699
54.9651
54.944
54.973
54.9824
54.9801
54.9605
54.9752
54.9756
54.9709
54.9533
54.9839
54.9934
54.9912
54.975
54.9907
54.9904
54.9853
54.9711
55.0001
55.0079
55.0052
54.9923
55.0093
55.0086
55.0042
54.9942
55.0207
55.0268
55.024
55.0143
55.0287
55.0285
55.0255
55.0184
55.0398
55.0438
55.0423
55.0363
55.0467
55.0477
55.0466
55.043
55.0557
55.059
55.0596
55.0577
55.0626
55.064
55.0652
55.0655
55.0654
55.0669
55.0694
55.0715
55.0677
55.0687
55.0703
55.0739
1.25994
8.17351
27.523
37.2643
41.043
43.07
44.6725
46.1022
47.4153
48.6378
49.803
50.9091
51.9615
52.956
53.8936
54.7537
55.5285
56.2088
56.8134
57.3227
57.7484
58.0968
58.3929
58.6292
58.8189
58.9634
59.1006
59.2008
59.2772
59.3304
59.3851
59.4211
59.4466
59.4527
59.4885
59.5043
59.5119
59.5062
59.5209
59.5235
59.5215
59.5028
59.5276
59.5335
59.5319
59.5154
59.5278
59.5277
59.5213
59.4973
59.5236
59.5304
59.5275
59.5078
59.5221
59.523
59.5169
59.4918
59.5212
59.5303
59.5275
59.5068
59.522
59.5225
59.5173
59.4944
59.5258
59.5359
59.5333
59.5122
59.528
59.5284
59.5233
59.5041
59.5372
59.5474
59.545
59.5275
59.5444
59.544
59.5384
59.5231
59.5544
59.5627
59.5597
59.5457
59.5641
59.5633
59.5584
59.5476
59.5761
59.5827
59.5796
59.5691
59.5846
59.5844
59.581
59.5734
59.5964
59.6007
59.599
59.5925
59.6037
59.6047
59.6035
59.5995
59.6132
59.6167
59.6173
59.6152
59.6204
59.6219
59.6231
59.6234
59.6233
59.6249
59.6276
59.6297
59.6256
59.6267
59.6285
59.6324
1.04364
8.2711
29.1758
39.7587
43.8744
46.0703
47.799
49.3401
50.7561
52.0748
53.3318
54.5254
55.6619
56.737
57.7522
58.6854
59.5282
60.2703
60.9313
61.4898
61.9578
62.342
62.669
62.9308
63.1414
63.3028
63.4554
63.5675
63.6533
63.7138
63.7752
63.8161
63.8454
63.8536
63.8932
63.9112
63.9203
63.9149
63.9312
63.9344
63.9325
63.9129
63.9396
63.9462
63.9445
63.9269
63.9403
63.9403
63.9334
63.9078
63.9359
63.9432
63.9401
63.919
63.9344
63.9353
63.9287
63.9019
63.9333
63.9431
63.9399
63.9178
63.9341
63.9346
63.929
63.9045
63.938
63.9487
63.9459
63.9233
63.9402
63.9406
63.935
63.9146
63.9498
63.9607
63.958
63.9393
63.9573
63.9569
63.9508
63.9344
63.9677
63.9766
63.9733
63.9584
63.9779
63.977
63.9718
63.9601
63.9906
63.9975
63.9942
63.9829
63.9995
63.9991
63.9955
63.9873
64.0118
64.0164
64.0145
64.0075
64.0195
64.0204
64.0191
64.0148
64.0294
64.0331
64.0336
64.0314
64.0368
64.0384
64.0396
64.0399
64.0397
64.0414
64.0442
64.0464
64.042
64.0431
64.0452
64.0492
0.921512
8.17557
30.5304
42.0322
46.5279
48.91
50.7724
52.4296
53.9521
55.3703
56.7219
58.0057
59.2287
60.3871
61.4827
62.4924
63.4069
64.2149
64.9364
65.548
66.0621
66.4857
66.8468
67.1369
67.3711
67.5517
67.7214
67.8471
67.9437
68.0126
68.0818
68.1284
68.1622
68.1732
68.217
68.2376
68.2484
68.2436
68.2617
68.2657
68.2642
68.2438
68.2723
68.2795
68.278
68.2595
68.2737
68.2737
68.2665
68.2394
68.2692
68.277
68.2736
68.2514
68.2676
68.2685
68.2615
68.2331
68.2663
68.2767
68.2733
68.2499
68.2671
68.2675
68.2615
68.2357
68.271
68.2823
68.2793
68.2555
68.2732
68.2736
68.2677
68.246
68.2832
68.2946
68.2918
68.2719
68.2909
68.2904
68.2839
68.2665
68.3017
68.311
68.3075
68.2917
68.3123
68.3113
68.3057
68.2933
68.3254
68.3327
68.3292
68.3173
68.3347
68.3343
68.3305
68.3217
68.3475
68.3523
68.3503
68.3428
68.3555
68.3564
68.355
68.3504
68.3657
68.3696
68.3701
68.3676
68.3734
68.375
68.3762
68.3765
68.3762
68.3779
68.3808
68.3832
68.3785
68.3797
68.3819
68.3859
0.861715
7.86458
31.5261
44.0604
48.9996
51.5944
53.6025
55.3831
57.0179
58.5403
59.9906
61.3684
62.6817
63.927
65.1069
66.1972
67.188
68.0666
68.8533
69.5228
70.0876
70.5547
70.9535
71.2753
71.536
71.7382
71.9273
72.0684
72.1776
72.2563
72.3343
72.3876
72.4266
72.4412
72.4896
72.5134
72.5263
72.5225
72.5424
72.5475
72.5464
72.5256
72.5558
72.5638
72.5624
72.5431
72.5581
72.5582
72.5506
72.5223
72.5535
72.5618
72.5583
72.535
72.5519
72.5528
72.5454
72.5157
72.5504
72.5613
72.5578
72.5333
72.5511
72.5516
72.5452
72.5181
72.555
72.5669
72.5638
72.5388
72.5572
72.5576
72.5513
72.5286
72.5674
72.5794
72.5764
72.5556
72.5753
72.5748
72.568
72.5497
72.5863
72.5962
72.5925
72.5759
72.5973
72.5964
72.5904
72.5774
72.6108
72.6186
72.6149
72.6024
72.6205
72.6202
72.6161
72.6068
72.6337
72.6388
72.6367
72.6288
72.642
72.643
72.6414
72.6365
72.6525
72.6565
72.657
72.6544
72.6604
72.662
72.6632
72.6634
72.6632
72.6649
72.6678
72.6702
72.6654
72.6665
72.669
72.6729
0.83711
7.32973
32.0791
45.7932
51.2647
54.1099
56.2808
58.195
59.9496
61.5824
63.1366
64.6131
66.021
67.3576
68.6262
69.8018
70.8738
71.8282
72.6851
73.4176
74.0379
74.5531
74.9937
75.3508
75.6413
75.8681
76.0786
76.2374
76.3609
76.4511
76.539
76.6002
76.6455
76.6645
76.7178
76.7453
76.7608
76.7585
76.7804
76.7868
76.7864
76.7654
76.7972
76.806
76.8049
76.7851
76.8007
76.8009
76.7931
76.7637
76.796
76.8048
76.8013
76.777
76.7944
76.7953
76.7876
76.7568
76.7926
76.8041
76.8005
76.775
76.7933
76.7938
76.7872
76.759
76.7971
76.8096
76.8063
76.7804
76.7993
76.7997
76.7932
76.7695
76.8095
76.8222
76.8191
76.7975
76.8178
76.8173
76.8101
76.7911
76.8289
76.8393
76.8355
76.8183
76.8403
76.8393
76.8332
76.8196
76.8541
76.8623
76.8585
76.8455
76.8641
76.8638
76.8595
76.8499
76.8777
76.8831
76.8809
76.8727
76.8862
76.8872
76.8855
76.8804
76.8969
76.9011
76.9016
76.8989
76.905
76.9067
76.9079
76.908
76.9077
76.9094
76.9125
76.9149
76.9099
76.911
76.9136
76.9173
0.83007
6.58357
32.0869
47.1533
53.2771
56.4253
58.7828
60.8439
62.7278
64.4785
66.1428
67.7234
69.2308
70.6633
72.025
73.2906
74.4488
75.4843
76.4167
77.2175
77.8984
78.4663
78.9529
79.3492
79.6727
79.9272
80.1617
80.3403
80.4802
80.5835
80.6827
80.753
80.8055
80.83
80.8887
80.9205
80.9391
80.9388
80.9629
80.9708
80.9714
80.9506
80.9837
80.9935
80.9928
80.9727
80.9887
80.9892
80.9811
80.951
80.9841
80.9934
80.9899
80.9649
80.9825
80.9835
80.9755
80.9438
80.9803
80.9924
80.9888
80.9626
80.9811
80.9817
80.9747
80.9458
80.9846
80.9977
80.9944
80.9677
80.9869
80.9874
80.9806
80.9563
80.9971
81.0104
81.0073
80.9851
81.0056
81.0052
80.9978
80.9783
81.0168
81.0277
81.0239
81.0062
81.0286
81.0277
81.0213
81.0074
81.0425
81.0512
81.0474
81.034
81.053
81.0528
81.0484
81.0385
81.0668
81.0725
81.0703
81.0618
81.0756
81.0767
81.075
81.0697
81.0865
81.0909
81.0914
81.0886
81.0948
81.0965
81.0977
81.0978
81.0974
81.0992
81.1022
81.1047
81.0995
81.1006
81.1035
81.1067
0.831008
5.66601
31.4362
48.033
54.9668
58.4909
61.0677
63.2935
65.3184
67.196
68.9773
70.6678
72.2799
73.813
75.2722
76.6324
77.8816
79.0032
80.0159
80.89
81.6364
82.2618
82.7985
83.2378
83.598
83.8833
84.1442
84.3451
84.5033
84.6216
84.7335
84.8142
84.875
84.9061
84.9707
85.0074
85.0297
85.032
85.0584
85.0681
85.07
85.0498
85.084
85.095
85.0949
85.0747
85.091
85.0917
85.0835
85.053
85.0863
85.0963
85.0928
85.0674
85.085
85.086
85.0778
85.0456
85.0823
85.0949
85.0914
85.0648
85.0832
85.0839
85.0768
85.0474
85.0864
85.1
85.0968
85.0697
85.0887
85.0893
85.0825
85.0578
85.0989
85.1127
85.1097
85.0872
85.1076
85.1074
85.0999
85.08
85.1188
85.1302
85.1265
85.1086
85.1309
85.1303
85.1238
85.1096
85.145
85.1541
85.1504
85.1369
85.1559
85.1559
85.1514
85.1414
85.1699
85.1759
85.1738
85.1652
85.179
85.1803
85.1785
85.1732
85.1901
85.1947
85.1952
85.1924
85.1986
85.2004
85.2016
85.2017
85.2013
85.2029
85.206
85.2085
85.2033
85.2043
85.2073
85.2098
0.835187
4.64684
30.0194
48.2916
56.2356
60.2352
63.077
65.4913
67.6721
69.6872
71.5936
73.4004
75.1225
76.7607
78.3215
79.7803
81.1245
82.3366
83.4341
84.3861
85.2024
85.8897
86.4804
86.9664
87.3666
87.6858
87.9755
88.201
88.3797
88.5149
88.6408
88.7332
88.8036
88.8424
88.9132
88.9556
88.9824
88.9879
89.0167
89.0287
89.0321
89.0131
89.0481
89.0603
89.061
89.0411
89.0574
89.0584
89.0503
89.0197
89.0528
89.0634
89.0601
89.0346
89.0518
89.0529
89.0446
89.0122
89.0485
89.0617
89.0584
89.0316
89.0496
89.0504
89.0432
89.0137
89.0523
89.0665
89.0635
89.0363
89.0548
89.0556
89.0487
89.024
89.0648
89.0791
89.0764
89.0539
89.0738
89.0738
89.0663
89.0464
89.0849
89.0968
89.0934
89.0754
89.0975
89.0971
89.0906
89.0764
89.1116
89.1212
89.1177
89.1042
89.1229
89.1232
89.1188
89.1087
89.137
89.1435
89.1415
89.133
89.1466
89.148
89.1463
89.141
89.1578
89.1627
89.1633
89.1604
89.1666
89.1684
89.1697
89.1698
89.1693
89.171
89.1741
89.1765
89.1714
89.1722
89.1754
89.177
0.840363
3.62073
27.7596
47.7558
56.9518
61.5616
64.7319
67.3674
69.7235
71.8893
73.9299
75.8602
77.6976
79.4453
81.1113
82.672
84.1145
85.4204
86.6059
87.6394
88.5295
89.2823
89.9304
90.4665
90.9096
91.2657
91.5864
91.8387
92.0399
92.1939
92.3351
92.4407
92.5218
92.5695
92.6471
92.6958
92.7276
92.7371
92.7686
92.7831
92.7885
92.7712
92.8066
92.8203
92.8219
92.8028
92.8188
92.8202
92.8123
92.7821
92.8144
92.8255
92.8226
92.7974
92.8138
92.815
92.8066
92.7745
92.8098
92.8235
92.8205
92.794
92.8112
92.8121
92.805
92.7758
92.8134
92.828
92.8253
92.7984
92.8161
92.8171
92.8103
92.7859
92.8257
92.8406
92.8383
92.816
92.8352
92.8354
92.8281
92.8084
92.846
92.8585
92.8555
92.8378
92.8591
92.859
92.8528
92.8388
92.8731
92.8833
92.8801
92.8668
92.885
92.8856
92.8814
92.8715
92.8992
92.9062
92.9044
92.896
92.9093
92.911
92.9094
92.9042
92.9206
92.9258
92.9265
92.9238
92.9298
92.9317
92.933
92.9331
92.9327
92.9343
92.9373
92.9397
92.9348
92.9353
92.9388
92.9391
0.8455
2.69145
24.6472
46.2277
56.9439
62.3423
65.9299
68.8319
71.3895
73.7228
75.909
77.9706
79.9292
81.7908
83.5649
85.2297
86.7725
88.1744
89.4497
90.5671
91.5335
92.3547
93.0626
93.6513
94.14
94.5354
94.8888
95.1699
95.3954
95.57
95.7278
95.8478
95.9407
95.9987
96.0833
96.1391
96.1767
96.1909
96.2252
96.2427
96.2504
96.2354
96.2709
96.2861
96.289
96.2711
96.2866
96.2885
96.2809
96.2516
96.2824
96.294
96.2916
96.2671
96.2823
96.2837
96.2755
96.2441
96.2776
96.2917
96.2892
96.2634
96.2794
96.2804
96.2734
96.245
96.2809
96.2958
96.2937
96.2675
96.284
96.2851
96.2786
96.255
96.293
96.3084
96.3067
96.2852
96.3031
96.3036
96.2966
96.2776
96.3136
96.3266
96.3241
96.3071
96.3272
96.3276
96.3217
96.3081
96.3412
96.3518
96.3492
96.3364
96.3537
96.3547
96.3507
96.3412
96.3679
96.3754
96.374
96.3659
96.3786
96.3806
96.3792
96.3742
96.3901
96.3955
96.3965
96.3939
96.3997
96.4017
96.4031
96.4032
96.4028
96.4044
96.4074
96.4097
96.4051
96.4054
96.409
96.4078
0.850121
1.94542
20.7826
43.5071
55.9978
62.4118
66.539
69.7719
72.5671
75.0903
77.4368
79.6396
81.7261
83.7059
85.5906
87.3609
89.0047
90.5032
91.8685
93.0704
94.114
95.0048
95.7738
96.4167
96.9525
97.3891
97.7765
98.0878
98.3392
98.5358
98.7113
98.8468
98.9527
99.0222
99.1141
99.1776
99.2216
99.2414
99.2787
99.2996
99.3099
99.298
99.333
99.3499
99.3543
99.3381
99.3529
99.3553
99.3483
99.3203
99.349
99.361
99.3593
99.336
99.3497
99.3511
99.3432
99.3131
99.3441
99.3585
99.3566
99.332
99.3463
99.3475
99.3408
99.3137
99.3471
99.3623
99.3607
99.3359
99.3506
99.352
99.3459
99.3234
99.3591
99.3748
99.3738
99.3535
99.3699
99.3707
99.3641
99.3461
99.3799
99.3933
99.3916
99.3755
99.3942
99.3951
99.3896
99.3768
99.4079
99.4191
99.4171
99.4051
99.4212
99.4226
99.4191
99.4102
99.4354
99.4433
99.4425
99.4349
99.4468
99.4491
99.448
99.4434
99.4584
99.4641
99.4654
99.4631
99.4686
99.4707
99.4722
99.4724
99.4721
99.4736
99.4766
99.4789
99.4746
99.4746
99.4783
99.4752
0.854
1.4234
16.4133
39.4367
53.8604
61.5596
66.3924
70.0464
73.1306
75.875
78.4018
80.7587
82.9813
85.0845
87.0823
88.9589
90.7031
92.2969
93.7505
95.0354
96.1552
97.1152
97.9449
98.6421
99.2256
99.7042
100.126
100.468
100.747
100.967
101.16
101.312
101.432
101.514
101.614
101.685
101.736
101.763
101.803
101.828
101.841
101.833
101.867
101.886
101.892
101.878
101.892
101.895
101.888
101.862
101.888
101.901
101.9
101.878
101.89
101.891
101.884
101.856
101.884
101.898
101.897
101.874
101.886
101.887
101.881
101.856
101.886
101.901
101.901
101.878
101.89
101.892
101.886
101.865
101.898
101.914
101.914
101.895
101.91
101.911
101.905
101.888
101.919
101.933
101.932
101.917
101.934
101.936
101.931
101.919
101.948
101.959
101.958
101.947
101.962
101.964
101.961
101.953
101.976
101.984
101.984
101.977
101.988
101.991
101.99
101.986
102
102.006
102.007
102.006
102.011
102.013
102.015
102.015
102.015
102.016
102.019
102.021
102.018
102.017
102.021
102.016
0.857029
1.10849
11.9407
33.9786
50.2611
59.5269
65.2797
69.4812
72.9275
75.9377
78.6731
81.2024
83.5728
85.8064
87.9206
89.9041
91.7474
93.4338
94.9719
96.336
97.5287
98.555
99.4431
100.193
100.823
101.344
101.799
102.173
102.478
102.722
102.935
103.104
103.238
103.333
103.441
103.521
103.579
103.613
103.657
103.685
103.702
103.698
103.732
103.752
103.76
103.749
103.761
103.765
103.76
103.736
103.759
103.771
103.771
103.752
103.762
103.763
103.756
103.73
103.754
103.768
103.768
103.747
103.758
103.759
103.753
103.73
103.756
103.771
103.772
103.751
103.761
103.763
103.758
103.739
103.768
103.784
103.785
103.768
103.781
103.782
103.777
103.762
103.79
103.803
103.804
103.791
103.805
103.807
103.803
103.793
103.819
103.83
103.83
103.821
103.833
103.836
103.834
103.827
103.848
103.856
103.857
103.851
103.861
103.864
103.863
103.86
103.873
103.879
103.881
103.88
103.884
103.887
103.888
103.889
103.889
103.89
103.893
103.895
103.892
103.892
103.895
103.888
0.85919
0.943773
7.86656
27.3194
44.9665
56.0131
62.9414
67.8605
71.7729
75.1131
78.0983
80.8271
83.3625
85.7372
87.9735
90.0656
92.0064
93.7818
95.3989
96.8362
98.096
99.1837
100.126
100.925
101.599
102.159
102.647
103.051
103.383
103.651
103.882
104.068
104.217
104.327
104.442
104.53
104.597
104.638
104.686
104.718
104.739
104.741
104.773
104.794
104.804
104.797
104.808
104.812
104.808
104.788
104.807
104.819
104.82
104.803
104.811
104.812
104.806
104.783
104.803
104.816
104.817
104.799
104.806
104.808
104.803
104.782
104.805
104.819
104.82
104.802
104.81
104.812
104.808
104.791
104.816
104.831
104.833
104.819
104.829
104.831
104.827
104.814
104.838
104.851
104.853
104.842
104.854
104.857
104.854
104.845
104.867
104.879
104.88
104.872
104.883
104.886
104.884
104.879
104.897
104.906
104.907
104.903
104.911
104.914
104.915
104.912
104.923
104.93
104.932
104.931
104.936
104.938
104.94
104.941
104.941
104.943
104.945
104.947
104.945
104.944
104.948
104.938
0.860563
0.867145
4.6573
19.978
37.8908
50.71
59.0693
64.9206
69.4418
73.2041
76.4993
79.4683
82.1954
84.7284
87.097
89.3022
91.3405
93.2012
94.891
96.3938
97.7127
98.8543
99.8434
100.686
101.4
101.996
102.514
102.945
103.303
103.594
103.843
104.046
104.21
104.335
104.457
104.555
104.629
104.679
104.73
104.767
104.792
104.799
104.83
104.853
104.865
104.861
104.872
104.877
104.874
104.857
104.872
104.883
104.885
104.872
104.877
104.878
104.873
104.853
104.868
104.88
104.882
104.867
104.873
104.874
104.87
104.852
104.87
104.883
104.885
104.871
104.877
104.878
104.875
104.861
104.881
104.896
104.899
104.888
104.896
104.897
104.894
104.884
104.903
104.916
104.919
104.911
104.921
104.923
104.921
104.914
104.933
104.944
104.947
104.941
104.95
104.953
104.952
104.948
104.963
104.972
104.975
104.971
104.979
104.982
104.983
104.981
104.991
104.997
105
105
105.004
105.007
105.009
105.01
105.011
105.012
105.015
105.017
105.015
105.014
105.017
105.006
0.861319
0.834722
2.55399
12.8407
29.2751
43.3929
53.3302
60.348
65.6623
69.9745
73.6666
76.9362
79.8963
82.6154
85.1345
87.463
89.6024
91.5467
93.3036
94.8635
96.2321
97.4184
98.4462
99.3248
100.072
100.701
101.244
101.7
102.081
102.394
102.661
102.88
103.059
103.198
103.329
103.434
103.517
103.576
103.631
103.673
103.702
103.715
103.745
103.769
103.784
103.784
103.794
103.799
103.798
103.785
103.796
103.806
103.809
103.798
103.802
103.803
103.798
103.782
103.793
103.803
103.806
103.794
103.798
103.798
103.795
103.781
103.794
103.806
103.809
103.798
103.801
103.802
103.8
103.79
103.805
103.818
103.823
103.815
103.82
103.822
103.82
103.812
103.827
103.839
103.843
103.837
103.845
103.848
103.847
103.842
103.858
103.868
103.871
103.868
103.875
103.878
103.878
103.876
103.888
103.897
103.9
103.898
103.905
103.908
103.91
103.909
103.917
103.923
103.927
103.928
103.931
103.934
103.936
103.938
103.938
103.94
103.943
103.945
103.944
103.943
103.945
103.932
0.861666
0.822459
1.4479
6.99219
19.9079
34.1115
45.4477
53.8025
60.1154
65.1422
69.3515
73.0085
76.2648
79.2141
81.9139
84.3854
86.6367
88.6679
90.4891
92.0994
93.5089
94.7304
95.7881
96.6949
97.4691
98.1248
98.6904
99.1686
99.5708
99.9045
100.188
100.423
100.616
100.77
100.909
101.023
101.114
101.182
101.242
101.288
101.322
101.342
101.371
101.396
101.413
101.417
101.427
101.433
101.433
101.424
101.432
101.441
101.444
101.437
101.439
101.439
101.436
101.423
101.43
101.439
101.441
101.433
101.435
101.435
101.432
101.422
101.431
101.441
101.444
101.436
101.439
101.439
101.437
101.43
101.442
101.453
101.458
101.453
101.457
101.459
101.458
101.452
101.464
101.474
101.479
101.476
101.482
101.485
101.485
101.482
101.494
101.504
101.508
101.506
101.512
101.515
101.516
101.515
101.525
101.533
101.537
101.537
101.542
101.546
101.548
101.548
101.555
101.561
101.565
101.566
101.57
101.573
101.575
101.577
101.578
101.58
101.582
101.584
101.584
101.583
101.585
101.57
0.86179
0.818578
0.988203
3.2313
11.2318
23.5072
35.4021
45.0029
52.4632
58.3832
63.2612
67.4228
71.067
74.3134
77.2427
79.8914
82.2768
84.4069
86.2969
87.956
89.4015
90.6521
91.7337
92.6633
93.4601
94.1394
94.7253
95.2241
95.6467
96.0009
96.3019
96.5531
96.7616
96.9307
97.0789
97.2018
97.3019
97.3787
97.4446
97.4963
97.5358
97.5618
97.592
97.6173
97.6362
97.6446
97.6551
97.6616
97.6637
97.6584
97.6644
97.6712
97.675
97.6708
97.672
97.6717
97.6689
97.6598
97.6639
97.6699
97.6728
97.6676
97.6683
97.6678
97.6657
97.6584
97.6644
97.6717
97.6754
97.6706
97.6718
97.672
97.6709
97.666
97.6743
97.6834
97.6888
97.6867
97.6899
97.6913
97.691
97.6878
97.6965
97.7053
97.7104
97.7096
97.7146
97.7174
97.7184
97.7173
97.7263
97.7347
97.7395
97.7396
97.7445
97.7476
97.7494
97.7496
97.7577
97.7647
97.7693
97.7705
97.775
97.7784
97.781
97.7824
97.7883
97.7936
97.7977
97.8
97.8034
97.8063
97.809
97.811
97.8126
97.8144
97.8168
97.8188
97.8194
97.8191
97.8206
97.8053
0.861814
0.817639
0.835167
1.48241
4.96333
13.1587
23.823
33.9605
42.4587
49.3759
55.0726
59.8781
64.0288
67.6679
70.8996
73.7797
76.3381
78.5936
80.5695
82.2875
83.7749
85.0583
86.1669
87.1221
87.9447
88.651
89.2613
89.7843
90.231
90.6091
90.931
91.2016
91.4283
91.6151
91.7756
91.9094
92.0198
92.1073
92.1805
92.2387
92.2845
92.3176
92.3498
92.3766
92.3977
92.4103
92.422
92.4296
92.4335
92.432
92.4367
92.442
92.4457
92.4441
92.4449
92.4444
92.4423
92.4362
92.4381
92.4419
92.4444
92.4416
92.4417
92.4409
92.4393
92.4346
92.4381
92.4431
92.4465
92.4444
92.4451
92.445
92.4444
92.4418
92.4474
92.4543
92.4595
92.4597
92.4624
92.4637
92.4642
92.463
92.4692
92.4762
92.4814
92.4826
92.4867
92.4894
92.4912
92.4917
92.4986
92.5055
92.5105
92.5123
92.5165
92.5196
92.522
92.5235
92.5298
92.5359
92.5407
92.5431
92.5472
92.5506
92.5535
92.5558
92.5608
92.5656
92.5698
92.5728
92.5763
92.5793
92.5821
92.5845
92.5865
92.5886
92.591
92.5929
92.5943
92.5944
92.5955
92.5797
0.861803
0.817461
0.793101
0.914311
1.87271
5.43993
12.5326
21.4794
30.2534
37.9635
44.5103
50.0684
54.845
58.9969
62.6285
65.8178
68.6101
71.0386
73.1395
74.9494
76.5077
77.8504
79.011
80.015
80.8845
81.6366
82.2889
82.8516
83.3355
83.7489
84.102
84.4009
84.6531
84.8637
85.0426
85.1922
85.3167
85.4177
85.5014
85.5686
85.6224
85.6639
85.7002
85.7299
85.7539
85.7707
85.7845
85.794
85.8001
85.8021
85.8065
85.8108
85.8144
85.8147
85.8156
85.8151
85.8137
85.8101
85.8107
85.8125
85.8143
85.8132
85.8132
85.8122
85.811
85.8083
85.8102
85.8132
85.816
85.8157
85.8163
85.8161
85.8159
85.815
85.8187
85.8236
85.8282
85.83
85.8325
85.8339
85.835
85.8354
85.8399
85.8452
85.8501
85.8527
85.8564
85.8591
85.8614
85.8632
85.8685
85.8741
85.8791
85.8821
85.886
85.889
85.8918
85.8943
85.8994
85.9046
85.9093
85.9127
85.9167
85.92
85.9233
85.9262
85.9306
85.935
85.9392
85.9427
85.9462
85.9494
85.9525
85.9551
85.9576
85.9599
85.9624
85.9645
85.9664
85.9671
85.9679
85.9533
0.861782
0.817391
0.783524
0.779356
0.93416
1.79097
4.53792
9.91506
17.0843
24.6071
31.6133
37.8312
43.2692
48.021
52.1542
55.7459
58.8559
61.5358
63.8393
65.819
67.5258
69.003
70.2865
71.4036
72.3772
73.2247
73.9622
74.601
75.1528
75.6269
76.0329
76.3783
76.671
76.9176
77.126
77.3005
77.4463
77.5666
77.6659
77.7465
77.8118
77.8639
77.9072
77.9421
77.9706
77.9923
78.0094
78.0217
78.0305
78.036
78.0413
78.0454
78.049
78.0508
78.0521
78.052
78.0512
78.0495
78.0496
78.05
78.051
78.0508
78.0508
78.0499
78.049
78.0478
78.0487
78.0502
78.0521
78.0528
78.0536
78.0535
78.0536
78.0538
78.0564
78.0596
78.0633
78.0659
78.0685
78.0701
78.0716
78.0731
78.0766
78.0805
78.0848
78.0882
78.0917
78.0945
78.0972
78.0999
78.1043
78.1088
78.1134
78.1171
78.1209
78.1241
78.1272
78.1303
78.1347
78.1392
78.1437
78.1476
78.1515
78.155
78.1585
78.1619
78.166
78.1701
78.1742
78.178
78.1817
78.185
78.1883
78.1912
78.1941
78.1968
78.1994
78.2018
78.2041
78.2055
78.2063
78.193
0.86176
0.817314
0.781698
0.754287
0.750857
0.851578
1.34912
2.92471
6.28868
11.4019
17.464
23.6211
29.3988
34.634
39.2852
43.3447
46.8708
49.931
52.5926
54.9144
56.9459
58.7261
60.2861
61.6511
62.8433
63.8816
64.7833
65.5631
66.2356
66.8129
67.3068
67.7271
68.0837
68.3848
68.6387
68.8514
69.0292
69.177
69.2991
69.399
69.4806
69.5467
69.6007
69.644
69.6792
69.707
69.7289
69.7453
69.7576
69.7666
69.7737
69.7787
69.7829
69.7858
69.7878
69.7884
69.7883
69.7879
69.7879
69.7877
69.788
69.7882
69.7882
69.7875
69.7869
69.7865
69.787
69.7875
69.7886
69.7896
69.7905
69.7907
69.7911
69.7919
69.7937
69.7958
69.7987
69.8014
69.8039
69.8058
69.8077
69.8098
69.8127
69.8158
69.8194
69.8229
69.8264
69.8293
69.8322
69.8354
69.8393
69.8431
69.8472
69.8512
69.8551
69.8584
69.8618
69.8653
69.8693
69.8733
69.8775
69.8816
69.8856
69.8892
69.8929
69.8966
69.9006
69.9045
69.9085
69.9124
69.9163
69.9198
69.9233
69.9266
69.9298
69.9328
69.9357
69.9384
69.9411
69.9431
69.9443
69.9331
0.861741
0.817229
0.781255
0.75047
0.724586
0.711012
0.739776
0.914923
1.51729
3.01637
5.7901
9.79175
14.5643
19.5485
24.36
28.8025
32.8575
36.5514
39.9033
42.9206
45.6104
47.9852
50.0646
51.8732
53.4384
54.7877
55.9471
56.9404
57.7895
58.5135
59.1291
59.6509
60.0921
60.4641
60.7767
61.0385
61.2571
61.439
61.5895
61.7133
61.8147
61.8975
61.9647
62.0188
62.0625
62.0975
62.1251
62.1464
62.1629
62.1754
62.185
62.1917
62.197
62.2009
62.2037
62.2052
62.2059
62.2063
62.2065
62.2063
62.2063
62.2064
62.2064
62.206
62.2057
62.2056
62.2058
62.2059
62.2065
62.2074
62.2083
62.2087
62.2094
62.2103
62.2118
62.2133
62.2154
62.2178
62.2202
62.2223
62.2244
62.2267
62.2294
62.232
62.2351
62.2384
62.2417
62.2447
62.2478
62.2511
62.2547
62.2582
62.262
62.2659
62.2697
62.2732
62.2768
62.2804
62.2843
62.288
62.292
62.2961
62.3001
62.3039
62.3077
62.3115
62.3154
62.3193
62.3232
62.3272
62.3311
62.3349
62.3385
62.3421
62.3456
62.3489
62.3521
62.3551
62.3582
62.3606
62.3623
62.3533
0.861729
0.817179
0.781116
0.74996
0.72177
0.696605
0.676244
0.66725
0.691947
0.81794
1.20917
2.14345
3.92134
6.71076
10.4537
14.9039
19.675
24.4197
28.8924
32.9545
36.5514
39.6828
42.3793
44.6852
46.6489
48.3172
49.7324
50.9315
51.9468
52.8056
53.5312
54.1433
54.6588
55.0921
55.4554
55.7591
56.0125
56.2231
56.3976
56.5413
56.6593
56.7557
56.834
56.8973
56.9483
56.9891
57.0216
57.047
57.0669
57.0821
57.0937
57.1022
57.1086
57.1134
57.1169
57.1191
57.1205
57.1213
57.1218
57.1218
57.1218
57.1219
57.1219
57.1218
57.1216
57.1216
57.1217
57.1217
57.1222
57.1228
57.1236
57.1243
57.1251
57.126
57.1273
57.1286
57.1303
57.1323
57.1345
57.1366
57.1387
57.141
57.1435
57.1459
57.1487
57.1517
57.1548
57.1578
57.1609
57.1642
57.1675
57.1709
57.1744
57.1782
57.1819
57.1855
57.1891
57.1928
57.1965
57.2002
57.204
57.208
57.2119
57.2157
57.2196
57.2234
57.2273
57.2311
57.235
57.2389
57.2428
57.2466
57.2504
57.2541
57.2577
57.2612
57.2646
57.2678
57.271
57.2738
57.2758
57.2682
0.861731
0.817184
0.781122
0.749969
0.721786
0.696647
0.676374
0.667666
0.693283
0.821898
1.21879
2.16081
3.94284
6.72577
10.4533
14.8769
19.6186
24.3372
28.7901
32.8391
36.4282
39.5558
42.2512
44.5578
46.5232
48.1935
49.6109
50.8124
51.8298
52.6906
53.4181
54.0319
54.5489
54.9835
55.3479
55.6527
55.9069
56.1183
56.2934
56.4379
56.5564
56.6533
56.732
56.7957
56.8469
56.888
56.9207
56.9465
56.9665
56.9819
56.9937
57.0025
57.0091
57.0139
57.0174
57.0199
57.0215
57.0224
57.0229
57.0231
57.0233
57.0233
57.0234
57.0235
57.0235
57.0235
57.0235
57.0237
57.0242
57.0248
57.0256
57.0265
57.0274
57.0283
57.0294
57.0307
57.0323
57.0341
57.0362
57.0383
57.0404
57.0426
57.0448
57.0472
57.0498
57.0527
57.0556
57.0586
57.0617
57.0648
57.0679
57.0712
57.0747
57.0783
57.0819
57.0855
57.0891
57.0927
57.0963
57.0999
57.1036
57.1074
57.1112
57.115
57.1188
57.1225
57.1263
57.13
57.1338
57.1376
57.1414
57.1451
57.1489
57.1525
57.1561
57.1595
57.1629
57.166
57.1691
57.1718
57.1737
57.1663
0.861746
0.817244
0.781276
0.750511
0.724733
0.711629
0.742197
0.923462
1.54138
3.06532
5.86114
9.86668
14.6185
19.5622
24.3202
28.7059
32.7065
36.3519
39.6638
42.6513
45.3205
47.6826
49.7553
51.5618
53.1278
54.4794
55.6422
56.6394
57.4925
58.2203
58.8395
59.3649
59.8094
60.1841
60.4992
60.7632
60.9838
61.1673
61.3193
61.4448
61.5477
61.6315
61.6995
61.7545
61.7989
61.8343
61.8625
61.8846
61.9018
61.9148
61.9247
61.9321
61.9378
61.9418
61.9448
61.9469
61.9483
61.9489
61.9492
61.9495
61.9498
61.9499
61.9502
61.9504
61.9505
61.9504
61.9505
61.9509
61.9515
61.9523
61.9532
61.9543
61.9553
61.9561
61.9572
61.9586
61.9603
61.9622
61.9643
61.9665
61.9686
61.9705
61.9727
61.9751
61.9777
61.9805
61.9835
61.9865
61.9895
61.9924
61.9954
61.9987
62.0022
62.0057
62.0094
62.0129
62.0164
62.0198
62.0233
62.0268
62.0305
62.0342
62.0379
62.0416
62.0452
62.0488
62.0523
62.0559
62.0596
62.0632
62.0669
62.0705
62.074
62.0774
62.0808
62.084
62.0871
62.09
62.0928
62.0949
62.0963
62.087
0.861768
0.817336
0.78175
0.754536
0.752222
0.858113
1.37396
2.99002
6.40179
11.5374
17.5824
23.6936
29.4119
34.5838
39.1691
43.1681
46.6398
49.6519
52.2728
54.5624
56.5699
58.3332
59.8827
61.2424
62.4328
63.4714
64.3748
65.1575
65.8333
66.414
66.9113
67.3353
67.6954
67.9996
68.2558
68.4708
68.6507
68.8002
68.924
69.0259
69.1094
69.177
69.2318
69.276
69.3118
69.3401
69.3626
69.3802
69.3938
69.4037
69.4111
69.4168
69.4212
69.4243
69.4266
69.4281
69.4291
69.4293
69.4294
69.4296
69.4301
69.4304
69.4308
69.431
69.4313
69.4311
69.4312
69.4317
69.4327
69.4337
69.4349
69.4359
69.437
69.4378
69.4389
69.4404
69.4425
69.4446
69.4468
69.4489
69.451
69.4528
69.4548
69.4573
69.4602
69.463
69.4661
69.469
69.472
69.4747
69.4778
69.4811
69.4847
69.4883
69.4919
69.4954
69.4988
69.502
69.5053
69.5088
69.5126
69.5162
69.5199
69.5234
69.5269
69.5302
69.5336
69.5371
69.5407
69.5442
69.5477
69.5511
69.5544
69.5576
69.5607
69.5636
69.5663
69.5688
69.5712
69.5727
69.5732
69.5621
0.861792
0.817419
0.783731
0.781037
0.944349
1.83503
4.65233
10.0948
17.2761
24.76
31.7012
37.8462
43.2125
47.8962
51.9649
55.5008
58.5622
61.2
63.4677
65.4187
67.1036
68.5649
69.8377
70.9488
71.9197
72.7667
73.5045
74.1447
74.6987
75.1753
75.584
75.9324
76.2285
76.4781
76.6883
76.8644
77.0118
77.1337
77.2346
77.3171
77.3846
77.4386
77.4825
77.5177
77.5465
77.5688
77.5867
77.6002
77.6108
77.6179
77.6234
77.6275
77.6311
77.6332
77.635
77.6359
77.6367
77.6363
77.6364
77.6365
77.6373
77.6376
77.6382
77.6383
77.6387
77.6383
77.6385
77.6391
77.6406
77.6417
77.6431
77.6442
77.6454
77.6459
77.6471
77.6488
77.6514
77.6536
77.656
77.658
77.6601
77.6616
77.6637
77.6663
77.6696
77.6725
77.6757
77.6785
77.6815
77.684
77.6872
77.6906
77.6946
77.6982
77.7018
77.7052
77.7085
77.7115
77.7148
77.7184
77.7222
77.7258
77.7295
77.7328
77.7362
77.7393
77.7427
77.746
77.7496
77.753
77.7564
77.7596
77.7627
77.7656
77.7684
77.771
77.7734
77.7755
77.7775
77.7784
77.7782
77.7647
0.861815
0.817499
0.794131
0.923754
1.92489
5.5915
12.7699
21.723
30.4423
38.0733
44.5372
50.0175
54.7233
58.81
62.3842
65.5238
68.2735
70.6659
72.7361
74.5214
76.0614
77.3913
78.5432
79.5422
80.4099
81.1621
81.8142
82.3772
82.8627
83.2784
83.6336
83.935
84.1904
84.4043
84.5843
84.7343
84.8599
84.9628
85.0478
85.1167
85.1731
85.2172
85.2535
85.2823
85.3063
85.3243
85.3388
85.3493
85.3578
85.3625
85.3668
85.3698
85.373
85.3743
85.3757
85.376
85.3768
85.3758
85.3759
85.376
85.3774
85.3775
85.3781
85.3782
85.3787
85.3778
85.3782
85.379
85.3812
85.3823
85.3838
85.3847
85.386
85.3861
85.3875
85.3896
85.3929
85.395
85.3975
85.3993
85.4015
85.4025
85.4049
85.4077
85.4116
85.4144
85.4177
85.4205
85.4235
85.4258
85.4292
85.4329
85.4373
85.4407
85.4445
85.4476
85.451
85.4536
85.4571
85.4608
85.4649
85.4684
85.472
85.4753
85.4786
85.4815
85.4848
85.4881
85.4918
85.4951
85.4984
85.5014
85.5043
85.507
85.5096
85.5118
85.5139
85.5157
85.5174
85.5177
85.517
85.502
0.861827
0.817719
0.839688
1.52275
5.12195
13.4399
24.1205
34.193
42.6003
49.4275
55.0419
59.774
63.8592
67.4398
70.6204
73.4563
75.9774
78.202
80.1514
81.8484
83.3211
84.5951
85.6973
86.6491
87.4715
88.1793
88.7892
89.312
89.7601
90.1408
90.4646
90.7372
90.9673
91.1582
91.3188
91.4517
91.563
91.6528
91.7272
91.7866
91.8355
91.8724
91.9036
91.928
91.949
91.9635
91.9758
91.9841
91.9912
91.9939
91.9974
91.9998
92.003
92.0033
92.0045
92.0044
92.0053
92.0034
92.0038
92.004
92.0061
92.0057
92.0065
92.0063
92.0072
92.0055
92.0062
92.0074
92.0104
92.0111
92.0127
92.0134
92.015
92.0143
92.0162
92.0187
92.0228
92.0246
92.0272
92.0288
92.031
92.0315
92.0343
92.0375
92.042
92.0445
92.048
92.0506
92.0537
92.0555
92.0594
92.0635
92.0683
92.0715
92.0753
92.0783
92.0816
92.0839
92.0877
92.0916
92.096
92.0992
92.1029
92.106
92.1093
92.1119
92.1153
92.1187
92.1225
92.1256
92.1289
92.1317
92.1345
92.137
92.1393
92.1413
92.1432
92.1448
92.1461
92.146
92.1448
92.1288
0.861802
0.818848
1.0049
3.3519
11.5284
23.8607
35.6903
45.1882
52.5505
58.3853
63.1881
67.2828
70.8675
74.0624
76.9461
79.5551
81.9079
84.0118
85.8786
87.5197
88.954
90.1984
91.2757
92.2032
93.0017
93.6842
94.2694
94.7673
95.1918
95.5492
95.8518
96.1045
96.3171
96.4914
96.6383
96.7589
96.86
96.9399
97.0067
97.059
97.1024
97.1336
97.1613
97.1826
97.2015
97.2131
97.2239
97.2303
97.2366
97.2372
97.2406
97.2425
97.2461
97.2452
97.2465
97.2459
97.2471
97.244
97.2449
97.2454
97.2483
97.247
97.2481
97.2477
97.2489
97.2461
97.2475
97.249
97.2529
97.2528
97.2547
97.2551
97.257
97.2554
97.258
97.261
97.2659
97.267
97.2698
97.2711
97.2735
97.2732
97.2766
97.2804
97.2855
97.2874
97.2912
97.2936
97.2968
97.2979
97.3025
97.307
97.3123
97.3149
97.3189
97.3217
97.3251
97.3268
97.3312
97.3353
97.34
97.3428
97.3466
97.3495
97.3528
97.3551
97.3587
97.3622
97.3661
97.369
97.3722
97.3748
97.3776
97.3799
97.3819
97.3837
97.3854
97.3868
97.3878
97.3874
97.3858
97.3701
0.861674
0.823387
1.49809
7.2416
20.3062
34.4692
45.6913
53.9361
60.1586
65.11
69.2517
72.8481
76.0514
78.9551
81.6139
84.0497
86.2727
88.2819
90.0826
91.6774
93.0788
94.297
95.352
96.258
97.0354
97.696
98.2603
98.737
99.1417
99.4794
99.7644
100
100.199
100.359
100.494
100.605
100.698
100.769
100.83
100.876
100.915
100.941
100.966
100.985
101.003
101.011
101.021
101.026
101.032
101.03
101.034
101.036
101.04
101.037
101.039
101.038
101.039
101.035
101.037
101.037
101.041
101.039
101.04
101.039
101.041
101.037
101.039
101.041
101.046
101.045
101.047
101.047
101.049
101.047
101.05
101.054
101.06
101.06
101.063
101.064
101.066
101.065
101.069
101.074
101.079
101.08
101.085
101.087
101.09
101.09
101.096
101.101
101.106
101.108
101.113
101.115
101.119
101.12
101.125
101.129
101.134
101.136
101.14
101.143
101.146
101.148
101.152
101.156
101.16
101.162
101.165
101.168
101.171
101.173
101.175
101.176
101.178
101.179
101.18
101.179
101.177
101.162
0.861317
0.837534
2.67368
13.2246
29.7113
43.7131
53.5226
60.4396
65.6754
69.9221
73.5536
76.7681
79.6814
82.3601
84.842
87.1383
89.2535
91.1797
92.9182
94.4648
95.8281
97.0134
98.0397
98.9183
99.6703
100.305
100.847
101.301
101.685
102.003
102.271
102.49
102.675
102.821
102.947
103.048
103.133
103.197
103.252
103.293
103.328
103.349
103.373
103.389
103.405
103.411
103.42
103.424
103.429
103.426
103.43
103.431
103.436
103.432
103.434
103.433
103.435
103.429
103.431
103.432
103.437
103.433
103.435
103.434
103.436
103.431
103.434
103.437
103.442
103.44
103.442
103.442
103.445
103.441
103.446
103.45
103.456
103.455
103.458
103.459
103.462
103.46
103.465
103.47
103.476
103.476
103.481
103.483
103.486
103.485
103.492
103.497
103.503
103.504
103.509
103.511
103.515
103.515
103.521
103.525
103.531
103.532
103.536
103.539
103.542
103.544
103.548
103.552
103.556
103.558
103.561
103.563
103.566
103.568
103.57
103.571
103.572
103.574
103.574
103.573
103.571
103.558
0.860547
0.874777
4.88467
20.4597
38.3117
50.9785
59.2181
64.9829
69.4374
73.1429
76.3834
79.3026
81.9882
84.4851
86.8201
88.9964
91.0141
92.8601
94.5333
96.0247
97.3408
98.4835
99.4719
100.315
101.035
101.639
102.153
102.582
102.944
103.24
103.49
103.693
103.864
103.997
104.113
104.204
104.282
104.338
104.388
104.424
104.455
104.472
104.494
104.508
104.524
104.527
104.535
104.537
104.543
104.537
104.542
104.543
104.548
104.543
104.546
104.544
104.546
104.539
104.543
104.544
104.549
104.544
104.547
104.545
104.548
104.541
104.546
104.548
104.555
104.551
104.554
104.553
104.557
104.551
104.557
104.562
104.569
104.566
104.57
104.571
104.574
104.57
104.577
104.582
104.589
104.587
104.593
104.594
104.598
104.597
104.604
104.61
104.616
104.616
104.621
104.623
104.627
104.626
104.633
104.638
104.643
104.644
104.648
104.651
104.654
104.655
104.66
104.664
104.668
104.67
104.673
104.675
104.677
104.679
104.681
104.682
104.683
104.685
104.684
104.684
104.68
104.67
0.85916
0.962682
8.22123
27.8455
45.3426
56.2325
63.0583
67.9052
71.7609
75.0517
77.9871
80.671
83.1695
85.512
87.7178
89.7839
91.7074
93.4712
95.0732
96.5007
97.76
98.8503
99.792
100.592
101.273
101.842
102.325
102.726
103.063
103.337
103.568
103.754
103.91
104.03
104.136
104.218
104.289
104.337
104.382
104.413
104.442
104.454
104.475
104.487
104.501
104.502
104.51
104.511
104.516
104.509
104.515
104.516
104.521
104.514
104.518
104.515
104.518
104.509
104.515
104.516
104.522
104.515
104.519
104.517
104.52
104.511
104.518
104.521
104.528
104.522
104.526
104.525
104.529
104.522
104.53
104.535
104.542
104.538
104.543
104.543
104.547
104.541
104.55
104.555
104.562
104.559
104.566
104.567
104.571
104.568
104.577
104.583
104.589
104.588
104.594
104.595
104.599
104.598
104.606
104.61
104.616
104.616
104.621
104.623
104.626
104.627
104.632
104.636
104.64
104.641
104.645
104.647
104.649
104.651
104.652
104.653
104.654
104.656
104.655
104.655
104.65
104.643
0.856995
1.15068
12.415
34.5015
50.583
59.7068
65.3756
69.5171
72.9151
75.882
78.5719
81.0606
83.3982
85.603
87.6895
89.6497
91.4787
93.1562
94.6804
96.0362
97.2302
98.2605
99.1485
99.8996
100.538
101.067
101.517
101.887
102.199
102.449
102.66
102.829
102.971
103.077
103.174
103.247
103.311
103.352
103.392
103.419
103.444
103.452
103.472
103.482
103.496
103.494
103.502
103.502
103.507
103.498
103.505
103.506
103.512
103.503
103.507
103.504
103.508
103.497
103.504
103.505
103.512
103.503
103.508
103.506
103.51
103.5
103.508
103.511
103.518
103.511
103.516
103.515
103.519
103.511
103.52
103.525
103.533
103.527
103.533
103.533
103.537
103.53
103.54
103.545
103.553
103.549
103.556
103.557
103.561
103.557
103.568
103.573
103.579
103.577
103.584
103.585
103.589
103.587
103.596
103.6
103.606
103.605
103.611
103.612
103.616
103.616
103.622
103.625
103.629
103.631
103.634
103.636
103.638
103.64
103.641
103.642
103.643
103.644
103.643
103.643
103.638
103.633
0.853977
1.50595
16.9782
39.9249
54.1312
61.7107
66.4761
70.0801
73.1226
75.8288
78.314
80.6341
82.8274
84.9048
86.8773
88.7332
90.4658
92.053
93.4937
94.7715
95.8943
96.859
97.6887
98.3872
98.9792
99.4673
99.8822
100.221
100.506
100.733
100.925
101.076
101.204
101.297
101.385
101.449
101.506
101.54
101.577
101.599
101.622
101.626
101.645
101.654
101.666
101.662
101.671
101.669
101.674
101.663
101.671
101.672
101.678
101.668
101.673
101.67
101.674
101.662
101.671
101.672
101.679
101.669
101.674
101.672
101.676
101.665
101.674
101.677
101.685
101.676
101.682
101.681
101.686
101.676
101.687
101.692
101.7
101.693
101.7
101.699
101.703
101.696
101.707
101.712
101.72
101.715
101.723
101.723
101.727
101.723
101.735
101.74
101.746
101.743
101.75
101.751
101.755
101.753
101.763
101.767
101.772
101.771
101.777
101.778
101.782
101.781
101.788
101.791
101.795
101.796
101.8
101.801
101.804
101.805
101.806
101.807
101.808
101.81
101.808
101.809
101.803
101.801
0.850125
2.08589
21.4004
43.9455
56.2261
62.5434
66.6169
69.8075
72.5666
75.0559
77.3643
79.5334
81.5937
83.5504
85.412
87.1638
88.7983
90.2921
91.6454
92.8414
93.8891
94.7853
95.5542
96.1984
96.7432
97.1895
97.569
97.8768
98.1354
98.3387
98.5121
98.6465
98.7614
98.8421
98.9208
98.977
99.0278
99.0555
99.0885
99.1065
99.1266
99.128
99.146
99.1529
99.1645
99.1586
99.1672
99.165
99.17
99.1574
99.1669
99.1671
99.1735
99.1621
99.1683
99.1647
99.1692
99.1557
99.1657
99.1667
99.174
99.163
99.1695
99.1669
99.1717
99.159
99.1699
99.1726
99.1809
99.1709
99.1778
99.176
99.1811
99.1706
99.1829
99.1876
99.1962
99.188
99.1954
99.1943
99.1988
99.1909
99.2034
99.2082
99.2157
99.2097
99.2184
99.2184
99.2227
99.2179
99.2306
99.2354
99.2418
99.2378
99.2459
99.2465
99.2503
99.2474
99.2581
99.2621
99.2672
99.2654
99.2718
99.2732
99.2766
99.2759
99.2827
99.286
99.29
99.2907
99.2942
99.2957
99.298
99.2995
99.3002
99.3013
99.3023
99.3039
99.3023
99.3028
99.2961
99.297
0.845538
2.90157
25.2821
46.6132
57.1394
62.4618
66.0062
68.8721
71.398
73.7011
75.8522
77.883
79.8181
81.6589
83.4119
85.0601
86.5955
87.9944
89.2584
90.3708
91.3422
92.1692
92.8769
93.467
93.9647
94.3699
94.7147
94.9923
95.2254
95.4065
95.5619
95.6807
95.7828
95.8522
95.9226
95.9712
96.0162
96.0383
96.0677
96.0822
96.1001
96.0987
96.1159
96.1214
96.1322
96.1248
96.1334
96.1304
96.1354
96.1218
96.1321
96.132
96.1386
96.1263
96.1331
96.1293
96.134
96.1198
96.1309
96.1317
96.1393
96.1274
96.1346
96.1317
96.1369
96.1234
96.1354
96.138
96.1465
96.1355
96.1431
96.141
96.1465
96.1353
96.1487
96.1533
96.162
96.1528
96.1609
96.1596
96.1642
96.1557
96.1693
96.1739
96.1814
96.1746
96.1839
96.1836
96.188
96.1827
96.1963
96.2009
96.2071
96.2025
96.2111
96.2114
96.2153
96.2121
96.2234
96.2271
96.2322
96.23
96.2366
96.2378
96.2413
96.2403
96.2476
96.2507
96.2547
96.2551
96.2587
96.2601
96.2624
96.2639
96.2645
96.2656
96.2665
96.2682
96.2663
96.2671
96.2598
96.2631
0.840433
3.90266
28.3841
48.0925
57.1233
61.674
64.8093
67.4135
69.7415
71.8802
73.8884
75.7903
77.6064
79.3354
80.9821
82.5278
83.9645
85.2687
86.4436
87.4729
88.3687
89.1275
89.7753
90.3126
90.7649
91.1307
91.4422
91.6911
91.9001
92.0605
92.199
92.3032
92.3935
92.4527
92.5154
92.5572
92.5967
92.614
92.6402
92.6517
92.6674
92.6638
92.6802
92.6845
92.6945
92.6859
92.6945
92.691
92.6958
92.6816
92.6925
92.6922
92.6987
92.6859
92.6932
92.6891
92.6941
92.6794
92.6912
92.692
92.6996
92.6871
92.6949
92.6919
92.6972
92.6833
92.6962
92.6986
92.7071
92.6955
92.7037
92.7014
92.7071
92.6955
92.7098
92.7141
92.7228
92.713
92.7216
92.7201
92.7248
92.716
92.7303
92.7347
92.7421
92.7348
92.7446
92.7441
92.7485
92.7429
92.7571
92.7614
92.7675
92.7625
92.7715
92.7716
92.7754
92.772
92.7838
92.7873
92.7922
92.7897
92.7966
92.7977
92.8011
92.8
92.8075
92.8105
92.8144
92.8147
92.8183
92.8197
92.822
92.8234
92.8239
92.8251
92.826
92.8278
92.8256
92.8267
92.819
92.8241
0.835284
4.99353
30.6157
48.5867
56.3901
60.3437
63.1567
65.5435
67.6992
69.6899
71.5661
73.3468
75.0495
76.6706
78.2138
79.6591
80.9988
82.2101
83.2977
84.2461
85.0685
85.7618
86.3521
86.8393
87.2485
87.5772
87.8575
88.0797
88.2662
88.4077
88.5305
88.6216
88.7011
88.7512
88.8069
88.8425
88.8772
88.8904
88.9137
88.9225
88.9363
88.931
88.9466
88.9498
88.959
88.9496
88.9581
88.9542
88.9588
88.9442
88.9556
88.9551
88.9616
88.9484
88.956
88.9519
88.9569
88.942
88.9544
88.9551
88.9626
88.9498
88.958
88.9549
88.9604
88.9462
88.9596
88.9619
88.9704
88.9584
88.9669
88.9646
88.9704
88.9586
88.9735
88.9777
88.9862
88.9761
88.9849
88.9833
88.9882
88.9791
88.994
88.9982
89.0054
88.9978
89.0079
89.0072
89.0117
89.0059
89.0204
89.0245
89.0305
89.0252
89.0344
89.0343
89.0382
89.0346
89.0467
89.05
89.0548
89.0521
89.0592
89.0601
89.0635
89.0624
89.07
89.0729
89.0768
89.0769
89.0806
89.0819
89.0842
89.0856
89.0861
89.0872
89.0882
89.0899
89.0877
89.0889
89.0809
89.0876
0.831147
6.0641
31.9953
48.2943
55.1093
58.5975
61.1501
63.3515
65.3537
67.2091
68.9624
70.6286
72.223
73.7404
75.1833
76.5313
77.777
78.8986
79.902
80.7731
81.5257
82.1571
82.6933
83.1336
83.5026
83.7971
84.0485
84.2462
84.4122
84.5365
84.6451
84.7244
84.7942
84.8364
84.8857
84.916
84.9463
84.956
84.9767
84.9834
84.9955
84.9888
85.0036
85.0059
85.0145
85.0045
85.0128
85.0086
85.0131
84.9984
85.0099
85.0093
85.0156
85.0023
85.0102
85.006
85.011
84.9961
85.0089
85.0095
85.0169
85.0039
85.0123
85.0092
85.0148
85.0007
85.0144
85.0166
85.0249
85.0127
85.0215
85.0191
85.025
85.0132
85.0284
85.0324
85.0408
85.0304
85.0395
85.0378
85.0427
85.0337
85.0488
85.0528
85.0599
85.052
85.0623
85.0615
85.066
85.0602
85.0749
85.0787
85.0845
85.0791
85.0884
85.0882
85.0921
85.0884
85.1007
85.1038
85.1085
85.1056
85.1128
85.1136
85.117
85.1158
85.1236
85.1263
85.1301
85.1302
85.1339
85.1352
85.1374
85.1388
85.1393
85.1405
85.1414
85.1432
85.1409
85.1423
85.1341
85.1419
0.83031
7.01675
32.6057
47.3877
53.411
56.5309
58.8677
60.9068
62.77
64.5005
66.1385
67.6964
69.1875
70.6056
71.9521
73.2067
74.3622
75.3982
76.3218
77.12
77.8072
78.3809
78.8669
79.2641
79.5962
79.8595
80.0845
80.2601
80.4075
80.5165
80.6125
80.6814
80.7426
80.7779
80.8215
80.8471
80.8736
80.8805
80.8988
80.9037
80.9143
80.9067
80.9207
80.9222
80.9301
80.9199
80.9279
80.9235
80.9279
80.9132
80.9247
80.9241
80.9302
80.917
80.9249
80.9207
80.9258
80.911
80.9239
80.9244
80.9317
80.9188
80.9273
80.9242
80.9297
80.9158
80.9297
80.9317
80.9398
80.9277
80.9365
80.9342
80.9401
80.9285
80.9437
80.9476
80.9557
80.9454
80.9545
80.9528
80.9576
80.9487
80.9639
80.9677
80.9746
80.9667
80.977
80.9761
80.9806
80.9749
80.9896
80.9932
80.9988
80.9933
81.0026
81.0024
81.0062
81.0026
81.0148
81.0178
81.0223
81.0194
81.0266
81.0274
81.0308
81.0296
81.0373
81.04
81.0436
81.0437
81.0474
81.0487
81.0509
81.0522
81.0528
81.0539
81.0549
81.0567
81.0543
81.0558
81.0476
81.0561
0.837605
7.78151
32.5584
46.0063
51.3922
54.2145
56.3674
58.2615
59.9972
61.6113
63.1409
64.5961
65.9889
67.3122
68.5666
69.732
70.802
71.7573
72.606
73.3362
73.9627
74.4834
74.9233
75.2813
75.5799
75.8152
76.0163
76.1722
76.303
76.3986
76.4833
76.5431
76.5967
76.6262
76.6647
76.6864
76.7095
76.7141
76.7304
76.7338
76.7431
76.7349
76.748
76.749
76.7562
76.746
76.7537
76.7492
76.7534
76.739
76.7504
76.7497
76.7556
76.7426
76.7504
76.7463
76.7513
76.7369
76.7497
76.7502
76.7572
76.7445
76.753
76.7499
76.7554
76.7419
76.7556
76.7576
76.7654
76.7535
76.7623
76.76
76.7658
76.7546
76.7697
76.7733
76.7812
76.771
76.7801
76.7783
76.7831
76.7745
76.7895
76.7932
76.7998
76.7921
76.8022
76.8013
76.8057
76.8002
76.8147
76.8181
76.8234
76.8181
76.8273
76.827
76.8307
76.8273
76.8393
76.8421
76.8465
76.8436
76.8507
76.8515
76.8548
76.8537
76.8613
76.8639
76.8674
76.8675
76.8711
76.8724
76.8746
76.8759
76.8765
76.8776
76.8786
76.8804
76.878
76.8795
76.8714
76.8804
0.862756
8.31998
31.9684
44.2563
49.1217
51.6977
53.6898
55.452
57.0693
58.5743
60.0014
61.3592
62.6584
63.8913
65.058
66.1389
67.1281
68.0078
68.7867
69.4542
70.0249
70.4973
70.8954
71.2179
71.4864
71.6967
71.8766
72.015
72.1312
72.215
72.2897
72.3417
72.3887
72.4133
72.4474
72.4658
72.486
72.4887
72.5031
72.5054
72.5135
72.505
72.5173
72.5179
72.5245
72.5144
72.5217
72.5173
72.5212
72.5073
72.5183
72.5176
72.5232
72.5107
72.5183
72.5143
72.5191
72.5053
72.5178
72.5183
72.525
72.5127
72.521
72.518
72.5234
72.5104
72.5238
72.5257
72.5332
72.5217
72.5302
72.528
72.5338
72.523
72.5377
72.5413
72.5488
72.5389
72.5478
72.5461
72.5508
72.5425
72.5572
72.5607
72.567
72.5595
72.5694
72.5686
72.5728
72.5676
72.5817
72.585
72.59
72.5848
72.5938
72.5935
72.5972
72.5939
72.6056
72.6083
72.6125
72.6098
72.6166
72.6174
72.6206
72.6196
72.627
72.6295
72.633
72.633
72.6366
72.6379
72.64
72.6413
72.6419
72.6431
72.6441
72.6458
72.6435
72.645
72.6371
72.6462
0.923527
8.62189
30.9387
42.2139
46.645
49.0113
50.8592
52.4994
54.0056
55.4076
56.7373
58.0023
59.212
60.3587
61.4421
62.443
63.3562
64.1654
64.8796
65.4894
66.0092
66.4378
66.7981
67.0888
67.3303
67.5185
67.6795
67.8025
67.9058
67.9795
68.0456
68.0908
68.1321
68.1526
68.1828
68.1984
68.2161
68.2175
68.2302
68.2316
68.2387
68.2301
68.2415
68.2418
68.2479
68.238
68.245
68.2406
68.2443
68.231
68.2416
68.2409
68.2462
68.2342
68.2415
68.2377
68.2423
68.2291
68.2412
68.2417
68.248
68.2363
68.2442
68.2415
68.2466
68.2343
68.2472
68.249
68.2561
68.2451
68.2534
68.2513
68.2569
68.2466
68.2609
68.2643
68.2714
68.262
68.2705
68.2689
68.2735
68.2657
68.2798
68.2831
68.2892
68.282
68.2916
68.2908
68.2949
68.2899
68.3036
68.3067
68.3115
68.3065
68.3152
68.3149
68.3184
68.3154
68.3267
68.3292
68.3332
68.3306
68.3373
68.338
68.3412
68.3402
68.3474
68.3498
68.3532
68.3532
68.3567
68.3579
68.36
68.3613
68.3619
68.3631
68.3641
68.3657
68.3635
68.365
68.3574
68.3663
1.04705
8.69798
29.5529
39.9279
43.9865
46.1686
47.884
49.4092
50.8099
52.1135
53.3499
54.5258
55.6498
56.7139
57.7176
58.6427
59.4843
60.2277
60.882
61.4387
61.912
62.3008
62.6271
62.8893
63.1068
63.2754
63.4197
63.5293
63.6213
63.6863
63.7447
63.7843
63.8206
63.8378
63.8646
63.8778
63.8934
63.8938
63.9051
63.9058
63.9121
63.9036
63.9141
63.9142
63.9198
63.9103
63.9167
63.9126
63.916
63.9034
63.9134
63.9128
63.9178
63.9064
63.9133
63.9098
63.9141
63.9017
63.9132
63.9136
63.9196
63.9086
63.9161
63.9135
63.9184
63.9068
63.9191
63.9209
63.9276
63.9171
63.9251
63.9231
63.9284
63.9188
63.9324
63.9356
63.9424
63.9334
63.9416
63.9401
63.9445
63.9372
63.9507
63.9539
63.9595
63.9528
63.9619
63.9612
63.9651
63.9605
63.9735
63.9765
63.981
63.9763
63.9846
63.9843
63.9877
63.9849
63.9957
63.9981
64.0019
63.9995
64.0058
64.0066
64.0096
64.0088
64.0156
64.018
64.0212
64.0213
64.0246
64.0258
64.0278
64.0291
64.0297
64.0309
64.0318
64.0334
64.0314
64.0328
64.0255
64.0342
1.26491
8.57242
27.8706
37.4219
41.1495
43.1642
44.7545
46.1693
47.468
48.6764
49.8222
50.9115
51.9521
52.9364
53.8633
54.7158
55.4895
56.171
56.7693
57.277
57.7076
58.0603
58.3556
58.5924
58.7883
58.9395
59.069
59.1669
59.2489
59.3064
59.3583
59.393
59.425
59.4396
59.4633
59.4747
59.4884
59.4881
59.4981
59.4984
59.5039
59.4957
59.5054
59.5053
59.5103
59.5014
59.5073
59.5034
59.5065
59.4947
59.5041
59.5036
59.5082
59.4975
59.504
59.5007
59.5048
59.4932
59.504
59.5045
59.5101
59.4997
59.5067
59.5043
59.509
59.4981
59.5098
59.5114
59.5177
59.508
59.5154
59.5136
59.5186
59.5097
59.5225
59.5256
59.5319
59.5236
59.5312
59.5299
59.534
59.5273
59.54
59.543
59.5483
59.5421
59.5506
59.55
59.5538
59.5495
59.5617
59.5645
59.5688
59.5644
59.5722
59.572
59.5753
59.5727
59.5829
59.5852
59.5887
59.5865
59.5925
59.5933
59.5961
59.5954
59.6019
59.6041
59.6071
59.6073
59.6104
59.6116
59.6135
59.6148
59.6154
59.6165
59.6175
59.619
59.617
59.6184
59.6116
59.6197
1.6035
8.27649
25.9252
34.6921
38.1129
39.9692
41.4373
42.7432
43.9411
45.0551
46.1112
47.1148
48.0729
48.9784
49.8299
50.6118
51.32
51.9425
52.4877
52.9494
53.3402
53.6596
53.9265
54.14
54.3164
54.4521
54.5682
54.6557
54.729
54.7799
54.826
54.8565
54.8849
54.8973
54.9184
54.9282
54.9403
54.9395
54.9484
54.9484
54.9532
54.9455
54.9543
54.9541
54.9587
54.9503
54.9558
54.9521
54.955
54.944
54.9527
54.9522
54.9565
54.9466
54.9526
54.9496
54.9533
54.9426
54.9526
54.9531
54.9583
54.9487
54.9552
54.9531
54.9574
54.9474
54.9582
54.9598
54.9656
54.9566
54.9635
54.9619
54.9666
54.9584
54.9703
54.9732
54.9791
54.9713
54.9784
54.9773
54.9811
54.9749
54.9868
54.9896
54.9946
54.9888
54.9967
54.9962
54.9997
54.9959
55.0073
55.0099
55.0138
55.0098
55.0171
55.0169
55.02
55.0177
55.0271
55.0293
55.0326
55.0306
55.0362
55.0369
55.0396
55.0391
55.0451
55.0472
55.05
55.0502
55.0532
55.0543
55.0561
55.0573
55.0579
55.059
55.0599
55.0613
55.0595
55.0608
55.0544
55.062
2.0809
7.84493
23.7169
31.6988
34.8193
36.5177
37.8617
39.0561
40.1509
41.1685
42.1327
43.0487
43.9227
44.748
45.5234
46.2345
46.8776
47.4418
47.9353
48.3525
48.7051
48.9928
49.2329
49.4246
49.5828
49.7043
49.8081
49.8861
49.9514
49.9966
50.0375
50.0644
50.0895
50.1002
50.1188
50.1274
50.138
50.137
50.1449
50.1446
50.1489
50.1417
50.1496
50.1494
50.1536
50.1459
50.1508
50.1474
50.15
50.14
50.148
50.1475
50.1514
50.1424
50.1478
50.1451
50.1485
50.1388
50.1479
50.1484
50.1531
50.1444
50.1503
50.1484
50.1523
50.1432
50.1531
50.1546
50.1599
50.1517
50.158
50.1566
50.1609
50.1535
50.1644
50.1671
50.1724
50.1654
50.1719
50.1709
50.1744
50.1689
50.1797
50.1823
50.1869
50.1816
50.1889
50.1885
50.1917
50.1883
50.1987
50.2011
50.2048
50.2012
50.2077
50.2077
50.2105
50.2085
50.2171
50.2192
50.2222
50.2204
50.2255
50.2263
50.2287
50.2283
50.2338
50.2358
50.2384
50.2386
50.2413
50.2424
50.2441
50.2452
50.2457
50.2468
50.2476
50.249
50.2474
50.2485
50.2427
50.2495
2.7172
7.31723
21.1967
28.3397
31.1443
32.6745
33.8845
34.9587
35.9422
36.856
37.7214
38.5432
39.327
40.0667
40.7612
41.3976
41.9725
42.4765
42.9168
43.2886
43.6025
43.8585
44.0718
44.242
44.3824
44.49
44.5818
44.6508
44.7084
44.7482
44.7842
44.8079
44.8299
44.8391
44.8555
44.8629
44.8722
44.8712
44.878
44.8777
44.8814
44.875
44.882
44.8817
44.8854
44.8785
44.8829
44.8799
44.8821
44.8732
44.8803
44.8799
44.8833
44.8753
44.8802
44.8777
44.8808
44.8721
44.8802
44.8807
44.8849
44.8772
44.8824
44.8807
44.8843
44.8762
44.885
44.8864
44.8911
44.8838
44.8894
44.8882
44.8921
44.8855
44.8952
44.8977
44.9025
44.8963
44.902
44.9012
44.9044
44.8995
44.9091
44.9115
44.9156
44.911
44.9175
44.9171
44.92
44.917
44.9263
44.9286
44.9318
44.9286
44.9345
44.9345
44.9371
44.9353
44.943
44.9449
44.9476
44.9461
44.9506
44.9513
44.9536
44.9532
44.9582
44.96
44.9623
44.9626
44.965
44.966
44.9675
44.9686
44.9691
44.97
44.9708
44.972
44.9706
44.9716
44.9664
44.9725
3.56145
6.75094
18.2126
24.3682
26.8028
28.1344
29.1858
30.118
30.971
31.763
32.5127
33.2244
33.903
34.5433
35.1442
35.6946
36.1917
36.6272
37.0075
37.3286
37.5995
37.8203
38.0043
38.151
38.2719
38.3646
38.4436
38.5029
38.5525
38.5867
38.6176
38.6378
38.6567
38.6646
38.6785
38.6849
38.6928
38.6919
38.6977
38.6974
38.7006
38.6951
38.701
38.7008
38.7039
38.698
38.7017
38.6991
38.701
38.6935
38.6994
38.6991
38.702
38.6952
38.6993
38.6972
38.6999
38.6925
38.6994
38.6998
38.7034
38.6968
38.7013
38.6999
38.7029
38.696
38.7035
38.7047
38.7088
38.7026
38.7074
38.7064
38.7097
38.7041
38.7124
38.7146
38.7187
38.7135
38.7184
38.7177
38.7204
38.7163
38.7245
38.7267
38.7301
38.7262
38.7318
38.7315
38.7341
38.7315
38.7395
38.7415
38.7443
38.7416
38.7466
38.7467
38.7489
38.7474
38.754
38.7557
38.7581
38.7568
38.7607
38.7613
38.7633
38.763
38.7672
38.7688
38.7709
38.7711
38.7732
38.7741
38.7754
38.7763
38.7768
38.7776
38.7783
38.7794
38.7782
38.7791
38.7746
38.7797
4.80589
6.26369
14.3128
19.0735
20.9828
22.0319
22.8602
23.5943
24.2659
24.8896
25.48
26.0405
26.575
27.0794
27.5528
27.9866
28.3784
28.7217
29.0214
29.2747
29.4883
29.6625
29.8075
29.9233
30.0186
30.0918
30.154
30.2009
30.24
30.267
30.2913
30.3073
30.3221
30.3285
30.3393
30.3444
30.3506
30.35
30.3544
30.3543
30.3567
30.3525
30.3569
30.3569
30.3592
30.3547
30.3575
30.3555
30.357
30.3512
30.3557
30.3555
30.3577
30.3525
30.3556
30.354
30.356
30.3504
30.3557
30.356
30.3588
30.3538
30.3571
30.3561
30.3584
30.3532
30.3589
30.3599
30.363
30.3583
30.3619
30.3613
30.3638
30.3596
30.3659
30.3677
30.3709
30.3669
30.3706
30.3702
30.3723
30.3692
30.3755
30.3772
30.3799
30.377
30.3812
30.3811
30.3831
30.3812
30.3873
30.3889
30.3911
30.3891
30.3929
30.3931
30.3948
30.3937
30.3988
30.4001
30.402
30.4011
30.404
30.4046
30.4061
30.406
30.4092
30.4106
30.4121
30.4124
30.414
30.4148
30.4158
30.4166
30.4169
30.4176
30.4182
30.419
30.4181
30.4188
30.4154
30.4192
6.04311
5.71767
8.24212
10.0912
10.8749
11.3326
11.7084
12.0492
12.3653
12.6625
12.9463
13.2179
13.4783
13.7254
13.9582
14.1724
14.3663
14.537
14.6859
14.8123
14.9187
15.006
15.0784
15.1365
15.1841
15.2211
15.2519
15.2756
15.295
15.3088
15.3208
15.3291
15.3362
15.3399
15.3449
15.3476
15.3504
15.3506
15.3524
15.3526
15.3535
15.352
15.3537
15.3538
15.3546
15.3529
15.3538
15.3531
15.3535
15.3513
15.3529
15.353
15.3538
15.3518
15.3528
15.3523
15.353
15.3509
15.3529
15.3532
15.3542
15.3523
15.3536
15.3533
15.3542
15.3523
15.3545
15.3552
15.3564
15.3547
15.356
15.356
15.357
15.3556
15.3582
15.3592
15.3605
15.3591
15.3606
15.3606
15.3615
15.3605
15.3632
15.3642
15.3653
15.3644
15.3661
15.3663
15.3672
15.3667
15.3693
15.3703
15.3712
15.3706
15.3722
15.3726
15.3733
15.3732
15.3753
15.3762
15.377
15.3769
15.3782
15.3787
15.3794
15.3796
15.381
15.3818
15.3826
15.3829
15.3837
15.3842
15.3847
15.3852
15.3855
15.3859
15.3863
15.3868
15.3865
15.3869
15.3854
15.3874
)
;

boundaryField
{
    lowerWall
    {
        type            kqRWallFunction;
        value           nonuniform List<scalar> 
122
(
6.04289
5.69865
8.18353
10.0612
10.8529
11.3122
11.6902
12.0342
12.3537
12.6543
12.9424
13.2181
13.4817
13.7316
13.9669
14.1832
14.3778
14.5484
14.6984
14.8252
14.9309
15.0174
15.0897
15.1479
15.1944
15.23
15.2619
15.2862
15.3046
15.3177
15.33
15.3386
15.3448
15.3468
15.3536
15.3573
15.3592
15.3583
15.3609
15.3616
15.3613
15.3577
15.3618
15.3632
15.363
15.3599
15.3618
15.362
15.3609
15.3562
15.3605
15.3622
15.3618
15.3581
15.3604
15.3609
15.3599
15.355
15.36
15.3622
15.3619
15.3581
15.3606
15.3611
15.3603
15.356
15.3616
15.364
15.3638
15.36
15.3627
15.3632
15.3625
15.359
15.365
15.3676
15.3675
15.3644
15.3674
15.3678
15.367
15.3644
15.3701
15.3724
15.3721
15.3697
15.3731
15.3735
15.3729
15.3711
15.3764
15.3783
15.378
15.3762
15.3791
15.3796
15.3792
15.3781
15.3824
15.3838
15.3838
15.3828
15.385
15.3856
15.3857
15.3852
15.3879
15.389
15.3894
15.3893
15.3904
15.3911
15.3915
15.3919
15.392
15.3925
15.3933
15.3939
15.3932
15.3935
15.3935
15.3949
)
;
    }
    upperWall
    {
        type            kqRWallFunction;
        value           nonuniform List<scalar> 
122
(
6.04311
5.71767
8.24212
10.0912
10.8749
11.3326
11.7084
12.0492
12.3653
12.6625
12.9463
13.2179
13.4783
13.7254
13.9582
14.1724
14.3663
14.537
14.6859
14.8123
14.9187
15.006
15.0784
15.1365
15.1841
15.2211
15.2519
15.2756
15.295
15.3088
15.3208
15.3291
15.3362
15.3399
15.3449
15.3476
15.3504
15.3506
15.3524
15.3526
15.3535
15.352
15.3537
15.3538
15.3546
15.3529
15.3538
15.3531
15.3535
15.3513
15.3529
15.353
15.3538
15.3518
15.3528
15.3523
15.353
15.3509
15.3529
15.3532
15.3542
15.3523
15.3536
15.3533
15.3542
15.3523
15.3545
15.3552
15.3564
15.3547
15.356
15.356
15.357
15.3556
15.3582
15.3592
15.3605
15.3591
15.3606
15.3606
15.3615
15.3605
15.3632
15.3642
15.3653
15.3644
15.3661
15.3663
15.3672
15.3667
15.3693
15.3703
15.3712
15.3706
15.3722
15.3726
15.3733
15.3732
15.3753
15.3762
15.377
15.3769
15.3782
15.3787
15.3794
15.3796
15.381
15.3818
15.3826
15.3829
15.3837
15.3842
15.3847
15.3852
15.3855
15.3859
15.3863
15.3868
15.3865
15.3869
15.3854
15.3874
)
;
    }
    inlet
    {
        type            turbulentIntensityKineticEnergyInlet;
        intensity       0.0223;
        value           uniform 0.91377;
    }
    outlet
    {
        type            zeroGradient;
    }
    frontAndBack
    {
        type            empty;
    }
}


// ************************************************************************* //
