/*--------------------------------*- C++ -*----------------------------------*\
  =========                 |
  \\      /  F ield         | OpenFOAM: The Open Source CFD Toolbox
   \\    /   O peration     | Website:  https://openfoam.org
    \\  /    A nd           | Version:  8
     \\/     M anipulation  |
\*---------------------------------------------------------------------------*/
FoamFile
{
    version     2.0;
    format      ascii;
    class       volScalarField;
    location    "100";
    object      nut;
}
// * * * * * * * * * * * * * * * * * * * * * * * * * * * * * * * * * * * * * //

dimensions      [0 2 -1 0 0 0 0];

internalField   nonuniform List<scalar> 
7320
(
0.000285553
0.000275107
0.000325036
0.000362588
0.00037791
0.000386491
0.000393317
0.000399386
0.000404928
0.000410064
0.000414919
0.000419509
0.000423852
0.000427938
0.000431761
0.000435262
0.000438405
0.000441163
0.000443583
0.000445634
0.000447348
0.000448755
0.000449932
0.000450884
0.000451648
0.00045224
0.000452764
0.000453168
0.000453478
0.000453703
0.000453908
0.000454058
0.000454166
0.00045421
0.000454319
0.000454383
0.000454418
0.000454412
0.000454452
0.000454468
0.000454466
0.000454417
0.000454475
0.000454497
0.000454496
0.000454452
0.000454479
0.000454483
0.000454466
0.0004544
0.00045446
0.000454484
0.000454479
0.000454427
0.000454458
0.000454465
0.000454451
0.000454383
0.000454452
0.000454484
0.00045448
0.000454426
0.00045446
0.000454467
0.000454457
0.000454396
0.000454473
0.000454508
0.000454506
0.000454452
0.000454489
0.000454497
0.000454487
0.000454439
0.000454522
0.000454559
0.000454559
0.000454515
0.000454557
0.000454563
0.000454553
0.000454515
0.000454595
0.000454628
0.000454625
0.000454592
0.000454639
0.000454645
0.000454637
0.000454612
0.000454686
0.000454713
0.00045471
0.000454686
0.000454726
0.000454733
0.000454729
0.000454712
0.000454773
0.000454793
0.000454793
0.00045478
0.00045481
0.00045482
0.000454821
0.000454815
0.000454852
0.000454869
0.000454875
0.000454874
0.000454889
0.000454898
0.000454905
0.000454911
0.000454912
0.00045492
0.00045493
0.00045494
0.00045493
0.000454934
0.000454934
0.000454951
0.000558951
0.000960376
0.00277119
0.0035804
0.00387791
0.0040275
0.00413583
0.00422622
0.0043054
0.00437624
0.00444157
0.00450177
0.00455768
0.00460944
0.00465757
0.00470111
0.00473997
0.00477382
0.00480393
0.00482913
0.00485015
0.00486731
0.00488202
0.00489369
0.00490309
0.0049102
0.00491717
0.0049222
0.00492604
0.00492864
0.00493145
0.00493324
0.00493451
0.00493472
0.00493667
0.0049375
0.0049379
0.00493752
0.00493833
0.00493845
0.00493832
0.00493728
0.0049387
0.00493903
0.00493896
0.00493801
0.00493872
0.00493868
0.00493832
0.00493699
0.00493851
0.00493888
0.00493872
0.00493761
0.00493842
0.00493842
0.00493807
0.00493669
0.00493836
0.00493884
0.00493866
0.0049375
0.00493835
0.00493834
0.00493804
0.00493678
0.00493853
0.00493903
0.00493885
0.00493766
0.00493853
0.00493851
0.00493822
0.00493716
0.00493899
0.00493948
0.0049393
0.0049383
0.00493922
0.00493914
0.00493882
0.00493797
0.00493967
0.00494005
0.00493985
0.00493905
0.00494004
0.00493993
0.00493965
0.00493903
0.00494056
0.00494085
0.00494064
0.00494004
0.00494087
0.0049408
0.0049406
0.00494016
0.00494138
0.00494155
0.00494142
0.00494103
0.00494162
0.00494162
0.00494152
0.00494127
0.00494199
0.00494212
0.00494211
0.00494196
0.00494221
0.00494225
0.00494228
0.00494226
0.00494221
0.00494227
0.00494238
0.00494245
0.00494222
0.00494223
0.00494241
0.00494237
0.000753642
0.00209198
0.00695724
0.00900212
0.00979131
0.0102001
0.0104958
0.0107417
0.0109568
0.0111491
0.0113262
0.0114896
0.0116414
0.0117823
0.0119136
0.0120331
0.0121403
0.0122344
0.0123181
0.0123888
0.0124482
0.012497
0.0125388
0.0125723
0.0125994
0.0126204
0.0126401
0.0126547
0.0126661
0.0126741
0.0126821
0.0126875
0.0126914
0.0126927
0.0126977
0.0127001
0.0127014
0.0127008
0.0127029
0.0127033
0.0127031
0.0127008
0.012704
0.0127049
0.0127048
0.0127026
0.0127042
0.0127041
0.0127033
0.0127003
0.0127036
0.0127045
0.0127042
0.0127017
0.0127034
0.0127034
0.0127026
0.0126995
0.0127032
0.0127043
0.012704
0.0127014
0.0127032
0.0127032
0.0127026
0.0126998
0.0127037
0.0127048
0.0127045
0.0127018
0.0127037
0.0127037
0.0127031
0.0127008
0.0127049
0.0127061
0.0127057
0.0127035
0.0127055
0.0127054
0.0127048
0.012703
0.0127067
0.0127077
0.0127073
0.0127056
0.0127077
0.0127076
0.012707
0.0127057
0.0127091
0.0127098
0.0127094
0.0127081
0.01271
0.0127099
0.0127095
0.0127086
0.0127113
0.0127118
0.0127116
0.0127108
0.0127121
0.0127122
0.012712
0.0127115
0.0127131
0.0127135
0.0127135
0.0127132
0.0127138
0.012714
0.0127141
0.0127141
0.012714
0.0127141
0.0127144
0.0127146
0.0127141
0.0127141
0.0127145
0.0127143
0.000931222
0.00366916
0.0120498
0.0156891
0.0171772
0.0179679
0.018538
0.0190095
0.0194207
0.0197881
0.0201256
0.0204368
0.0207262
0.0209953
0.0212463
0.0214758
0.0216827
0.0218653
0.0220278
0.0221663
0.0222832
0.02238
0.0224625
0.0225294
0.0225839
0.0226264
0.0226653
0.0226949
0.0227181
0.0227348
0.0227508
0.022762
0.0227703
0.0227739
0.022783
0.0227879
0.0227908
0.0227905
0.022794
0.022795
0.0227949
0.0227915
0.0227965
0.0227981
0.022798
0.0227947
0.022797
0.0227969
0.0227955
0.0227908
0.0227959
0.0227974
0.0227969
0.022793
0.0227956
0.0227956
0.0227944
0.0227896
0.0227951
0.022797
0.0227965
0.0227925
0.0227952
0.0227952
0.0227943
0.0227901
0.022796
0.0227979
0.0227974
0.0227934
0.0227961
0.0227963
0.0227955
0.0227921
0.0227983
0.0228002
0.0227998
0.0227966
0.0227995
0.0227995
0.0227987
0.022796
0.0228017
0.0228034
0.0228029
0.0228004
0.0228036
0.0228036
0.0228029
0.0228011
0.0228062
0.0228075
0.022807
0.0228052
0.0228079
0.0228081
0.0228076
0.0228063
0.0228105
0.0228114
0.0228112
0.02281
0.022812
0.0228123
0.0228122
0.0228116
0.0228141
0.0228148
0.022815
0.0228146
0.0228155
0.0228159
0.0228161
0.0228162
0.0228162
0.0228165
0.022817
0.0228173
0.0228165
0.0228165
0.0228171
0.0228165
0.0010962
0.005554
0.0177824
0.0234445
0.025888
0.0272139
0.0281652
0.0289468
0.0296262
0.0302319
0.0307866
0.0312978
0.031773
0.0322152
0.0326279
0.0330064
0.033349
0.0336525
0.0339228
0.0341545
0.034351
0.0345147
0.0346538
0.0347676
0.0348605
0.0349338
0.0349993
0.0350503
0.0350904
0.03512
0.035147
0.0351667
0.0351815
0.0351891
0.0352032
0.0352118
0.0352172
0.0352176
0.0352229
0.0352248
0.0352251
0.0352208
0.0352275
0.0352299
0.0352301
0.0352256
0.0352285
0.0352284
0.0352265
0.0352202
0.0352267
0.0352289
0.0352284
0.0352232
0.0352263
0.0352263
0.0352246
0.0352183
0.0352254
0.0352282
0.0352276
0.0352223
0.0352256
0.0352258
0.0352247
0.0352192
0.0352268
0.0352296
0.035229
0.0352238
0.0352272
0.0352276
0.0352268
0.0352225
0.0352305
0.0352334
0.0352331
0.035229
0.0352326
0.0352329
0.035232
0.0352288
0.0352362
0.0352387
0.0352384
0.0352353
0.0352393
0.0352397
0.035239
0.0352369
0.0352434
0.0352455
0.0352451
0.0352429
0.0352464
0.0352469
0.0352466
0.0352452
0.0352505
0.035252
0.035252
0.0352507
0.0352533
0.035254
0.0352541
0.0352535
0.0352567
0.0352579
0.0352584
0.0352581
0.0352593
0.03526
0.0352605
0.0352608
0.0352607
0.0352613
0.035262
0.0352625
0.0352616
0.0352615
0.0352623
0.035261
0.0012837
0.00759316
0.0240136
0.0321996
0.0359121
0.0379635
0.0394276
0.0406224
0.0416565
0.0425762
0.0434157
0.0441884
0.0449059
0.0455736
0.0461966
0.0467694
0.047289
0.047751
0.0481623
0.0485167
0.0488183
0.0490707
0.0492849
0.0494611
0.0496055
0.0497205
0.0498213
0.0499011
0.0499641
0.0500115
0.0500533
0.0500847
0.0501083
0.0501219
0.0501423
0.0501559
0.0501648
0.0501668
0.0501741
0.0501774
0.0501783
0.0501735
0.0501816
0.0501852
0.0501858
0.0501804
0.0501835
0.0501834
0.050181
0.0501733
0.0501807
0.0501838
0.0501834
0.050177
0.0501803
0.0501802
0.0501782
0.0501706
0.0501788
0.0501826
0.050182
0.0501757
0.0501792
0.0501796
0.0501784
0.050172
0.0501808
0.0501846
0.0501842
0.050178
0.0501816
0.0501825
0.0501819
0.0501772
0.0501864
0.0501905
0.0501905
0.0501859
0.0501897
0.0501906
0.0501899
0.0501865
0.050195
0.0501987
0.0501987
0.0501953
0.0501999
0.0502009
0.0502005
0.0501984
0.050206
0.0502091
0.0502089
0.0502066
0.0502106
0.0502118
0.0502118
0.0502106
0.0502168
0.0502192
0.0502195
0.0502183
0.0502213
0.0502226
0.0502231
0.0502228
0.0502266
0.0502285
0.0502294
0.0502294
0.0502309
0.050232
0.0502329
0.0502336
0.0502336
0.0502344
0.0502354
0.0502362
0.0502352
0.0502349
0.050236
0.0502334
0.00156713
0.00964692
0.0306148
0.0418919
0.0472484
0.0502588
0.0523965
0.0541287
0.0556208
0.0569439
0.0581475
0.0592535
0.0602788
0.0612324
0.0621214
0.0629399
0.0636834
0.0643463
0.0649361
0.0654466
0.0658823
0.0662481
0.0665583
0.0668148
0.0670256
0.0671946
0.0673407
0.0674579
0.0675509
0.0676217
0.0676827
0.0677294
0.0677649
0.0677869
0.067815
0.0678351
0.0678488
0.0678532
0.0678629
0.0678682
0.0678701
0.0678652
0.0678744
0.0678794
0.0678807
0.0678745
0.0678775
0.0678775
0.0678746
0.0678658
0.0678735
0.0678775
0.0678773
0.06787
0.067873
0.067873
0.0678708
0.0678621
0.0678708
0.0678756
0.0678753
0.0678682
0.0678715
0.0678722
0.0678712
0.0678643
0.0678736
0.0678785
0.0678784
0.0678718
0.0678751
0.0678765
0.0678765
0.0678718
0.0678818
0.0678871
0.0678878
0.067883
0.0678867
0.0678883
0.0678882
0.0678851
0.0678942
0.0678992
0.0678999
0.0678966
0.0679014
0.0679033
0.0679035
0.0679019
0.06791
0.0679143
0.0679147
0.0679126
0.0679169
0.067919
0.0679196
0.0679189
0.0679256
0.0679292
0.0679301
0.0679293
0.0679326
0.0679348
0.0679359
0.0679362
0.0679404
0.0679433
0.0679447
0.0679453
0.067947
0.0679488
0.0679502
0.0679513
0.0679515
0.0679527
0.0679542
0.0679553
0.0679544
0.0679538
0.0679551
0.0679506
0.00207791
0.0115911
0.037438
0.0524291
0.0598704
0.0641221
0.0671276
0.0695453
0.0716173
0.0734482
0.0751079
0.0766295
0.0780376
0.0793453
0.0805629
0.0816844
0.082704
0.0836146
0.0844244
0.0851277
0.0857293
0.0862361
0.0866655
0.0870221
0.087316
0.0875531
0.0877556
0.0879198
0.088051
0.0881517
0.0882369
0.0883032
0.088354
0.0883872
0.0884245
0.088453
0.0884729
0.0884811
0.0884935
0.0885013
0.0885048
0.0885003
0.0885101
0.0885169
0.0885192
0.0885127
0.0885151
0.0885151
0.0885119
0.0885022
0.0885095
0.0885146
0.0885148
0.088507
0.0885091
0.0885091
0.0885067
0.0884975
0.0885057
0.0885118
0.0885119
0.0885045
0.0885071
0.088508
0.0885075
0.0885007
0.0885098
0.0885159
0.0885163
0.0885096
0.0885121
0.0885144
0.0885152
0.0885112
0.0885212
0.088528
0.0885296
0.0885253
0.0885283
0.0885309
0.0885317
0.0885295
0.0885386
0.0885452
0.0885469
0.0885443
0.0885487
0.0885519
0.0885532
0.0885526
0.0885606
0.0885663
0.0885677
0.0885663
0.0885704
0.0885738
0.0885754
0.0885757
0.0885825
0.0885875
0.0885893
0.0885893
0.0885927
0.088596
0.0885981
0.0885993
0.0886038
0.0886078
0.08861
0.0886114
0.0886135
0.0886161
0.0886181
0.08862
0.0886205
0.0886222
0.0886242
0.0886257
0.0886251
0.0886241
0.0886256
0.0886185
0.00301341
0.0133133
0.0443026
0.0636718
0.0737062
0.0795361
0.0836419
0.0869204
0.0897144
0.0921737
0.0943945
0.0964255
0.0983004
0.100039
0.101654
0.103141
0.104494
0.105703
0.106777
0.107713
0.108515
0.109193
0.109766
0.110245
0.11064
0.110961
0.111232
0.111454
0.111632
0.11177
0.111885
0.111976
0.112046
0.112094
0.112142
0.112181
0.112209
0.112222
0.112238
0.112249
0.112255
0.112251
0.112261
0.11227
0.112274
0.112267
0.112269
0.112269
0.112265
0.112255
0.112261
0.112267
0.112268
0.11226
0.112261
0.112261
0.112259
0.112249
0.112256
0.112264
0.112264
0.112257
0.112258
0.11226
0.11226
0.112254
0.112262
0.112269
0.112271
0.112264
0.112265
0.112269
0.112271
0.112268
0.112277
0.112286
0.112289
0.112286
0.112287
0.112291
0.112293
0.112293
0.112301
0.112309
0.112313
0.112311
0.112315
0.11232
0.112323
0.112324
0.112331
0.112338
0.112341
0.112341
0.112344
0.112349
0.112353
0.112354
0.112361
0.112367
0.112371
0.112372
0.112375
0.11238
0.112383
0.112386
0.11239
0.112396
0.112399
0.112402
0.112404
0.112408
0.112411
0.112414
0.112414
0.112417
0.11242
0.112422
0.112421
0.11242
0.112422
0.112411
0.00460193
0.0147105
0.0509883
0.0754209
0.0886235
0.0964288
0.101911
0.106256
0.109937
0.113163
0.116065
0.11871
0.121146
0.123398
0.125487
0.127408
0.129154
0.130715
0.132102
0.133312
0.134352
0.135231
0.135976
0.1366
0.137116
0.137537
0.13789
0.138182
0.138417
0.138601
0.138752
0.138873
0.138967
0.139033
0.139094
0.139146
0.139184
0.139204
0.139224
0.139239
0.139247
0.139246
0.139256
0.139267
0.139272
0.139266
0.139266
0.139267
0.139263
0.139253
0.139256
0.139264
0.139266
0.139258
0.139257
0.139257
0.139254
0.139246
0.13925
0.139259
0.139261
0.139254
0.139253
0.139255
0.139256
0.139251
0.139258
0.139266
0.139269
0.139264
0.139263
0.139267
0.139271
0.13927
0.139278
0.139289
0.139293
0.139292
0.139292
0.139297
0.139301
0.139303
0.13931
0.13932
0.139325
0.139326
0.139328
0.139335
0.13934
0.139343
0.139349
0.139359
0.139363
0.139365
0.139367
0.139375
0.13938
0.139383
0.139389
0.139398
0.139403
0.139405
0.139409
0.139415
0.13942
0.139425
0.139429
0.139436
0.139441
0.139445
0.139448
0.139453
0.139457
0.139461
0.139463
0.139466
0.139469
0.139472
0.139473
0.139471
0.139473
0.139458
0.00701996
0.0156907
0.0572297
0.0874079
0.104417
0.11466
0.121844
0.127497
0.132256
0.136407
0.140124
0.143502
0.146602
0.149461
0.152104
0.154532
0.156736
0.158708
0.160456
0.161984
0.163299
0.164415
0.165359
0.166152
0.166811
0.167349
0.1678
0.168174
0.168477
0.168715
0.16891
0.169067
0.169189
0.169278
0.169355
0.169422
0.169473
0.169501
0.169526
0.169546
0.169558
0.16956
0.169569
0.169583
0.169591
0.169586
0.169584
0.169584
0.169581
0.169571
0.169571
0.16958
0.169583
0.169576
0.169572
0.169572
0.16957
0.169562
0.169564
0.169574
0.169577
0.169571
0.169568
0.169571
0.169573
0.16957
0.169573
0.169583
0.169588
0.169584
0.169581
0.169587
0.169592
0.169595
0.1696
0.169612
0.16962
0.16962
0.169618
0.169625
0.169632
0.169636
0.169641
0.169654
0.169662
0.169665
0.169666
0.169675
0.169682
0.169688
0.169692
0.169704
0.169711
0.169714
0.169716
0.169726
0.169733
0.169739
0.169744
0.169755
0.169762
0.169767
0.16977
0.169779
0.169786
0.169792
0.169797
0.169806
0.169813
0.169819
0.169822
0.169828
0.169834
0.16984
0.169842
0.169846
0.169851
0.169854
0.169856
0.169854
0.169856
0.169836
0.0103066
0.0161808
0.0627143
0.0992862
0.120795
0.134008
0.143276
0.15052
0.156578
0.161835
0.166519
0.170761
0.174641
0.178208
0.181495
0.184507
0.187238
0.189679
0.191841
0.193733
0.195363
0.196749
0.197922
0.198911
0.199734
0.20041
0.200973
0.201443
0.201825
0.202129
0.202374
0.202574
0.202732
0.202848
0.202944
0.20303
0.203095
0.203135
0.203165
0.203192
0.203209
0.203215
0.203223
0.20324
0.20325
0.203247
0.203243
0.203244
0.203241
0.203232
0.203228
0.203237
0.203242
0.203237
0.20323
0.203229
0.203228
0.203221
0.203218
0.203229
0.203234
0.203231
0.203224
0.203227
0.203231
0.203231
0.203231
0.203242
0.203248
0.203248
0.203241
0.203248
0.203256
0.203262
0.203265
0.203279
0.203289
0.203293
0.203288
0.203298
0.203307
0.203315
0.203317
0.203332
0.203343
0.203349
0.203348
0.20336
0.20337
0.20338
0.203382
0.203396
0.203406
0.203412
0.203413
0.203425
0.203435
0.203444
0.203447
0.203461
0.203471
0.203479
0.203481
0.203492
0.203502
0.203511
0.203516
0.203527
0.203536
0.203544
0.203548
0.203557
0.203564
0.203572
0.203575
0.203581
0.203586
0.203591
0.203594
0.203591
0.203594
0.203567
0.0143215
0.016143
0.0670832
0.110622
0.137368
0.154154
0.165951
0.175118
0.182732
0.189303
0.19513
0.200385
0.205173
0.20956
0.213587
0.217268
0.220598
0.223572
0.226203
0.228506
0.230492
0.232184
0.233618
0.234829
0.23584
0.236674
0.237367
0.237948
0.238423
0.238803
0.239109
0.23936
0.239558
0.239707
0.239826
0.239934
0.240017
0.240071
0.240109
0.240144
0.240167
0.240177
0.240184
0.240205
0.240219
0.240219
0.240213
0.240213
0.24021
0.240203
0.240194
0.240204
0.240211
0.240207
0.240197
0.240196
0.240195
0.24019
0.240183
0.240195
0.240202
0.2402
0.240191
0.240194
0.2402
0.240202
0.240198
0.240211
0.240219
0.240221
0.240212
0.24022
0.240231
0.24024
0.24024
0.240257
0.24027
0.240278
0.240271
0.240282
0.240294
0.240306
0.240306
0.240324
0.240338
0.240347
0.240345
0.24036
0.240373
0.240386
0.240387
0.240403
0.240416
0.240425
0.240425
0.24044
0.240453
0.240466
0.240468
0.240485
0.240498
0.240508
0.240511
0.240525
0.240537
0.24055
0.240554
0.240568
0.240579
0.24059
0.240595
0.240606
0.240615
0.240625
0.24063
0.240637
0.240644
0.24065
0.240655
0.240651
0.240655
0.240621
0.0187588
0.0155999
0.0699384
0.120883
0.153631
0.174665
0.189511
0.200991
0.210461
0.218588
0.225757
0.232195
0.238037
0.243369
0.248245
0.252688
0.256697
0.260272
0.263429
0.266193
0.268579
0.270616
0.272343
0.273805
0.27503
0.276044
0.276885
0.277594
0.278177
0.278645
0.279022
0.279332
0.279579
0.279768
0.279915
0.280048
0.280154
0.280224
0.280272
0.280316
0.280347
0.280364
0.280371
0.280395
0.280414
0.280416
0.280408
0.280409
0.280407
0.280401
0.280387
0.280398
0.280406
0.280405
0.280391
0.280389
0.28039
0.280387
0.280374
0.280386
0.280395
0.280397
0.280384
0.280388
0.280395
0.280401
0.280393
0.280406
0.280418
0.280423
0.28041
0.280419
0.280433
0.280447
0.280444
0.280462
0.28048
0.280491
0.280482
0.280495
0.28051
0.280527
0.280524
0.280544
0.280562
0.280576
0.280572
0.280589
0.280607
0.280624
0.280623
0.280642
0.280658
0.280671
0.28067
0.280687
0.280704
0.280721
0.280722
0.280742
0.280758
0.280772
0.280775
0.280792
0.280807
0.280823
0.280828
0.280844
0.280859
0.280873
0.280879
0.280892
0.280904
0.280916
0.280922
0.280931
0.28094
0.280948
0.280954
0.28095
0.280955
0.280913
0.0232096
0.0146706
0.0708652
0.12943
0.168947
0.194973
0.213468
0.227719
0.239401
0.24937
0.258115
0.265931
0.272994
0.279416
0.285263
0.290572
0.295349
0.2996
0.303347
0.306626
0.30946
0.311881
0.313938
0.315683
0.317149
0.318368
0.31938
0.320235
0.32094
0.321512
0.321972
0.322352
0.322657
0.322893
0.323073
0.323237
0.323368
0.32346
0.323521
0.323576
0.323617
0.323642
0.323649
0.323677
0.323701
0.323708
0.323698
0.3237
0.323699
0.323694
0.323675
0.323686
0.323696
0.323697
0.32368
0.323678
0.323679
0.323678
0.32366
0.323672
0.323684
0.323688
0.323672
0.323676
0.323685
0.323694
0.323682
0.323696
0.32371
0.323719
0.323704
0.323714
0.323731
0.323749
0.323743
0.323763
0.323784
0.3238
0.323789
0.323804
0.323823
0.323844
0.323839
0.323862
0.323884
0.323902
0.323897
0.323917
0.323939
0.323961
0.323957
0.323979
0.323999
0.324016
0.324015
0.324035
0.324056
0.324077
0.324077
0.3241
0.32412
0.324138
0.324141
0.32416
0.324179
0.324199
0.324204
0.324224
0.324242
0.324259
0.324267
0.324282
0.324296
0.324311
0.32432
0.324331
0.324341
0.324351
0.32436
0.324356
0.324361
0.324311
0.027258
0.0136152
0.0694752
0.135508
0.182527
0.214349
0.237177
0.25474
0.269059
0.281207
0.291806
0.301232
0.309714
0.317392
0.324354
0.33065
0.336297
0.34131
0.345719
0.349574
0.352907
0.355759
0.358185
0.360248
0.361986
0.363438
0.364644
0.365666
0.366514
0.367205
0.367763
0.368225
0.368598
0.368891
0.369112
0.369313
0.369475
0.369592
0.369669
0.369739
0.369791
0.369826
0.369836
0.369868
0.369898
0.36991
0.3699
0.369902
0.369902
0.369899
0.369876
0.369885
0.369898
0.369901
0.369882
0.369878
0.369881
0.369882
0.369859
0.36987
0.369884
0.369891
0.369873
0.369876
0.369887
0.369899
0.369884
0.369898
0.369915
0.369928
0.369911
0.369921
0.369941
0.369963
0.369955
0.369977
0.370002
0.370022
0.370011
0.370027
0.370049
0.370075
0.370069
0.370093
0.37012
0.370143
0.370138
0.37016
0.370185
0.370212
0.370208
0.370232
0.370256
0.370277
0.370276
0.370299
0.370323
0.370349
0.370349
0.370374
0.370399
0.370421
0.370425
0.370447
0.37047
0.370493
0.3705
0.370522
0.370543
0.370564
0.370574
0.370592
0.370609
0.370627
0.370638
0.370651
0.370664
0.370675
0.370687
0.370683
0.370689
0.37063
0.0305844
0.0128797
0.0654854
0.138246
0.193402
0.231866
0.259799
0.281311
0.298774
0.313509
0.326294
0.33761
0.347745
0.356881
0.365129
0.372558
0.379196
0.385072
0.390227
0.394729
0.39862
0.401956
0.404796
0.407217
0.409264
0.41098
0.41241
0.413625
0.414637
0.415468
0.41614
0.416699
0.417153
0.417513
0.417785
0.418029
0.418228
0.418376
0.418475
0.418562
0.41863
0.418677
0.418691
0.418729
0.418765
0.418783
0.418774
0.418777
0.418779
0.418778
0.418751
0.418759
0.418773
0.41878
0.418758
0.418754
0.418757
0.418759
0.418733
0.418742
0.418758
0.418768
0.418748
0.418751
0.418763
0.418779
0.41876
0.418774
0.418794
0.41881
0.418793
0.418802
0.418825
0.418851
0.418842
0.418864
0.418893
0.418919
0.418907
0.418924
0.41895
0.41898
0.418973
0.418999
0.41903
0.419058
0.419054
0.419078
0.419108
0.419139
0.419135
0.419161
0.419189
0.419215
0.419214
0.419239
0.419268
0.419298
0.419299
0.419327
0.419355
0.419381
0.419388
0.419412
0.419438
0.419466
0.419475
0.419499
0.419524
0.419549
0.419561
0.419582
0.419602
0.419623
0.419637
0.419652
0.419668
0.419681
0.419695
0.419692
0.4197
0.419632
0.0330382
0.0131182
0.0588375
0.136693
0.200397
0.246359
0.280252
0.306452
0.327666
0.345483
0.360863
0.374407
0.386484
0.397324
0.407067
0.415805
0.423584
0.430447
0.436451
0.441684
0.446206
0.450087
0.453396
0.456223
0.458622
0.460642
0.462331
0.463767
0.464971
0.465965
0.466774
0.467447
0.467998
0.468439
0.468775
0.469071
0.469315
0.469501
0.469628
0.469737
0.469823
0.469886
0.469908
0.469952
0.469995
0.470021
0.470015
0.470019
0.470024
0.470025
0.469995
0.470001
0.470017
0.470026
0.470004
0.469998
0.470001
0.470005
0.469976
0.469983
0.47
0.470013
0.469993
0.469994
0.470008
0.470025
0.470005
0.470018
0.47004
0.47006
0.470043
0.470052
0.470076
0.470106
0.470097
0.47012
0.470152
0.470183
0.470173
0.47019
0.470219
0.470253
0.470247
0.470274
0.470309
0.470342
0.470339
0.470365
0.470398
0.470434
0.470432
0.470459
0.470491
0.470521
0.470523
0.47055
0.470582
0.470616
0.470619
0.470649
0.470681
0.470712
0.470721
0.470748
0.470778
0.470809
0.470821
0.470848
0.470876
0.470905
0.470921
0.470944
0.470967
0.470991
0.471008
0.471026
0.471044
0.471059
0.471077
0.471074
0.471084
0.471007
0.034651
0.0151204
0.0498589
0.129914
0.202116
0.256379
0.297151
0.328884
0.354571
0.376071
0.394547
0.41074
0.425115
0.437963
0.449465
0.459735
0.468841
0.476847
0.483829
0.4899
0.495143
0.499646
0.503493
0.506786
0.50959
0.511962
0.513953
0.51565
0.517079
0.518267
0.519239
0.520051
0.520718
0.521258
0.521672
0.522032
0.522331
0.522564
0.522727
0.522864
0.522973
0.523055
0.52309
0.523142
0.523194
0.523229
0.523228
0.523235
0.523242
0.523246
0.523215
0.523219
0.523235
0.523247
0.523225
0.523218
0.523221
0.523227
0.523195
0.523199
0.523217
0.523233
0.523213
0.523213
0.523227
0.523247
0.523227
0.523238
0.523261
0.523285
0.523269
0.523277
0.523303
0.523336
0.523327
0.52335
0.523386
0.52342
0.523413
0.523431
0.523463
0.5235
0.523496
0.523524
0.523562
0.523599
0.5236
0.523627
0.523664
0.523704
0.523704
0.523733
0.523769
0.523803
0.523808
0.523836
0.523872
0.52391
0.523916
0.523947
0.523983
0.524018
0.524031
0.52406
0.524093
0.524129
0.524144
0.524173
0.524205
0.524238
0.524257
0.524283
0.524309
0.524337
0.524357
0.524378
0.524398
0.524416
0.524436
0.524436
0.524447
0.524362
0.0355876
0.019383
0.0394464
0.117218
0.19697
0.260152
0.308736
0.346943
0.377949
0.40386
0.42605
0.445413
0.462533
0.477774
0.491365
0.50345
0.514124
0.523474
0.531603
0.538651
0.544733
0.549959
0.554433
0.55827
0.561549
0.564336
0.566687
0.568694
0.570392
0.571814
0.572985
0.573965
0.574775
0.575436
0.57595
0.57639
0.576757
0.577048
0.577257
0.577431
0.57757
0.577677
0.577729
0.577793
0.577856
0.577902
0.577908
0.577919
0.57793
0.577938
0.577908
0.577909
0.577925
0.577939
0.577919
0.57791
0.577914
0.57792
0.577888
0.577889
0.577906
0.577923
0.577905
0.577904
0.577918
0.57794
0.57792
0.577929
0.577953
0.57798
0.577966
0.577974
0.578
0.578035
0.578029
0.578051
0.578089
0.578127
0.578125
0.578143
0.578177
0.578217
0.578216
0.578244
0.578285
0.578326
0.578332
0.57836
0.5784
0.578443
0.578447
0.578477
0.578516
0.578554
0.578563
0.578593
0.578631
0.578673
0.578683
0.578716
0.578756
0.578795
0.578812
0.578843
0.57888
0.578919
0.578938
0.578969
0.579005
0.579041
0.579064
0.579093
0.579123
0.579153
0.579177
0.579201
0.579224
0.579245
0.579268
0.57927
0.579284
0.579191
0.0360636
0.0251695
0.0292044
0.098585
0.183326
0.255555
0.312811
0.358491
0.395779
0.426964
0.453622
0.476806
0.497231
0.515353
0.531455
0.545722
0.558276
0.569234
0.578733
0.586947
0.594028
0.600116
0.605339
0.609829
0.613679
0.616968
0.619757
0.622143
0.624172
0.62588
0.627299
0.628488
0.629477
0.630289
0.630931
0.631474
0.631927
0.632291
0.632561
0.632782
0.63296
0.633099
0.633176
0.633256
0.633333
0.633393
0.63341
0.633427
0.633444
0.633456
0.633429
0.633428
0.633443
0.63346
0.633442
0.633433
0.633436
0.633443
0.633412
0.633408
0.633424
0.633443
0.633427
0.633425
0.633439
0.63346
0.633443
0.63345
0.633474
0.633502
0.633493
0.6335
0.633526
0.633562
0.633559
0.63358
0.633619
0.633661
0.633664
0.633683
0.633718
0.63376
0.633764
0.633791
0.633834
0.633879
0.63389
0.63392
0.633961
0.634008
0.634017
0.634047
0.634089
0.634131
0.634145
0.634176
0.634218
0.634263
0.634278
0.634312
0.634354
0.634397
0.634419
0.634453
0.634492
0.634535
0.634558
0.634592
0.634631
0.634671
0.634699
0.63473
0.634763
0.634797
0.634825
0.634852
0.634878
0.634901
0.634928
0.634933
0.634949
0.63485
0.0362731
0.0304622
0.0213296
0.075345
0.159928
0.240207
0.3067
0.360822
0.405433
0.442887
0.474915
0.502722
0.527156
0.548774
0.56793
0.584851
0.599695
0.612615
0.623789
0.633429
0.641735
0.648885
0.655033
0.660333
0.664895
0.668812
0.672152
0.675017
0.677463
0.679535
0.681269
0.682726
0.683944
0.684952
0.68576
0.686436
0.687001
0.687461
0.687812
0.688095
0.688325
0.688507
0.688619
0.688723
0.688818
0.688895
0.688928
0.688954
0.688978
0.688996
0.688975
0.688973
0.688988
0.689005
0.688992
0.688983
0.688985
0.688992
0.688963
0.688956
0.688969
0.688988
0.688976
0.688973
0.688986
0.689007
0.688993
0.688997
0.68902
0.689049
0.689044
0.689051
0.689076
0.689113
0.689114
0.689134
0.689173
0.689217
0.689226
0.689246
0.689282
0.689326
0.689335
0.689363
0.689406
0.689454
0.689472
0.689502
0.689546
0.689595
0.68961
0.689641
0.689685
0.68973
0.689751
0.689783
0.689826
0.689874
0.689895
0.68993
0.689975
0.690022
0.690049
0.690085
0.690127
0.690173
0.690202
0.690238
0.69028
0.690323
0.690356
0.69039
0.690426
0.690463
0.690495
0.690526
0.690555
0.690582
0.690611
0.69062
0.690638
0.690534
0.036352
0.0338306
0.0179942
0.0509739
0.12686
0.211836
0.287304
0.350606
0.40357
0.448376
0.486813
0.520208
0.549516
0.575403
0.598301
0.618485
0.636157
0.651514
0.664781
0.676221
0.686084
0.694592
0.701935
0.708284
0.713774
0.71851
0.722574
0.726068
0.729063
0.731614
0.733762
0.735574
0.737096
0.738363
0.739393
0.74025
0.740965
0.741552
0.742011
0.742381
0.742681
0.742921
0.743082
0.74322
0.743341
0.743441
0.743496
0.743536
0.74357
0.743597
0.743585
0.743584
0.743598
0.743617
0.743608
0.7436
0.743602
0.743609
0.743583
0.743573
0.743582
0.7436
0.743592
0.743588
0.7436
0.74362
0.743609
0.743612
0.743632
0.743661
0.743662
0.743669
0.743693
0.743729
0.743734
0.743754
0.743791
0.743836
0.743852
0.743874
0.74391
0.743956
0.74397
0.743998
0.744041
0.744091
0.744116
0.744148
0.744193
0.744244
0.744266
0.744298
0.744343
0.744391
0.744418
0.744453
0.744497
0.744548
0.744575
0.744612
0.744658
0.744708
0.744741
0.74478
0.744825
0.744873
0.744908
0.744946
0.74499
0.745037
0.745075
0.745113
0.745152
0.745192
0.745229
0.745263
0.745296
0.745325
0.745358
0.745371
0.745393
0.745285
0.0363768
0.0354112
0.0206097
0.0312579
0.0873561
0.169374
0.251482
0.323966
0.386076
0.43929
0.485256
0.525338
0.560556
0.591659
0.619156
0.643379
0.664582
0.683015
0.698964
0.712746
0.724667
0.734996
0.743955
0.751738
0.7585
0.764362
0.769418
0.773779
0.77753
0.780737
0.783455
0.785755
0.787693
0.789316
0.790649
0.791757
0.792681
0.793443
0.794051
0.794542
0.794941
0.795262
0.795492
0.79568
0.79584
0.79597
0.796055
0.796116
0.796166
0.796205
0.796206
0.79621
0.796225
0.796244
0.796241
0.796236
0.796237
0.796244
0.796223
0.796211
0.796216
0.796231
0.796227
0.796223
0.796232
0.796252
0.796245
0.796246
0.796263
0.79629
0.796296
0.796304
0.796327
0.796361
0.796371
0.79639
0.796425
0.79647
0.796492
0.796516
0.796553
0.796599
0.796619
0.796648
0.796691
0.796742
0.796772
0.796807
0.796853
0.796906
0.796935
0.796969
0.797014
0.797065
0.797098
0.797136
0.797182
0.797235
0.797268
0.797307
0.797355
0.797407
0.797446
0.797488
0.797536
0.797587
0.797627
0.797669
0.797715
0.797765
0.797807
0.79785
0.797892
0.797936
0.797977
0.798015
0.798052
0.798085
0.798122
0.79814
0.798165
0.798056
0.036383
0.0359874
0.0276798
0.0218648
0.0501049
0.115646
0.197384
0.276972
0.348205
0.410577
0.465116
0.513027
0.55532
0.592751
0.625883
0.655108
0.680745
0.703117
0.722582
0.739519
0.75428
0.767171
0.778435
0.788282
0.796881
0.80437
0.81086
0.816472
0.821307
0.825454
0.828984
0.831978
0.834509
0.836636
0.838399
0.839865
0.841086
0.842097
0.842915
0.843578
0.844119
0.844555
0.844885
0.845147
0.845363
0.84554
0.845665
0.845758
0.845831
0.845888
0.845908
0.845921
0.845939
0.845961
0.845965
0.845962
0.845965
0.845973
0.845955
0.845943
0.845944
0.845956
0.845954
0.845951
0.845959
0.845976
0.845972
0.845973
0.845986
0.846011
0.84602
0.84603
0.846051
0.846084
0.846097
0.846117
0.846149
0.846192
0.84622
0.846247
0.846284
0.84633
0.846356
0.846386
0.846428
0.846479
0.846516
0.846554
0.846601
0.846655
0.84669
0.846728
0.846774
0.846826
0.846865
0.846906
0.846955
0.847009
0.847048
0.84709
0.84714
0.847194
0.847239
0.847285
0.847335
0.847389
0.847435
0.84748
0.847529
0.847582
0.847629
0.847676
0.847723
0.84777
0.847815
0.847858
0.847899
0.847937
0.847977
0.848002
0.84803
0.847921
0.0363838
0.0361539
0.0333712
0.0242828
0.0277216
0.0624553
0.128384
0.207536
0.285386
0.356586
0.420266
0.476965
0.527467
0.572434
0.612378
0.647755
0.678973
0.706463
0.73067
0.752019
0.770881
0.787554
0.802272
0.815233
0.826611
0.836556
0.845199
0.85268
0.85913
0.864666
0.869386
0.873395
0.876788
0.879645
0.882028
0.884012
0.885664
0.887035
0.888154
0.889067
0.889812
0.890416
0.890887
0.891259
0.891561
0.891806
0.891989
0.892128
0.892236
0.892321
0.892365
0.892394
0.892422
0.892449
0.892459
0.892463
0.892468
0.892477
0.892464
0.892452
0.892451
0.892459
0.892457
0.892455
0.892461
0.892476
0.892474
0.892475
0.892486
0.892507
0.892519
0.89253
0.892551
0.892581
0.892597
0.892617
0.892647
0.892688
0.892719
0.892749
0.892787
0.892833
0.892863
0.892896
0.892938
0.892988
0.893029
0.893071
0.89312
0.893175
0.893216
0.893257
0.893304
0.893358
0.893403
0.893448
0.893499
0.893556
0.893601
0.893647
0.893698
0.893754
0.893805
0.893855
0.893908
0.893965
0.894016
0.894066
0.894119
0.894174
0.894227
0.894278
0.894329
0.89438
0.894431
0.894479
0.894525
0.894568
0.894613
0.894644
0.894677
0.894573
0.0363834
0.0361907
0.0355425
0.0318256
0.0254865
0.0308362
0.0623618
0.121871
0.196411
0.272571
0.344297
0.409925
0.469346
0.522906
0.57087
0.613711
0.651992
0.686303
0.71717
0.744997
0.77007
0.792578
0.812668
0.830479
0.846166
0.859889
0.871815
0.882122
0.89099
0.898585
0.905055
0.910546
0.915189
0.9191
0.92237
0.925096
0.927366
0.929249
0.930797
0.932064
0.9331
0.933942
0.934611
0.935143
0.93557
0.935913
0.936179
0.936383
0.936542
0.936666
0.936744
0.9368
0.936843
0.936879
0.936899
0.936911
0.936921
0.936931
0.936923
0.936914
0.936911
0.936915
0.936914
0.936913
0.936918
0.93693
0.936929
0.93693
0.936939
0.936956
0.936969
0.936982
0.937002
0.937029
0.937046
0.937067
0.937096
0.937133
0.937166
0.937199
0.937238
0.937284
0.937318
0.937354
0.937396
0.937445
0.93749
0.937535
0.937586
0.937642
0.937688
0.937734
0.937784
0.937839
0.937889
0.937939
0.937993
0.938051
0.938102
0.938153
0.938207
0.938265
0.938321
0.938376
0.938433
0.938494
0.93855
0.938605
0.938661
0.93872
0.938778
0.938834
0.93889
0.938946
0.939002
0.939056
0.939108
0.939157
0.939208
0.939246
0.939284
0.939186
0.0363828
0.0361952
0.0360458
0.0353389
0.0327961
0.0283131
0.0302313
0.0509147
0.0962728
0.161097
0.233716
0.305465
0.372935
0.435282
0.492254
0.544073
0.591598
0.635596
0.67651
0.714451
0.749344
0.781063
0.809543
0.834818
0.857027
0.876374
0.893104
0.907486
0.919792
0.930277
0.939174
0.946699
0.953044
0.958376
0.962835
0.966552
0.969644
0.972208
0.97432
0.976053
0.977472
0.978628
0.979555
0.980297
0.980892
0.981368
0.98174
0.98203
0.982258
0.982434
0.982556
0.982646
0.982712
0.982764
0.982797
0.982819
0.982836
0.982849
0.982846
0.982841
0.982839
0.98284
0.982838
0.982837
0.982841
0.98285
0.982849
0.982851
0.982859
0.982873
0.982885
0.982898
0.982918
0.982943
0.98296
0.982982
0.98301
0.983044
0.983077
0.983112
0.983152
0.983197
0.983233
0.983273
0.983317
0.983365
0.983412
0.98346
0.983513
0.98357
0.983619
0.983671
0.983724
0.983781
0.983835
0.98389
0.983948
0.984009
0.984064
0.98412
0.984179
0.98424
0.984299
0.984359
0.984421
0.984485
0.984546
0.984606
0.984668
0.98473
0.984793
0.984854
0.984916
0.984977
0.985039
0.985098
0.985157
0.985212
0.985269
0.985315
0.985359
0.985269
0.0363823
0.0361935
0.0361204
0.0360191
0.0356715
0.0346077
0.0321681
0.0303132
0.0372013
0.0612647
0.105584
0.166017
0.234131
0.302823
0.368996
0.432302
0.493706
0.553461
0.610953
0.665173
0.715209
0.760472
0.800736
0.836077
0.866775
0.893226
0.91587
0.935161
0.951532
0.965381
0.977063
0.986892
0.995143
1.00205
1.00782
1.01262
1.01661
1.01991
1.02263
1.02486
1.02669
1.02818
1.02939
1.03035
1.03113
1.03175
1.03223
1.03262
1.03292
1.03315
1.03331
1.03344
1.03354
1.03361
1.03365
1.03369
1.03371
1.03373
1.03373
1.03373
1.03373
1.03373
1.03373
1.03372
1.03373
1.03373
1.03373
1.03373
1.03374
1.03375
1.03376
1.03378
1.0338
1.03382
1.03384
1.03386
1.03389
1.03392
1.03395
1.03399
1.03403
1.03407
1.03411
1.03415
1.03419
1.03424
1.03429
1.03434
1.0344
1.03445
1.0345
1.03456
1.03462
1.03468
1.03473
1.03479
1.03485
1.03492
1.03497
1.03504
1.0351
1.03516
1.03522
1.03529
1.03535
1.03542
1.03548
1.03555
1.03562
1.03568
1.03575
1.03581
1.03588
1.03595
1.03601
1.03608
1.03614
1.0362
1.03626
1.03631
1.03636
1.03628
0.036382
0.036192
0.0361253
0.0360921
0.0360385
0.0359331
0.0356978
0.0351278
0.0339516
0.0332571
0.0383013
0.0561804
0.0917873
0.146493
0.217639
0.299694
0.386108
0.471455
0.552062
0.625855
0.691936
0.750172
0.800886
0.84465
0.882154
0.914119
0.941243
0.964181
0.983526
0.999803
1.01347
1.02493
1.03451
1.04252
1.04919
1.05473
1.05933
1.06313
1.06626
1.06883
1.07093
1.07265
1.07404
1.07515
1.07605
1.07676
1.07733
1.07777
1.07811
1.07838
1.07858
1.07873
1.07884
1.07893
1.07898
1.07902
1.07905
1.07907
1.07908
1.07908
1.07908
1.07908
1.07908
1.07908
1.07908
1.07908
1.07908
1.07909
1.07909
1.0791
1.07911
1.07913
1.07914
1.07916
1.07918
1.0792
1.07923
1.07926
1.07929
1.07933
1.07937
1.07941
1.07945
1.07949
1.07953
1.07958
1.07963
1.07968
1.07974
1.07979
1.07984
1.0799
1.07996
1.08002
1.08008
1.08014
1.0802
1.08026
1.08033
1.08039
1.08045
1.08052
1.08058
1.08065
1.08071
1.08078
1.08085
1.08092
1.08098
1.08105
1.08112
1.08119
1.08125
1.08132
1.08139
1.08146
1.08152
1.08158
1.08165
1.0817
1.08175
1.08167
0.036382
0.0361921
0.0361254
0.036092
0.0360379
0.0359315
0.0356945
0.0351235
0.0339579
0.0333326
0.0385464
0.0566333
0.0923554
0.146967
0.217824
0.299462
0.385467
0.470492
0.550883
0.624553
0.690579
0.748804
0.799536
0.843332
0.880874
0.912877
0.94004
0.963013
0.98239
0.998697
1.01239
1.02387
1.03347
1.04149
1.04818
1.05373
1.05834
1.06215
1.06529
1.06787
1.06998
1.0717
1.07309
1.07421
1.07511
1.07582
1.07639
1.07684
1.07718
1.07745
1.07765
1.07781
1.07792
1.078
1.07806
1.0781
1.07812
1.07814
1.07815
1.07816
1.07816
1.07816
1.07816
1.07816
1.07815
1.07816
1.07816
1.07816
1.07817
1.07818
1.07819
1.0782
1.07822
1.07824
1.07826
1.07828
1.07831
1.07834
1.07837
1.0784
1.07844
1.07847
1.07852
1.07856
1.0786
1.07865
1.0787
1.07875
1.0788
1.07885
1.0789
1.07896
1.07902
1.07908
1.07914
1.0792
1.07926
1.07932
1.07938
1.07944
1.0795
1.07957
1.07963
1.0797
1.07976
1.07983
1.07989
1.07996
1.08002
1.08009
1.08016
1.08023
1.08029
1.08036
1.08042
1.08049
1.08055
1.08062
1.08068
1.08074
1.08079
1.08071
0.0363824
0.0361938
0.03612
0.0360152
0.0356576
0.0345705
0.0321136
0.0303769
0.0376173
0.0621541
0.106838
0.167315
0.235124
0.303269
0.368724
0.431285
0.491968
0.551079
0.608049
0.661896
0.711695
0.756832
0.797053
0.832405
0.863146
0.889656
0.912369
0.931731
0.948169
0.96208
0.973819
0.983699
0.991993
0.998942
1.00475
1.00958
1.0136
1.01692
1.01966
1.02191
1.02376
1.02526
1.02648
1.02746
1.02824
1.02886
1.02936
1.02974
1.03004
1.03028
1.03046
1.03059
1.03068
1.03076
1.03081
1.03084
1.03086
1.03088
1.03089
1.03089
1.03089
1.03089
1.03089
1.03089
1.03089
1.03089
1.0309
1.0309
1.03091
1.03092
1.03093
1.03094
1.03096
1.03098
1.031
1.03102
1.03105
1.03107
1.0311
1.03114
1.03117
1.03121
1.03125
1.03129
1.03133
1.03137
1.03142
1.03146
1.03151
1.03156
1.03162
1.03167
1.03172
1.03178
1.03183
1.03189
1.03195
1.03201
1.03207
1.03212
1.03218
1.03224
1.0323
1.03236
1.03243
1.03249
1.03255
1.03261
1.03267
1.03274
1.0328
1.03286
1.03293
1.03299
1.03305
1.03311
1.03317
1.03323
1.03329
1.03335
1.03339
1.03331
0.036383
0.0361956
0.0360386
0.0353015
0.0326933
0.0282334
0.030517
0.0518432
0.0978162
0.16285
0.235219
0.306444
0.373266
0.434905
0.49111
0.542191
0.589015
0.632363
0.672713
0.710201
0.744755
0.776242
0.804582
0.82979
0.851979
0.87134
0.888107
0.90254
0.9149
0.925439
0.934391
0.941966
0.948355
0.953727
0.958228
0.961984
0.965106
0.967695
0.969832
0.971587
0.973021
0.974191
0.975137
0.975897
0.976502
0.976984
0.977365
0.977662
0.977892
0.978071
0.978206
0.978306
0.978375
0.978428
0.978464
0.978488
0.978503
0.978516
0.978525
0.978528
0.978526
0.978527
0.978527
0.978529
0.97853
0.978536
0.978543
0.978549
0.978553
0.978564
0.978576
0.978591
0.978607
0.978628
0.97865
0.978672
0.978693
0.978719
0.978748
0.978779
0.978811
0.978848
0.978886
0.978922
0.978958
0.978999
0.979041
0.979085
0.97913
0.979179
0.979228
0.979276
0.979324
0.979375
0.979427
0.979479
0.979532
0.979587
0.979641
0.979695
0.979747
0.979803
0.979858
0.979914
0.97997
0.980028
0.980085
0.980141
0.980197
0.980254
0.980312
0.980369
0.980427
0.980483
0.980541
0.980597
0.980652
0.980704
0.980757
0.980803
0.980846
0.980759
0.0363837
0.0361902
0.0354961
0.0316564
0.0253909
0.0313003
0.0636673
0.123784
0.19835
0.274109
0.345229
0.410168
0.468873
0.52171
0.56896
0.611134
0.648794
0.682531
0.71289
0.740291
0.765022
0.787273
0.807183
0.824881
0.840501
0.854196
0.866123
0.876451
0.885346
0.892972
0.899478
0.905005
0.909681
0.913622
0.916928
0.919688
0.921983
0.923887
0.925456
0.926742
0.927792
0.928647
0.929335
0.929884
0.930321
0.930668
0.930941
0.931153
0.931315
0.931442
0.931536
0.931603
0.931649
0.931684
0.931708
0.931723
0.931733
0.931743
0.931749
0.931749
0.931747
0.931749
0.931751
0.931753
0.931756
0.931765
0.931772
0.931778
0.931783
0.931795
0.931809
0.931825
0.931841
0.931863
0.931885
0.931904
0.931925
0.931951
0.931979
0.932008
0.932039
0.932075
0.932109
0.932142
0.932175
0.932214
0.932253
0.932294
0.932335
0.932382
0.932426
0.93247
0.932513
0.932561
0.932608
0.932656
0.932704
0.932755
0.932804
0.932851
0.932899
0.93295
0.933001
0.933051
0.933102
0.933154
0.933206
0.933256
0.933306
0.933358
0.93341
0.933462
0.933513
0.933564
0.933615
0.933665
0.933714
0.933759
0.933806
0.933843
0.933881
0.933784
0.0363841
0.0361477
0.0331853
0.0240809
0.028167
0.0638735
0.130436
0.209559
0.286962
0.357532
0.420519
0.476512
0.526317
0.570602
0.609901
0.644681
0.675351
0.702343
0.726112
0.747089
0.765646
0.782079
0.796621
0.809461
0.820758
0.830656
0.839283
0.846765
0.853223
0.858771
0.863512
0.867544
0.870958
0.873836
0.876248
0.878258
0.879929
0.881313
0.88245
0.883379
0.884134
0.884748
0.885239
0.885627
0.885934
0.88618
0.88637
0.886516
0.886627
0.886715
0.886777
0.886819
0.886847
0.88687
0.886885
0.886893
0.886898
0.886907
0.88691
0.886909
0.886906
0.886911
0.886913
0.886916
0.88692
0.88693
0.886937
0.886942
0.886949
0.886964
0.886978
0.886994
0.88701
0.887033
0.887053
0.887071
0.887091
0.887119
0.887146
0.887173
0.887202
0.887237
0.887268
0.887297
0.887328
0.887367
0.887403
0.887441
0.88748
0.887524
0.887564
0.887603
0.887643
0.887689
0.887732
0.887776
0.887819
0.887867
0.88791
0.887953
0.887997
0.888044
0.88809
0.888136
0.888182
0.888231
0.888276
0.888322
0.888367
0.888415
0.888462
0.888508
0.888555
0.888601
0.888646
0.88869
0.888733
0.888773
0.888814
0.888844
0.888877
0.888774
0.0363832
0.0359583
0.0272864
0.0220631
0.0513583
0.117692
0.199472
0.278625
0.349238
0.410933
0.464786
0.51202
0.553655
0.59046
0.623009
0.651699
0.676851
0.698791
0.717883
0.734502
0.749002
0.761684
0.772794
0.782529
0.79105
0.79849
0.80496
0.810564
0.815396
0.819546
0.823087
0.826095
0.828638
0.830779
0.832567
0.834053
0.835285
0.836304
0.837136
0.837813
0.83836
0.838805
0.839156
0.839431
0.839648
0.839823
0.839955
0.840055
0.84013
0.840191
0.840231
0.840254
0.84027
0.840287
0.840295
0.840299
0.840301
0.840309
0.84031
0.840307
0.840305
0.840312
0.840315
0.840318
0.840322
0.840334
0.84034
0.840344
0.840352
0.840369
0.840384
0.840399
0.840415
0.840439
0.840456
0.840473
0.840493
0.840522
0.840547
0.840573
0.8406
0.840634
0.840662
0.840688
0.840718
0.840756
0.84079
0.840825
0.840861
0.840904
0.84094
0.840975
0.841013
0.841057
0.841097
0.841136
0.841176
0.841221
0.84126
0.841298
0.841339
0.841384
0.841426
0.841467
0.84151
0.841554
0.841595
0.841636
0.841678
0.841722
0.841765
0.841807
0.841849
0.841891
0.841931
0.841971
0.842009
0.842044
0.84208
0.842104
0.842134
0.842025
0.0363766
0.0353105
0.0203117
0.0320632
0.0892228
0.171504
0.253252
0.325143
0.386599
0.439152
0.484465
0.52391
0.558518
0.58905
0.61602
0.639764
0.660538
0.678597
0.694227
0.70774
0.71944
0.729594
0.738423
0.74611
0.752803
0.758622
0.763661
0.768011
0.771753
0.774957
0.777682
0.77999
0.781935
0.783569
0.784925
0.786048
0.786976
0.787742
0.788363
0.788864
0.789268
0.789596
0.789849
0.790046
0.790202
0.790329
0.790421
0.790489
0.79054
0.790584
0.790607
0.790619
0.790628
0.790641
0.790644
0.790644
0.790645
0.790654
0.790652
0.790648
0.790647
0.790656
0.790658
0.790661
0.790666
0.790679
0.790684
0.790688
0.790696
0.790716
0.79073
0.790744
0.790759
0.790784
0.790798
0.790814
0.790834
0.790864
0.790888
0.790911
0.790936
0.79097
0.790994
0.791019
0.791047
0.791086
0.791116
0.791149
0.791183
0.791224
0.791255
0.791288
0.791324
0.791367
0.791402
0.791438
0.791475
0.791517
0.791551
0.791587
0.791625
0.791668
0.791706
0.791744
0.791782
0.791824
0.791861
0.791898
0.791937
0.791978
0.792017
0.792055
0.792093
0.792131
0.792168
0.792203
0.792238
0.792268
0.792301
0.792319
0.792347
0.792236
0.0363503
0.0335591
0.0180929
0.0523723
0.128943
0.21374
0.288664
0.351337
0.403664
0.447843
0.485668
0.51847
0.547221
0.572589
0.595013
0.614769
0.632064
0.647097
0.660093
0.671306
0.680981
0.689344
0.69658
0.702849
0.708281
0.712982
0.717033
0.720516
0.723499
0.726045
0.728199
0.730016
0.731541
0.732817
0.733869
0.734736
0.735451
0.736039
0.73651
0.736888
0.737191
0.737438
0.737623
0.737766
0.73788
0.737974
0.738038
0.738085
0.73812
0.738152
0.738163
0.738168
0.738173
0.738184
0.738183
0.738182
0.738182
0.738191
0.738187
0.738183
0.738183
0.738194
0.738195
0.738198
0.738202
0.738217
0.738219
0.738223
0.738232
0.738254
0.738266
0.738279
0.738293
0.738319
0.73833
0.738345
0.738365
0.738397
0.738417
0.738439
0.738462
0.738495
0.738515
0.738539
0.738567
0.738605
0.738632
0.738662
0.738693
0.738733
0.73876
0.738791
0.738825
0.738866
0.738897
0.73893
0.738964
0.739004
0.739034
0.739067
0.739102
0.739144
0.739177
0.739212
0.739247
0.739286
0.739319
0.739353
0.739389
0.739427
0.739462
0.739498
0.739532
0.739567
0.739599
0.739631
0.739662
0.739689
0.739718
0.739733
0.739759
0.739647
0.0362674
0.0299121
0.0218745
0.0771263
0.161931
0.241771
0.307665
0.361171
0.405179
0.442048
0.473509
0.500773
0.524699
0.54585
0.564582
0.581123
0.595635
0.608276
0.61922
0.628668
0.636815
0.643845
0.649907
0.655141
0.659655
0.663544
0.666878
0.669731
0.672164
0.674231
0.675969
0.677429
0.678648
0.679665
0.680494
0.681177
0.681738
0.682197
0.68256
0.68285
0.683081
0.68327
0.683406
0.683512
0.683596
0.683668
0.683712
0.683744
0.683767
0.683791
0.683795
0.683795
0.683798
0.683808
0.683804
0.683802
0.683801
0.683811
0.683806
0.683801
0.683802
0.683815
0.683814
0.683817
0.683821
0.683837
0.683837
0.683841
0.683851
0.683875
0.683884
0.683896
0.683909
0.683934
0.683943
0.683958
0.683977
0.684009
0.684026
0.684046
0.684068
0.6841
0.684116
0.684139
0.684166
0.684203
0.684226
0.684254
0.684283
0.684321
0.684344
0.684373
0.684406
0.684445
0.684471
0.684502
0.684533
0.684571
0.684596
0.684627
0.68466
0.684699
0.684728
0.68476
0.684793
0.684829
0.684857
0.684889
0.684922
0.684958
0.684989
0.685021
0.685053
0.685084
0.685113
0.685142
0.68517
0.685193
0.68522
0.685231
0.685255
0.685145
0.036049
0.0243907
0.0301653
0.100507
0.185093
0.256768
0.313428
0.358524
0.395251
0.425897
0.452037
0.474728
0.494695
0.512398
0.528125
0.542056
0.55432
0.565038
0.574343
0.582393
0.58934
0.595329
0.600483
0.604918
0.608729
0.611998
0.614784
0.617159
0.619174
0.620877
0.622301
0.623491
0.62448
0.625301
0.625964
0.626509
0.626955
0.627319
0.627602
0.627827
0.628005
0.628151
0.628251
0.628331
0.628395
0.62845
0.628479
0.628501
0.628517
0.628536
0.628533
0.628531
0.628533
0.628542
0.628536
0.628534
0.628533
0.628543
0.628536
0.628532
0.628534
0.628547
0.628545
0.628548
0.628552
0.628568
0.628565
0.628571
0.628581
0.628605
0.628611
0.628623
0.628635
0.62866
0.628665
0.62868
0.628699
0.628731
0.628744
0.628763
0.628782
0.628814
0.628826
0.628848
0.628874
0.62891
0.628928
0.628955
0.628982
0.629017
0.629036
0.629064
0.629094
0.629132
0.629153
0.629182
0.62921
0.629245
0.629266
0.629295
0.629327
0.629363
0.629388
0.629417
0.629446
0.62948
0.629504
0.629534
0.629564
0.629598
0.629625
0.629654
0.629682
0.629711
0.629736
0.629762
0.629787
0.629808
0.629832
0.62984
0.629862
0.629756
0.0355562
0.0186656
0.0407302
0.119091
0.198443
0.261041
0.309057
0.346723
0.377215
0.402636
0.424356
0.443276
0.459986
0.474856
0.488115
0.499907
0.510328
0.519472
0.527437
0.534346
0.540315
0.54546
0.549879
0.553671
0.556917
0.55969
0.562041
0.564037
0.565722
0.567139
0.568316
0.569295
0.570105
0.570774
0.571309
0.571749
0.572107
0.572398
0.572619
0.572796
0.572935
0.573049
0.573123
0.573183
0.573232
0.573275
0.573294
0.573309
0.573319
0.573334
0.573328
0.573324
0.573325
0.573334
0.573327
0.573324
0.573323
0.573334
0.573325
0.573322
0.573325
0.573339
0.573335
0.573338
0.573341
0.573357
0.573353
0.573359
0.57337
0.573393
0.573397
0.573408
0.573418
0.573442
0.573445
0.57346
0.573479
0.573509
0.573518
0.573536
0.573554
0.573583
0.573592
0.573613
0.573638
0.573672
0.573687
0.573711
0.573736
0.573769
0.573784
0.573811
0.573839
0.573874
0.573891
0.573917
0.573943
0.573975
0.573992
0.57402
0.574049
0.574082
0.574103
0.57413
0.574156
0.574187
0.574208
0.574235
0.574262
0.574293
0.574317
0.574343
0.574368
0.574394
0.574416
0.574439
0.574461
0.574479
0.574501
0.574506
0.574526
0.574425
0.0345928
0.0147285
0.0513421
0.13162
0.203294
0.256986
0.297229
0.328468
0.35369
0.37475
0.392807
0.408605
0.422617
0.435138
0.44635
0.456363
0.465251
0.473082
0.479927
0.485879
0.491027
0.495463
0.499266
0.502522
0.505299
0.507661
0.509654
0.51134
0.512756
0.513941
0.514919
0.515729
0.516396
0.516944
0.517378
0.517735
0.518024
0.518258
0.518432
0.518571
0.51868
0.51877
0.518824
0.51887
0.518908
0.518942
0.518954
0.518963
0.51897
0.518982
0.518973
0.518969
0.51897
0.518979
0.51897
0.518968
0.518967
0.518977
0.518967
0.518965
0.518969
0.518982
0.518977
0.51898
0.518983
0.518999
0.518993
0.518999
0.51901
0.519033
0.519034
0.519045
0.519054
0.519076
0.519077
0.519092
0.519109
0.519138
0.519144
0.519161
0.519176
0.519204
0.51921
0.519231
0.519253
0.519285
0.519296
0.519319
0.519341
0.519372
0.519383
0.519408
0.519434
0.519466
0.51948
0.519504
0.519526
0.519556
0.519569
0.519595
0.519621
0.519652
0.519669
0.519694
0.519717
0.519745
0.519762
0.519787
0.519811
0.519839
0.51986
0.519883
0.519905
0.519928
0.519947
0.519967
0.519987
0.520003
0.520022
0.520025
0.520043
0.519949
0.0329443
0.0130973
0.0603992
0.138175
0.201301
0.246725
0.280138
0.305893
0.326692
0.344119
0.359128
0.372324
0.384083
0.394638
0.40413
0.412645
0.420237
0.426952
0.43284
0.437972
0.442415
0.44624
0.449514
0.45231
0.454687
0.456701
0.458393
0.459818
0.46101
0.462003
0.462817
0.463489
0.464039
0.464489
0.464842
0.465132
0.465366
0.465555
0.465693
0.465802
0.465888
0.465958
0.465998
0.466034
0.466064
0.46609
0.466096
0.466103
0.466107
0.466116
0.466106
0.466102
0.466103
0.466111
0.466101
0.4661
0.466099
0.466109
0.466098
0.466098
0.466101
0.466114
0.466108
0.466112
0.466114
0.466128
0.466121
0.466129
0.466139
0.46616
0.466159
0.466169
0.466177
0.466198
0.466196
0.466212
0.466228
0.466254
0.466258
0.466273
0.466287
0.466312
0.466315
0.466335
0.466356
0.466385
0.466393
0.466414
0.466433
0.466461
0.466469
0.466493
0.466516
0.466545
0.466556
0.466578
0.466597
0.466624
0.466634
0.466659
0.466682
0.466709
0.466723
0.466745
0.466765
0.46679
0.466804
0.466827
0.466849
0.466874
0.466891
0.466912
0.466931
0.466951
0.466967
0.466985
0.467002
0.467016
0.467032
0.467034
0.46705
0.466964
0.0304515
0.013159
0.0670249
0.139489
0.194064
0.232034
0.259538
0.280657
0.297755
0.312147
0.324609
0.33562
0.34548
0.35437
0.362402
0.369639
0.376119
0.38187
0.386928
0.391344
0.395169
0.39846
0.401272
0.403667
0.405696
0.407409
0.408843
0.410046
0.411048
0.411877
0.412555
0.413111
0.413565
0.413934
0.414222
0.414458
0.414648
0.414799
0.414908
0.414995
0.415063
0.415118
0.415147
0.415175
0.415198
0.415219
0.415221
0.415225
0.415228
0.415235
0.415224
0.415221
0.415223
0.415229
0.41522
0.415219
0.415218
0.415226
0.415216
0.415216
0.41522
0.415232
0.415225
0.415229
0.415231
0.415243
0.415237
0.415244
0.415254
0.415273
0.415271
0.41528
0.415286
0.415305
0.415303
0.415317
0.415332
0.415356
0.415357
0.415371
0.415383
0.415405
0.415407
0.415426
0.415444
0.41547
0.415476
0.415495
0.415511
0.415536
0.415542
0.415565
0.415585
0.41561
0.415618
0.415638
0.415655
0.415678
0.415686
0.415709
0.415729
0.415753
0.415764
0.415784
0.415801
0.415823
0.415835
0.415855
0.415874
0.415896
0.41591
0.415928
0.415945
0.415962
0.415976
0.415991
0.416005
0.416017
0.416031
0.416032
0.416045
0.415968
0.027092
0.0141084
0.0709194
0.136517
0.182981
0.214361
0.236812
0.254033
0.268035
0.279886
0.290205
0.299369
0.307614
0.315083
0.321861
0.327994
0.333507
0.338416
0.342744
0.346527
0.349805
0.352621
0.355024
0.357065
0.35879
0.36024
0.361449
0.36246
0.3633
0.363991
0.364553
0.365012
0.365386
0.365687
0.365921
0.366113
0.366267
0.366388
0.366474
0.366543
0.366596
0.366639
0.36666
0.366682
0.366701
0.366716
0.366717
0.366719
0.36672
0.366725
0.366716
0.366713
0.366715
0.36672
0.366711
0.36671
0.36671
0.366717
0.366708
0.366708
0.366712
0.366722
0.366716
0.366719
0.366721
0.366731
0.366725
0.366733
0.366742
0.366758
0.366755
0.366763
0.366769
0.366785
0.366782
0.366796
0.366809
0.36683
0.36683
0.366842
0.366852
0.366872
0.366872
0.36689
0.366906
0.366929
0.366933
0.36695
0.366963
0.366985
0.36699
0.36701
0.367028
0.367049
0.367055
0.367073
0.367087
0.367107
0.367114
0.367134
0.367151
0.367172
0.36718
0.367198
0.367212
0.367231
0.367241
0.367259
0.367275
0.367294
0.367305
0.367321
0.367335
0.36735
0.367361
0.367374
0.367386
0.367396
0.367408
0.367408
0.367419
0.367351
0.0230255
0.0153015
0.0721688
0.130225
0.169228
0.194866
0.213036
0.226993
0.238405
0.248119
0.256626
0.264219
0.271083
0.277327
0.283019
0.288191
0.292857
0.297022
0.300701
0.30392
0.306709
0.309102
0.31114
0.312867
0.314323
0.315542
0.316555
0.3174
0.318098
0.318671
0.319134
0.319512
0.319818
0.320062
0.320252
0.320407
0.320532
0.320628
0.320696
0.32075
0.320792
0.320825
0.320841
0.320858
0.320873
0.320884
0.320883
0.320885
0.320885
0.320888
0.32088
0.320878
0.32088
0.320883
0.320876
0.320875
0.320875
0.32088
0.320872
0.320873
0.320878
0.320885
0.32088
0.320883
0.320884
0.320893
0.320887
0.320894
0.320903
0.320916
0.320913
0.32092
0.320925
0.320938
0.320935
0.320949
0.32096
0.320978
0.320977
0.320988
0.320996
0.321012
0.321012
0.321028
0.321042
0.321061
0.321064
0.321079
0.32109
0.321108
0.321112
0.32113
0.321146
0.321164
0.321168
0.321183
0.321195
0.321212
0.321217
0.321235
0.32125
0.321267
0.321274
0.321289
0.321301
0.321317
0.321324
0.32134
0.321354
0.32137
0.321379
0.321392
0.321404
0.321416
0.321426
0.321436
0.321446
0.321455
0.321464
0.321464
0.321473
0.321414
0.0185766
0.0163061
0.0710789
0.121487
0.153772
0.174473
0.189045
0.200276
0.209517
0.217432
0.224401
0.230651
0.236326
0.241512
0.246258
0.250587
0.254505
0.25801
0.261111
0.263825
0.266176
0.26819
0.269902
0.271349
0.272566
0.273582
0.274424
0.275123
0.2757
0.27617
0.276549
0.276857
0.277106
0.277303
0.277456
0.277581
0.277681
0.277757
0.277811
0.277852
0.277886
0.27791
0.277923
0.277935
0.277948
0.277956
0.277955
0.277955
0.277956
0.277957
0.27795
0.277948
0.27795
0.277952
0.277946
0.277946
0.277946
0.277949
0.277943
0.277944
0.277948
0.277954
0.277949
0.277952
0.277953
0.277959
0.277955
0.277962
0.27797
0.27798
0.277977
0.277983
0.277987
0.277997
0.277995
0.278007
0.278017
0.278031
0.27803
0.27804
0.278046
0.278059
0.27806
0.278074
0.278086
0.278101
0.278103
0.278116
0.278125
0.27814
0.278143
0.278159
0.278172
0.278187
0.27819
0.278203
0.278213
0.278226
0.278231
0.278246
0.278259
0.278273
0.278278
0.278291
0.278301
0.278314
0.27832
0.278333
0.278345
0.278358
0.278365
0.278376
0.278386
0.278396
0.278403
0.278412
0.27842
0.278427
0.278435
0.278434
0.278441
0.278392
0.0141597
0.0168756
0.0680544
0.111062
0.137402
0.153907
0.165477
0.174438
0.181862
0.188257
0.193918
0.199018
0.20367
0.207937
0.211858
0.215446
0.218702
0.22162
0.224205
0.226467
0.228425
0.2301
0.231522
0.23272
0.233726
0.234562
0.235255
0.235827
0.236298
0.23668
0.236988
0.237236
0.237437
0.237594
0.237716
0.237816
0.237896
0.237955
0.237997
0.238029
0.238056
0.238073
0.238083
0.238093
0.238103
0.238108
0.238107
0.238107
0.238107
0.238107
0.238102
0.238101
0.238103
0.238104
0.238099
0.238098
0.238099
0.2381
0.238096
0.238097
0.238101
0.238105
0.238101
0.238103
0.238105
0.238109
0.238105
0.238111
0.238119
0.238126
0.238124
0.238129
0.238132
0.238139
0.238139
0.238149
0.238158
0.238169
0.238168
0.238175
0.238181
0.238191
0.238191
0.238204
0.238214
0.238226
0.238227
0.238238
0.238246
0.238257
0.23826
0.238274
0.238285
0.238296
0.238299
0.238309
0.238317
0.238328
0.238332
0.238345
0.238355
0.238367
0.238371
0.238381
0.238389
0.238399
0.238404
0.238416
0.238425
0.238435
0.238441
0.23845
0.238458
0.238466
0.238472
0.238479
0.238485
0.238491
0.238497
0.238496
0.238501
0.238461
0.0101777
0.0169034
0.0635211
0.0995902
0.12075
0.133733
0.142814
0.149891
0.155795
0.160909
0.165459
0.169576
0.173345
0.176816
0.180017
0.182955
0.185627
0.188024
0.190149
0.192008
0.193616
0.194989
0.196153
0.197131
0.197951
0.19863
0.199191
0.199654
0.200034
0.200339
0.200586
0.200784
0.200944
0.201067
0.201165
0.201243
0.201306
0.201351
0.201385
0.201409
0.20143
0.201442
0.20145
0.201458
0.201466
0.201468
0.201468
0.201467
0.201468
0.201466
0.201463
0.201462
0.201464
0.201464
0.20146
0.20146
0.20146
0.20146
0.201458
0.201459
0.201463
0.201465
0.201462
0.201464
0.201465
0.201467
0.201465
0.201471
0.201477
0.201482
0.201481
0.201484
0.201487
0.201492
0.201492
0.201501
0.201509
0.201516
0.201516
0.201522
0.201526
0.201533
0.201535
0.201545
0.201554
0.201562
0.201564
0.201572
0.201579
0.201587
0.20159
0.201602
0.20161
0.201619
0.201621
0.20163
0.201636
0.201644
0.201648
0.201659
0.201667
0.201676
0.201679
0.201687
0.201694
0.201702
0.201706
0.201715
0.201723
0.201731
0.201735
0.201742
0.201748
0.201755
0.201759
0.201764
0.20177
0.201774
0.201778
0.201778
0.201781
0.201749
0.00692837
0.0163773
0.0578835
0.0876014
0.104319
0.114377
0.121413
0.126932
0.131569
0.135606
0.139215
0.142494
0.145507
0.14829
0.150866
0.153235
0.155393
0.157331
0.15905
0.160552
0.161851
0.162957
0.163894
0.164679
0.165336
0.165878
0.166326
0.166693
0.166995
0.167236
0.167431
0.167586
0.167711
0.167807
0.167883
0.167944
0.167993
0.168027
0.168053
0.168071
0.168087
0.168095
0.168102
0.168108
0.168115
0.168115
0.168116
0.168114
0.168115
0.168113
0.168111
0.16811
0.168113
0.168111
0.168109
0.168108
0.168109
0.168108
0.168106
0.168107
0.168111
0.168112
0.16811
0.168111
0.168113
0.168113
0.168113
0.168117
0.168123
0.168126
0.168125
0.168128
0.16813
0.168133
0.168134
0.168141
0.168148
0.168153
0.168152
0.168157
0.168161
0.168165
0.168167
0.168176
0.168183
0.168189
0.168191
0.168197
0.168202
0.168208
0.168211
0.168221
0.168228
0.168234
0.168236
0.168243
0.168248
0.168254
0.168257
0.168266
0.168272
0.168279
0.168282
0.168288
0.168293
0.168299
0.168302
0.16831
0.168316
0.168322
0.168325
0.168331
0.168336
0.168341
0.168343
0.168348
0.168352
0.168355
0.168358
0.168357
0.168359
0.168335
0.00454429
0.0153434
0.0515046
0.0755286
0.0884937
0.0961547
0.101521
0.105762
0.109348
0.112486
0.115303
0.117872
0.12024
0.122434
0.12447
0.126346
0.128058
0.129595
0.130958
0.132148
0.133176
0.13405
0.134789
0.135406
0.135922
0.136346
0.136697
0.136983
0.137218
0.137404
0.137555
0.137674
0.137771
0.137843
0.137903
0.137948
0.137987
0.138011
0.138031
0.138045
0.138057
0.138062
0.138068
0.138072
0.138078
0.138077
0.138078
0.138076
0.138077
0.138074
0.138074
0.138073
0.138075
0.138073
0.138072
0.138071
0.138072
0.13807
0.13807
0.138071
0.138074
0.138073
0.138073
0.138074
0.138075
0.138074
0.138075
0.138078
0.138083
0.138084
0.138084
0.138086
0.138088
0.138089
0.138091
0.138097
0.138103
0.138105
0.138106
0.138109
0.138112
0.138115
0.138117
0.138124
0.13813
0.138134
0.138136
0.13814
0.138144
0.138148
0.138152
0.138159
0.138165
0.138169
0.138171
0.138176
0.13818
0.138184
0.138187
0.138194
0.138199
0.138203
0.138206
0.138211
0.138214
0.138219
0.138222
0.138227
0.138232
0.138237
0.138239
0.138243
0.138247
0.138251
0.138253
0.138256
0.138259
0.138261
0.138263
0.138263
0.138263
0.138246
0.00298145
0.0138811
0.0446989
0.0637161
0.0735627
0.079283
0.0833015
0.0865006
0.0892226
0.0916155
0.0937724
0.095745
0.0975698
0.099264
0.10084
0.102293
0.103621
0.104812
0.105868
0.106789
0.107584
0.108257
0.108826
0.1093
0.109696
0.11002
0.110288
0.110505
0.110684
0.110825
0.110939
0.111029
0.111102
0.111155
0.1112
0.111234
0.111263
0.11128
0.111296
0.111305
0.111315
0.111317
0.111322
0.111325
0.11133
0.111328
0.11133
0.111328
0.111329
0.111325
0.111326
0.111325
0.111328
0.111325
0.111325
0.111324
0.111325
0.111322
0.111323
0.111324
0.111327
0.111325
0.111326
0.111326
0.111327
0.111325
0.111327
0.11133
0.111334
0.111334
0.111334
0.111335
0.111337
0.111337
0.111339
0.111344
0.111349
0.11135
0.111351
0.111353
0.111356
0.111356
0.111359
0.111365
0.111369
0.111371
0.111373
0.111377
0.11138
0.111382
0.111386
0.111391
0.111396
0.111398
0.1114
0.111404
0.111407
0.111409
0.111412
0.111418
0.111422
0.111424
0.111427
0.11143
0.111433
0.111436
0.111439
0.111443
0.111446
0.111449
0.111452
0.111455
0.111457
0.11146
0.111461
0.111464
0.111466
0.111468
0.111469
0.111468
0.111468
0.111456
0.00206198
0.0120869
0.0377326
0.0524299
0.0597273
0.0638986
0.06684
0.0691994
0.0712186
0.0730008
0.0746132
0.076092
0.0774636
0.0787394
0.0799282
0.0810251
0.0820271
0.0829251
0.0837217
0.0844144
0.0850112
0.0855154
0.0859415
0.0862952
0.0865902
0.0868301
0.0870294
0.0871902
0.0873223
0.0874252
0.0875098
0.0875749
0.0876288
0.0876667
0.0877003
0.0877248
0.0877462
0.0877577
0.0877695
0.0877758
0.087783
0.0877835
0.0877884
0.0877901
0.0877941
0.0877918
0.0877933
0.0877918
0.0877931
0.087789
0.0877906
0.0877899
0.0877922
0.0877889
0.0877898
0.0877886
0.0877901
0.0877865
0.0877886
0.0877888
0.0877919
0.0877894
0.0877905
0.0877902
0.0877917
0.0877889
0.0877914
0.0877933
0.087797
0.0877957
0.0877969
0.0877974
0.0877992
0.0877977
0.0878008
0.0878042
0.0878081
0.0878078
0.0878093
0.0878107
0.0878128
0.0878125
0.0878157
0.0878195
0.0878234
0.087824
0.0878262
0.0878283
0.0878308
0.0878316
0.0878353
0.0878394
0.0878429
0.0878439
0.0878462
0.0878484
0.0878507
0.087852
0.0878552
0.0878589
0.087862
0.0878635
0.0878656
0.087868
0.0878702
0.0878719
0.0878743
0.0878773
0.08788
0.0878821
0.0878838
0.0878859
0.0878878
0.0878897
0.0878906
0.0878922
0.0878936
0.0878951
0.0878956
0.0878954
0.0878944
0.087887
0.00155942
0.0100666
0.0308259
0.041866
0.0471163
0.05007
0.0521624
0.0538532
0.0553081
0.0565969
0.0577668
0.0588423
0.0598422
0.0607735
0.0616422
0.0624435
0.0631752
0.0638299
0.0644101
0.0649134
0.0653463
0.0657109
0.0660187
0.0662734
0.0664856
0.0666571
0.0668002
0.0669147
0.0670091
0.0670818
0.0671421
0.0671878
0.0672261
0.0672521
0.0672764
0.0672933
0.0673086
0.067316
0.0673247
0.0673287
0.067334
0.0673334
0.0673376
0.0673386
0.0673418
0.0673393
0.067341
0.0673395
0.0673408
0.0673368
0.0673389
0.0673383
0.0673404
0.067337
0.0673383
0.0673372
0.0673386
0.0673351
0.0673375
0.0673376
0.0673402
0.0673375
0.067339
0.0673385
0.0673399
0.0673369
0.0673396
0.067341
0.0673441
0.0673422
0.0673437
0.0673438
0.0673454
0.0673434
0.0673466
0.067349
0.0673522
0.0673511
0.0673528
0.0673535
0.0673552
0.0673542
0.0673575
0.0673602
0.0673632
0.0673629
0.0673651
0.0673663
0.0673682
0.0673682
0.0673718
0.0673746
0.0673773
0.0673775
0.0673796
0.067381
0.0673827
0.0673831
0.0673861
0.0673887
0.067391
0.0673917
0.0673936
0.0673951
0.0673967
0.0673977
0.0673998
0.0674019
0.0674039
0.0674051
0.0674065
0.0674079
0.0674092
0.0674105
0.067411
0.0674121
0.0674131
0.0674141
0.0674142
0.0674142
0.0674128
0.0674086
0.00127947
0.00793411
0.0241587
0.0321609
0.0357985
0.0378118
0.0392454
0.0404123
0.0414213
0.0423179
0.0431343
0.0438864
0.0445869
0.0452397
0.045849
0.0464105
0.0469226
0.0473796
0.0477842
0.048134
0.0484344
0.0486864
0.048899
0.0490741
0.04922
0.0493371
0.0494353
0.0495132
0.0495776
0.0496265
0.0496676
0.0496983
0.0497243
0.0497412
0.049758
0.0497692
0.0497797
0.049784
0.0497902
0.0497926
0.0497964
0.0497952
0.0497986
0.0497992
0.0498016
0.0497992
0.0498009
0.0497996
0.0498007
0.0497972
0.0497994
0.0497989
0.0498006
0.0497976
0.049799
0.049798
0.0497993
0.049796
0.0497985
0.0497985
0.0498007
0.049798
0.0497996
0.049799
0.0498003
0.0497974
0.0498001
0.049801
0.0498035
0.0498013
0.049803
0.0498028
0.0498042
0.049802
0.0498051
0.0498068
0.0498093
0.0498078
0.0498095
0.0498097
0.0498111
0.0498097
0.0498128
0.0498146
0.0498169
0.0498161
0.0498182
0.0498188
0.0498202
0.0498197
0.0498229
0.0498248
0.0498268
0.0498264
0.0498284
0.0498291
0.0498304
0.0498303
0.049833
0.0498346
0.0498364
0.0498365
0.0498381
0.049839
0.0498402
0.0498406
0.0498424
0.0498438
0.0498452
0.0498459
0.0498469
0.0498478
0.0498487
0.0498495
0.0498499
0.0498505
0.0498511
0.0498519
0.0498517
0.0498518
0.0498503
0.0498483
0.00109317
0.00581371
0.0178775
0.0234042
0.0257978
0.0270996
0.0280317
0.0287955
0.029459
0.0300501
0.0305898
0.0310879
0.0315524
0.0319853
0.0323893
0.0327608
0.0330991
0.0333999
0.0336658
0.0338947
0.0340909
0.0342547
0.0343928
0.0345059
0.0346002
0.0346753
0.0347386
0.0347883
0.0348297
0.0348605
0.0348869
0.0349061
0.0349228
0.0349329
0.0349439
0.0349508
0.0349576
0.0349598
0.0349641
0.0349653
0.0349679
0.0349665
0.0349692
0.0349694
0.0349712
0.0349692
0.0349706
0.0349695
0.0349705
0.0349675
0.0349695
0.0349692
0.0349706
0.034968
0.0349694
0.0349685
0.0349696
0.0349668
0.034969
0.034969
0.0349707
0.0349683
0.0349698
0.0349693
0.0349704
0.0349678
0.0349703
0.0349708
0.0349727
0.0349707
0.0349722
0.0349719
0.0349731
0.034971
0.0349737
0.0349748
0.0349767
0.0349751
0.0349767
0.0349766
0.0349777
0.0349763
0.034979
0.0349801
0.0349818
0.0349807
0.0349826
0.0349828
0.0349838
0.0349831
0.0349858
0.034987
0.0349884
0.0349877
0.0349894
0.0349897
0.0349906
0.0349903
0.0349925
0.0349935
0.0349947
0.0349945
0.0349959
0.0349963
0.0349972
0.0349972
0.0349987
0.0349996
0.0350005
0.0350009
0.0350016
0.0350021
0.0350027
0.0350032
0.0350034
0.0350038
0.0350042
0.0350046
0.0350044
0.0350044
0.0350031
0.0350025
0.000928521
0.00384539
0.0121092
0.0156558
0.017113
0.0178898
0.0184488
0.0189099
0.0193119
0.0196709
0.0199994
0.0203028
0.0205861
0.02085
0.0210959
0.0213214
0.0215262
0.0217074
0.0218673
0.0220042
0.0221213
0.0222185
0.0223004
0.022367
0.0224226
0.0224664
0.0225036
0.0225324
0.0225566
0.0225743
0.0225897
0.0226006
0.0226103
0.0226157
0.0226224
0.0226262
0.0226302
0.0226311
0.0226338
0.0226343
0.0226359
0.0226346
0.0226366
0.0226366
0.0226379
0.0226362
0.0226374
0.0226366
0.0226373
0.0226351
0.0226367
0.0226364
0.0226375
0.0226355
0.0226367
0.022636
0.0226368
0.0226346
0.0226365
0.0226364
0.0226377
0.0226358
0.022637
0.0226365
0.0226374
0.0226354
0.0226373
0.0226376
0.022639
0.0226373
0.0226385
0.0226382
0.0226391
0.0226374
0.0226396
0.0226402
0.0226415
0.0226402
0.0226414
0.0226412
0.022642
0.0226408
0.0226429
0.0226435
0.0226447
0.0226437
0.0226451
0.0226451
0.0226458
0.0226451
0.0226472
0.0226478
0.0226488
0.0226481
0.0226494
0.0226494
0.0226501
0.0226496
0.0226514
0.0226519
0.0226527
0.0226524
0.0226534
0.0226536
0.0226541
0.022654
0.0226551
0.0226556
0.0226562
0.0226563
0.0226569
0.0226571
0.0226575
0.0226577
0.0226578
0.022658
0.0226582
0.0226585
0.0226582
0.0226583
0.0226573
0.0226573
0.000751087
0.00218612
0.00699262
0.00898175
0.00975401
0.0101557
0.0104459
0.0106865
0.0108969
0.011085
0.0112574
0.0114167
0.0115655
0.0117039
0.0118326
0.0119501
0.0120564
0.01215
0.0122322
0.0123022
0.0123619
0.0124111
0.0124525
0.0124859
0.0125138
0.0125355
0.0125541
0.0125683
0.0125803
0.0125889
0.0125965
0.0126018
0.0126066
0.012609
0.0126124
0.0126142
0.0126162
0.0126164
0.0126179
0.012618
0.0126189
0.0126179
0.0126192
0.0126191
0.0126199
0.0126188
0.0126195
0.012619
0.0126195
0.012618
0.0126192
0.012619
0.0126197
0.0126184
0.0126192
0.0126187
0.0126193
0.0126178
0.0126191
0.012619
0.0126198
0.0126186
0.0126194
0.0126191
0.0126196
0.0126183
0.0126196
0.0126197
0.0126206
0.0126194
0.0126203
0.01262
0.0126206
0.0126195
0.0126209
0.0126212
0.012622
0.012621
0.0126219
0.0126217
0.0126222
0.0126213
0.0126227
0.012623
0.0126237
0.0126229
0.0126239
0.0126238
0.0126242
0.0126237
0.012625
0.0126253
0.0126259
0.0126253
0.0126262
0.0126261
0.0126265
0.0126262
0.0126273
0.0126275
0.012628
0.0126277
0.0126283
0.0126284
0.0126287
0.0126286
0.0126292
0.0126295
0.0126298
0.0126298
0.0126301
0.0126302
0.0126304
0.0126305
0.0126306
0.0126307
0.0126308
0.0126309
0.0126307
0.0126307
0.01263
0.0126303
0.000556651
0.000987082
0.0027881
0.00357408
0.00386461
0.00401147
0.00411766
0.00420607
0.00428352
0.00435278
0.00441633
0.00447504
0.00452985
0.00458066
0.00462782
0.00467064
0.00470921
0.0047429
0.0047724
0.00479732
0.00481849
0.00483578
0.00485032
0.00486195
0.00487166
0.00487911
0.00488556
0.0048904
0.00489454
0.00489738
0.00490001
0.00490172
0.00490338
0.00490407
0.00490531
0.00490585
0.00490659
0.00490654
0.0049071
0.00490708
0.00490742
0.00490696
0.00490749
0.00490744
0.00490776
0.00490727
0.00490762
0.00490739
0.00490761
0.00490696
0.00490747
0.00490739
0.00490769
0.00490711
0.00490748
0.00490728
0.00490754
0.00490689
0.00490746
0.00490743
0.00490777
0.00490721
0.0049076
0.00490744
0.0049077
0.00490708
0.00490768
0.00490772
0.00490808
0.00490755
0.00490794
0.00490781
0.00490807
0.00490755
0.00490819
0.00490829
0.00490864
0.00490817
0.00490857
0.00490846
0.00490867
0.00490826
0.00490888
0.00490899
0.00490927
0.00490891
0.00490934
0.00490926
0.00490945
0.00490917
0.00490977
0.00490987
0.00491009
0.00490983
0.00491021
0.00491016
0.00491031
0.00491013
0.00491062
0.0049107
0.00491087
0.00491072
0.004911
0.004911
0.00491113
0.00491105
0.00491135
0.00491142
0.00491156
0.00491153
0.00491166
0.00491169
0.00491176
0.0049118
0.0049118
0.00491183
0.00491185
0.0049119
0.00491179
0.00491181
0.00491149
0.00491169
0.000283978
0.000273863
0.000324413
0.000361124
0.000376176
0.000384662
0.0003914
0.000397373
0.000402821
0.000407868
0.000412621
0.000417118
0.000421384
0.000425402
0.000429163
0.000432612
0.000435727
0.000438469
0.000440861
0.000442894
0.000444609
0.000446021
0.000447192
0.000448139
0.000448915
0.000449523
0.000450031
0.000450424
0.000450745
0.000450981
0.000451181
0.000451324
0.000451446
0.000451514
0.000451597
0.000451647
0.000451695
0.000451703
0.000451734
0.00045174
0.000451756
0.000451736
0.000451761
0.000451765
0.000451777
0.000451754
0.000451767
0.000451757
0.000451763
0.000451731
0.000451754
0.000451755
0.000451766
0.000451738
0.000451752
0.000451745
0.000451754
0.000451725
0.000451752
0.000451757
0.000451771
0.000451745
0.000451761
0.000451758
0.00045177
0.000451743
0.000451774
0.000451784
0.000451801
0.000451777
0.000451796
0.000451795
0.000451809
0.00045179
0.000451825
0.00045184
0.000451858
0.000451839
0.000451859
0.00045186
0.000451873
0.00045186
0.000451896
0.000451911
0.000451927
0.000451914
0.000451938
0.000451942
0.000451954
0.000451948
0.000451983
0.000451998
0.000452011
0.000452004
0.000452026
0.000452031
0.000452042
0.00045204
0.00045207
0.000452082
0.000452094
0.000452093
0.000452111
0.000452118
0.000452128
0.000452131
0.000452151
0.000452163
0.000452174
0.000452178
0.000452189
0.000452197
0.000452205
0.000452212
0.000452216
0.000452222
0.000452227
0.000452234
0.00045223
0.000452236
0.000452216
0.000452242
)
;

boundaryField
{
    lowerWall
    {
        type            nutkWallFunction;
        Cmu             0.09;
        kappa           0.41;
        E               9.8;
        value           nonuniform List<scalar> 
122
(
3.37513e-05
3.26786e-05
3.97581e-05
4.43316e-05
4.61153e-05
4.71168e-05
4.7924e-05
4.8646e-05
4.93063e-05
4.99189e-05
5.04984e-05
5.10463e-05
5.15641e-05
5.20498e-05
5.25026e-05
5.29151e-05
5.32831e-05
5.36036e-05
5.38836e-05
5.41191e-05
5.43145e-05
5.44739e-05
5.46067e-05
5.47133e-05
5.47983e-05
5.48633e-05
5.49215e-05
5.49657e-05
5.49992e-05
5.50231e-05
5.50454e-05
5.50611e-05
5.50723e-05
5.50759e-05
5.50883e-05
5.5095e-05
5.50984e-05
5.50969e-05
5.51015e-05
5.51029e-05
5.51024e-05
5.50958e-05
5.51032e-05
5.51058e-05
5.51054e-05
5.50998e-05
5.51033e-05
5.51037e-05
5.51016e-05
5.5093e-05
5.51009e-05
5.51039e-05
5.51031e-05
5.50965e-05
5.51007e-05
5.51015e-05
5.50997e-05
5.5091e-05
5.51e-05
5.5104e-05
5.51034e-05
5.50965e-05
5.51011e-05
5.51019e-05
5.51005e-05
5.50927e-05
5.51028e-05
5.51073e-05
5.51069e-05
5.50999e-05
5.51048e-05
5.51057e-05
5.51044e-05
5.50981e-05
5.5109e-05
5.51138e-05
5.51136e-05
5.51079e-05
5.51134e-05
5.51142e-05
5.51127e-05
5.51079e-05
5.51183e-05
5.51224e-05
5.5122e-05
5.51176e-05
5.51238e-05
5.51245e-05
5.51233e-05
5.51201e-05
5.51298e-05
5.51331e-05
5.51326e-05
5.51294e-05
5.51347e-05
5.51355e-05
5.51349e-05
5.51327e-05
5.51406e-05
5.51432e-05
5.51431e-05
5.51414e-05
5.51453e-05
5.51465e-05
5.51466e-05
5.51457e-05
5.51506e-05
5.51526e-05
5.51533e-05
5.51532e-05
5.51552e-05
5.51563e-05
5.51572e-05
5.51578e-05
5.51581e-05
5.5159e-05
5.51603e-05
5.51615e-05
5.51602e-05
5.51608e-05
5.51608e-05
5.51632e-05
)
;
    }
    upperWall
    {
        type            nutkWallFunction;
        Cmu             0.09;
        kappa           0.41;
        E               9.8;
        value           nonuniform List<scalar> 
122
(
3.35466e-05
3.25384e-05
3.96739e-05
4.41435e-05
4.58982e-05
4.68902e-05
4.76881e-05
4.83993e-05
4.9049e-05
4.96514e-05
5.02193e-05
5.07563e-05
5.12653e-05
5.17435e-05
5.21893e-05
5.2596e-05
5.29612e-05
5.32804e-05
5.35572e-05
5.37908e-05
5.39867e-05
5.41468e-05
5.42791e-05
5.43852e-05
5.44717e-05
5.45389e-05
5.4595e-05
5.4638e-05
5.4673e-05
5.46981e-05
5.47197e-05
5.47347e-05
5.47477e-05
5.47543e-05
5.47634e-05
5.47683e-05
5.47734e-05
5.47737e-05
5.4777e-05
5.47773e-05
5.4779e-05
5.47762e-05
5.47793e-05
5.47795e-05
5.4781e-05
5.47779e-05
5.47795e-05
5.47783e-05
5.4779e-05
5.47749e-05
5.47779e-05
5.47781e-05
5.47794e-05
5.47758e-05
5.47777e-05
5.47768e-05
5.4778e-05
5.47742e-05
5.47778e-05
5.47785e-05
5.47803e-05
5.47768e-05
5.4779e-05
5.47786e-05
5.47801e-05
5.47767e-05
5.47808e-05
5.4782e-05
5.47841e-05
5.4781e-05
5.47835e-05
5.47834e-05
5.47852e-05
5.47827e-05
5.47874e-05
5.47892e-05
5.47915e-05
5.4789e-05
5.47917e-05
5.47918e-05
5.47934e-05
5.47917e-05
5.47964e-05
5.47982e-05
5.48003e-05
5.47986e-05
5.48017e-05
5.48021e-05
5.48037e-05
5.48029e-05
5.48075e-05
5.48092e-05
5.48109e-05
5.48099e-05
5.48128e-05
5.48133e-05
5.48148e-05
5.48145e-05
5.48184e-05
5.48199e-05
5.48214e-05
5.48212e-05
5.48235e-05
5.48244e-05
5.48257e-05
5.4826e-05
5.48287e-05
5.48301e-05
5.48315e-05
5.4832e-05
5.48334e-05
5.48343e-05
5.48354e-05
5.48362e-05
5.48367e-05
5.48375e-05
5.48382e-05
5.4839e-05
5.48385e-05
5.48393e-05
5.48366e-05
5.48402e-05
)
;
    }
    inlet
    {
        type            calculated;
        value           uniform 0.0366503;
    }
    outlet
    {
        type            calculated;
        value           nonuniform List<scalar> 
60
(
0.000454951
0.00494237
0.0127143
0.0228165
0.035261
0.0502334
0.0679506
0.0886185
0.112411
0.139458
0.169836
0.203567
0.240621
0.280913
0.324311
0.37063
0.419632
0.471007
0.524362
0.579191
0.63485
0.690534
0.745285
0.798056
0.847921
0.894573
0.939186
0.985269
1.03628
1.08167
1.08071
1.03331
0.980759
0.933784
0.888774
0.842025
0.792236
0.739647
0.685145
0.629756
0.574425
0.519949
0.466964
0.415968
0.367351
0.321414
0.278392
0.238461
0.201749
0.168335
0.138246
0.111456
0.087887
0.0674086
0.0498483
0.0350025
0.0226573
0.0126303
0.00491169
0.000452242
)
;
    }
    frontAndBack
    {
        type            empty;
    }
}


// ************************************************************************* //
