/*--------------------------------*- C++ -*----------------------------------*\
  =========                 |
  \\      /  F ield         | OpenFOAM: The Open Source CFD Toolbox
   \\    /   O peration     | Website:  https://openfoam.org
    \\  /    A nd           | Version:  8
     \\/     M anipulation  |
\*---------------------------------------------------------------------------*/
FoamFile
{
    version     2.0;
    format      ascii;
    class       volScalarField;
    location    "400";
    object      epsilon;
}
// * * * * * * * * * * * * * * * * * * * * * * * * * * * * * * * * * * * * * //

dimensions      [0 2 -3 0 0 0 0];

internalField   nonuniform List<scalar> 
7320
(
11607.3
10157.6
9314.41
8772.19
8390.18
8102.78
7875.91
7690.68
7535.75
7403.74
7289.54
7189.51
7100.93
7021.74
6950.49
6886.3
6828.75
6777.74
6733.25
6695.2
6663.19
6636.57
6614.52
6596.19
6580.71
6567.41
6555.68
6545.22
6535.73
6527.04
6519.04
6511.72
6505.05
6499.01
6493.56
6488.8
6484.68
6481.21
6478.34
6476.15
6474.58
6473.64
6473.27
6473.55
6474.41
6475.85
6477.82
6480.36
6483.43
6487.02
6491.06
6495.63
6500.67
6506.17
6512.08
6518.44
6525.21
6532.39
6539.91
6547.84
6556.12
6564.75
6573.68
6582.94
6592.51
6602.35
6612.42
6622.78
6633.36
6644.16
6655.13
6666.3
6677.62
6689.08
6700.6
6712.25
6723.97
6735.73
6747.47
6759.23
6770.94
6782.59
6794.1
6805.52
6816.79
6827.88
6838.75
6849.41
6859.82
6869.96
6879.77
6889.31
6898.53
6907.42
6915.95
6924.16
6932.02
6939.54
6946.67
6953.48
6959.96
6966.1
6971.9
6977.4
6982.59
6987.48
6992.06
6996.38
7000.44
7004.26
7007.81
7011.16
7014.28
7017.21
7019.93
7022.47
7024.85
7027.06
7029.12
7031.04
7032.74
7034.51
3749.32
3919.36
3598.68
3368.85
3210.18
3093.19
3002.1
2928.42
2867.18
2815.24
2770.47
2731.37
2696.85
2666.11
2638.58
2613.93
2591.99
2572.67
2555.91
2541.6
2529.52
2519.4
2510.9
2503.72
2497.56
2492.19
2487.42
2483.14
2479.26
2475.74
2472.52
2469.61
2466.99
2464.64
2462.57
2460.78
2459.26
2458.01
2457.01
2456.28
2455.81
2455.58
2455.58
2455.82
2456.29
2456.99
2457.89
2459.01
2460.32
2461.83
2463.53
2465.41
2467.47
2469.69
2472.08
2474.63
2477.34
2480.19
2483.18
2486.31
2489.56
2492.95
2496.44
2500.06
2503.78
2507.6
2511.5
2515.5
2519.58
2523.73
2527.94
2532.21
2536.53
2540.89
2545.28
2549.7
2554.13
2558.56
2562.99
2567.41
2571.8
2576.16
2580.47
2584.73
2588.92
2593.05
2597.09
2601.04
2604.89
2608.64
2612.28
2615.8
2619.2
2622.48
2625.63
2628.65
2631.55
2634.31
2636.94
2639.45
2641.83
2644.09
2646.23
2648.25
2650.15
2651.95
2653.64
2655.23
2656.72
2658.12
2659.44
2660.66
2661.81
2662.89
2663.89
2664.83
2665.7
2666.52
2667.27
2667.98
2668.61
2669.26
1528.99
1989.05
1884.97
1770.23
1685.88
1623.04
1574.14
1534.67
1501.95
1474.25
1450.42
1429.65
1411.34
1395.08
1380.55
1367.58
1356.04
1345.84
1336.94
1329.24
1322.63
1316.98
1312.14
1307.97
1304.35
1301.17
1298.34
1295.81
1293.53
1291.48
1289.63
1287.97
1286.48
1285.17
1284.02
1283.03
1282.19
1281.51
1280.96
1280.56
1280.29
1280.15
1280.14
1280.25
1280.48
1280.83
1281.28
1281.85
1282.51
1283.28
1284.14
1285.1
1286.14
1287.27
1288.49
1289.78
1291.15
1292.59
1294.11
1295.69
1297.34
1299.05
1300.82
1302.64
1304.52
1306.45
1308.42
1310.43
1312.49
1314.57
1316.69
1318.84
1321.01
1323.2
1325.41
1327.62
1329.85
1332.07
1334.3
1336.52
1338.72
1340.92
1343.09
1345.24
1347.36
1349.44
1351.49
1353.5
1355.46
1357.37
1359.23
1361.03
1362.78
1364.47
1366.09
1367.65
1369.15
1370.59
1371.96
1373.26
1374.51
1375.69
1376.81
1377.87
1378.88
1379.82
1380.72
1381.56
1382.35
1383.09
1383.79
1384.44
1385.05
1385.62
1386.16
1386.66
1387.12
1387.56
1387.96
1388.34
1388.69
1389.03
720.94
1168.15
1165.72
1105.65
1054.38
1014.75
983.609
958.428
937.556
919.909
904.749
891.554
879.949
869.66
860.485
852.285
844.959
838.434
832.65
827.55
823.073
819.153
815.724
812.719
810.077
807.743
805.672
803.827
802.178
800.703
799.384
798.208
797.164
796.242
795.436
794.739
794.147
793.653
793.255
792.947
792.725
792.586
792.529
792.546
792.636
792.797
793.028
793.323
793.681
794.099
794.578
795.111
795.697
796.335
797.025
797.761
798.542
799.367
800.238
801.146
802.092
803.075
804.094
805.145
806.226
807.336
808.476
809.638
810.823
812.029
813.255
814.497
815.754
817.023
818.305
819.593
820.887
822.185
823.487
824.787
826.084
827.375
828.662
829.936
831.197
832.442
833.672
834.881
836.066
837.226
838.363
839.467
840.541
841.581
842.59
843.562
844.498
845.397
846.262
847.087
847.874
848.625
849.34
850.018
850.661
851.269
851.846
852.388
852.899
853.38
853.834
854.258
854.657
855.03
855.381
855.708
856.014
856.3
856.567
856.816
857.044
857.267
358.82
725.629
779.829
754.392
722.983
696.536
675.147
657.664
643.11
630.786
620.198
610.987
602.894
595.723
589.323
583.579
578.4
573.721
569.494
565.682
562.258
559.199
556.478
554.066
551.93
550.039
548.364
546.875
545.549
544.367
543.313
542.373
541.537
540.797
540.146
539.576
539.082
538.661
538.309
538.021
537.792
537.622
537.509
537.447
537.435
537.471
537.555
537.682
537.851
538.061
538.313
538.6
538.921
539.278
539.669
540.09
540.541
541.021
541.532
542.066
542.626
543.209
543.818
544.446
545.095
545.763
546.453
547.156
547.876
548.609
549.359
550.119
550.891
551.673
552.467
553.267
554.074
554.886
555.706
556.528
557.353
558.179
559.008
559.832
560.653
561.47
562.282
563.083
563.875
564.655
565.424
566.175
566.91
567.625
568.323
568.999
569.653
570.284
570.894
571.478
572.038
572.573
573.086
573.573
574.036
574.475
574.894
575.288
575.661
576.012
576.344
576.655
576.948
577.223
577.481
577.723
577.949
578.161
578.359
578.544
578.714
578.878
180.951
454.606
539.366
539.228
522.29
504.945
489.986
477.423
466.83
457.803
450.02
443.241
437.278
431.986
427.245
422.955
419.035
415.429
412.103
409.042
406.241
403.702
401.421
399.386
397.58
395.98
394.563
393.304
392.183
391.181
390.286
389.483
388.764
388.119
387.546
387.035
386.583
386.186
385.842
385.545
385.292
385.082
384.916
384.787
384.694
384.637
384.615
384.624
384.663
384.731
384.831
384.955
385.104
385.278
385.477
385.697
385.938
386.2
386.485
386.787
387.106
387.442
387.797
388.167
388.551
388.95
389.365
389.792
390.23
390.68
391.144
391.617
392.1
392.593
393.098
393.611
394.132
394.66
395.199
395.743
396.293
396.849
397.413
397.979
398.547
399.117
399.688
400.257
400.824
401.385
401.944
402.494
403.035
403.565
404.085
404.592
405.084
405.562
406.026
406.473
406.902
407.314
407.711
408.089
408.449
408.792
409.119
409.429
409.722
409.998
410.261
410.507
410.739
410.957
411.163
411.355
411.536
411.705
411.863
412.011
412.148
412.278
91.0619
278.178
374.323
393.388
388.303
378.208
368.136
359.168
351.388
344.655
338.799
333.669
329.139
325.101
321.456
318.118
315.017
312.109
309.375
306.815
304.443
302.274
300.318
298.571
297.02
295.647
294.432
293.35
292.382
291.512
290.729
290.019
289.376
288.791
288.263
287.783
287.349
286.957
286.606
286.292
286.012
285.765
285.552
285.368
285.212
285.083
284.981
284.904
284.849
284.817
284.809
284.819
284.849
284.897
284.966
285.05
285.15
285.266
285.4
285.547
285.708
285.882
286.072
286.272
286.485
286.71
286.949
287.197
287.456
287.726
288.008
288.3
288.601
288.913
289.238
289.571
289.914
290.266
290.63
291.003
291.384
291.774
292.174
292.58
292.993
293.41
293.834
294.259
294.686
295.113
295.542
295.967
296.387
296.802
297.212
297.613
298.004
298.386
298.759
299.12
299.467
299.802
300.125
300.434
300.729
301.011
301.28
301.536
301.778
302.008
302.225
302.43
302.623
302.805
302.977
303.138
303.289
303.43
303.563
303.687
303.803
303.911
46.0969
162.19
254.263
286.986
292.084
288.345
282.429
276.4
270.843
265.873
261.468
257.562
254.081
250.95
248.091
245.433
242.917
240.511
238.209
236.026
233.988
232.118
230.433
228.931
227.603
226.428
225.387
224.457
223.62
222.861
222.17
221.535
220.951
220.412
219.915
219.456
219.032
218.641
218.282
217.952
217.649
217.371
217.121
216.894
216.69
216.507
216.347
216.205
216.083
215.978
215.893
215.824
215.77
215.73
215.707
215.698
215.701
215.718
215.749
215.792
215.846
215.911
215.989
216.078
216.177
216.286
216.409
216.541
216.683
216.835
216.999
217.174
217.358
217.553
217.761
217.98
218.209
218.448
218.701
218.963
219.236
219.52
219.815
220.119
220.431
220.75
221.078
221.41
221.746
222.086
222.429
222.771
223.112
223.45
223.786
224.116
224.441
224.758
225.069
225.371
225.663
225.945
226.218
226.479
226.73
226.969
227.199
227.418
227.625
227.821
228.008
228.184
228.35
228.507
228.655
228.794
228.924
229.046
229.161
229.269
229.369
229.463
24.1391
88.649
164.987
205.254
218.889
220.978
218.887
215.493
211.864
208.38
205.165
202.243
199.591
197.168
194.918
192.785
190.723
188.712
186.759
184.889
183.135
181.527
180.084
178.805
177.678
176.686
175.806
175.017
174.3
173.643
173.036
172.47
171.94
171.442
170.976
170.537
170.125
169.737
169.374
169.033
168.714
168.415
168.139
167.881
167.643
167.422
167.219
167.033
166.862
166.707
166.568
166.443
166.33
166.231
166.145
166.071
166.008
165.957
165.919
165.891
165.873
165.866
165.87
165.884
165.907
165.941
165.987
166.043
166.108
166.184
166.271
166.369
166.477
166.597
166.73
166.873
167.028
167.195
167.374
167.565
167.767
167.981
168.207
168.442
168.687
168.941
169.203
169.472
169.746
170.025
170.308
170.593
170.878
171.162
171.446
171.726
172.002
172.273
172.539
172.798
173.05
173.293
173.529
173.756
173.974
174.182
174.383
174.573
174.755
174.926
175.09
175.244
175.39
175.528
175.658
175.78
175.895
176.003
176.104
176.199
176.288
176.37
13.5085
45.5627
99.8151
140.77
160.689
168.049
169.614
168.742
166.919
164.791
162.636
160.568
158.623
156.795
155.053
153.357
151.677
150.005
148.355
146.762
145.265
143.897
142.676
141.603
140.665
139.843
139.116
138.46
137.859
137.301
136.776
136.279
135.804
135.35
134.917
134.503
134.107
133.729
133.369
133.026
132.7
132.39
132.098
131.822
131.561
131.316
131.086
130.87
130.668
130.479
130.304
130.141
129.99
129.851
129.723
129.606
129.5
129.404
129.32
129.246
129.181
129.126
129.082
129.047
129.022
129.006
129.003
129.009
129.025
129.051
129.089
129.137
129.197
129.267
129.351
129.446
129.552
129.671
129.802
129.945
130.099
130.265
130.444
130.632
130.83
131.038
131.254
131.477
131.707
131.941
132.181
132.423
132.667
132.911
133.155
133.397
133.636
133.871
134.103
134.329
134.549
134.763
134.97
135.17
135.362
135.546
135.723
135.891
136.052
136.204
136.35
136.487
136.617
136.739
136.855
136.964
137.067
137.163
137.253
137.338
137.417
137.491
8.23301
22.8778
55.2875
90.2293
113.18
124.852
129.857
131.465
131.427
130.62
129.476
128.206
126.908
125.617
124.33
123.026
121.692
120.329
118.96
117.626
116.368
115.223
114.209
113.327
112.566
111.904
111.321
110.794
110.306
109.846
109.405
108.978
108.563
108.158
107.764
107.38
107.008
106.647
106.299
105.963
105.64
105.329
105.032
104.748
104.477
104.219
103.974
103.741
103.521
103.312
103.115
102.93
102.755
102.591
102.438
102.294
102.161
102.037
101.924
101.821
101.727
101.642
101.567
101.502
101.447
101.401
101.366
101.341
101.325
101.321
101.327
101.344
101.372
101.411
101.462
101.525
101.6
101.686
101.784
101.894
102.016
102.148
102.293
102.447
102.612
102.785
102.966
103.156
103.351
103.551
103.757
103.966
104.177
104.389
104.601
104.812
105.022
105.228
105.432
105.631
105.825
106.014
106.198
106.375
106.545
106.709
106.867
107.017
107.16
107.297
107.427
107.55
107.666
107.776
107.88
107.978
108.07
108.157
108.238
108.314
108.386
108.452
5.47939
11.9933
28.2314
52.6658
74.4963
88.7649
96.7057
100.691
102.441
102.971
102.843
102.365
101.701
100.928
100.076
99.1477
98.1447
97.0795
95.9829
94.8977
93.8693
92.9344
92.1137
91.4099
90.8118
90.2998
89.8524
89.4486
89.0714
88.709
88.3541
88.002
87.651
87.3008
86.9529
86.608
86.2673
85.9321
85.6042
85.2841
84.9725
84.6701
84.3783
84.0966
83.8254
83.5648
83.3154
83.0766
82.8483
82.6305
82.4238
82.2271
82.0403
81.8631
81.696
81.5383
81.3899
81.2508
81.1217
81.0018
80.8909
80.7892
80.697
80.6141
80.5406
80.4766
80.4229
80.379
80.345
80.321
80.3078
80.3051
80.313
80.3317
80.3622
80.4038
80.4565
80.5204
80.5958
80.6822
80.7796
80.8875
81.0065
81.1351
81.273
81.4193
81.5738
81.7353
81.903
82.076
82.2539
82.4352
82.6187
82.8036
82.9893
83.1745
83.3585
83.5404
83.7201
83.8964
84.0685
84.2361
84.3991
84.5567
84.7088
84.855
84.9957
85.1304
85.2589
85.3813
85.4978
85.6084
85.7131
85.8121
85.9058
85.9941
86.0772
86.1554
86.2288
86.2977
86.3624
86.4223
3.95842
6.92871
14.045
27.7134
44.4811
58.742
68.5364
74.5565
78.024
79.9026
80.8204
81.1594
81.1439
80.8987
80.4867
79.937
79.2678
78.5026
77.678
76.8397
76.0347
75.3013
74.6625
74.1238
73.6766
73.3034
72.9837
72.6974
72.4279
72.1633
71.8963
71.6227
71.3411
71.052
70.7571
70.4582
70.1571
69.8558
69.5566
69.2608
68.9696
68.6842
68.4062
68.1355
67.8729
67.6186
67.3736
67.1375
66.9105
66.6927
66.4846
66.2856
66.0956
65.9145
65.7426
65.5795
65.4252
65.2797
65.1434
65.0159
64.8972
64.7871
64.6863
64.5944
64.5115
64.4378
64.3739
64.3195
64.2746
64.2394
64.2143
64.1993
64.1945
64.1999
64.2163
64.2431
64.2804
64.3282
64.3866
64.4553
64.5341
64.6228
64.7215
64.8293
64.9456
65.0698
65.2015
65.3399
65.4842
65.6335
65.7874
65.9448
66.1046
66.266
66.4284
66.5908
66.7524
66.9126
67.0711
67.2268
67.3793
67.528
67.6727
67.813
67.9486
68.0791
68.2049
68.3254
68.4406
68.5505
68.6552
68.7546
68.8489
68.9382
69.0227
69.1024
69.1775
69.2482
69.3147
69.3771
69.4356
69.49
3.07724
4.4827
7.4298
13.663
23.6771
35.0266
44.8504
52.0838
56.9698
60.1198
62.0865
63.2698
63.9337
64.2425
64.2926
64.1388
63.8177
63.3639
62.8193
62.232
61.65
61.1136
60.6486
60.2646
59.9572
59.7123
59.5117
59.3367
59.1713
59.0036
58.826
58.6343
58.4271
58.2049
57.97
57.7243
57.4705
57.211
56.9485
56.6849
56.4221
56.1615
55.9049
55.6531
55.4066
55.1663
54.933
54.707
54.4885
54.2778
54.0754
53.881
53.6947
53.5165
53.3465
53.1847
53.031
52.8854
52.7484
52.6197
52.4993
52.3871
52.2835
52.1885
52.102
52.0242
51.9555
51.8959
51.8453
51.8038
51.7718
51.7492
51.7361
51.7326
51.7391
51.7553
51.7811
51.8166
51.8617
51.9162
51.98
52.0528
52.1345
52.2246
52.3224
52.4275
52.5395
52.6576
52.7812
52.9095
53.0422
53.1782
53.3167
53.4569
53.5984
53.7402
53.8816
54.0221
54.1613
54.2984
54.4329
54.5644
54.6925
54.817
54.9374
55.0537
55.1658
55.2734
55.3764
55.4748
55.5687
55.658
55.7428
55.8232
55.8993
55.9712
56.0391
56.103
56.1631
56.2196
56.2726
56.3219
2.55069
3.2178
4.43836
6.94268
11.6107
18.4653
26.1715
33.1854
38.7624
42.8713
45.7772
47.7842
49.1423
50.0314
50.5711
50.8387
50.8877
50.7637
50.5136
50.1872
49.8338
49.4951
49.2007
48.965
48.789
48.6636
48.574
48.504
48.4386
48.366
48.2785
48.1713
48.0427
47.8931
47.7244
47.5391
47.3399
47.1297
46.9114
46.6875
46.4603
46.2317
46.0037
45.7774
45.554
45.3342
45.1191
44.9093
44.7053
44.5075
44.3165
44.1323
43.955
43.7848
43.6219
43.4662
43.3179
43.1771
43.044
42.9185
42.8006
42.6905
42.5883
42.494
42.4076
42.3294
42.2596
42.1981
42.1451
42.1005
42.0645
42.0373
42.0187
42.0089
42.0082
42.0162
42.033
42.0585
42.0927
42.1354
42.1864
42.2454
42.3124
42.3869
42.4684
42.5565
42.6508
42.7507
42.8556
42.965
43.0783
43.1949
43.3139
43.4348
43.5571
43.6799
43.8028
43.9251
44.0465
44.1664
44.2843
44.3998
44.5126
44.6223
44.7288
44.8317
44.9311
45.0267
45.1185
45.2062
45.2901
45.37
45.4459
45.518
45.5864
45.651
45.7121
45.7697
45.824
45.875
45.9229
45.9676
2.23299
2.52131
3.02006
3.97837
5.81146
8.95357
13.425
18.6072
23.6556
28.0096
31.4926
34.161
36.1537
37.6128
38.6537
39.3623
39.8028
40.0288
40.091
40.0405
39.9265
39.7925
39.6713
39.5827
39.534
39.5221
39.5371
39.5663
39.5965
39.6167
39.6189
39.5979
39.5513
39.4791
39.3825
39.2641
39.1264
38.9727
38.806
38.6291
38.4447
38.2549
38.0621
37.8678
37.6734
37.4802
37.2891
37.101
36.9167
36.7368
36.562
36.3925
36.2286
36.0706
35.9187
35.7731
35.6339
35.5012
35.3754
35.2563
35.1441
35.039
34.9409
34.85
34.7664
34.6902
34.6215
34.5605
34.507
34.4613
34.4234
34.3933
34.3711
34.3567
34.3504
34.352
34.3614
34.3785
34.4034
34.4357
34.4755
34.5223
34.5763
34.6368
34.7037
34.7764
34.8547
34.938
35.0259
35.1179
35.2136
35.3123
35.4134
35.5165
35.621
35.7262
35.8318
35.9373
36.0422
36.146
36.2484
36.3489
36.4473
36.5433
36.6366
36.727
36.8145
36.8988
36.9798
37.0575
37.1319
37.2029
37.2705
37.3347
37.3957
37.4536
37.5082
37.5599
37.6086
37.6544
37.6975
37.7378
2.04416
2.12289
2.29753
2.64298
3.30172
4.48782
6.42627
9.18556
12.5451
16.0855
19.4158
22.3105
24.7019
26.6139
28.105
29.2385
30.072
30.6579
31.046
31.2856
31.4248
31.5068
31.5671
31.6303
31.71
31.8097
31.9257
32.0496
32.1714
32.2815
32.3722
32.4379
32.4757
32.4846
32.4653
32.4197
32.3503
32.2601
32.1521
32.0294
31.8947
31.7506
31.5996
31.4436
31.2843
31.1232
30.9617
30.8006
30.641
30.4836
30.3294
30.1787
30.0321
29.8899
29.7525
29.6201
29.493
29.3713
29.2554
29.1454
29.0412
28.9432
28.8514
28.766
28.6869
28.6144
28.5486
28.4895
28.4372
28.3918
28.3532
28.3216
28.297
28.2793
28.2687
28.265
28.2682
28.2783
28.295
28.3184
28.3482
28.3842
28.4265
28.4745
28.5281
28.5869
28.6507
28.7189
28.7913
28.8674
28.9468
29.0291
29.1138
29.2004
29.2884
29.3774
29.4669
29.5566
29.646
29.7348
29.8226
29.9091
29.9939
30.0769
30.1577
30.2362
30.3124
30.3859
30.4567
30.5248
30.5901
30.6525
30.7121
30.7688
30.8228
30.874
30.9225
30.9683
31.0117
31.0525
31.091
31.127
1.93662
1.89378
1.9091
1.99888
2.20584
2.60139
3.28866
4.38492
5.96613
7.99852
10.3239
12.7231
15.0025
17.0409
18.7865
20.2334
21.4001
22.3169
23.0204
23.5509
23.9501
24.2581
24.5101
24.7335
24.9472
25.161
25.3775
25.5937
25.8039
26.0007
26.1777
26.3295
26.4525
26.5451
26.607
26.6394
26.6443
26.6241
26.5819
26.5205
26.4427
26.3514
26.249
26.1378
26.0199
25.8969
25.7704
25.6417
25.5118
25.3818
25.2525
25.1248
24.9993
24.8765
24.7568
24.6408
24.5286
24.4206
24.3171
24.2183
24.1243
24.0354
23.9518
23.8734
23.8006
23.7333
23.6717
23.6159
23.566
23.5221
23.4841
23.4521
23.4261
23.4062
23.3924
23.3846
23.3827
23.3868
23.3966
23.4122
23.4333
23.4599
23.4918
23.5287
23.5705
23.6168
23.6675
23.7221
23.7804
23.8421
23.9068
23.9741
24.0436
24.115
24.1879
24.2618
24.3364
24.4114
24.4864
24.5611
24.6352
24.7083
24.7803
24.8509
24.9198
24.987
25.0522
25.1154
25.1764
25.2352
25.2916
25.3457
25.3975
25.4468
25.4939
25.5386
25.581
25.6212
25.6593
25.6952
25.7291
25.7609
1.87971
1.76618
1.6969
1.6702
1.696
1.79457
1.99812
2.3527
2.91542
3.74039
4.85304
6.22682
7.78142
9.4066
10.9954
12.4672
13.7745
14.8985
15.8411
16.6187
17.2559
17.782
18.2261
18.6142
18.967
19.2986
19.6171
19.925
20.2209
20.5011
20.7611
20.9964
21.2035
21.3801
21.5253
21.6392
21.7231
21.7789
21.8088
21.8156
21.802
21.7706
21.724
21.6647
21.5947
21.5162
21.4308
21.3401
21.2454
21.148
21.0487
20.9485
20.8483
20.7487
20.6505
20.554
20.4599
20.3684
20.28
20.1948
20.1133
20.0357
19.962
19.8926
19.8276
19.7671
19.7113
19.6603
19.6141
19.5729
19.5367
19.5055
19.4794
19.4585
19.4426
19.4319
19.4262
19.4255
19.4297
19.4388
19.4526
19.4711
19.494
19.5213
19.5528
19.5881
19.6272
19.6698
19.7156
19.7643
19.8157
19.8695
19.9254
19.9829
20.0419
20.102
20.1629
20.2243
20.2859
20.3474
20.4086
20.4692
20.529
20.5878
20.6454
20.7017
20.7564
20.8096
20.861
20.9107
20.9585
21.0044
21.0484
21.0905
21.1306
21.1689
21.2052
21.2397
21.2724
21.3034
21.3326
21.3601
1.85262
1.70013
1.58443
1.50014
1.44691
1.42875
1.45384
1.53515
1.69139
1.94732
2.33155
2.87028
3.5774
4.44509
5.44062
6.51205
7.60052
8.65296
9.63072
10.5123
11.2919
11.9752
12.5753
13.1083
13.5901
14.0345
14.4515
14.8472
15.2241
15.5821
15.9191
16.2324
16.519
16.7767
17.0039
17.1999
17.3651
17.5004
17.6075
17.6884
17.7453
17.7808
17.7972
17.7969
17.7822
17.7551
17.7175
17.6713
17.6178
17.5586
17.4948
17.4276
17.3577
17.286
17.2135
17.1406
17.0682
16.9966
16.9264
16.8579
16.7916
16.7276
16.6664
16.6081
16.553
16.5013
16.453
16.4085
16.3677
16.3308
16.2979
16.2691
16.2444
16.2238
16.2074
16.1951
16.187
16.1831
16.1832
16.1873
16.1953
16.2072
16.2229
16.2422
16.2649
16.291
16.3202
16.3524
16.3873
16.4247
16.4645
16.5063
16.55
16.5952
16.6417
16.6893
16.7377
16.7866
16.8359
16.8852
16.9344
16.9833
17.0316
17.0792
17.126
17.1717
17.2164
17.2598
17.3019
17.3426
17.3819
17.4197
17.456
17.4908
17.524
17.5558
17.586
17.6147
17.6419
17.6677
17.6922
17.7153
1.84139
1.6697
1.52946
1.4157
1.32537
1.25753
1.21298
1.19429
1.20591
1.25455
1.34953
1.50279
1.72811
2.03897
2.44504
2.94825
3.53994
4.20096
4.90479
5.6228
6.32963
7.00682
7.64411
8.23852
8.79229
9.3104
9.79853
10.2615
10.7026
11.1234
11.5237
11.9022
12.2571
12.5863
12.888
13.161
13.4045
13.6187
13.8041
13.9619
14.0937
14.2014
14.2869
14.3522
14.3996
14.431
14.4484
14.4535
14.448
14.4335
14.4114
14.3828
14.349
14.3109
14.2693
14.225
14.1789
14.1315
14.0835
14.0354
13.9877
13.9408
13.8951
13.8508
13.8083
13.7678
13.7296
13.6938
13.6606
13.6301
13.6026
13.578
13.5565
13.5382
13.5231
13.5111
13.5025
13.497
13.4948
13.4958
13.4999
13.5071
13.5173
13.5304
13.5464
13.565
13.5862
13.6098
13.6357
13.6637
13.6936
13.7252
13.7583
13.7928
13.8284
13.8649
13.9021
13.9399
13.978
14.0162
14.0544
14.0923
14.13
14.1671
14.2036
14.2394
14.2743
14.3083
14.3414
14.3734
14.4043
14.434
14.4626
14.49
14.5163
14.5413
14.5652
14.588
14.6096
14.6301
14.6495
14.6679
1.83747
1.65774
1.50597
1.37779
1.26982
1.17973
1.10613
1.04851
1.00711
0.982974
0.97803
0.995187
1.03848
1.11308
1.22513
1.38114
1.58705
1.8469
2.16153
2.52779
2.93859
3.38391
3.85246
4.33339
4.81767
5.29871
5.77232
6.23609
6.68871
7.12923
7.55654
7.9691
8.36501
8.74209
9.0982
9.43134
9.73993
10.0229
10.2798
10.5105
10.7156
10.896
11.0528
11.1876
11.3019
11.3973
11.4757
11.5387
11.5879
11.6249
11.651
11.6677
11.6762
11.6775
11.6728
11.663
11.6488
11.631
11.6103
11.5874
11.5628
11.5371
11.5108
11.4843
11.4579
11.4321
11.407
11.383
11.3603
11.3391
11.3196
11.3019
11.2861
11.2725
11.261
11.2517
11.2447
11.2401
11.2378
11.2378
11.2402
11.2449
11.2518
11.261
11.2723
11.2856
11.3009
11.3181
11.337
11.3575
11.3795
11.4029
11.4274
11.4529
11.4793
11.5064
11.534
11.562
11.5902
11.6186
11.6469
11.675
11.7029
11.7303
11.7573
11.7837
11.8094
11.8345
11.8588
11.8823
11.905
11.9268
11.9477
11.9678
11.987
12.0053
12.0228
12.0394
12.0552
12.0701
12.0844
12.0979
1.83635
1.65389
1.49762
1.36332
1.24761
1.14783
1.062
0.988662
0.926849
0.875997
0.835927
0.806834
0.789301
0.784324
0.793349
0.818291
0.861512
0.925748
1.01394
1.12894
1.27323
1.44849
1.65538
1.89332
2.1606
2.45453
2.77174
3.10843
3.46063
3.82431
4.1955
4.57028
4.94482
5.31543
5.6786
6.03106
6.36986
6.69247
6.99684
7.2814
7.54511
7.78746
8.00839
8.20821
8.38759
8.54743
8.6888
8.8129
8.92099
9.01435
9.09429
9.16203
9.2188
9.26574
9.30394
9.33439
9.35801
9.37568
9.38816
9.39615
9.40021
9.40099
9.39911
9.3951
9.38943
9.38252
9.37477
9.36652
9.35808
9.34972
9.34169
9.3342
9.32745
9.3216
9.3168
9.31316
9.31078
9.30974
9.31012
9.31194
9.31524
9.32002
9.3263
9.33403
9.3432
9.35375
9.36563
9.37875
9.39305
9.40843
9.42479
9.44201
9.45999
9.47861
9.49774
9.51726
9.53706
9.55701
9.57702
9.59696
9.61674
9.63628
9.65549
9.67429
9.69263
9.71046
9.72774
9.74443
9.76049
9.77593
9.79072
9.80487
9.81836
9.83121
9.84344
9.85503
9.86603
9.87643
9.88627
9.89557
9.90442
9.91284
1.8361
1.6529
1.49526
1.35888
1.24033
1.13688
1.04634
0.966998
0.8975
0.836802
0.784121
0.738903
0.700792
0.669617
0.645381
0.628263
0.618619
0.616995
0.624134
0.640984
0.668703
0.708633
0.762274
0.831227
0.917123
1.02154
1.14589
1.29133
1.45862
1.64802
1.85918
2.09104
2.34178
2.60887
2.88914
3.17891
3.47425
3.77118
4.06591
4.35498
4.63541
4.90475
5.16109
5.40301
5.62957
5.84024
6.03485
6.21352
6.37662
6.52472
6.65855
6.7789
6.88666
6.98274
7.06804
7.14346
7.20985
7.26807
7.31891
7.36307
7.40129
7.43423
7.46247
7.48651
7.50685
7.52405
7.5386
7.55092
7.5614
7.57038
7.57818
7.58509
7.59137
7.59725
7.60293
7.60859
7.61439
7.62045
7.62689
7.63381
7.64126
7.64932
7.65801
7.66735
7.67735
7.688
7.69928
7.71114
7.72353
7.73641
7.7497
7.76332
7.7772
7.79124
7.80537
7.81948
7.83351
7.84736
7.86097
7.87425
7.88715
7.89962
7.9116
7.92307
7.93399
7.94434
7.95413
7.96334
7.97198
7.98006
7.98759
7.99459
8.00108
8.0071
8.01265
8.01778
8.02251
8.02686
8.03086
8.03456
8.03803
8.04136
1.83605
1.6527
1.49473
1.35782
1.23848
1.13393
1.04192
0.960651
0.888632
0.82467
0.767793
0.717216
0.672311
0.632584
0.597655
0.567245
0.541164
0.519308
0.501654
0.488262
0.479278
0.474938
0.475583
0.481662
0.493744
0.512532
0.538869
0.573738
0.618265
0.673694
0.741352
0.822574
0.918629
1.03059
1.15922
1.30482
1.46714
1.64531
1.83779
2.04246
2.25673
2.47765
2.70218
2.92729
3.1502
3.36846
3.58002
3.78328
3.97705
4.16051
4.33317
4.49479
4.64535
4.78502
4.91407
5.03288
5.14194
5.24176
5.33291
5.41596
5.49153
5.56018
5.62247
5.67895
5.73016
5.77654
5.81856
5.85656
5.89096
5.92221
5.95069
5.97676
6.00073
6.02288
6.04349
6.06278
6.08097
6.09825
6.11478
6.1307
6.14613
6.16117
6.17591
6.19039
6.20467
6.21877
6.23272
6.24649
6.26008
6.27347
6.28661
6.29947
6.31199
6.32411
6.33579
6.34696
6.35758
6.3676
6.37697
6.38566
6.39364
6.4009
6.40743
6.41322
6.41829
6.42266
6.42634
6.42937
6.43179
6.43363
6.43494
6.43576
6.43615
6.43614
6.43578
6.43511
6.43419
6.43305
6.43172
6.43026
6.42877
6.42733
1.83603
1.65264
1.49462
1.3576
1.23811
1.13332
1.04098
0.959246
0.886595
0.821781
0.763771
0.711705
0.664871
0.622674
0.584619
0.550297
0.519368
0.491558
0.466643
0.444451
0.424854
0.407766
0.393142
0.380979
0.371315
0.364236
0.359879
0.358437
0.360176
0.365433
0.374637
0.388311
0.407082
0.431682
0.462941
0.501766
0.549116
0.60595
0.673174
0.751552
0.84164
0.943701
1.05765
1.183
1.31884
1.46392
1.61662
1.77512
1.93745
2.10163
2.26576
2.4281
2.58715
2.74167
2.89068
3.03348
3.16959
3.29873
3.42079
3.53576
3.64377
3.74496
3.83959
3.92791
4.01023
4.08686
4.15812
4.22437
4.28595
4.34317
4.39633
4.44569
4.49155
4.53426
4.57411
4.61138
4.6463
4.67909
4.70996
4.73907
4.76659
4.79266
4.8174
4.8409
4.86324
4.88449
4.9047
4.9239
4.9421
4.95932
4.97554
4.99075
5.00494
5.01808
5.03016
5.04114
5.05102
5.05978
5.06743
5.07395
5.07937
5.0837
5.08698
5.08924
5.09054
5.09092
5.09045
5.08919
5.08721
5.08457
5.08137
5.07765
5.0735
5.06898
5.06416
5.0591
5.05386
5.04849
5.04304
5.03757
5.03219
5.02701
1.83602
1.65261
1.49457
1.35754
1.23801
1.13319
1.0408
0.958995
0.886239
0.821275
0.763051
0.710688
0.663449
0.620708
0.581937
0.546688
0.514576
0.485278
0.458513
0.434046
0.411676
0.391233
0.372577
0.35559
0.340179
0.326273
0.31382
0.30279
0.293173
0.284983
0.278257
0.273063
0.269496
0.267691
0.267821
0.270107
0.27482
0.282289
0.292902
0.307103
0.325398
0.348336
0.376505
0.410501
0.450909
0.498264
0.553015
0.615482
0.685823
0.764003
0.849779
0.942681
1.04204
1.14699
1.25654
1.36957
1.48493
1.60149
1.71813
1.83385
1.94777
2.05914
2.16736
2.27198
2.37267
2.46923
2.56154
2.64958
2.73339
2.81303
2.8886
2.96027
3.02818
3.09244
3.15319
3.21051
3.26457
3.31556
3.36367
3.40905
3.45187
3.49226
3.53035
3.56626
3.60007
3.63187
3.66173
3.68969
3.7158
3.7401
3.76259
3.78331
3.80226
3.81946
3.83492
3.84867
3.86073
3.87113
3.87991
3.88712
3.89282
3.89707
3.89994
3.90151
3.90187
3.9011
3.89931
3.89658
3.89301
3.8887
3.88374
3.87821
3.87222
3.86584
3.85915
3.85222
3.84513
3.83793
3.83069
3.82345
3.81633
3.80946
1.83602
1.65258
1.49453
1.35749
1.23795
1.13313
1.04073
0.958918
0.886153
0.821175
0.76293
0.710534
0.663244
0.620428
0.581551
0.546152
0.513838
0.48427
0.457156
0.432242
0.409307
0.388161
0.368636
0.350588
0.333891
0.318436
0.304126
0.290882
0.278634
0.267323
0.256903
0.247336
0.238596
0.230667
0.223544
0.217235
0.21176
0.207152
0.203461
0.200757
0.199127
0.198681
0.199556
0.201914
0.205948
0.21188
0.219966
0.230488
0.243755
0.260097
0.279856
0.303373
0.330976
0.362964
0.399593
0.441051
0.48745
0.538808
0.595046
0.655972
0.721294
0.790618
0.863469
0.939296
1.0175
1.09747
1.17856
1.26016
1.3417
1.42263
1.5025
1.58089
1.65749
1.732
1.80423
1.87405
1.94137
2.00608
2.06814
2.12744
2.184
2.23785
2.28904
2.33759
2.38355
2.42694
2.46779
2.50612
2.54197
2.57536
2.60632
2.63489
2.66111
2.68502
2.70667
2.72614
2.74348
2.75878
2.77212
2.78358
2.79327
2.80129
2.80773
2.81271
2.81633
2.81871
2.81995
2.82015
2.81942
2.81787
2.81559
2.81266
2.80919
2.80525
2.80092
2.79627
2.79137
2.78627
2.78104
2.77572
2.77041
2.7652
1.83601
1.65256
1.4945
1.35744
1.2379
1.13307
1.04068
0.958862
0.886097
0.821119
0.762875
0.710479
0.663188
0.620369
0.581485
0.546075
0.513744
0.484149
0.456995
0.432026
0.409016
0.38777
0.368116
0.349902
0.332996
0.31728
0.302649
0.289011
0.276284
0.264395
0.25328
0.24288
0.233146
0.224034
0.215504
0.207523
0.200063
0.193101
0.186618
0.180602
0.175044
0.169941
0.165297
0.161122
0.157431
0.154249
0.151606
0.149545
0.148117
0.147385
0.147424
0.148324
0.150188
0.153134
0.157298
0.162829
0.169889
0.178654
0.189307
0.202037
0.217032
0.234474
0.254535
0.277364
0.303084
0.331785
0.363517
0.398283
0.436036
0.476679
0.520064
0.565992
0.61422
0.664463
0.716406
0.769709
0.824017
0.878965
0.93419
0.989384
1.0442
1.09831
1.15138
1.20314
1.25336
1.30187
1.34852
1.3932
1.43583
1.47637
1.51477
1.55104
1.58518
1.61724
1.64723
1.67522
1.70126
1.72541
1.74775
1.76834
1.78725
1.80457
1.82036
1.83471
1.8477
1.85939
1.86987
1.87922
1.8875
1.89479
1.90117
1.90669
1.91143
1.91546
1.91883
1.92161
1.92384
1.9256
1.92691
1.92785
1.92847
1.9288
1.83601
1.65254
1.49448
1.35742
1.23787
1.13304
1.04064
0.958827
0.886061
0.821083
0.762838
0.710444
0.663154
0.620336
0.581453
0.546045
0.513714
0.484119
0.456965
0.431993
0.408979
0.387726
0.368062
0.349834
0.332907
0.317164
0.302497
0.288813
0.276027
0.264064
0.252857
0.242345
0.232473
0.223192
0.214458
0.206232
0.198477
0.19116
0.184253
0.17773
0.171566
0.165742
0.160239
0.155041
0.150135
0.14551
0.141155
0.137066
0.133237
0.129668
0.12636
0.123317
0.120546
0.118059
0.11587
0.113998
0.112469
0.111309
0.110555
0.110248
0.110436
0.111175
0.112527
0.114566
0.117369
0.121025
0.125629
0.131283
0.138092
0.146166
0.155618
0.166557
0.179088
0.19331
0.209311
0.227161
0.246915
0.268606
0.292243
0.317809
0.345262
0.374528
0.405524
0.438134
0.472198
0.507535
0.543946
0.581221
0.619141
0.657486
0.696036
0.734577
0.772905
0.810826
0.848162
0.884752
0.920452
0.955134
0.988691
1.02103
1.05209
1.0818
1.11014
1.13706
1.16257
1.18666
1.20934
1.23064
1.25058
1.26919
1.28653
1.30264
1.31756
1.33135
1.34406
1.35576
1.3665
1.37633
1.38532
1.39352
1.40098
1.40771
1.83601
1.65254
1.49448
1.35742
1.23787
1.13304
1.04064
0.958827
0.886061
0.821083
0.762838
0.710444
0.663154
0.620336
0.581453
0.546045
0.513714
0.484119
0.456965
0.431993
0.408979
0.387726
0.368062
0.349834
0.332907
0.317164
0.302497
0.288813
0.276027
0.264064
0.252857
0.242345
0.232473
0.223192
0.214459
0.206232
0.198477
0.191161
0.184254
0.177732
0.171569
0.165745
0.160243
0.155047
0.150142
0.145518
0.141165
0.137077
0.133251
0.129683
0.126376
0.123333
0.120561
0.118071
0.115877
0.113998
0.112455
0.111278
0.110498
0.110157
0.110299
0.110979
0.112256
0.1142
0.116888
0.120402
0.124836
0.130288
0.13686
0.144661
0.1538
0.164385
0.176521
0.190308
0.205834
0.223173
0.242384
0.263505
0.28655
0.311512
0.338353
0.36701
0.397414
0.429445
0.462951
0.497757
0.53367
0.570487
0.607992
0.645966
0.684193
0.722458
0.760555
0.798292
0.835488
0.871979
0.907617
0.942274
0.975838
1.00822
1.03934
1.06914
1.09758
1.12463
1.15027
1.17452
1.19737
1.21884
1.23896
1.25776
1.27529
1.29159
1.3067
1.32069
1.3336
1.34549
1.35642
1.36645
1.37562
1.384
1.39164
1.39855
1.83601
1.65256
1.4945
1.35744
1.2379
1.13307
1.04068
0.958862
0.886097
0.821119
0.762875
0.710479
0.663188
0.62037
0.581485
0.546076
0.513744
0.484149
0.456995
0.432026
0.409016
0.38777
0.368116
0.349903
0.332997
0.317281
0.30265
0.289013
0.276286
0.264397
0.253282
0.242884
0.233151
0.22404
0.215511
0.207532
0.200075
0.193116
0.186636
0.180624
0.17507
0.169973
0.165334
0.161162
0.157474
0.154292
0.151647
0.149578
0.148134
0.147375
0.147375
0.148218
0.150004
0.152845
0.156873
0.162228
0.16907
0.177565
0.187892
0.200235
0.214778
0.231701
0.251171
0.27334
0.298333
0.326243
0.357126
0.390991
0.427803
0.467473
0.509865
0.554791
0.602018
0.651272
0.702245
0.754609
0.808012
0.862092
0.916494
0.970916
1.025
1.0784
1.13079
1.1819
1.23151
1.27945
1.32556
1.36973
1.41188
1.45197
1.48996
1.52585
1.55966
1.59141
1.62115
1.64891
1.67478
1.69879
1.72103
1.74156
1.76046
1.7778
1.79365
1.8081
1.82121
1.83305
1.84372
1.85327
1.86177
1.86931
1.87595
1.88175
1.88677
1.8911
1.89477
1.89785
1.9004
1.90246
1.90409
1.90533
1.90625
1.90689
1.83602
1.65258
1.49453
1.35749
1.23795
1.13313
1.04073
0.958918
0.886154
0.821175
0.76293
0.710535
0.663244
0.620429
0.581551
0.546152
0.513839
0.484272
0.457158
0.432244
0.40931
0.388165
0.368641
0.350595
0.333899
0.318446
0.304139
0.290898
0.278653
0.267347
0.256932
0.247372
0.23864
0.23072
0.223608
0.217311
0.211847
0.207251
0.203572
0.200874
0.199245
0.19879
0.199642
0.201957
0.205921
0.21175
0.219689
0.230012
0.243017
0.259024
0.278366
0.301375
0.328376
0.359663
0.39549
0.436051
0.481464
0.531758
0.586863
0.646605
0.710708
0.778796
0.850409
0.925012
1.00202
1.08083
1.1608
1.24133
1.32185
1.40182
1.48076
1.55827
1.63402
1.70773
1.77919
1.84828
1.9149
1.97894
2.04034
2.09902
2.15501
2.20835
2.25906
2.3072
2.35279
2.39587
2.43646
2.47459
2.51027
2.54354
2.57442
2.60294
2.62914
2.65306
2.67475
2.69427
2.71168
2.72706
2.7405
2.75207
2.76188
2.77002
2.7766
2.78173
2.7855
2.78804
2.78944
2.78982
2.78927
2.7879
2.7858
2.78307
2.77979
2.77605
2.77192
2.76747
2.76277
2.75788
2.75285
2.74774
2.74263
2.73762
1.83602
1.65261
1.49457
1.35754
1.23801
1.13319
1.0408
0.958996
0.88624
0.821275
0.763052
0.71069
0.663451
0.620712
0.581942
0.546694
0.514585
0.48529
0.458529
0.434066
0.411702
0.391266
0.372618
0.355641
0.340243
0.326351
0.313915
0.302906
0.293313
0.285151
0.278458
0.2733
0.269773
0.268007
0.268175
0.270493
0.275226
0.282693
0.293273
0.307399
0.325559
0.348289
0.376159
0.409751
0.449635
0.496336
0.550294
0.611829
0.681104
0.758093
0.842565
0.934072
1.03196
1.1354
1.2434
1.35488
1.4687
1.58371
1.69884
1.81307
1.92552
2.03545
2.14225
2.24548
2.34482
2.44005
2.53108
2.6179
2.70055
2.77909
2.85364
2.92438
2.99143
3.05492
3.11498
3.17169
3.22523
3.27579
3.32355
3.36867
3.4113
3.45158
3.48962
3.52553
3.55942
3.59134
3.62138
3.64956
3.67594
3.70054
3.72337
3.74445
3.76379
3.7814
3.79728
3.81146
3.82394
3.83477
3.84398
3.8516
3.8577
3.86233
3.86558
3.8675
3.86819
3.86774
3.86624
3.86378
3.86047
3.85639
3.85164
3.84632
3.8405
3.83429
3.82775
3.82096
3.81399
3.8069
3.79976
3.79261
3.78558
3.77878
1.83603
1.65264
1.49462
1.35761
1.23811
1.13332
1.04099
0.95925
0.8866
0.821788
0.763781
0.71172
0.664891
0.622701
0.584655
0.550344
0.519429
0.491636
0.466742
0.444576
0.42501
0.407959
0.393379
0.381269
0.371669
0.364665
0.360396
0.359058
0.360914
0.366302
0.375647
0.389464
0.408372
0.433087
0.46442
0.503256
0.550528
0.60717
0.674058
0.751933
0.841334
0.94251
1.05537
1.17943
1.31381
1.45726
1.60819
1.7648
1.92514
2.08725
2.24925
2.40941
2.56624
2.71852
2.86529
3.00586
3.13978
3.26677
3.38675
3.49974
3.60586
3.70531
3.79831
3.88514
3.96612
4.04153
4.1117
4.17701
4.23776
4.29426
4.34682
4.39566
4.44113
4.48353
4.52318
4.56034
4.59523
4.62807
4.65905
4.68834
4.7161
4.74245
4.76752
4.7914
4.81416
4.83586
4.85655
4.87625
4.89499
4.91276
4.92955
4.94536
4.96015
4.9739
4.98659
4.9982
5.00869
5.01806
5.0263
5.0334
5.03938
5.04425
5.04805
5.0508
5.05255
5.05336
5.05328
5.05238
5.05073
5.04839
5.04544
5.04195
5.038
5.03365
5.02897
5.02403
5.01887
5.01357
5.00817
5.00273
4.99736
4.99218
1.83605
1.6527
1.49473
1.35782
1.23849
1.13394
1.04194
0.960672
0.888663
0.824713
0.767852
0.717295
0.672416
0.632722
0.597834
0.567474
0.541455
0.519674
0.502112
0.48883
0.479979
0.475803
0.476645
0.482961
0.495326
0.514446
0.541164
0.576458
0.621444
0.677344
0.745454
0.827074
0.923423
1.03553
1.16409
1.30937
1.47108
1.64832
1.83954
2.04262
2.25497
2.47367
2.6957
2.91807
3.13803
3.35316
3.56146
3.76138
3.95177
4.13186
4.3012
4.45961
4.60711
4.74387
4.87021
4.98653
5.09329
5.19103
5.28032
5.36172
5.43584
5.50323
5.56444
5.62003
5.6705
5.71629
5.75785
5.7955
5.82968
5.86082
5.8893
5.91544
5.93957
5.96194
5.98282
6.00244
6.02101
6.03871
6.05569
6.07209
6.08803
6.1036
6.11888
6.13393
6.14879
6.16348
6.17803
6.19241
6.20663
6.22064
6.23441
6.2479
6.26106
6.27382
6.28613
6.29794
6.30919
6.31982
6.3298
6.33908
6.34764
6.35545
6.3625
6.36879
6.37433
6.37913
6.38322
6.38662
6.38937
6.3915
6.39307
6.39412
6.39469
6.39483
6.3946
6.39403
6.39317
6.39206
6.39075
6.38928
6.38775
6.38628
1.8361
1.65291
1.49527
1.3589
1.24036
1.13692
1.04641
0.967098
0.897637
0.836986
0.784367
0.739226
0.701212
0.670158
0.646074
0.629145
0.619735
0.618399
0.625893
0.643181
0.671436
0.712017
0.766436
0.836296
0.923222
1.02876
1.1543
1.3009
1.46928
1.65958
1.87135
2.10345
2.35398
2.62034
2.8993
3.18719
3.48008
3.77402
4.06525
4.35039
4.62654
4.89132
5.14293
5.38003
5.6018
5.80776
5.99784
6.17219
6.33124
6.4756
6.60599
6.72324
6.82824
6.92187
7.00504
7.07863
7.14347
7.20041
7.25019
7.29352
7.33112
7.36359
7.39152
7.41538
7.43567
7.45294
7.46766
7.48023
7.49104
7.50041
7.50864
7.51604
7.52283
7.52925
7.53549
7.54172
7.5481
7.55476
7.5618
7.56931
7.57737
7.58602
7.59531
7.60524
7.61583
7.62706
7.63891
7.65135
7.66431
7.67775
7.6916
7.70578
7.72021
7.7348
7.74947
7.76412
7.77868
7.79306
7.80717
7.82096
7.83434
7.84727
7.8597
7.87159
7.88291
7.89364
7.90377
7.91329
7.92221
7.93053
7.93828
7.94546
7.95211
7.95824
7.96389
7.96908
7.97384
7.9782
7.9822
7.98586
7.98928
7.99254
1.83636
1.65391
1.49766
1.3634
1.24773
1.14801
1.06225
0.989009
0.927316
0.876617
0.836744
0.807905
0.790697
0.786137
0.795695
0.82131
0.86538
0.93067
1.02015
1.13669
1.28278
1.46006
1.66913
1.90933
2.17882
2.47477
2.79366
3.13155
3.48434
3.8479
4.21818
4.5912
4.96312
5.33026
5.68917
6.03665
6.36989
6.68649
6.98454
7.26264
7.5199
7.75592
7.97076
8.16483
8.33885
8.49378
8.63073
8.75088
8.85551
8.94587
9.02324
9.08883
9.14383
9.18935
9.22643
9.25604
9.27907
9.29636
9.30865
9.31661
9.32076
9.32176
9.3202
9.31661
9.31143
9.30506
9.29789
9.29024
9.28244
9.27473
9.26736
9.26053
9.25443
9.24923
9.24507
9.24205
9.24028
9.23985
9.2408
9.24319
9.24703
9.25235
9.25914
9.26737
9.27701
9.28803
9.30035
9.31392
9.32865
9.34444
9.36121
9.37883
9.39721
9.41622
9.43574
9.45564
9.47582
9.49615
9.51652
9.53682
9.55696
9.57683
9.59637
9.61549
9.63412
9.65223
9.66976
9.68667
9.70295
9.71857
9.73352
9.74779
9.7614
9.77433
9.78661
9.79825
9.80926
9.81967
9.82949
9.83875
9.84755
9.85591
1.8375
1.65781
1.50612
1.37805
1.2702
1.18027
1.10687
1.04951
1.00845
0.984782
0.980451
0.998425
1.0428
1.11882
1.23269
1.39097
1.59962
1.86262
2.18071
2.55058
2.96495
3.41361
3.88509
4.36841
4.85442
5.33643
5.81015
6.27309
6.72387
7.16145
7.58471
7.99214
8.38192
8.75205
9.10053
9.42562
9.72596
10.0007
10.2495
10.4726
10.6705
10.8442
10.9951
11.1245
11.2342
11.3257
11.4007
11.4609
11.5078
11.5429
11.5677
11.5834
11.5912
11.5921
11.5873
11.5775
11.5635
11.546
11.5257
11.5034
11.4794
11.4544
11.4288
11.4031
11.3775
11.3524
11.3281
11.3048
11.2828
11.2623
11.2434
11.2264
11.2113
11.1982
11.1873
11.1786
11.1721
11.1679
11.1661
11.1665
11.1693
11.1743
11.1816
11.1911
11.2027
11.2163
11.2319
11.2493
11.2684
11.2892
11.3114
11.3349
11.3596
11.3854
11.4119
11.4392
11.4671
11.4953
11.5238
11.5523
11.5808
11.6092
11.6372
11.6649
11.6921
11.7186
11.7446
11.7698
11.7942
11.8178
11.8406
11.8625
11.8836
11.9037
11.923
11.9413
11.9588
11.9754
11.9912
12.0061
12.0204
12.0338
1.84147
1.66992
1.52989
1.41637
1.32636
1.2589
1.21488
1.19691
1.20954
1.25958
1.3565
1.51242
1.74124
2.05648
2.46771
2.97656
3.57396
4.24032
4.94876
5.67048
6.3801
7.05924
7.6977
8.29254
8.84594
9.36275
9.84846
10.3078
10.7439
11.1582
11.5509
11.9208
12.2662
12.5855
12.8771
13.1401
13.374
13.5791
13.7562
13.9066
14.0318
14.1337
14.2143
14.2756
14.3197
14.3484
14.3638
14.3674
14.3609
14.3457
14.3233
14.2947
14.2611
14.2234
14.1823
14.1387
14.0933
14.0467
13.9996
13.9524
13.9056
13.8595
13.8147
13.7712
13.7295
13.6898
13.6523
13.6172
13.5847
13.5548
13.5279
13.5038
13.4828
13.4649
13.4501
13.4385
13.4302
13.425
13.423
13.4242
13.4284
13.4358
13.4461
13.4593
13.4753
13.494
13.5152
13.5388
13.5647
13.5927
13.6226
13.6542
13.6874
13.7219
13.7575
13.794
13.8313
13.8691
13.9073
13.9456
13.9839
14.022
14.0597
14.0969
14.1336
14.1695
14.2045
14.2387
14.2718
14.3039
14.3349
14.3648
14.3935
14.421
14.4473
14.4724
14.4964
14.5191
14.5408
14.5613
14.5808
14.5993
1.85285
1.70072
1.58546
1.5017
1.44917
1.43197
1.45847
1.54185
1.70114
1.96146
2.35168
2.89801
3.61396
4.49085
5.4949
6.57336
7.66692
8.7226
9.70209
10.5844
11.3641
12.0471
12.6465
13.1781
13.6576
14.0984
14.5103
14.8992
15.2677
15.6159
15.9421
16.2437
16.5185
16.7645
16.9804
17.1659
17.3214
17.4482
17.5478
17.6223
17.674
17.7052
17.7182
17.7153
17.6987
17.6703
17.6319
17.5853
17.5318
17.4729
17.4096
17.343
17.2739
17.2032
17.1316
17.0598
16.9883
16.9178
16.8486
16.7811
16.7157
16.6527
16.5924
16.5349
16.4805
16.4294
16.3818
16.3377
16.2974
16.261
16.2284
16.1999
16.1754
16.1549
16.1387
16.1265
16.1184
16.1144
16.1145
16.1185
16.1265
16.1382
16.1537
16.1728
16.1953
16.2212
16.2502
16.2821
16.3168
16.3541
16.3936
16.4352
16.4787
16.5238
16.5702
16.6177
16.666
16.7149
16.7641
16.8134
16.8626
16.9115
16.9599
17.0076
17.0545
17.1004
17.1451
17.1887
17.2309
17.2718
17.3112
17.3492
17.3856
17.4205
17.4539
17.4857
17.5161
17.5449
17.5722
17.5982
17.6227
17.6459
1.88026
1.76748
1.69908
1.67351
1.70096
1.80207
2.00962
2.3704
2.9422
3.77923
4.90602
6.2941
7.86107
9.49529
11.0895
12.5636
13.8711
14.994
15.9351
16.711
17.3468
17.8715
18.3137
18.6991
19.0477
19.3734
19.6839
19.9819
20.2663
20.5338
20.7804
21.0023
21.1963
21.3607
21.4946
21.5986
21.6739
21.7223
21.7463
21.7482
21.7309
21.6967
21.6482
21.5876
21.5169
21.4382
21.353
21.2628
21.1689
21.0724
20.9741
20.875
20.776
20.6776
20.5805
20.4853
20.3923
20.3019
20.2145
20.1303
20.0497
19.9728
19.8999
19.8311
19.7667
19.7066
19.6512
19.6005
19.5545
19.5134
19.4773
19.4461
19.42
19.3989
19.3829
19.3719
19.3659
19.3649
19.3687
19.3774
19.3909
19.4089
19.4313
19.4581
19.4891
19.5239
19.5625
19.6046
19.65
19.6983
19.7493
19.8027
19.8582
19.9155
19.9742
20.0341
20.0949
20.1561
20.2176
20.2791
20.3403
20.401
20.4608
20.5197
20.5775
20.6339
20.6888
20.7421
20.7938
20.8436
20.8917
20.9378
20.982
21.0243
21.0647
21.1032
21.1398
21.1745
21.2074
21.2385
21.268
21.2957
1.9378
1.89636
1.91342
2.00574
2.21689
2.61956
3.31846
4.43185
6.03459
8.08928
10.4333
12.845
15.1308
17.1707
18.9146
20.3583
21.5211
22.4342
23.1346
23.6629
24.0604
24.3667
24.6161
24.8355
25.0431
25.2485
25.4542
25.6578
25.8539
26.036
26.1983
26.3359
26.4458
26.5266
26.5782
26.6019
26.5996
26.5738
26.5272
26.4625
26.3825
26.2897
26.1866
26.0753
25.9576
25.8352
25.7096
25.582
25.4534
25.3247
25.1968
25.0704
24.9462
24.8247
24.7063
24.5915
24.4804
24.3735
24.2709
24.1729
24.0797
23.9914
23.9083
23.8304
23.7578
23.6908
23.6293
23.5736
23.5236
23.4795
23.4412
23.4089
23.3826
23.3623
23.3479
23.3395
23.337
23.3404
23.3496
23.3644
23.3848
23.4106
23.4417
23.4778
23.5188
23.5644
23.6143
23.6682
23.7259
23.7869
23.851
23.9178
23.9868
24.0578
24.1303
24.204
24.2785
24.3533
24.4282
24.5029
24.577
24.6502
24.7224
24.7931
24.8623
24.9297
24.9952
25.0587
25.12
25.1791
25.2359
25.2903
25.3424
25.3921
25.4395
25.4846
25.5273
25.5679
25.6062
25.6424
25.6766
25.7087
2.04645
2.12773
2.30595
2.65759
3.32773
4.53376
6.50183
9.29581
12.6862
16.247
19.5867
22.4827
24.8708
26.7771
28.2616
29.3887
30.2166
30.798
31.183
31.4207
31.5585
31.6388
31.6959
31.7538
31.8255
31.9144
32.0173
32.1263
32.2323
32.3267
32.4022
32.4541
32.4796
32.4779
32.4498
32.3971
32.3221
32.2278
32.1169
31.9923
31.8567
31.7124
31.5616
31.4062
31.2479
31.0881
30.928
30.7683
30.6103
30.4545
30.3018
30.1525
30.0073
29.8665
29.7303
29.5991
29.473
29.3524
29.2372
29.1278
29.0242
28.9266
28.8351
28.7499
28.6709
28.5984
28.5324
28.473
28.4204
28.3744
28.3353
28.3031
28.2778
28.2593
28.2478
28.2432
28.2454
28.2545
28.2702
28.2925
28.3212
28.3562
28.3973
28.4442
28.4967
28.5545
28.6173
28.6846
28.7561
28.8314
28.9101
28.9918
29.0758
29.1619
29.2496
29.3383
29.4277
29.5173
29.6067
29.6955
29.7834
29.87
29.9551
30.0384
30.1196
30.1985
30.2751
30.349
30.4203
30.4889
30.5546
30.6176
30.6776
30.7349
30.7893
30.841
30.89
30.9363
30.9801
31.0214
31.0603
31.0967
2.23713
2.53016
3.03692
4.01134
5.87535
9.06507
13.589
18.8109
23.879
28.2369
31.7151
34.3747
36.3577
37.8073
38.8395
39.5404
39.9749
40.1967
40.2565
40.2048
40.0901
39.9544
39.8294
39.7342
39.6758
39.6512
39.6514
39.6643
39.678
39.6824
39.6699
39.636
39.5785
39.4972
39.3935
39.2695
39.1279
38.9716
38.8033
38.6257
38.4414
38.2523
38.0604
37.8674
37.6745
37.4829
37.2935
37.1072
36.9247
36.7466
36.5733
36.4053
36.2429
36.0862
35.9355
35.791
35.6527
35.5209
35.3957
35.2771
35.1653
35.0603
34.9624
34.8715
34.7878
34.7113
34.6422
34.5806
34.5265
34.48
34.4412
34.4102
34.3869
34.3715
34.364
34.3642
34.3723
34.3881
34.4116
34.4426
34.4809
34.5264
34.5788
34.6379
34.7034
34.7748
34.8519
34.9341
35.021
35.1121
35.2069
35.3048
35.4053
35.5079
35.612
35.717
35.8225
35.9279
36.0329
36.1369
36.2395
36.3404
36.4392
36.5357
36.6295
36.7206
36.8086
36.8935
36.9752
37.0536
37.1286
37.2003
37.2686
37.3335
37.3952
37.4536
37.5089
37.5612
37.6105
37.6569
37.7005
37.7413
2.55791
3.23425
4.47416
7.0209
11.7607
18.6936
26.4516
33.4836
39.0573
43.1539
46.0451
48.0381
49.3837
50.2619
50.7922
51.0521
51.0953
50.9678
50.7162
50.3896
50.036
49.6958
49.397
49.1537
48.9666
48.8272
48.7218
48.6351
48.5533
48.4656
48.3645
48.2458
48.1079
47.951
47.7768
47.5875
47.3857
47.1742
46.9555
46.732
46.5057
46.2785
46.052
45.8275
45.6059
45.3881
45.1749
44.9671
44.7651
44.5692
44.3798
44.197
44.0212
43.8523
43.6905
43.5359
43.3885
43.2485
43.1159
42.9907
42.8731
42.763
42.6608
42.5662
42.4796
42.401
42.3305
42.2682
42.2142
42.1686
42.1316
42.1031
42.0833
42.0721
42.0698
42.0762
42.0913
42.1152
42.1477
42.1886
42.2379
42.2952
42.3604
42.4331
42.513
42.5996
42.6925
42.7911
42.8949
43.0032
43.1156
43.2313
43.3497
43.4701
43.5921
43.7147
43.8376
43.9601
44.0817
44.2019
44.3202
44.4363
44.5497
44.6602
44.7674
44.8712
44.9714
45.0678
45.1604
45.2491
45.3338
45.4146
45.4914
45.5644
45.6336
45.6991
45.7609
45.8193
45.8743
45.926
45.9746
46.0198
3.08971
4.51458
7.51053
13.8436
23.9763
35.3994
45.2416
52.4633
57.3277
60.456
62.4036
63.5709
64.2216
64.5192
64.5598
64.3985
64.0721
63.6156
63.0704
62.4837
61.9021
61.3643
60.8946
60.5023
60.1832
59.9239
59.7073
59.5159
59.335
59.1533
58.9638
58.7623
58.5475
58.3198
58.0809
57.8326
57.5775
57.3179
57.0559
56.7934
56.5322
56.2736
56.019
55.7692
55.5249
55.2869
55.0558
54.8319
54.6156
54.4069
54.2062
54.0133
53.8284
53.6515
53.4827
53.3219
53.1691
53.0244
52.8878
52.7593
52.639
52.5269
52.4231
52.3278
52.2409
52.1626
52.0931
52.0324
51.9807
51.9381
51.9048
51.8807
51.8661
51.861
51.8656
51.8799
51.9038
51.9373
51.9805
52.033
52.0948
52.1656
52.2452
52.3332
52.4292
52.5326
52.643
52.7597
52.882
53.0093
53.1409
53.276
53.4139
53.5538
53.695
53.8368
53.9784
54.1193
54.2588
54.3964
54.5316
54.6639
54.793
54.9184
55.0399
55.1573
55.2704
55.3791
55.4832
55.5828
55.6778
55.7683
55.8542
55.9356
56.0128
56.0857
56.1545
56.2193
56.2803
56.3377
56.3914
56.4414
3.9802
6.99439
14.2291
28.0771
44.9653
59.2529
69.0256
75.0122
78.4485
80.3015
81.1989
81.5217
81.493
81.2367
80.8153
80.2582
79.584
78.8168
77.9923
77.1553
76.3513
75.6168
74.9734
74.4262
73.9673
73.58
73.245
72.9433
72.6597
72.3829
72.1057
71.8241
71.5367
71.2437
70.9462
70.6459
70.3447
70.0443
69.7464
69.4524
69.1635
68.8807
68.6049
68.3366
68.0764
67.8248
67.5821
67.3484
67.1237
66.9081
66.7017
66.5042
66.3157
66.1361
65.9654
65.8033
65.65
65.5053
65.3694
65.2421
65.1235
65.0136
64.9126
64.8203
64.7371
64.6629
64.598
64.5424
64.4964
64.46
64.4335
64.4169
64.4104
64.4142
64.4284
64.4531
64.4882
64.5339
64.5901
64.6566
64.7332
64.8198
64.9161
65.0215
65.1358
65.2582
65.3883
65.5251
65.6681
65.8164
65.9693
66.1257
66.285
66.4462
66.6085
66.7711
66.9332
67.094
67.2531
67.4095
67.563
67.7128
67.8588
68.0003
68.1372
68.2693
68.3963
68.5181
68.6348
68.7461
68.8522
68.953
69.0486
69.1392
69.2249
69.3058
69.3821
69.4539
69.5214
69.5848
69.6441
69.6993
5.51863
12.1359
28.6181
53.2723
75.1632
89.4016
97.2921
101.233
102.948
103.451
103.303
102.809
102.132
101.348
100.486
99.5506
98.5427
97.4757
96.3796
95.2962
94.2694
93.3338
92.5089
91.7972
91.1881
90.6632
90.2017
89.784
89.3947
89.022
88.6588
88.3005
87.9454
87.5929
87.2436
86.8984
86.5586
86.2252
85.8993
85.5816
85.2728
84.9735
84.6842
84.4052
84.1368
83.879
83.6322
83.3959
83.1702
82.9548
82.7498
82.5547
82.3695
82.194
82.0281
81.8716
81.7244
81.5863
81.4576
81.3378
81.2272
81.1257
81.0335
80.9504
80.8766
80.8122
80.7575
80.7125
80.6774
80.6523
80.6376
80.6332
80.6395
80.6566
80.6848
80.7241
80.7746
80.8363
80.9093
80.9934
81.0885
81.1943
81.3106
81.4368
81.5725
81.7171
81.8698
82.0298
82.1963
82.3684
82.5452
82.7256
82.9089
83.0938
83.2796
83.4653
83.65
83.8329
84.0134
84.1907
84.3642
84.5333
84.6978
84.857
85.0109
85.1589
85.3012
85.4375
85.5678
85.6919
85.8101
85.9223
86.0287
86.1293
86.2243
86.314
86.3985
86.478
86.5526
86.6227
86.6881
86.7489
8.30685
23.1875
55.9837
91.0946
114.02
125.618
130.558
132.116
132.043
131.21
130.046
128.76
127.449
126.147
124.849
123.538
122.198
120.833
119.465
118.133
116.877
115.732
114.714
113.826
113.055
112.382
111.786
111.247
110.749
110.281
109.834
109.402
108.985
108.579
108.184
107.802
107.431
107.073
106.727
106.394
106.074
105.767
105.473
105.192
104.924
104.669
104.427
104.197
103.979
103.773
103.578
103.394
103.221
103.059
102.907
102.765
102.633
102.51
102.398
102.295
102.201
102.117
102.042
101.977
101.922
101.876
101.84
101.813
101.798
101.792
101.797
101.812
101.839
101.876
101.926
101.986
102.059
102.143
102.239
102.346
102.466
102.596
102.738
102.89
103.052
103.223
103.404
103.591
103.785
103.985
104.19
104.398
104.609
104.821
105.034
105.246
105.457
105.664
105.869
106.07
106.266
106.457
106.642
106.821
106.994
107.16
107.319
107.472
107.617
107.756
107.888
108.013
108.131
108.243
108.348
108.448
108.542
108.63
108.712
108.79
108.862
108.929
13.6539
46.1867
100.891
141.893
161.711
168.972
170.465
169.543
167.685
165.531
163.356
161.271
159.312
157.472
155.719
154.014
152.328
150.653
149.003
147.412
145.917
144.549
143.326
142.247
141.302
140.471
139.733
139.068
138.459
137.895
137.365
136.865
136.389
135.936
135.504
135.091
134.697
134.322
133.966
133.626
133.304
132.998
132.709
132.436
132.178
131.936
131.709
131.496
131.297
131.111
130.938
130.777
130.628
130.49
130.364
130.249
130.144
130.05
129.966
129.892
129.828
129.774
129.73
129.696
129.671
129.656
129.652
129.657
129.672
129.698
129.735
129.782
129.84
129.91
129.991
130.084
130.189
130.306
130.434
130.575
130.728
130.892
131.068
131.254
131.45
131.656
131.871
132.093
132.322
132.557
132.795
133.037
133.281
133.526
133.771
134.014
134.255
134.492
134.725
134.953
135.176
135.392
135.601
135.804
135.998
136.185
136.364
136.535
136.698
136.854
137.001
137.141
137.273
137.397
137.515
137.626
137.73
137.828
137.92
138.006
138.087
138.161
24.4338
89.7617
166.479
206.652
220.133
222.111
219.946
216.502
212.836
209.325
206.089
203.148
200.482
198.045
195.783
193.638
191.569
189.554
187.599
185.73
183.978
182.371
180.926
179.643
178.511
177.511
176.623
175.826
175.104
174.443
173.833
173.265
172.736
172.24
171.775
171.338
170.929
170.545
170.185
169.848
169.533
169.238
168.964
168.71
168.475
168.258
168.058
167.875
167.707
167.555
167.418
167.294
167.184
167.087
167.003
166.93
166.87
166.821
166.783
166.755
166.739
166.733
166.737
166.752
166.777
166.811
166.857
166.912
166.977
167.053
167.14
167.237
167.345
167.464
167.595
167.737
167.89
168.056
168.233
168.422
168.623
168.835
169.059
169.293
169.536
169.789
170.05
170.318
170.593
170.872
171.155
171.44
171.726
172.012
172.297
172.579
172.857
173.13
173.399
173.66
173.915
174.162
174.4
174.63
174.851
175.063
175.266
175.459
175.644
175.819
175.985
176.142
176.291
176.431
176.563
176.687
176.804
176.914
177.017
177.114
177.203
177.287
46.6902
163.958
256.213
288.718
293.631
289.774
283.781
277.7
272.104
267.105
262.675
258.748
255.25
252.103
249.229
246.558
244.032
241.62
239.314
237.13
235.092
233.224
231.537
230.032
228.699
227.519
226.471
225.536
224.695
223.934
223.24
222.606
222.022
221.485
220.991
220.534
220.114
219.727
219.372
219.045
218.746
218.473
218.225
218.001
217.801
217.622
217.464
217.326
217.206
217.105
217.021
216.954
216.902
216.866
216.844
216.837
216.842
216.861
216.893
216.937
216.992
217.06
217.138
217.228
217.329
217.44
217.562
217.694
217.837
217.99
218.154
218.328
218.513
218.708
218.915
219.132
219.361
219.6
219.851
220.113
220.386
220.669
220.962
221.265
221.577
221.896
222.223
222.555
222.893
223.233
223.576
223.92
224.263
224.603
224.941
225.274
225.602
225.923
226.236
226.541
226.837
227.123
227.399
227.665
227.92
228.163
228.396
228.618
228.829
229.029
229.218
229.398
229.567
229.726
229.877
230.018
230.151
230.275
230.392
230.501
230.603
230.698
92.2081
280.768
376.825
395.574
390.283
380.065
369.912
360.886
353.063
346.294
340.409
335.254
330.703
326.645
322.982
319.628
316.515
313.597
310.855
308.291
305.916
303.746
301.787
300.037
298.482
297.105
295.883
294.797
293.826
292.955
292.17
291.461
290.819
290.238
289.711
289.234
288.803
288.416
288.068
287.758
287.482
287.239
287.028
286.847
286.695
286.57
286.471
286.396
286.345
286.316
286.309
286.322
286.355
286.406
286.475
286.561
286.664
286.783
286.917
287.066
287.229
287.406
287.596
287.798
288.013
288.24
288.478
288.728
288.989
289.26
289.542
289.835
290.138
290.451
290.775
291.108
291.452
291.805
292.168
292.541
292.923
293.314
293.713
294.119
294.533
294.952
295.375
295.802
296.232
296.661
297.091
297.518
297.942
298.36
298.773
299.178
299.574
299.961
300.337
300.702
301.054
301.394
301.721
302.035
302.335
302.622
302.895
303.155
303.401
303.635
303.856
304.065
304.261
304.447
304.621
304.785
304.939
305.083
305.217
305.344
305.461
305.57
183.056
458.245
542.617
542.087
524.925
507.445
492.394
479.763
469.117
460.045
452.225
445.414
439.423
434.106
429.343
425.032
421.094
417.474
414.136
411.065
408.257
405.712
403.425
401.384
399.572
397.966
396.542
395.278
394.154
393.15
392.253
391.451
390.733
390.091
389.519
389.011
388.563
388.17
387.828
387.535
387.286
387.081
386.916
386.79
386.701
386.648
386.628
386.64
386.683
386.755
386.855
386.981
387.134
387.31
387.51
387.733
387.977
388.242
388.527
388.831
389.153
389.492
389.848
390.219
390.606
391.008
391.423
391.852
392.293
392.745
393.21
393.685
394.171
394.666
395.171
395.685
396.208
396.739
397.278
397.824
398.377
398.936
399.499
400.067
400.638
401.211
401.784
402.357
402.927
403.493
404.054
404.608
405.154
405.69
406.214
406.727
407.225
407.709
408.178
408.631
409.067
409.485
409.887
410.271
410.637
410.986
411.318
411.633
411.931
412.213
412.479
412.73
412.966
413.188
413.397
413.592
413.776
413.948
414.109
414.259
414.398
414.529
362.553
730.72
784.22
758.32
726.657
700.052
678.549
660.978
646.353
633.97
623.331
614.076
605.945
598.74
592.31
586.539
581.336
576.636
572.388
568.559
565.121
562.047
559.312
556.886
554.738
552.836
551.15
549.652
548.32
547.134
546.077
545.137
544.301
543.562
542.912
542.344
541.854
541.437
541.087
540.802
540.578
540.411
540.3
540.241
540.233
540.273
540.359
540.49
540.662
540.876
541.128
541.417
541.742
542.102
542.494
542.918
543.372
543.855
544.366
544.903
545.466
546.053
546.663
547.294
547.946
548.618
549.307
550.014
550.737
551.474
552.226
552.989
553.765
554.55
555.345
556.149
556.959
557.776
558.598
559.424
560.253
561.084
561.914
562.744
563.57
564.392
565.208
566.016
566.815
567.601
568.375
569.133
569.876
570.6
571.304
571.988
572.651
573.29
573.907
574.499
575.067
575.611
576.131
576.626
577.096
577.544
577.967
578.368
578.747
579.105
579.442
579.759
580.056
580.336
580.598
580.844
581.074
581.289
581.49
581.677
581.85
582.015
727.535
1175.53
1172.05
1111.42
1059.84
1020
988.703
963.398
942.423
924.69
909.456
896.197
884.535
874.196
864.978
856.739
849.378
842.822
837.007
831.877
827.37
823.42
819.961
816.927
814.258
811.901
809.809
807.948
806.286
804.801
803.475
802.295
801.248
800.325
799.519
798.824
798.234
797.744
797.348
797.044
796.825
796.691
796.634
796.655
796.75
796.915
797.148
797.447
797.808
798.231
798.71
799.247
799.836
800.478
801.169
801.908
802.693
803.522
804.393
805.304
806.254
807.241
808.262
809.316
810.401
811.515
812.656
813.823
815.012
816.223
817.452
818.699
819.96
821.235
822.52
823.814
825.114
826.419
827.725
829.032
830.336
831.635
832.926
834.209
835.479
836.735
837.972
839.191
840.387
841.559
842.703
843.82
844.905
845.958
846.977
847.962
848.91
849.822
850.696
851.534
852.333
853.095
853.82
854.51
855.163
855.781
856.365
856.917
857.436
857.926
858.385
858.817
859.222
859.602
859.957
860.29
860.6
860.89
861.161
861.413
861.644
861.868
1541.16
2000.71
1895.11
1779.62
1694.82
1631.66
1582.51
1542.85
1509.96
1482.12
1458.17
1437.29
1418.89
1402.55
1387.96
1374.92
1363.32
1353.08
1344.13
1336.37
1329.71
1324
1319.09
1314.87
1311.18
1307.95
1305.08
1302.51
1300.2
1298.13
1296.26
1294.59
1293.1
1291.78
1290.63
1289.64
1288.8
1288.12
1287.57
1287.17
1286.91
1286.78
1286.77
1286.89
1287.12
1287.47
1287.93
1288.5
1289.17
1289.94
1290.8
1291.76
1292.81
1293.95
1295.16
1296.46
1297.83
1299.28
1300.8
1302.39
1304.04
1305.76
1307.53
1309.36
1311.24
1313.17
1315.14
1317.16
1319.22
1321.32
1323.44
1325.59
1327.77
1329.97
1332.18
1334.4
1336.64
1338.87
1341.11
1343.34
1345.56
1347.77
1349.95
1352.11
1354.25
1356.35
1358.41
1360.44
1362.42
1364.35
1366.22
1368.05
1369.81
1371.52
1373.16
1374.75
1376.26
1377.72
1379.11
1380.43
1381.69
1382.89
1384.03
1385.11
1386.13
1387.09
1388
1388.85
1389.65
1390.41
1391.11
1391.78
1392.4
1392.98
1393.52
1394.03
1394.5
1394.94
1395.35
1395.74
1396.08
1396.43
3775.04
3941.35
3618.18
3387.09
3227.61
3110.02
3018.46
2944.39
2882.83
2830.62
2785.62
2746.32
2711.61
2680.71
2653.04
2628.28
2606.23
2586.82
2569.97
2555.55
2543.35
2533.09
2524.46
2517.14
2510.85
2505.36
2500.49
2496.13
2492.18
2488.6
2485.34
2482.4
2479.75
2477.39
2475.31
2473.52
2472
2470.75
2469.76
2469.03
2468.56
2468.34
2468.35
2468.6
2469.08
2469.78
2470.69
2471.81
2473.13
2474.65
2476.35
2478.24
2480.31
2482.54
2484.94
2487.5
2490.2
2493.06
2496.06
2499.19
2502.46
2505.85
2509.35
2512.97
2516.7
2520.52
2524.44
2528.45
2532.53
2536.69
2540.91
2545.19
2549.52
2553.9
2558.3
2562.74
2567.18
2571.64
2576.08
2580.52
2584.93
2589.32
2593.65
2597.94
2602.17
2606.32
2610.39
2614.38
2618.27
2622.05
2625.73
2629.29
2632.73
2636.05
2639.23
2642.3
2645.23
2648.03
2650.7
2653.24
2655.66
2657.95
2660.12
2662.17
2664.1
2665.93
2667.64
2669.26
2670.77
2672.19
2673.52
2674.77
2675.94
2677.03
2678.04
2678.99
2679.88
2680.7
2681.47
2682.18
2682.82
2683.48
11676.1
10215.1
9366.55
8821.2
8437.04
8148.04
7919.91
7733.66
7577.87
7445.13
7330.3
7229.72
7140.65
7061.03
6989.41
6924.89
6867.04
6815.76
6771.02
6732.66
6700.3
6673.3
6650.85
6632.09
6616.21
6602.52
6590.49
6579.75
6570.01
6561.13
6552.99
6545.56
6538.79
6532.68
6527.21
6522.42
6518.27
6514.78
6511.93
6509.73
6508.15
6507.21
6506.88
6507.16
6508.02
6509.46
6511.46
6514.01
6517.07
6520.66
6524.74
6529.31
6534.35
6539.85
6545.77
6552.14
6558.91
6566.08
6573.63
6581.56
6589.84
6598.46
6607.41
6616.68
6626.23
6636.08
6646.17
6656.54
6667.12
6677.93
6688.92
6700.1
6711.43
6722.9
6734.47
6746.15
6757.88
6769.67
6781.46
6793.26
6805.01
6816.71
6828.3
6839.79
6851.13
6862.3
6873.25
6884
6894.49
6904.72
6914.65
6924.3
6933.61
6942.61
6951.26
6959.57
6967.53
6975.14
6982.39
6989.31
6995.88
7002.11
7008.01
7013.59
7018.85
7023.82
7028.48
7032.88
7037
7040.87
7044.49
7047.88
7051.05
7054.02
7056.78
7059.36
7061.77
7064.01
7066.1
7068.04
7069.78
7071.57
)
;

boundaryField
{
    lowerWall
    {
        type            epsilonWallFunction;
        value           nonuniform List<scalar> 
122
(
11607.3
10157.6
9314.41
8772.19
8390.18
8102.78
7875.91
7690.68
7535.75
7403.74
7289.54
7189.51
7100.93
7021.74
6950.49
6886.3
6828.75
6777.74
6733.25
6695.2
6663.19
6636.57
6614.52
6596.19
6580.71
6567.41
6555.68
6545.22
6535.73
6527.04
6519.04
6511.72
6505.05
6499.01
6493.56
6488.8
6484.68
6481.21
6478.34
6476.15
6474.58
6473.64
6473.27
6473.55
6474.41
6475.85
6477.82
6480.36
6483.43
6487.02
6491.06
6495.63
6500.67
6506.17
6512.08
6518.44
6525.21
6532.39
6539.91
6547.84
6556.12
6564.75
6573.68
6582.94
6592.51
6602.35
6612.42
6622.78
6633.36
6644.16
6655.13
6666.3
6677.62
6689.08
6700.6
6712.25
6723.97
6735.73
6747.47
6759.23
6770.94
6782.59
6794.1
6805.52
6816.79
6827.88
6838.75
6849.41
6859.82
6869.96
6879.77
6889.31
6898.53
6907.42
6915.95
6924.16
6932.02
6939.54
6946.67
6953.48
6959.96
6966.1
6971.9
6977.4
6982.59
6987.48
6992.06
6996.38
7000.44
7004.26
7007.81
7011.16
7014.28
7017.21
7019.93
7022.47
7024.85
7027.06
7029.12
7031.04
7032.74
7034.51
)
;
    }
    upperWall
    {
        type            epsilonWallFunction;
        value           nonuniform List<scalar> 
122
(
11676.1
10215.1
9366.55
8821.2
8437.04
8148.04
7919.91
7733.66
7577.87
7445.13
7330.3
7229.72
7140.65
7061.03
6989.41
6924.89
6867.04
6815.76
6771.02
6732.66
6700.3
6673.3
6650.85
6632.09
6616.21
6602.52
6590.49
6579.75
6570.01
6561.13
6552.99
6545.56
6538.79
6532.68
6527.21
6522.42
6518.27
6514.78
6511.93
6509.73
6508.15
6507.21
6506.88
6507.16
6508.02
6509.46
6511.46
6514.01
6517.07
6520.66
6524.74
6529.31
6534.35
6539.85
6545.77
6552.14
6558.91
6566.08
6573.63
6581.56
6589.84
6598.46
6607.41
6616.68
6626.23
6636.08
6646.17
6656.54
6667.12
6677.93
6688.92
6700.1
6711.43
6722.9
6734.47
6746.15
6757.88
6769.67
6781.46
6793.26
6805.01
6816.71
6828.3
6839.79
6851.13
6862.3
6873.25
6884
6894.49
6904.72
6914.65
6924.3
6933.61
6942.61
6951.26
6959.57
6967.53
6975.14
6982.39
6989.31
6995.88
7002.11
7008.01
7013.59
7018.85
7023.82
7028.48
7032.88
7037
7040.87
7044.49
7047.88
7051.05
7054.02
7056.78
7059.36
7061.77
7064.01
7066.1
7068.04
7069.78
7071.57
)
;
    }
    inlet
    {
        type            turbulentMixingLengthDissipationRateInlet;
        mixingLength    0.07;
        phi             phi;
        k               k;
        value           uniform 2.0504;
    }
    outlet
    {
        type            zeroGradient;
    }
    frontAndBack
    {
        type            empty;
    }
}


// ************************************************************************* //
