/*--------------------------------*- C++ -*----------------------------------*\
  =========                 |
  \\      /  F ield         | OpenFOAM: The Open Source CFD Toolbox
   \\    /   O peration     | Website:  https://openfoam.org
    \\  /    A nd           | Version:  8
     \\/     M anipulation  |
\*---------------------------------------------------------------------------*/
FoamFile
{
    version     2.0;
    format      ascii;
    class       volScalarField;
    location    "400";
    object      k;
}
// * * * * * * * * * * * * * * * * * * * * * * * * * * * * * * * * * * * * * //

dimensions      [0 2 -2 0 0 0 0];

internalField   nonuniform List<scalar> 
7320
(
6.07651
5.55941
5.24731
5.04165
4.89419
4.78178
4.6921
4.61824
4.55601
4.50264
4.45622
4.41537
4.37904
4.34643
4.31699
4.29036
4.26637
4.24499
4.22623
4.21007
4.19638
4.18492
4.17538
4.16742
4.16069
4.1549
4.14982
4.1453
4.14121
4.13748
4.13405
4.13092
4.12806
4.12547
4.12314
4.12108
4.1193
4.11779
4.11653
4.11555
4.11483
4.11438
4.11417
4.11422
4.11452
4.11506
4.11583
4.11684
4.11807
4.11951
4.12115
4.123
4.12506
4.1273
4.12972
4.13233
4.13512
4.13807
4.14116
4.14443
4.14784
4.1514
4.15509
4.15891
4.16286
4.16693
4.17109
4.17537
4.17975
4.18421
4.18875
4.19337
4.19805
4.20279
4.20755
4.21238
4.21722
4.22209
4.22695
4.23182
4.23667
4.2415
4.24628
4.25101
4.25569
4.2603
4.26482
4.26925
4.27358
4.27781
4.2819
4.28588
4.28972
4.29344
4.29701
4.30044
4.30374
4.30689
4.30988
4.31274
4.31546
4.31805
4.32048
4.3228
4.32499
4.32705
4.32898
4.33081
4.33252
4.33413
4.33564
4.33705
4.33838
4.33962
4.34077
4.34185
4.34285
4.34379
4.34467
4.34548
4.34621
4.34696
4.84214
5.67923
5.54
5.36045
5.21715
5.10398
5.01224
4.93597
4.87129
4.81557
4.76695
4.72405
4.68583
4.65149
4.62043
4.59226
4.56677
4.5439
4.52362
4.50592
4.4907
4.47776
4.46683
4.4576
4.44976
4.44301
4.43712
4.4319
4.42723
4.423
4.41915
4.41565
4.41246
4.40958
4.40698
4.40468
4.40267
4.40095
4.3995
4.39834
4.39745
4.39683
4.39647
4.39638
4.39654
4.39695
4.39761
4.39851
4.39964
4.40099
4.40257
4.40436
4.40636
4.40856
4.41096
4.41354
4.41631
4.41926
4.42237
4.42566
4.4291
4.43269
4.43643
4.44031
4.44433
4.44847
4.45273
4.4571
4.46159
4.46616
4.47083
4.47559
4.48041
4.48531
4.49026
4.49525
4.50029
4.50536
4.51044
4.51554
4.52063
4.52571
4.53076
4.53578
4.54074
4.54565
4.55049
4.55524
4.5599
4.56445
4.5689
4.57322
4.57742
4.58148
4.5854
4.58917
4.59281
4.59629
4.59962
4.6028
4.60583
4.60871
4.61145
4.61404
4.6165
4.61882
4.621
4.62306
4.625
4.62683
4.62854
4.63014
4.63164
4.63305
4.63436
4.63559
4.63674
4.63781
4.63881
4.63974
4.64059
4.64141
3.5958
5.0514
5.15996
5.06781
4.96411
4.87324
4.79597
4.72999
4.67307
4.62345
4.57976
4.54097
4.50623
4.47483
4.4462
4.41991
4.39571
4.37349
4.3533
4.33522
4.31931
4.30555
4.29381
4.28389
4.27552
4.26842
4.26233
4.25703
4.25235
4.24815
4.24435
4.24087
4.23769
4.23476
4.23208
4.22965
4.22745
4.22549
4.22376
4.22226
4.22099
4.21996
4.21915
4.21857
4.21821
4.21808
4.21817
4.21848
4.219
4.21972
4.22066
4.22179
4.22311
4.22463
4.22633
4.22821
4.23026
4.23249
4.23489
4.23745
4.24016
4.24303
4.24605
4.24921
4.2525
4.25593
4.25949
4.26317
4.26697
4.27088
4.2749
4.27901
4.28322
4.28752
4.29191
4.29636
4.30089
4.30547
4.31011
4.31479
4.31951
4.32424
4.329
4.33376
4.33851
4.34323
4.34793
4.35258
4.35717
4.36169
4.36614
4.37049
4.37474
4.37888
4.38291
4.3868
4.39057
4.39419
4.39769
4.40104
4.40424
4.4073
4.41022
4.41299
4.41563
4.41812
4.42049
4.42272
4.42483
4.42681
4.42868
4.43043
4.43207
4.43362
4.43506
4.43642
4.43768
4.43887
4.43997
4.441
4.44195
4.44284
2.74725
4.48339
4.83294
4.83938
4.78111
4.71518
4.65356
4.59833
4.54928
4.50568
4.46678
4.43188
4.40036
4.37161
4.34508
4.32029
4.29695
4.27495
4.25442
4.23558
4.21868
4.20388
4.19121
4.18054
4.17165
4.16422
4.15798
4.15266
4.14801
4.14388
4.14013
4.13669
4.13348
4.13048
4.12766
4.12503
4.12257
4.12029
4.11819
4.11627
4.11453
4.11298
4.11163
4.11048
4.10951
4.10875
4.10819
4.10782
4.10765
4.10767
4.1079
4.10831
4.1089
4.10967
4.11063
4.11176
4.11307
4.11455
4.1162
4.11802
4.11999
4.12212
4.12442
4.12686
4.12945
4.13218
4.13507
4.13809
4.14125
4.14453
4.14795
4.15149
4.15515
4.15893
4.16283
4.16684
4.17095
4.17515
4.17945
4.18383
4.18829
4.19281
4.1974
4.20203
4.2067
4.21138
4.21608
4.22076
4.22543
4.23005
4.23464
4.23916
4.2436
4.24795
4.25221
4.25635
4.26038
4.26427
4.26804
4.27167
4.27516
4.2785
4.2817
4.28475
4.28765
4.29041
4.29303
4.29552
4.29786
4.30008
4.30216
4.30413
4.30598
4.30771
4.30934
4.31087
4.3123
4.31363
4.31488
4.31605
4.31713
4.31813
2.10346
3.90602
4.48941
4.61127
4.60899
4.57388
4.53134
4.48901
4.44925
4.41266
4.37924
4.34875
4.32082
4.29497
4.27069
4.24746
4.22496
4.20313
4.18219
4.16255
4.14467
4.12891
4.11543
4.10418
4.09494
4.08741
4.08122
4.07604
4.0716
4.06766
4.06408
4.06074
4.05756
4.05451
4.05157
4.04873
4.04599
4.04335
4.04083
4.03843
4.03616
4.03403
4.03206
4.03025
4.02861
4.02713
4.02584
4.02473
4.02379
4.02303
4.02247
4.02209
4.02188
4.02185
4.02201
4.02234
4.02284
4.02352
4.02439
4.02542
4.02662
4.02799
4.02953
4.03124
4.03311
4.03514
4.03735
4.03971
4.04223
4.04491
4.04776
4.05075
4.0539
4.0572
4.06066
4.06427
4.06802
4.07191
4.07594
4.0801
4.08437
4.08876
4.09327
4.09787
4.10254
4.10727
4.11206
4.11688
4.12171
4.12653
4.13136
4.13614
4.14086
4.14551
4.15009
4.15457
4.15893
4.16317
4.1673
4.17129
4.17513
4.17882
4.18236
4.18575
4.18899
4.19207
4.19501
4.19779
4.20042
4.20292
4.20527
4.20749
4.20958
4.21154
4.21339
4.21512
4.21674
4.21826
4.21968
4.22101
4.22225
4.22338
1.61625
3.30895
4.10162
4.35523
4.42202
4.42575
4.40726
4.38107
4.35283
4.32485
4.29812
4.27295
4.24931
4.22691
4.20529
4.18393
4.16252
4.14104
4.11988
4.09965
4.08102
4.06455
4.05056
4.03904
4.02979
4.02245
4.01661
4.01185
4.00784
4.00431
4.00107
3.99798
3.99494
3.99193
3.98893
3.98592
3.98291
3.97993
3.97699
3.97409
3.97126
3.96852
3.9659
3.96339
3.96102
3.95879
3.95672
3.9548
3.95305
3.95146
3.95007
3.94884
3.94779
3.94691
3.94622
3.94571
3.94537
3.94522
3.94526
3.94549
3.94589
3.94648
3.94726
3.94822
3.94937
3.9507
3.95224
3.95396
3.95586
3.95796
3.96025
3.96273
3.96541
3.96827
3.97135
3.97461
3.97806
3.98169
3.98551
3.98951
3.99368
3.99801
4.00251
4.00714
4.01189
4.01675
4.02171
4.02673
4.0318
4.0369
4.04203
4.04714
4.05221
4.05723
4.0622
4.06707
4.07184
4.07649
4.08103
4.08542
4.08967
4.09376
4.0977
4.10147
4.10508
4.10853
4.11182
4.11494
4.1179
4.1207
4.12335
4.12585
4.12821
4.13043
4.13252
4.13448
4.13631
4.13804
4.13965
4.14115
4.14256
4.14384
1.26812
2.70641
3.65728
4.05359
4.20388
4.25638
4.2684
4.26269
4.24899
4.23184
4.21344
4.19487
4.17654
4.1584
4.14009
4.12114
4.10128
4.08058
4.05961
4.03919
4.02023
4.00349
3.98941
3.97806
3.96922
3.96247
3.95734
3.95335
3.95009
3.94724
3.94458
3.94194
3.93923
3.93641
3.93346
3.93039
3.9272
3.92393
3.92061
3.91726
3.9139
3.91056
3.90728
3.90408
3.90097
3.89797
3.89511
3.89238
3.88979
3.88736
3.88511
3.88302
3.8811
3.87936
3.87781
3.87644
3.87525
3.87426
3.87348
3.8729
3.8725
3.87231
3.87234
3.87257
3.87301
3.87366
3.87455
3.87566
3.87698
3.87853
3.88032
3.88233
3.88458
3.88707
3.88981
3.89278
3.89599
3.89943
3.90311
3.90702
3.91114
3.91548
3.92003
3.92476
3.92966
3.9347
3.93988
3.94517
3.95054
3.95597
3.96146
3.96695
3.97243
3.97787
3.98326
3.98857
3.99379
3.99889
4.00388
4.00872
4.01341
4.01794
4.0223
4.0265
4.03051
4.03435
4.03801
4.0415
4.04481
4.04795
4.05092
4.05373
4.05637
4.05886
4.06121
4.06342
4.06548
4.06742
4.06924
4.07094
4.07253
4.07397
1.04443
2.13049
3.15611
3.69384
3.94127
4.05403
4.10459
4.1249
4.12969
4.12625
4.11838
4.10812
4.09645
4.08366
4.06958
4.05383
4.03622
4.01697
3.99681
3.9768
3.9581
3.94166
3.92805
3.91739
3.90945
3.90376
3.89979
3.89698
3.89484
3.89301
3.89124
3.88934
3.88721
3.88479
3.8821
3.87913
3.87592
3.87249
3.86891
3.86519
3.86138
3.8575
3.85364
3.84979
3.84599
3.84226
3.83863
3.83511
3.83171
3.82845
3.82536
3.82243
3.81967
3.81708
3.81469
3.81248
3.81047
3.80866
3.80707
3.8057
3.80455
3.80361
3.80291
3.80245
3.80222
3.80224
3.80252
3.80306
3.80385
3.80491
3.80624
3.80785
3.80973
3.8119
3.81436
3.81711
3.82014
3.82345
3.82705
3.83093
3.83507
3.83947
3.84413
3.84901
3.85411
3.85939
3.86484
3.87044
3.87615
3.88195
3.88783
3.89374
3.89965
3.90554
3.91139
3.91717
3.92286
3.92844
3.9339
3.93922
3.94437
3.94936
3.95417
3.9588
3.96324
3.96749
3.97155
3.97542
3.9791
3.98258
3.98589
3.98901
3.99196
3.99474
3.99736
3.99982
4.00213
4.0043
4.00633
4.00823
4.01001
4.01162
0.919763
1.62589
2.61279
3.26904
3.62247
3.80744
3.90599
3.9592
3.9875
4.00149
4.00699
4.00724
4.004
3.99802
3.98939
3.97792
3.96354
3.94664
3.92815
3.90937
3.89168
3.87624
3.86374
3.85437
3.84789
3.84379
3.84148
3.84031
3.83974
3.83936
3.83887
3.83807
3.83684
3.83513
3.83297
3.83036
3.82733
3.82396
3.82028
3.81637
3.81225
3.80799
3.80365
3.79926
3.79487
3.79049
3.78618
3.78195
3.77781
3.77379
3.76993
3.76622
3.76267
3.75929
3.7561
3.75311
3.75032
3.74775
3.74542
3.74331
3.74144
3.73982
3.73846
3.73736
3.73652
3.73596
3.7357
3.73574
3.73606
3.73669
3.73764
3.7389
3.74049
3.7424
3.74465
3.74724
3.75015
3.75339
3.75697
3.76087
3.76507
3.76958
3.77439
3.77947
3.7848
3.79035
3.7961
3.80204
3.80811
3.8143
3.82059
3.82693
3.83329
3.83965
3.84597
3.85223
3.8584
3.86446
3.87041
3.8762
3.88183
3.88729
3.89255
3.89763
3.9025
3.90717
3.91163
3.91589
3.91994
3.92379
3.92743
3.93088
3.93414
3.93721
3.94011
3.94283
3.94539
3.94779
3.95005
3.95215
3.95413
3.95592
0.860369
1.23773
2.06199
2.78205
3.23849
3.5055
3.66222
3.75647
3.81446
3.8506
3.87308
3.8867
3.89417
3.89688
3.89531
3.88953
3.87968
3.86633
3.85062
3.83408
3.81833
3.80471
3.79406
3.78664
3.78224
3.78032
3.78021
3.78122
3.78273
3.78429
3.78554
3.78628
3.78637
3.78577
3.7845
3.78257
3.78006
3.77701
3.77352
3.76965
3.76545
3.761
3.75638
3.75164
3.74681
3.74194
3.73709
3.73227
3.72752
3.72286
3.71833
3.71393
3.70969
3.70562
3.70173
3.69805
3.69457
3.69132
3.68832
3.68557
3.68307
3.68084
3.67889
3.67723
3.67587
3.67481
3.67409
3.67369
3.67363
3.6739
3.67454
3.67553
3.67688
3.6786
3.68071
3.68319
3.68604
3.68926
3.69286
3.69682
3.70113
3.70578
3.71077
3.71606
3.72164
3.72747
3.73354
3.73981
3.74626
3.75284
3.75954
3.76631
3.77311
3.77992
3.78671
3.79344
3.80009
3.80663
3.81305
3.81932
3.82541
3.83132
3.83704
3.84256
3.84786
3.85294
3.8578
3.86245
3.86687
3.87107
3.87506
3.87883
3.8824
3.88577
3.88894
3.89193
3.89474
3.89738
3.89985
3.90217
3.90434
3.90631
0.836787
0.988153
1.55968
2.25314
2.78723
3.13872
3.36252
3.50661
3.60156
3.6656
3.70962
3.74022
3.76133
3.77515
3.78272
3.78447
3.78081
3.77253
3.76099
3.74795
3.73524
3.7244
3.71643
3.71171
3.71006
3.71094
3.71364
3.71741
3.72158
3.72563
3.72919
3.732
3.73392
3.73491
3.73498
3.73418
3.73257
3.73024
3.72728
3.72378
3.71982
3.71547
3.71084
3.70597
3.70094
3.6958
3.69061
3.6854
3.68021
3.67507
3.67004
3.66512
3.66033
3.6557
3.65125
3.647
3.64296
3.63915
3.63559
3.6323
3.62928
3.62654
3.62411
3.62199
3.62019
3.61873
3.61763
3.61689
3.61652
3.61652
3.61691
3.6177
3.61888
3.62048
3.62249
3.62491
3.62775
3.63099
3.63464
3.63869
3.64313
3.64794
3.65311
3.65863
3.66446
3.67057
3.67694
3.68354
3.69034
3.69729
3.70437
3.71155
3.71878
3.72602
3.73324
3.74042
3.74752
3.75451
3.76138
3.7681
3.77464
3.78099
3.78714
3.79308
3.79879
3.80427
3.80953
3.81455
3.81933
3.82388
3.8282
3.83229
3.83616
3.83982
3.84327
3.84651
3.84957
3.85244
3.85513
3.85765
3.86002
3.86217
0.830413
0.857511
1.16926
1.72852
2.28151
2.70336
2.99746
3.19903
3.33866
3.43725
3.50829
3.56035
3.59879
3.6268
3.64614
3.65775
3.66238
3.66108
3.65544
3.64743
3.63908
3.63216
3.62784
3.62665
3.62848
3.63284
3.639
3.64617
3.65364
3.66083
3.66731
3.67282
3.67718
3.68035
3.68233
3.68319
3.683
3.68186
3.67988
3.67718
3.67385
3.66998
3.66568
3.66104
3.65611
3.65099
3.64572
3.64037
3.63499
3.6296
3.62427
3.61903
3.61389
3.60888
3.60404
3.59939
3.59494
3.59072
3.58675
3.58306
3.57965
3.57653
3.57373
3.57127
3.56915
3.56739
3.56601
3.56501
3.56442
3.56422
3.56445
3.5651
3.56618
3.5677
3.56967
3.57208
3.57494
3.57823
3.58195
3.58611
3.59067
3.59564
3.601
3.60672
3.61278
3.61915
3.6258
3.63269
3.6398
3.64709
3.65452
3.66206
3.66966
3.67729
3.68492
3.6925
3.70001
3.70741
3.71469
3.72182
3.72877
3.73553
3.74208
3.74841
3.7545
3.76036
3.76598
3.77135
3.77647
3.78135
3.78599
3.79038
3.79454
3.79847
3.80218
3.80568
3.80898
3.81207
3.81497
3.81769
3.82025
3.82257
0.831632
0.801462
0.924687
1.27904
1.7606
2.20998
2.56355
2.82483
3.01534
3.15523
3.25943
3.33824
3.39848
3.44451
3.47892
3.5033
3.51883
3.52688
3.52926
3.52814
3.52576
3.52411
3.52457
3.52784
3.53399
3.54257
3.5529
3.56418
3.57565
3.58669
3.59682
3.60574
3.61325
3.61929
3.62386
3.62703
3.62888
3.62953
3.6291
3.62773
3.62553
3.62262
3.6191
3.61509
3.61067
3.60592
3.60094
3.59578
3.5905
3.58516
3.57981
3.5745
3.56925
3.5641
3.55909
3.55424
3.54958
3.54513
3.54094
3.537
3.53336
3.53001
3.52699
3.52431
3.52199
3.52004
3.51849
3.51734
3.51661
3.51631
3.51644
3.51703
3.51806
3.51956
3.52152
3.52396
3.52685
3.53021
3.53402
3.53828
3.54297
3.54808
3.5536
3.5595
3.56576
3.57234
3.57923
3.58637
3.59375
3.60131
3.60904
3.61689
3.62481
3.63277
3.64073
3.64866
3.65652
3.66428
3.67192
3.67941
3.68672
3.69384
3.70074
3.70742
3.71386
3.72005
3.726
3.73169
3.73712
3.7423
3.74722
3.75189
3.75632
3.76051
3.76446
3.76819
3.77171
3.77501
3.77812
3.78103
3.78376
3.78624
0.835915
0.782667
0.803406
0.968312
1.29569
1.69676
2.07279
2.3823
2.62388
2.80958
2.95263
3.06378
3.15091
3.21945
3.27291
3.3136
3.34322
3.3635
3.37649
3.38454
3.39011
3.39537
3.40197
3.41084
3.42224
3.43589
3.45117
3.46733
3.48357
3.49925
3.51385
3.527
3.53849
3.54822
3.55618
3.56243
3.56707
3.57023
3.57204
3.57265
3.5722
3.57082
3.56865
3.56579
3.56237
3.55847
3.5542
3.54964
3.54486
3.53992
3.5349
3.52983
3.52478
3.51977
3.51485
3.51006
3.50543
3.50098
3.49677
3.4928
3.4891
3.4857
3.48262
3.47988
3.47749
3.47549
3.47388
3.47269
3.47193
3.4716
3.47172
3.47231
3.47335
3.47488
3.47688
3.47936
3.48232
3.48575
3.48965
3.49401
3.49881
3.50404
3.50969
3.51574
3.52216
3.52891
3.53597
3.54331
3.55089
3.55867
3.56662
3.57471
3.58288
3.5911
3.59932
3.60753
3.61567
3.62372
3.63165
3.63944
3.64705
3.65446
3.66166
3.66864
3.67537
3.68185
3.68808
3.69404
3.69975
3.70518
3.71036
3.71528
3.71994
3.72435
3.72852
3.73246
3.73617
3.73966
3.74295
3.74603
3.74892
3.75156
0.841165
0.780282
0.755001
0.801821
0.962774
1.23786
1.56802
1.88857
2.16644
2.39493
2.57907
2.72685
2.84572
2.94153
3.01849
3.07958
3.12705
3.16299
3.18969
3.20968
3.22558
3.2398
3.25422
3.27008
3.28788
3.30758
3.32872
3.3506
3.37247
3.39367
3.41362
3.43193
3.44833
3.46269
3.47497
3.48523
3.49356
3.50008
3.50496
3.50834
3.5104
3.51127
3.51112
3.51007
3.50825
3.50578
3.50277
3.49931
3.4955
3.49142
3.48714
3.48273
3.47824
3.47372
3.46923
3.4648
3.46049
3.45632
3.45234
3.44857
3.44505
3.4418
3.43885
3.43622
3.43394
3.43203
3.43051
3.4294
3.42872
3.42847
3.42866
3.42932
3.43045
3.43205
3.43413
3.4367
3.43974
3.44326
3.44725
3.4517
3.4566
3.46193
3.46768
3.47384
3.48036
3.48723
3.49442
3.50188
3.5096
3.51753
3.52564
3.53388
3.54222
3.55062
3.55904
3.56744
3.57579
3.58405
3.5922
3.6002
3.60803
3.61567
3.6231
3.6303
3.63726
3.64397
3.65042
3.6566
3.66252
3.66817
3.67355
3.67867
3.68352
3.68812
3.69247
3.69658
3.70046
3.70411
3.70754
3.71076
3.71379
3.71656
0.846372
0.784571
0.740866
0.731422
0.780824
0.913775
1.13038
1.3968
1.66974
1.92053
2.13796
2.3213
2.47408
2.60075
2.70531
2.79097
2.86033
2.91576
2.95974
2.99492
3.02406
3.04972
3.07408
3.09865
3.1243
3.15125
3.17929
3.20786
3.23632
3.26398
3.29029
3.31477
3.33713
3.35719
3.37487
3.39021
3.40327
3.41419
3.42313
3.43025
3.43572
3.43973
3.44242
3.44397
3.44451
3.44417
3.44308
3.44136
3.43912
3.43645
3.43344
3.43016
3.4267
3.42311
3.41945
3.41578
3.41214
3.40858
3.40514
3.40187
3.39879
3.39595
3.39336
3.39107
3.3891
3.38747
3.3862
3.38532
3.38485
3.3848
3.38518
3.38601
3.3873
3.38905
3.39127
3.39396
3.39712
3.40075
3.40484
3.40939
3.41437
3.41979
3.42562
3.43185
3.43844
3.44538
3.45264
3.46018
3.46797
3.47598
3.48416
3.49249
3.50093
3.50942
3.51795
3.52646
3.53493
3.54331
3.55159
3.55973
3.5677
3.57548
3.58306
3.59041
3.59752
3.60438
3.61098
3.61731
3.62338
3.62917
3.6347
3.63996
3.64495
3.64968
3.65416
3.6584
3.66239
3.66616
3.6697
3.67303
3.67617
3.67903
0.851011
0.791143
0.741126
0.708367
0.703462
0.741585
0.838122
0.99693
1.20267
1.42854
1.65063
1.85474
2.03526
2.19155
2.32511
2.4381
2.53274
2.61131
2.67623
2.73014
2.77578
2.81584
2.85268
2.88814
2.92343
2.95913
2.99533
3.03174
3.06783
3.10302
3.13674
3.16852
3.19799
3.22494
3.24923
3.27087
3.28989
3.30642
3.3206
3.3326
3.3426
3.35079
3.35735
3.36245
3.36626
3.36893
3.3706
3.37141
3.37147
3.3709
3.36981
3.3683
3.36644
3.36432
3.362
3.35955
3.35703
3.3545
3.352
3.34959
3.3473
3.34518
3.34326
3.34157
3.34015
3.33903
3.33823
3.33778
3.3377
3.33801
3.33872
3.33985
3.3414
3.3434
3.34583
3.34872
3.35206
3.35585
3.36007
3.36474
3.36983
3.37533
3.38123
3.38752
3.39416
3.40114
3.40843
3.41599
3.4238
3.43183
3.44003
3.44837
3.45682
3.46534
3.47389
3.48243
3.49092
3.49935
3.50766
3.51584
3.52387
3.5317
3.53933
3.54674
3.55391
3.56084
3.5675
3.57391
3.58004
3.5859
3.5915
3.59682
3.60188
3.60668
3.61123
3.61553
3.61959
3.62342
3.62702
3.63041
3.6336
3.63651
0.854799
0.797919
0.746862
0.705362
0.677885
0.670755
0.692784
0.753715
0.85935
1.00622
1.18136
1.36799
1.55186
1.72387
1.87954
2.01733
2.13738
2.24077
2.32919
2.40482
2.47012
2.52765
2.57982
2.62869
2.67577
2.72204
2.76795
2.8135
2.85842
2.90226
2.94454
2.98477
3.02259
3.05771
3.08995
3.11925
3.14562
3.16914
3.18993
3.20816
3.224
3.23765
3.2493
3.25914
3.26735
3.27411
3.27956
3.28386
3.28715
3.28957
3.29123
3.29224
3.29272
3.29275
3.29242
3.2918
3.29097
3.29
3.28894
3.28785
3.28679
3.28579
3.28491
3.28419
3.28365
3.28334
3.28329
3.28352
3.28407
3.28495
3.28618
3.28778
3.28977
3.29215
3.29494
3.29813
3.30174
3.30577
3.3102
3.31504
3.32028
3.32591
3.3319
3.33826
3.34496
3.35197
3.35927
3.36684
3.37463
3.38264
3.39081
3.39912
3.40752
3.41599
3.42449
3.43298
3.44142
3.44979
3.45806
3.46619
3.47417
3.48196
3.48955
3.49692
3.50406
3.51095
3.51758
3.52396
3.53006
3.5359
3.54147
3.54678
3.55182
3.55661
3.56114
3.56542
3.56947
3.57329
3.57689
3.58027
3.58345
3.58637
0.857613
0.803838
0.754023
0.710069
0.674015
0.648369
0.636596
0.643484
0.674834
0.735893
0.828742
0.950235
1.09234
1.24475
1.39794
1.54483
1.68105
1.80449
1.91463
2.01213
2.09845
2.1755
2.24536
2.31
2.37109
2.42988
2.48717
2.54331
2.59833
2.652
2.70397
2.75383
2.8012
2.84578
2.88735
2.92576
2.96097
2.99301
3.02197
3.04798
3.0712
3.09182
3.11003
3.12603
3.14001
3.15215
3.16264
3.17165
3.17933
3.18582
3.19127
3.1958
3.19954
3.2026
3.20507
3.20707
3.20866
3.20993
3.21095
3.2118
3.21252
3.21319
3.21384
3.21454
3.21532
3.21622
3.21729
3.21856
3.22005
3.2218
3.22383
3.22616
3.22881
3.23179
3.23512
3.2388
3.24285
3.24725
3.25202
3.25715
3.26264
3.26847
3.27463
3.28112
3.28791
3.29499
3.30234
3.30992
3.31771
3.32568
3.3338
3.34204
3.35037
3.35875
3.36714
3.37552
3.38385
3.39209
3.40023
3.40823
3.41607
3.42372
3.43117
3.4384
3.4454
3.45215
3.45864
3.46488
3.47085
3.47656
3.482
3.48718
3.4921
3.49677
3.50119
3.50536
3.50931
3.51303
3.51653
3.51982
3.52293
3.52576
0.859482
0.808378
0.760625
0.716973
0.678334
0.645749
0.620512
0.604372
0.599725
0.609663
0.637662
0.68674
0.758254
0.850889
0.960517
1.08111
1.20619
1.33013
1.44887
1.56004
1.66273
1.75714
1.84416
1.92506
2.00118
2.07373
2.14364
2.21153
2.27769
2.34214
2.40472
2.46516
2.52312
2.5783
2.63043
2.67932
2.72485
2.76698
2.80575
2.84122
2.87352
2.90282
2.92929
2.95311
2.97448
2.9936
3.01066
3.02583
3.0393
3.05123
3.06177
3.07107
3.07926
3.08646
3.09281
3.09841
3.10337
3.10778
3.11173
3.11529
3.11856
3.12158
3.12444
3.12717
3.12985
3.13252
3.13522
3.13799
3.14088
3.14392
3.14713
3.15055
3.1542
3.15809
3.16225
3.16668
3.1714
3.17641
3.18172
3.18733
3.19323
3.19942
3.2059
3.21264
3.21965
3.22689
3.23436
3.24202
3.24986
3.25784
3.26595
3.27414
3.28239
3.29067
3.29894
3.30718
3.31535
3.32342
3.33136
3.33916
3.34678
3.35421
3.36143
3.36842
3.37517
3.38167
3.38792
3.3939
3.39962
3.40508
3.41027
3.41521
3.41989
3.42432
3.42851
3.43247
3.4362
3.43971
3.44302
3.44612
3.44904
3.45171
0.860565
0.81141
0.765711
0.723438
0.684827
0.650242
0.620147
0.595142
0.576031
0.563906
0.560222
0.566795
0.585662
0.618727
0.667239
0.731245
0.809276
0.89847
0.995109
1.09536
1.19594
1.29449
1.38965
1.48094
1.56844
1.6526
1.73394
1.81293
1.88991
1.96502
2.03825
2.10942
2.1783
2.24458
2.308
2.36829
2.42527
2.4788
2.52884
2.57537
2.61846
2.65821
2.69475
2.72823
2.75884
2.78675
2.81216
2.83525
2.85621
2.87522
2.89243
2.90802
2.92214
2.93492
2.94649
2.95699
2.96653
2.97524
2.98321
2.99054
2.99732
3.00364
3.00957
3.01517
3.02053
3.0257
3.03072
3.03566
3.04056
3.04547
3.05041
3.05543
3.06055
3.0658
3.0712
3.07678
3.08255
3.08851
3.09468
3.10106
3.10766
3.11447
3.12149
3.12871
3.13613
3.14372
3.15147
3.15936
3.16738
3.17549
3.18368
3.1919
3.20015
3.20837
3.21656
3.22467
3.23268
3.24057
3.2483
3.25586
3.26321
3.27036
3.27727
3.28394
3.29036
3.29651
3.3024
3.30802
3.31337
3.31846
3.32328
3.32785
3.33216
3.33623
3.34006
3.34367
3.34706
3.35023
3.35322
3.35601
3.35863
3.36103
0.861099
0.813133
0.76901
0.728261
0.690672
0.656203
0.624915
0.596953
0.57254
0.551996
0.535765
0.524447
0.51883
0.519893
0.528764
0.546604
0.574422
0.612834
0.661854
0.72078
0.788259
0.862493
0.941544
1.02362
1.10726
1.19144
1.27549
1.35904
1.44187
1.52382
1.6047
1.68429
1.76229
1.83839
1.91224
1.9835
2.0519
2.11718
2.17917
2.23775
2.29285
2.34448
2.3927
2.43757
2.47924
2.51783
2.55351
2.58644
2.6168
2.64477
2.67051
2.6942
2.71599
2.73605
2.75451
2.77152
2.78721
2.8017
2.81511
2.82755
2.83913
2.84996
2.86012
2.8697
2.87879
2.88744
2.89573
2.90373
2.91148
2.91905
2.92647
2.9338
2.94107
2.94832
2.95558
2.96287
2.97021
2.97763
2.98514
2.99274
3.00046
3.00828
3.01622
3.02426
3.03241
3.04065
3.04897
3.05735
3.06578
3.07423
3.08269
3.09112
3.09951
3.10782
3.11603
3.12411
3.13204
3.13979
3.14735
3.15468
3.16177
3.16861
3.17519
3.18149
3.18751
3.19325
3.1987
3.20386
3.20874
3.21335
3.21768
3.22176
3.22558
3.22915
3.2325
3.23562
3.23853
3.24125
3.24378
3.24613
3.24833
3.25033
0.861317
0.813942
0.770775
0.731184
0.694718
0.661081
0.630094
0.601662
0.575754
0.552397
0.531673
0.513721
0.498749
0.487041
0.478972
0.47501
0.475713
0.481706
0.49364
0.512118
0.537626
0.570447
0.610612
0.657879
0.711762
0.771585
0.836562
0.905862
0.978664
1.05419
1.13172
1.21057
1.29012
1.36975
1.4489
1.52702
1.60363
1.67827
1.75055
1.82016
1.88684
1.95043
2.01082
2.06794
2.12181
2.17247
2.22
2.26449
2.30607
2.34489
2.38108
2.4148
2.44621
2.47547
2.50271
2.52809
2.55174
2.5738
2.5944
2.61365
2.63167
2.64857
2.66446
2.67944
2.69362
2.70707
2.71987
2.73211
2.74385
2.75516
2.7661
2.77672
2.78707
2.7972
2.80715
2.81695
2.82663
2.83622
2.84575
2.85522
2.86467
2.87409
2.88349
2.89287
2.90224
2.91159
2.92091
2.93019
2.93941
2.94855
2.95761
2.96655
2.97535
2.98399
2.99245
3.0007
3.00871
3.01648
3.02398
3.03119
3.0381
3.04469
3.05097
3.05693
3.06255
3.06785
3.07283
3.07749
3.08184
3.0859
3.08966
3.09315
3.09638
3.09936
3.1021
3.10463
3.10695
3.10908
3.11103
3.11282
3.11448
3.11595
0.861389
0.814244
0.77153
0.732597
0.696917
0.664078
0.633768
0.605753
0.579862
0.555979
0.53403
0.513979
0.495827
0.479608
0.465393
0.453287
0.44344
0.436043
0.431335
0.429604
0.431186
0.436453
0.445807
0.459656
0.478395
0.502379
0.531897
0.567145
0.608206
0.655022
0.707388
0.764941
0.827171
0.893437
0.963003
1.03507
1.10882
1.18346
1.25826
1.33254
1.40573
1.47735
1.547
1.61435
1.67917
1.74128
1.80059
1.85703
1.9106
1.96132
2.00928
2.05454
2.0972
2.1374
2.17523
2.21083
2.24433
2.27585
2.30551
2.33345
2.35977
2.3846
2.40805
2.43021
2.45118
2.47107
2.48997
2.50798
2.52518
2.54165
2.55745
2.57266
2.58733
2.60153
2.61531
2.6287
2.64176
2.65452
2.66702
2.67927
2.69131
2.70314
2.71479
2.72626
2.73756
2.74869
2.75964
2.77041
2.78099
2.79136
2.80151
2.81142
2.82107
2.83044
2.83952
2.84827
2.85669
2.86475
2.87244
2.87975
2.88667
2.8932
2.89932
2.90505
2.91038
2.91533
2.91989
2.92409
2.92794
2.93145
2.93464
2.93753
2.94013
2.94248
2.94458
2.94645
2.94812
2.94959
2.9509
2.95205
2.95309
2.95397
0.861406
0.814329
0.771776
0.733121
0.697834
0.665476
0.635686
0.608168
0.582682
0.559037
0.53708
0.516691
0.497782
0.480287
0.464166
0.449398
0.435983
0.42394
0.413308
0.404149
0.396545
0.390607
0.386473
0.384315
0.384335
0.386777
0.391919
0.400076
0.411593
0.426841
0.446193
0.47001
0.498611
0.532238
0.571023
0.614959
0.663877
0.717439
0.775151
0.836384
0.900416
0.96648
1.03381
1.10168
1.16944
1.23651
1.30244
1.36686
1.42946
1.49004
1.54844
1.60456
1.65834
1.70976
1.75884
1.80559
1.85009
1.8924
1.93262
1.97082
2.0071
2.04158
2.07434
2.10547
2.13509
2.16328
2.19013
2.21571
2.24011
2.26343
2.28576
2.30717
2.32773
2.34751
2.36657
2.38498
2.40278
2.42001
2.43673
2.45297
2.46875
2.48412
2.49907
2.51365
2.52785
2.54168
2.55515
2.56825
2.58098
2.59334
2.6053
2.61686
2.62799
2.6387
2.64895
2.65873
2.66804
2.67686
2.68517
2.69298
2.70027
2.70706
2.71335
2.71914
2.72444
2.72926
2.73364
2.73757
2.7411
2.74423
2.74699
2.74941
2.75151
2.75333
2.75487
2.75617
2.75725
2.75814
2.75885
2.75941
2.75986
2.76018
0.861407
0.814342
0.77183
0.73326
0.698113
0.665954
0.636417
0.609191
0.584014
0.560665
0.538959
0.518737
0.499869
0.482247
0.46578
0.450396
0.436037
0.42266
0.410232
0.398735
0.388161
0.378513
0.369806
0.362069
0.355343
0.349687
0.345176
0.341907
0.340001
0.339605
0.3409
0.344098
0.349446
0.357224
0.367741
0.381325
0.398309
0.419014
0.443725
0.472662
0.505957
0.54363
0.585574
0.631543
0.681169
0.733971
0.789388
0.846808
0.90561
0.965189
1.02499
1.08453
1.14338
1.20122
1.25777
1.31285
1.3663
1.41805
1.46802
1.51619
1.56254
1.6071
1.64988
1.69092
1.73027
1.76799
1.80414
1.83879
1.87201
1.90386
1.93442
1.96372
1.99186
2.01889
2.0449
2.06994
2.09407
2.11734
2.1398
2.16149
2.18246
2.20273
2.22233
2.2413
2.25964
2.27738
2.29451
2.31105
2.32699
2.34233
2.35707
2.3712
2.3847
2.39757
2.4098
2.42138
2.4323
2.44256
2.45216
2.4611
2.46939
2.47703
2.48403
2.49042
2.49621
2.50143
2.5061
2.51025
2.5139
2.51709
2.51985
2.52222
2.52421
2.52587
2.52723
2.52831
2.52915
2.52976
2.53019
2.53045
2.53059
2.53061
0.861405
0.814337
0.771831
0.733277
0.698164
0.666062
0.636607
0.60949
0.584447
0.561253
0.53971
0.519653
0.500935
0.483431
0.467033
0.451647
0.437192
0.4236
0.410812
0.398777
0.387455
0.376811
0.36682
0.357461
0.348722
0.340597
0.333086
0.326198
0.319949
0.314364
0.30948
0.305342
0.302013
0.299571
0.298109
0.297746
0.298619
0.300892
0.304753
0.310414
0.318108
0.328085
0.340602
0.355912
0.374252
0.395828
0.420796
0.449245
0.481191
0.516558
0.555184
0.596818
0.641134
0.687743
0.736218
0.786108
0.836966
0.888363
0.939907
0.991251
1.0421
1.09221
1.14139
1.18951
1.23645
1.28214
1.32655
1.36964
1.41142
1.45188
1.49104
1.52891
1.56553
1.6009
1.63506
1.66802
1.6998
1.73047
1.76006
1.78861
1.81617
1.84276
1.86842
1.89316
1.91701
1.93998
1.96208
1.98333
2.00373
2.02327
2.04197
2.05981
2.07679
2.09292
2.10819
2.12261
2.13618
2.1489
2.16079
2.17186
2.18212
2.1916
2.2003
2.20827
2.21553
2.22211
2.22805
2.23337
2.23811
2.24231
2.24601
2.24924
2.25204
2.25445
2.25649
2.25821
2.25963
2.26079
2.26171
2.26243
2.26299
2.2634
0.861402
0.814329
0.77182
0.733266
0.698157
0.666065
0.636627
0.609537
0.584532
0.561385
0.539902
0.519913
0.50127
0.483845
0.467525
0.45221
0.437812
0.424255
0.41147
0.399398
0.387984
0.377184
0.366955
0.357263
0.348076
0.339367
0.331115
0.3233
0.315909
0.308929
0.302355
0.296182
0.290413
0.285054
0.280116
0.275617
0.271579
0.268036
0.265027
0.262601
0.26082
0.259758
0.259501
0.260153
0.261831
0.26467
0.26882
0.274444
0.281717
0.29082
0.301935
0.315239
0.330895
0.349039
0.369782
0.393188
0.419276
0.448014
0.479314
0.513034
0.548982
0.586923
0.626588
0.667687
0.709915
0.752967
0.796552
0.840392
0.884238
0.927869
0.971096
1.01377
1.05575
1.09696
1.1373
1.17674
1.21523
1.25274
1.28924
1.32469
1.35907
1.3924
1.42467
1.45589
1.48605
1.51516
1.54322
1.57022
1.59616
1.62106
1.6449
1.66769
1.68945
1.71018
1.72988
1.74858
1.76628
1.783
1.79877
1.81361
1.82753
1.84057
1.85274
1.86409
1.87465
1.88443
1.89349
1.90185
1.90954
1.91661
1.92309
1.92901
1.93441
1.93932
1.94378
1.94782
1.95146
1.95475
1.95771
1.96036
1.96276
1.96491
0.8614
0.814321
0.77181
0.733253
0.698143
0.66605
0.636614
0.609527
0.584528
0.561391
0.53992
0.519948
0.501326
0.483926
0.467634
0.45235
0.437984
0.42446
0.411705
0.399659
0.388265
0.377473
0.367239
0.357522
0.348286
0.3395
0.331133
0.32316
0.315558
0.308305
0.301384
0.294777
0.288471
0.282454
0.276716
0.271249
0.266048
0.261109
0.256432
0.252018
0.247873
0.244003
0.240421
0.237142
0.234185
0.231577
0.229346
0.227531
0.226175
0.22533
0.225056
0.225423
0.226511
0.228408
0.231214
0.235037
0.239993
0.246202
0.253789
0.262878
0.273589
0.286034
0.300311
0.316502
0.334665
0.354833
0.37701
0.401166
0.427242
0.455146
0.484755
0.515921
0.548472
0.58222
0.616965
0.652501
0.688624
0.72513
0.761826
0.798554
0.835144
0.871439
0.907291
0.942579
0.977215
1.01113
1.04427
1.07658
1.10805
1.13864
1.16835
1.19715
1.22505
1.25203
1.27809
1.30324
1.32747
1.35078
1.37318
1.39466
1.41523
1.4349
1.45368
1.47157
1.48859
1.50476
1.52008
1.53459
1.54829
1.56121
1.57337
1.58481
1.59554
1.6056
1.61501
1.6238
1.632
1.63965
1.64676
1.65337
1.65953
1.66521
0.861399
0.814317
0.771804
0.733245
0.698133
0.666039
0.636602
0.609515
0.584516
0.561379
0.53991
0.519941
0.501322
0.483926
0.46764
0.452362
0.438005
0.424489
0.411745
0.39971
0.388327
0.377546
0.367321
0.357613
0.348383
0.339599
0.331229
0.323246
0.315626
0.308344
0.30138
0.294715
0.288332
0.282214
0.276347
0.270718
0.265316
0.260128
0.255147
0.250363
0.24577
0.241361
0.237132
0.233078
0.229198
0.22549
0.221955
0.218596
0.215415
0.212418
0.209614
0.207013
0.204628
0.202474
0.200572
0.198944
0.197617
0.196623
0.195998
0.195785
0.196032
0.196794
0.198131
0.200111
0.202808
0.206303
0.210682
0.216035
0.222456
0.230038
0.238877
0.249064
0.260684
0.273815
0.288525
0.304866
0.322873
0.342566
0.363943
0.386979
0.411631
0.437832
0.465504
0.494544
0.524823
0.556195
0.588506
0.621592
0.655285
0.689417
0.723821
0.758335
0.792803
0.827078
0.861023
0.894513
0.927433
0.959682
0.991169
1.02182
1.05156
1.08035
1.10813
1.13488
1.16056
1.18518
1.20871
1.23116
1.25253
1.27284
1.2921
1.31033
1.32756
1.34382
1.35914
1.37356
1.38709
1.39979
1.41169
1.42283
1.43325
1.44291
0.861399
0.814317
0.771804
0.733245
0.698133
0.666039
0.636602
0.609515
0.584516
0.561379
0.53991
0.519941
0.501322
0.483926
0.46764
0.452362
0.438005
0.424489
0.411745
0.39971
0.388327
0.377546
0.367321
0.357613
0.348383
0.339599
0.331229
0.323246
0.315626
0.308344
0.30138
0.294715
0.288332
0.282214
0.276347
0.270718
0.265315
0.260127
0.255145
0.250361
0.245766
0.241355
0.237123
0.233066
0.229182
0.225468
0.221925
0.218555
0.215361
0.212348
0.209524
0.206897
0.204479
0.202286
0.200336
0.198649
0.197251
0.196172
0.195445
0.195112
0.195217
0.195812
0.196955
0.198712
0.201154
0.204358
0.208408
0.213394
0.219407
0.226543
0.234897
0.244564
0.255632
0.268186
0.282297
0.298027
0.315422
0.334507
0.355291
0.377761
0.40188
0.42759
0.454825
0.48348
0.513429
0.544531
0.57663
0.609561
0.643155
0.67724
0.711643
0.746198
0.780744
0.815128
0.849208
0.882852
0.915943
0.948375
0.980053
1.0109
1.04084
1.06983
1.09781
1.12476
1.15064
1.17544
1.19916
1.22178
1.24333
1.26381
1.28323
1.30162
1.319
1.33541
1.35087
1.36541
1.37908
1.3919
1.40391
1.41516
1.42568
1.43544
0.8614
0.814321
0.77181
0.733253
0.698143
0.66605
0.636614
0.609527
0.584528
0.561391
0.53992
0.519948
0.501326
0.483926
0.467634
0.452349
0.437984
0.424459
0.411705
0.399659
0.388265
0.377473
0.367238
0.357522
0.348286
0.3395
0.331133
0.32316
0.315558
0.308305
0.301384
0.294777
0.288471
0.282454
0.276714
0.271246
0.266042
0.261099
0.256415
0.251992
0.247833
0.243945
0.240339
0.237028
0.23403
0.231368
0.22907
0.22717
0.225707
0.224731
0.224297
0.224471
0.225327
0.226949
0.229432
0.232878
0.2374
0.243115
0.250144
0.258611
0.268637
0.280336
0.29381
0.309148
0.326416
0.345657
0.366884
0.390082
0.415201
0.442161
0.470852
0.501133
0.532842
0.565797
0.599803
0.634656
0.670154
0.706091
0.742276
0.778548
0.814727
0.850652
0.886168
0.921159
0.955535
0.989222
1.02216
1.05431
1.08564
1.11613
1.14575
1.17449
1.20236
1.22933
1.25542
1.28061
1.3049
1.3283
1.3508
1.37241
1.39312
1.41294
1.43189
1.44996
1.46717
1.48353
1.49905
1.51376
1.52766
1.54079
1.55317
1.56481
1.57575
1.58601
1.59562
1.6046
1.613
1.62083
1.62813
1.63492
1.64124
1.64709
0.861402
0.814329
0.77182
0.733266
0.698157
0.666065
0.636627
0.609537
0.584532
0.561385
0.539902
0.519913
0.50127
0.483845
0.467524
0.452209
0.437811
0.424254
0.411469
0.399396
0.387983
0.377183
0.366954
0.357262
0.348076
0.339368
0.331117
0.323304
0.315913
0.308935
0.302361
0.296189
0.290418
0.285054
0.280108
0.275595
0.271536
0.267962
0.264908
0.262421
0.260558
0.259387
0.258991
0.259464
0.26092
0.263485
0.267302
0.272529
0.279334
0.287895
0.29839
0.310997
0.325881
0.343185
0.363026
0.385482
0.410585
0.438317
0.468606
0.501325
0.536296
0.573299
0.612073
0.652334
0.693783
0.736117
0.77904
0.822274
0.865564
0.908683
0.951437
0.993666
1.03524
1.07605
1.11602
1.1551
1.19326
1.23044
1.26662
1.30175
1.33584
1.3689
1.40091
1.43189
1.46183
1.49074
1.51861
1.54544
1.57123
1.59599
1.61972
1.64242
1.66409
1.68475
1.70441
1.72307
1.74075
1.75748
1.77326
1.78812
1.80208
1.81516
1.8274
1.83882
1.84946
1.85933
1.86849
1.87695
1.88476
1.89194
1.89854
1.90458
1.9101
1.91514
1.91972
1.92389
1.92766
1.93107
1.93415
1.93693
1.93945
1.94172
0.861405
0.814337
0.771831
0.733277
0.698164
0.666062
0.636606
0.609489
0.584447
0.561251
0.539709
0.519651
0.500932
0.483428
0.467029
0.451643
0.437188
0.423596
0.410808
0.398774
0.387454
0.376812
0.366824
0.357469
0.348735
0.340616
0.333112
0.326232
0.31999
0.31441
0.309527
0.305385
0.302042
0.299572
0.298063
0.297626
0.298392
0.300516
0.304177
0.309576
0.316939
0.326504
0.338523
0.353245
0.370907
0.391715
0.415835
0.443367
0.474341
0.5087
0.5463
0.586909
0.630218
0.675854
0.723398
0.772408
0.82244
0.873064
0.923886
0.974552
1.02476
1.07427
1.12288
1.17044
1.21685
1.26204
1.30596
1.34859
1.38992
1.42995
1.4687
1.50619
1.54243
1.57746
1.61129
1.64393
1.67542
1.70581
1.73514
1.76346
1.7908
1.81719
1.84265
1.86723
1.89092
1.91376
1.93575
1.95689
1.9772
1.99667
2.0153
2.03309
2.05004
2.06614
2.0814
2.09582
2.10939
2.12213
2.13405
2.14514
2.15544
2.16496
2.17372
2.18174
2.18906
2.1957
2.2017
2.20708
2.2119
2.21617
2.21994
2.22325
2.22612
2.2286
2.23072
2.23251
2.234
2.23523
2.23622
2.23701
2.23763
2.23811
0.861407
0.814342
0.77183
0.73326
0.698112
0.665953
0.636415
0.609187
0.584009
0.560659
0.538951
0.518729
0.49986
0.482237
0.465771
0.450388
0.436031
0.422657
0.410235
0.398745
0.388181
0.378545
0.369855
0.362138
0.355436
0.349807
0.345325
0.342085
0.340203
0.339822
0.341115
0.344285
0.349567
0.35723
0.367568
0.380895
0.397534
0.417795
0.441956
0.470238
0.502779
0.539608
0.580633
0.62563
0.674249
0.72603
0.78043
0.836851
0.894681
0.953323
1.01222
1.07089
1.12891
1.18594
1.24172
1.29606
1.3488
1.39985
1.44917
1.4967
1.54246
1.58644
1.62868
1.66921
1.70808
1.74534
1.78106
1.8153
1.84814
1.87964
1.90986
1.93885
1.96669
1.99345
2.01921
2.04402
2.06794
2.09101
2.11329
2.13483
2.15565
2.17579
2.19527
2.21414
2.23239
2.25004
2.26711
2.28359
2.29949
2.3148
2.32951
2.34362
2.35712
2.37
2.38224
2.39384
2.40479
2.41509
2.42473
2.43371
2.44204
2.44974
2.4568
2.46324
2.4691
2.47437
2.4791
2.48331
2.48703
2.49028
2.4931
2.49551
2.49756
2.49928
2.50068
2.50181
2.50269
2.50335
2.50382
2.50412
2.50429
2.50435
0.861405
0.814329
0.771776
0.733119
0.69783
0.66547
0.635677
0.608156
0.582668
0.559021
0.537062
0.516674
0.497766
0.480275
0.46416
0.449401
0.435999
0.423975
0.413367
0.404239
0.396676
0.39079
0.386719
0.384636
0.384743
0.38728
0.392518
0.400762
0.412345
0.427619
0.44694
0.470648
0.499041
0.532347
0.570688
0.614053
0.662279
0.715039
0.771857
0.832122
0.895134
0.960145
1.02641
1.0932
1.15988
1.22591
1.2908
1.3542
1.41581
1.47544
1.53292
1.58816
1.64111
1.69173
1.74005
1.78609
1.82992
1.8716
1.91122
1.94886
1.98464
2.01863
2.05094
2.08167
2.11091
2.13874
2.16526
2.19053
2.21466
2.23772
2.25981
2.281
2.30136
2.32096
2.33985
2.3581
2.37576
2.39287
2.40947
2.4256
2.44129
2.45656
2.47144
2.48595
2.50009
2.51387
2.52729
2.54036
2.55307
2.5654
2.57735
2.5889
2.60004
2.61076
2.62103
2.63084
2.64017
2.64902
2.65737
2.66523
2.67257
2.67941
2.68575
2.69159
2.69695
2.70183
2.70626
2.71026
2.71383
2.71702
2.71983
2.7223
2.72445
2.7263
2.72788
2.72922
2.73034
2.73125
2.73199
2.73258
2.73305
2.73339
0.861388
0.814243
0.771526
0.73259
0.696905
0.664061
0.633746
0.605726
0.579833
0.55595
0.534004
0.513961
0.495823
0.479625
0.465437
0.45337
0.443574
0.436243
0.431622
0.430001
0.43172
0.437156
0.44671
0.460783
0.479762
0.503981
0.533706
0.569103
0.610223
0.656981
0.709147
0.766344
0.828057
0.893651
0.962402
1.03353
1.10624
1.17977
1.25339
1.32646
1.39842
1.46881
1.53723
1.60337
1.66702
1.72801
1.78623
1.84164
1.89422
1.94403
1.99111
2.03556
2.07748
2.11697
2.15416
2.18917
2.22212
2.25313
2.28234
2.30985
2.33579
2.36027
2.38339
2.40525
2.42595
2.44559
2.46427
2.48207
2.49908
2.51537
2.53101
2.54607
2.56061
2.57468
2.58834
2.60163
2.61459
2.62726
2.63967
2.65184
2.6638
2.67557
2.68715
2.69857
2.70982
2.7209
2.73181
2.74254
2.75309
2.76344
2.77357
2.78347
2.79311
2.80249
2.81156
2.82033
2.82876
2.83685
2.84457
2.85192
2.85887
2.86544
2.87161
2.87738
2.88276
2.88775
2.89237
2.89661
2.90051
2.90406
2.9073
2.91023
2.91287
2.91525
2.91738
2.91929
2.92098
2.92248
2.92381
2.92498
2.92604
2.92693
0.861316
0.813937
0.770764
0.731165
0.694689
0.661044
0.630052
0.601618
0.575715
0.552372
0.531671
0.513755
0.498834
0.487197
0.479223
0.475386
0.476251
0.482452
0.494643
0.513433
0.539303
0.572525
0.61311
0.660783
0.715019
0.775102
0.840206
0.909469
0.982052
1.05717
1.13409
1.21217
1.29077
1.36931
1.44727
1.52411
1.59937
1.67263
1.74352
1.81174
1.87707
1.93933
1.99844
2.05436
2.10708
2.15666
2.20318
2.24675
2.28747
2.3255
2.36097
2.39403
2.42484
2.45355
2.4803
2.50523
2.52848
2.55017
2.57044
2.58939
2.60714
2.62379
2.63946
2.65424
2.66823
2.68151
2.69416
2.70625
2.71787
2.72905
2.73987
2.75039
2.76064
2.77067
2.78052
2.79023
2.79983
2.80934
2.81879
2.8282
2.83757
2.84692
2.85626
2.86558
2.8749
2.88419
2.89346
2.90269
2.91187
2.92098
2.93
2.93891
2.94769
2.95632
2.96476
2.97301
2.98103
2.9888
2.99631
3.00354
3.01047
3.0171
3.02341
3.0294
3.03506
3.0404
3.04541
3.05011
3.0545
3.05859
3.0624
3.06592
3.06918
3.07219
3.07497
3.07752
3.07987
3.08202
3.08399
3.0858
3.08747
3.08896
0.861096
0.813121
0.768984
0.72822
0.69062
0.656144
0.624859
0.596913
0.572531
0.552039
0.535887
0.524684
0.519226
0.520503
0.529652
0.547844
0.576085
0.614985
0.664537
0.724014
0.792029
0.866747
0.946195
1.02854
1.11232
1.19645
1.28027
1.36339
1.44559
1.52671
1.60659
1.68502
1.76174
1.83644
1.90882
1.97859
2.04547
2.10925
2.16978
2.22694
2.2807
2.33107
2.3781
2.42189
2.46254
2.50021
2.53504
2.56722
2.59689
2.62424
2.64942
2.67261
2.69396
2.71361
2.73172
2.74841
2.76382
2.77804
2.79122
2.80346
2.81486
2.82551
2.83552
2.84496
2.85391
2.86244
2.87062
2.87851
2.88616
2.89363
2.90096
2.9082
2.91538
2.92254
2.92971
2.93692
2.94418
2.95152
2.95894
2.96647
2.9741
2.98185
2.98971
2.99768
3.00576
3.01393
3.02218
3.0305
3.03887
3.04728
3.05568
3.06407
3.07242
3.0807
3.08889
3.09695
3.10486
3.11261
3.12016
3.1275
3.13461
3.14146
3.14806
3.15439
3.16043
3.1662
3.17168
3.17687
3.18179
3.18643
3.19079
3.1949
3.19875
3.20235
3.20573
3.20888
3.21181
3.21455
3.2171
3.21947
3.22169
3.2237
0.860556
0.811383
0.765662
0.723372
0.684753
0.650177
0.620113
0.595169
0.576161
0.564195
0.560744
0.567644
0.586945
0.620551
0.669691
0.73437
0.813066
0.902867
1.00003
1.10069
1.20158
1.30033
1.39559
1.48684
1.57416
1.65795
1.73874
1.81698
1.89302
1.967
2.03893
2.10869
2.17605
2.24077
2.3026
2.36132
2.41676
2.46882
2.51746
2.56268
2.60456
2.6432
2.67872
2.71128
2.74106
2.76823
2.79298
2.81548
2.83591
2.85445
2.87126
2.88648
2.90027
2.91277
2.92409
2.93436
2.94371
2.95223
2.96004
2.96723
2.97388
2.98007
2.98589
2.99139
2.99664
3.00171
3.00665
3.01149
3.0163
3.02112
3.02597
3.0309
3.03593
3.04109
3.04641
3.0519
3.05757
3.06344
3.06952
3.07581
3.08232
3.08904
3.09597
3.10311
3.11043
3.11794
3.12561
3.13342
3.14137
3.14941
3.15753
3.1657
3.17389
3.18207
3.19022
3.1983
3.20629
3.21415
3.22187
3.22942
3.23678
3.24393
3.25086
3.25755
3.26398
3.27016
3.27608
3.28172
3.28711
3.29222
3.29707
3.30167
3.30601
3.31011
3.31397
3.31761
3.32102
3.32422
3.32723
3.33004
3.33269
3.3351
0.859464
0.80833
0.760551
0.716886
0.67826
0.645726
0.620595
0.604638
0.600284
0.61066
0.639263
0.689103
0.761477
0.854974
0.965364
1.08655
1.21203
1.33622
1.4551
1.56634
1.66904
1.76341
1.85031
1.93098
2.00672
2.07871
2.14785
2.21476
2.27974
2.34285
2.40396
2.46284
2.51919
2.57276
2.6233
2.67067
2.71475
2.75554
2.79305
2.82738
2.85865
2.88702
2.91265
2.93574
2.95645
2.975
2.99155
3.00628
3.01936
3.03095
3.04119
3.05023
3.05818
3.06518
3.07135
3.0768
3.08161
3.0859
3.08973
3.09319
3.09635
3.09928
3.10204
3.10469
3.10728
3.10986
3.11248
3.11516
3.11797
3.12091
3.12403
3.12736
3.13091
3.1347
3.13876
3.14309
3.14771
3.15262
3.15783
3.16333
3.16913
3.17521
3.18159
3.18823
3.19513
3.20227
3.20964
3.21721
3.22496
3.23286
3.24089
3.24902
3.2572
3.26543
3.27365
3.28184
3.28998
3.29803
3.30595
3.31374
3.32136
3.32879
3.33602
3.34302
3.34979
3.35631
3.36258
3.36859
3.37434
3.37983
3.38505
3.39002
3.39473
3.3992
3.40342
3.4074
3.41116
3.4147
3.41803
3.42116
3.4241
3.4268
0.857582
0.803766
0.753927
0.709985
0.674001
0.648513
0.637037
0.644422
0.676518
0.738564
0.832534
0.955105
1.09808
1.25107
1.40456
1.55152
1.68769
1.811
1.92101
2.01841
2.10462
2.18155
2.2512
2.31551
2.3761
2.43418
2.49054
2.54554
2.59923
2.65144
2.70185
2.75011
2.79589
2.83892
2.87899
2.91601
2.94993
2.98079
3.00868
3.03373
3.0561
3.07597
3.09352
3.10893
3.12241
3.13411
3.14422
3.1529
3.16029
3.16653
3.17177
3.17611
3.17968
3.1826
3.18495
3.18683
3.18831
3.18949
3.19043
3.19119
3.19183
3.19241
3.19299
3.1936
3.1943
3.19513
3.19611
3.19729
3.19869
3.20034
3.20228
3.2045
3.20705
3.20992
3.21314
3.21671
3.22064
3.22493
3.22958
3.2346
3.23996
3.24568
3.25172
3.2581
3.26477
3.27174
3.27897
3.28645
3.29414
3.30202
3.31006
3.31822
3.32648
3.33479
3.34313
3.35146
3.35975
3.36797
3.37609
3.38408
3.39191
3.39956
3.40702
3.41426
3.42127
3.42805
3.43457
3.44083
3.44683
3.45257
3.45804
3.46326
3.46821
3.47291
3.47736
3.48157
3.48555
3.4893
3.49283
3.49615
3.49928
3.50215
0.854751
0.797825
0.746765
0.70534
0.678073
0.671377
0.694174
0.756253
0.863297
1.01155
1.18776
1.37502
1.55913
1.7311
1.88655
2.02405
2.14379
2.24692
2.33514
2.41063
2.47581
2.53321
2.58516
2.63364
2.68013
2.72558
2.77044
2.81475
2.85827
2.90062
2.94134
2.98003
3.01634
3.05002
3.08092
3.10899
3.13424
3.15676
3.17666
3.19411
3.20926
3.22232
3.23345
3.24284
3.25067
3.25709
3.26226
3.26632
3.2694
3.27164
3.27314
3.27402
3.27438
3.2743
3.27388
3.27318
3.27227
3.27123
3.27009
3.26894
3.2678
3.26673
3.26577
3.26497
3.26436
3.26396
3.26382
3.26397
3.26441
3.26519
3.26632
3.26781
3.26969
3.27196
3.27462
3.2777
3.28119
3.28508
3.28939
3.2941
3.29921
3.30471
3.31058
3.31681
3.32338
3.33027
3.33745
3.3449
3.3526
3.3605
3.36858
3.3768
3.38513
3.39354
3.40198
3.41042
3.41883
3.42717
3.43541
3.44354
3.45151
3.4593
3.4669
3.47428
3.48144
3.48835
3.49501
3.50142
3.50755
3.51343
3.51903
3.52437
3.52945
3.53427
3.53884
3.54316
3.54724
3.55109
3.55472
3.55813
3.56135
3.56429
0.850946
0.791039
0.741073
0.708546
0.704202
0.7434
0.841548
1.00216
1.20938
1.43612
1.65849
1.86249
2.04269
2.19855
2.33166
2.44421
2.53849
2.61679
2.68154
2.73535
2.78092
2.82086
2.85747
2.8925
2.92714
2.96195
2.99705
3.03217
3.06686
3.10058
3.13282
3.16315
3.19126
3.21692
3.24005
3.26062
3.2787
3.2944
3.30785
3.31921
3.32867
3.33639
3.34255
3.34731
3.35083
3.35325
3.35471
3.35534
3.35525
3.35456
3.35336
3.35174
3.3498
3.3476
3.34521
3.3427
3.34012
3.33753
3.33498
3.3325
3.33015
3.32795
3.32596
3.3242
3.32271
3.3215
3.32061
3.32007
3.31989
3.32009
3.32069
3.3217
3.32314
3.32501
3.32732
3.33008
3.33329
3.33694
3.34103
3.34556
3.35051
3.35588
3.36164
3.36779
3.3743
3.38115
3.38831
3.39576
3.40346
3.41139
3.41949
3.42775
3.43612
3.44457
3.45306
3.46156
3.47002
3.47841
3.48671
3.49488
3.5029
3.51074
3.51838
3.52581
3.533
3.53995
3.54665
3.55308
3.55925
3.56515
3.57078
3.57614
3.58124
3.58608
3.59066
3.595
3.59909
3.60295
3.60659
3.61001
3.61324
3.61618
0.846292
0.784482
0.740966
0.732137
0.78289
0.917941
1.13673
1.40462
1.67813
1.92885
2.14588
2.32868
2.48089
2.60701
2.71107
2.79629
2.86531
2.92053
2.96439
2.99954
3.02865
3.05423
3.07834
3.10246
3.12742
3.15346
3.18037
3.20768
3.23478
3.26106
3.286
3.30918
3.33032
3.34926
3.36594
3.38038
3.39266
3.4029
3.41125
3.41787
3.42291
3.42655
3.42894
3.43023
3.43055
3.43003
3.42879
3.42694
3.42459
3.42183
3.41874
3.4154
3.41188
3.40823
3.40452
3.4008
3.39711
3.3935
3.39001
3.38668
3.38355
3.38064
3.37799
3.37563
3.37358
3.37186
3.37051
3.36954
3.36896
3.3688
3.36907
3.36979
3.37095
3.37257
3.37466
3.37722
3.38024
3.38373
3.38768
3.39208
3.39693
3.4022
3.40789
3.41398
3.42044
3.42724
3.43437
3.44179
3.44947
3.45738
3.46547
3.47371
3.48207
3.4905
3.49897
3.50744
3.51587
3.52423
3.53249
3.54062
3.54859
3.55639
3.56398
3.57135
3.57848
3.58537
3.592
3.59837
3.60447
3.6103
3.61587
3.62116
3.6262
3.63097
3.63549
3.63976
3.6438
3.6476
3.65118
3.65454
3.65771
3.6606
0.841078
0.780263
0.755504
0.803803
0.967331
1.24502
1.57667
1.89752
2.175
2.40284
2.58627
2.73338
2.85164
2.94691
3.0234
3.0841
3.13129
3.16708
3.19373
3.21375
3.22967
3.24382
3.25801
3.2734
3.29052
3.30931
3.32935
3.35002
3.37063
3.39055
3.40928
3.42644
3.44178
3.45518
3.46662
3.47613
3.48381
3.48979
3.49419
3.49718
3.4989
3.4995
3.49912
3.49787
3.49589
3.49329
3.49017
3.48662
3.48274
3.4786
3.47427
3.46981
3.46528
3.46072
3.45619
3.45173
3.44738
3.44318
3.43915
3.43533
3.43175
3.42845
3.42543
3.42274
3.42039
3.4184
3.41679
3.41559
3.4148
3.41444
3.41453
3.41507
3.41608
3.41755
3.4195
3.42193
3.42483
3.42821
3.43205
3.43636
3.44111
3.4463
3.45191
3.45792
3.4643
3.47104
3.4781
3.48545
3.49305
3.50088
3.5089
3.51706
3.52532
3.53366
3.54203
3.55039
3.5587
3.56694
3.57508
3.58308
3.59091
3.59857
3.60601
3.61324
3.62022
3.62696
3.63345
3.63967
3.64562
3.65131
3.65673
3.66189
3.66678
3.67143
3.67582
3.67996
3.68388
3.68756
3.69103
3.69429
3.69735
3.70015
0.835835
0.782846
0.804872
0.97269
1.30328
1.70602
2.08215
2.39101
2.63171
2.81656
2.95884
3.06934
3.15592
3.22397
3.27703
3.31739
3.3468
3.36699
3.37999
3.38812
3.39375
3.39896
3.40533
3.41376
3.42448
3.43726
3.45152
3.46655
3.48164
3.49619
3.5097
3.52186
3.53244
3.54137
3.54862
3.55426
3.55838
3.56109
3.56253
3.56283
3.56212
3.56054
3.55819
3.5552
3.55166
3.54767
3.54333
3.53871
3.53389
3.52892
3.52386
3.51876
3.51368
3.50865
3.50371
3.49889
3.49423
3.48976
3.48551
3.48149
3.47775
3.4743
3.47116
3.46836
3.46591
3.46383
3.46214
3.46085
3.45999
3.45956
3.45957
3.46004
3.46097
3.46237
3.46424
3.46659
3.46941
3.4727
3.47645
3.48067
3.48532
3.49042
3.49592
3.50183
3.5081
3.51472
3.52166
3.52888
3.53636
3.54404
3.5519
3.55991
3.568
3.57617
3.58435
3.59252
3.60063
3.60867
3.61659
3.62438
3.63199
3.63942
3.64664
3.65364
3.6604
3.66692
3.67318
3.67919
3.68493
3.69041
3.69562
3.70058
3.70529
3.70974
3.71395
3.71793
3.72167
3.7252
3.72852
3.73163
3.73456
3.73723
0.831588
0.802127
0.928101
1.28649
1.77029
2.21974
2.57241
2.83259
3.0221
3.16115
3.26465
3.34289
3.40265
3.44826
3.48234
3.50645
3.52182
3.52984
3.53228
3.53128
3.52899
3.52731
3.52756
3.53041
3.53592
3.5437
3.55309
3.56336
3.5738
3.58385
3.59305
3.60112
3.60787
3.61325
3.61724
3.6199
3.62133
3.62163
3.62092
3.61931
3.61692
3.61385
3.61021
3.6061
3.6016
3.5968
3.59177
3.58658
3.58128
3.57593
3.57056
3.56523
3.55996
3.5548
3.54978
3.54491
3.54024
3.53578
3.53155
3.52758
3.52389
3.52051
3.51743
3.5147
3.51232
3.5103
3.50867
3.50744
3.50661
3.50621
3.50625
3.50672
3.50764
3.50902
3.51086
3.51316
3.51592
3.51914
3.52281
3.52693
3.53148
3.53646
3.54183
3.54759
3.55372
3.56018
3.56694
3.57397
3.58125
3.58872
3.59636
3.60413
3.61199
3.61989
3.62781
3.63571
3.64355
3.6513
3.65894
3.66643
3.67375
3.68088
3.68781
3.69452
3.70099
3.70722
3.7132
3.71893
3.7244
3.72962
3.73459
3.7393
3.74377
3.748
3.75199
3.75576
3.75931
3.76265
3.76579
3.76873
3.77149
3.774
0.83047
0.859253
1.17557
1.73833
2.29172
2.71247
3.00523
3.20562
3.3443
3.44215
3.51261
3.56418
3.60222
3.6299
3.64896
3.66036
3.66488
3.66359
3.65805
3.65017
3.64193
3.635
3.6305
3.62893
3.63019
3.63382
3.63915
3.64543
3.65201
3.65834
3.66404
3.66882
3.67256
3.67518
3.67669
3.67715
3.67662
3.67521
3.67302
3.67014
3.66667
3.6627
3.65831
3.65359
3.64862
3.64347
3.63818
3.63282
3.62743
3.62205
3.61671
3.61146
3.60632
3.60131
3.59647
3.59181
3.58735
3.58312
3.57913
3.57541
3.57197
3.56882
3.56598
3.56346
3.56129
3.55947
3.55802
3.55694
3.55626
3.55598
3.55611
3.55666
3.55764
3.55905
3.5609
3.56318
3.56591
3.56907
3.57267
3.57669
3.58112
3.58596
3.59118
3.59677
3.6027
3.60895
3.61549
3.62228
3.62929
3.6365
3.64385
3.65132
3.65886
3.66644
3.67403
3.68159
3.68908
3.69648
3.70376
3.71089
3.71786
3.72463
3.73121
3.73757
3.7437
3.74959
3.75524
3.76065
3.76582
3.77074
3.77541
3.77985
3.78405
3.78802
3.79177
3.7953
3.79863
3.80176
3.80469
3.80745
3.81003
3.81238
0.837083
0.991886
1.56879
2.26379
2.79676
3.14662
3.36902
3.51204
3.60618
3.6696
3.71315
3.74335
3.76415
3.77769
3.78502
3.78661
3.78288
3.77463
3.76321
3.75033
3.73773
3.72691
3.71879
3.71374
3.71159
3.71184
3.71381
3.71681
3.72023
3.72356
3.72645
3.72867
3.73008
3.73063
3.73033
3.72921
3.72734
3.7248
3.72168
3.71805
3.71399
3.70958
3.70488
3.69998
3.69492
3.68977
3.68457
3.67936
3.67418
3.66906
3.66403
3.65911
3.65433
3.64971
3.64526
3.64101
3.63697
3.63315
3.62958
3.62627
3.62322
3.62046
3.61799
3.61583
3.61399
3.61248
3.61132
3.61051
3.61006
3.60998
3.61029
3.61098
3.61208
3.61357
3.61547
3.61778
3.6205
3.62362
3.62715
3.63108
3.63539
3.64008
3.64513
3.65052
3.65623
3.66223
3.6685
3.67501
3.68172
3.68859
3.69561
3.70272
3.70989
3.71709
3.72429
3.73145
3.73854
3.74553
3.7524
3.75912
3.76568
3.77206
3.77823
3.7842
3.78995
3.79547
3.80076
3.80581
3.81063
3.81522
3.81958
3.82371
3.82762
3.83132
3.8348
3.83809
3.84117
3.84408
3.8468
3.84935
3.85174
3.85391
0.861181
1.2442
2.07273
2.79224
3.24675
3.51205
3.66751
3.76086
3.81819
3.85383
3.87594
3.88925
3.89646
3.89895
3.89719
3.89128
3.88139
3.86809
3.8525
3.83612
3.8205
3.80691
3.79614
3.78844
3.78362
3.78116
3.78043
3.7808
3.78168
3.78264
3.78335
3.78361
3.78329
3.78234
3.78077
3.7786
3.77588
3.77268
3.76907
3.76511
3.76085
3.75636
3.7517
3.74693
3.7421
3.73724
3.73239
3.72758
3.72285
3.71821
3.71369
3.7093
3.70507
3.70101
3.69714
3.69346
3.68999
3.68674
3.68373
3.68096
3.67844
3.67619
3.67422
3.67252
3.67113
3.67003
3.66925
3.66879
3.66867
3.66888
3.66943
3.67034
3.67161
3.67325
3.67525
3.67763
3.68037
3.68349
3.68698
3.69083
3.69503
3.69957
3.70444
3.70962
3.7151
3.72083
3.72681
3.733
3.73937
3.74588
3.75252
3.75923
3.76599
3.77277
3.77954
3.78625
3.7929
3.79944
3.80586
3.81214
3.81826
3.82419
3.82994
3.83549
3.84082
3.84594
3.85084
3.85552
3.85998
3.86422
3.86825
3.87206
3.87567
3.87907
3.88228
3.8853
3.88814
3.89081
3.89331
3.89565
3.89784
3.89983
0.921568
1.63494
2.62374
3.27799
3.62928
3.8127
3.91021
3.96269
3.99047
4.00408
4.00928
4.00929
4.00585
3.99969
3.99091
3.97934
3.96493
3.94809
3.92972
3.91109
3.89354
3.87813
3.86554
3.85594
3.84912
3.84458
3.84175
3.84005
3.83897
3.83811
3.83718
3.83599
3.83443
3.83246
3.83006
3.82726
3.82409
3.8206
3.81685
3.81287
3.80872
3.80443
3.80007
3.79568
3.79129
3.78693
3.78263
3.77841
3.7743
3.77031
3.76645
3.76275
3.75922
3.75585
3.75268
3.7497
3.74692
3.74435
3.74201
3.73989
3.73801
3.73637
3.73499
3.73386
3.733
3.73241
3.73211
3.73209
3.73236
3.73294
3.73382
3.73501
3.73653
3.73836
3.74053
3.74302
3.74584
3.749
3.75248
3.75628
3.76039
3.7648
3.76951
3.77449
3.77972
3.78519
3.79087
3.79673
3.80274
3.80888
3.81511
3.8214
3.82773
3.83406
3.84037
3.84662
3.85279
3.85886
3.86481
3.87062
3.87627
3.88175
3.88705
3.89216
3.89706
3.90177
3.90627
3.91056
3.91465
3.91853
3.92221
3.9257
3.92899
3.9321
3.93502
3.93778
3.94037
3.9428
3.94507
3.94721
3.9492
3.95101
1.04783
2.14113
3.16619
3.70126
3.94668
4.05816
4.10789
4.12763
4.13203
4.12829
4.1202
4.10975
4.09792
4.085
4.0708
4.05497
4.03734
4.01815
3.9981
3.97823
3.95965
3.94326
3.92958
3.91874
3.91052
3.90448
3.90009
3.89684
3.89429
3.89209
3.88997
3.88777
3.88538
3.88276
3.87989
3.87678
3.87346
3.86996
3.86631
3.86255
3.85872
3.85484
3.85097
3.84712
3.84333
3.83961
3.836
3.8325
3.82913
3.8259
3.82282
3.8199
3.81715
3.81458
3.8122
3.81
3.808
3.8062
3.8046
3.80322
3.80206
3.80111
3.8004
3.79991
3.79967
3.79966
3.7999
3.80039
3.80115
3.80216
3.80344
3.80499
3.80681
3.80892
3.8113
3.81398
3.81693
3.82017
3.82368
3.82748
3.83154
3.83586
3.84043
3.84523
3.85025
3.85546
3.86085
3.86639
3.87205
3.87781
3.88364
3.88951
3.8954
3.90127
3.90711
3.91289
3.91859
3.92418
3.92965
3.93498
3.94016
3.94518
3.95002
3.95468
3.95915
3.96344
3.96753
3.97144
3.97515
3.97867
3.98201
3.98517
3.98815
3.99096
3.99361
3.9961
3.99844
4.00063
4.00268
4.0046
4.0064
4.00803
1.27351
2.71741
3.66587
4.05945
4.20804
4.25954
4.27093
4.26479
4.2508
4.23342
4.21485
4.19615
4.1777
4.15946
4.14105
4.12205
4.10217
4.08153
4.06065
4.04034
4.02148
4.00479
3.99066
3.97917
3.9701
3.96307
3.95761
3.95329
3.9497
3.94655
3.94362
3.94075
3.93785
3.93487
3.93179
3.92862
3.92536
3.92204
3.91867
3.9153
3.91193
3.90859
3.90531
3.90211
3.89902
3.89604
3.89319
3.89047
3.88791
3.8855
3.88326
3.88118
3.87928
3.87755
3.87601
3.87465
3.87347
3.87249
3.8717
3.8711
3.87071
3.87051
3.87052
3.87073
3.87116
3.87179
3.87265
3.87371
3.875
3.87652
3.87826
3.88023
3.88243
3.88487
3.88754
3.89045
3.8936
3.89698
3.90059
3.90443
3.90849
3.91277
3.91724
3.9219
3.92674
3.93173
3.93686
3.9421
3.94744
3.95284
3.95828
3.96375
3.96921
3.97465
3.98003
3.98535
3.99058
3.9957
4.0007
4.00556
4.01027
4.01483
4.01923
4.02345
4.0275
4.03138
4.03507
4.03859
4.04194
4.04511
4.04811
4.05095
4.05362
4.05615
4.05852
4.06075
4.06284
4.0648
4.06664
4.06836
4.06996
4.07142
1.62357
3.31924
4.10848
4.35964
4.42511
4.42809
4.40914
4.38265
4.35419
4.32606
4.2992
4.27392
4.2502
4.22773
4.20604
4.18463
4.16321
4.14178
4.12069
4.10054
4.08199
4.06555
4.05151
4.03989
4.03046
4.02289
4.01679
4.01177
4.00752
4.00376
4.00031
3.99704
3.99387
3.99074
3.98764
3.98456
3.9815
3.97849
3.97552
3.97261
3.96978
3.96704
3.96442
3.96192
3.95956
3.95734
3.95529
3.95339
3.95165
3.95009
3.94869
3.94747
3.94643
3.94557
3.94488
3.94437
3.94404
3.9439
3.94393
3.94414
3.94454
3.94512
3.94589
3.94684
3.94797
3.94929
3.95079
3.95248
3.95436
3.95643
3.95868
3.96113
3.96376
3.96659
3.96961
3.97282
3.97622
3.97981
3.98358
3.98752
3.99164
3.99593
4.00036
4.00494
4.00965
4.01447
4.01938
4.02437
4.02942
4.0345
4.0396
4.0447
4.04977
4.05479
4.05975
4.06463
4.06942
4.07409
4.07864
4.08306
4.08733
4.09146
4.09542
4.09923
4.10288
4.10636
4.10967
4.11282
4.11582
4.11865
4.12133
4.12386
4.12625
4.12849
4.1306
4.13259
4.13445
4.13619
4.13782
4.13934
4.14076
4.14206
2.11223
3.91483
4.49453
4.61442
4.61117
4.57553
4.53268
4.49014
4.45023
4.41354
4.38003
4.34947
4.32148
4.29558
4.27125
4.24799
4.22548
4.20368
4.18279
4.16321
4.14537
4.12961
4.11609
4.10474
4.09536
4.08764
4.08125
4.07587
4.07124
4.06713
4.0634
4.05993
4.05665
4.05352
4.05051
4.04762
4.04484
4.04218
4.03965
4.03724
4.03497
4.03285
4.03088
4.02908
4.02744
4.02599
4.0247
4.0236
4.02268
4.02193
4.02137
4.02099
4.02079
4.02077
4.02092
4.02125
4.02176
4.02244
4.02329
4.02431
4.0255
4.02686
4.02839
4.03008
4.03194
4.03396
4.03614
4.03848
4.04097
4.04363
4.04644
4.04941
4.05252
4.05579
4.05921
4.06278
4.06649
4.07034
4.07433
4.07845
4.08269
4.08705
4.09151
4.09607
4.10071
4.10542
4.11018
4.11497
4.11979
4.12461
4.12941
4.13419
4.13892
4.14358
4.14816
4.15265
4.15704
4.16131
4.16545
4.16946
4.17333
4.17705
4.18062
4.18405
4.18731
4.19043
4.19339
4.1962
4.19887
4.20139
4.20377
4.20602
4.20813
4.21012
4.21199
4.21374
4.21538
4.21692
4.21835
4.2197
4.22094
4.22209
2.75671
4.49025
4.83644
4.84145
4.78254
4.71626
4.65444
4.59908
4.54993
4.50626
4.46731
4.43237
4.40081
4.37202
4.34546
4.32066
4.29731
4.27533
4.25482
4.23601
4.21911
4.2043
4.19156
4.1808
4.17177
4.1642
4.1578
4.15232
4.14753
4.14327
4.13941
4.13588
4.1326
4.12954
4.12668
4.12401
4.12153
4.11924
4.11713
4.11521
4.11347
4.11193
4.11058
4.10943
4.10847
4.10772
4.10716
4.1068
4.10664
4.10666
4.10688
4.10729
4.10788
4.10866
4.10961
4.11074
4.11204
4.11351
4.11515
4.11696
4.11892
4.12104
4.12331
4.12574
4.12832
4.13103
4.13389
4.13689
4.14002
4.14329
4.14668
4.1502
4.15383
4.15758
4.16145
4.16542
4.1695
4.17368
4.17795
4.1823
4.18673
4.19123
4.19579
4.2004
4.20504
4.20971
4.21439
4.21907
4.22373
4.22836
4.23294
4.23747
4.24192
4.24629
4.25055
4.25472
4.25876
4.26269
4.26648
4.27013
4.27365
4.27702
4.28025
4.28333
4.28626
4.28905
4.2917
4.29421
4.29659
4.29883
4.30094
4.30293
4.3048
4.30656
4.3082
4.30975
4.31119
4.31255
4.31381
4.31499
4.31608
4.31709
3.60496
5.05607
5.16201
5.06896
4.96489
4.87383
4.79646
4.7304
4.67343
4.62376
4.58005
4.54124
4.50647
4.47506
4.44641
4.42012
4.39591
4.3737
4.35351
4.33543
4.31949
4.30567
4.29385
4.28382
4.27532
4.26808
4.26186
4.25644
4.25165
4.24736
4.24347
4.23994
4.2367
4.23374
4.23103
4.22858
4.22637
4.2244
4.22267
4.22117
4.2199
4.21887
4.21806
4.21748
4.21713
4.217
4.21709
4.2174
4.21792
4.21865
4.21957
4.2207
4.22202
4.22353
4.22522
4.22709
4.22913
4.23135
4.23373
4.23627
4.23897
4.24182
4.24482
4.24796
4.25124
4.25465
4.25818
4.26184
4.26561
4.2695
4.27349
4.27759
4.28177
4.28605
4.2904
4.29484
4.29934
4.3039
4.30852
4.31318
4.31788
4.3226
4.32734
4.33209
4.33683
4.34155
4.34624
4.35089
4.35549
4.36002
4.36447
4.36884
4.3731
4.37726
4.3813
4.38523
4.38902
4.39267
4.39619
4.39957
4.4028
4.40589
4.40884
4.41164
4.41431
4.41683
4.41922
4.42148
4.42361
4.42562
4.4275
4.42928
4.43095
4.43251
4.43397
4.43534
4.43662
4.43782
4.43893
4.43997
4.44093
4.44183
4.84955
5.68153
5.54071
5.36077
5.21733
5.1041
5.01232
4.93602
4.87133
4.8156
4.76697
4.72407
4.68584
4.6515
4.62044
4.59227
4.56679
4.54392
4.52363
4.5059
4.49062
4.47759
4.46655
4.4572
4.44922
4.44235
4.43633
4.43102
4.42626
4.42196
4.41805
4.41451
4.41129
4.40838
4.40577
4.40347
4.40146
4.39973
4.39829
4.39713
4.39624
4.39562
4.39527
4.39518
4.39534
4.39575
4.39641
4.39731
4.39843
4.39979
4.40135
4.40314
4.40513
4.40732
4.4097
4.41228
4.41503
4.41796
4.42106
4.42432
4.42775
4.43132
4.43504
4.4389
4.44289
4.44702
4.45125
4.45561
4.46006
4.46462
4.46927
4.474
4.4788
4.48368
4.4886
4.49359
4.49861
4.50366
4.50873
4.51381
4.51889
4.52396
4.52901
4.53402
4.53899
4.5439
4.54874
4.5535
4.55817
4.56275
4.5672
4.57155
4.57576
4.57985
4.5838
4.5876
4.59126
4.59477
4.59813
4.60134
4.6044
4.60731
4.61007
4.6127
4.61518
4.61752
4.61973
4.62182
4.62378
4.62562
4.62735
4.62898
4.63049
4.63192
4.63324
4.63449
4.63565
4.63673
4.63774
4.63867
4.63953
4.64036
6.07794
5.55972
5.2474
5.04169
4.89423
4.78182
4.69214
4.61829
4.55606
4.5027
4.45628
4.41543
4.3791
4.3465
4.31706
4.29044
4.26646
4.24509
4.22633
4.21014
4.19638
4.18484
4.17518
4.16709
4.16022
4.15431
4.14913
4.14452
4.14035
4.13655
4.13308
4.12991
4.12702
4.12442
4.12208
4.12003
4.11824
4.11673
4.11548
4.1145
4.11379
4.11334
4.11314
4.11319
4.11349
4.11403
4.1148
4.11581
4.11703
4.11847
4.12011
4.12196
4.124
4.12623
4.12865
4.13124
4.13401
4.13694
4.14003
4.14328
4.14668
4.15022
4.15389
4.15769
4.16162
4.16566
4.16981
4.17407
4.17842
4.18287
4.18739
4.19198
4.19664
4.20136
4.20612
4.21093
4.21576
4.22061
4.22547
4.23033
4.23517
4.23999
4.24477
4.24951
4.25419
4.2588
4.26333
4.26777
4.27212
4.27635
4.28047
4.28447
4.28834
4.29208
4.29567
4.29913
4.30245
4.30562
4.30865
4.31153
4.31428
4.31688
4.31935
4.32169
4.32389
4.32598
4.32793
4.32978
4.33151
4.33314
4.33466
4.33609
4.33743
4.33868
4.33984
4.34093
4.34194
4.34289
4.34377
4.34459
4.34533
4.34608
)
;

boundaryField
{
    lowerWall
    {
        type            kqRWallFunction;
        value           nonuniform List<scalar> 
122
(
6.07651
5.55941
5.24731
5.04165
4.89419
4.78178
4.6921
4.61824
4.55601
4.50264
4.45622
4.41537
4.37904
4.34643
4.31699
4.29036
4.26637
4.24499
4.22623
4.21007
4.19638
4.18492
4.17538
4.16742
4.16069
4.1549
4.14982
4.1453
4.14121
4.13748
4.13405
4.13092
4.12806
4.12547
4.12314
4.12108
4.1193
4.11779
4.11653
4.11555
4.11483
4.11438
4.11417
4.11422
4.11452
4.11506
4.11583
4.11684
4.11807
4.11951
4.12115
4.123
4.12506
4.1273
4.12972
4.13233
4.13512
4.13807
4.14116
4.14443
4.14784
4.1514
4.15509
4.15891
4.16286
4.16693
4.17109
4.17537
4.17975
4.18421
4.18875
4.19337
4.19805
4.20279
4.20755
4.21238
4.21722
4.22209
4.22695
4.23182
4.23667
4.2415
4.24628
4.25101
4.25569
4.2603
4.26482
4.26925
4.27358
4.27781
4.2819
4.28588
4.28972
4.29344
4.29701
4.30044
4.30374
4.30689
4.30988
4.31274
4.31546
4.31805
4.32048
4.3228
4.32499
4.32705
4.32898
4.33081
4.33252
4.33413
4.33564
4.33705
4.33838
4.33962
4.34077
4.34185
4.34285
4.34379
4.34467
4.34548
4.34621
4.34696
)
;
    }
    upperWall
    {
        type            kqRWallFunction;
        value           nonuniform List<scalar> 
122
(
6.07794
5.55972
5.2474
5.04169
4.89423
4.78182
4.69214
4.61829
4.55606
4.5027
4.45628
4.41543
4.3791
4.3465
4.31706
4.29044
4.26646
4.24509
4.22633
4.21014
4.19638
4.18484
4.17518
4.16709
4.16022
4.15431
4.14913
4.14452
4.14035
4.13655
4.13308
4.12991
4.12702
4.12442
4.12208
4.12003
4.11824
4.11673
4.11548
4.1145
4.11379
4.11334
4.11314
4.11319
4.11349
4.11403
4.1148
4.11581
4.11703
4.11847
4.12011
4.12196
4.124
4.12623
4.12865
4.13124
4.13401
4.13694
4.14003
4.14328
4.14668
4.15022
4.15389
4.15769
4.16162
4.16566
4.16981
4.17407
4.17842
4.18287
4.18739
4.19198
4.19664
4.20136
4.20612
4.21093
4.21576
4.22061
4.22547
4.23033
4.23517
4.23999
4.24477
4.24951
4.25419
4.2588
4.26333
4.26777
4.27212
4.27635
4.28047
4.28447
4.28834
4.29208
4.29567
4.29913
4.30245
4.30562
4.30865
4.31153
4.31428
4.31688
4.31935
4.32169
4.32389
4.32598
4.32793
4.32978
4.33151
4.33314
4.33466
4.33609
4.33743
4.33868
4.33984
4.34093
4.34194
4.34289
4.34377
4.34459
4.34533
4.34608
)
;
    }
    inlet
    {
        type            turbulentIntensityKineticEnergyInlet;
        intensity       0.0223;
        value           uniform 0.91377;
    }
    outlet
    {
        type            zeroGradient;
    }
    frontAndBack
    {
        type            empty;
    }
}


// ************************************************************************* //
