/*--------------------------------*- C++ -*----------------------------------*\
  =========                 |
  \\      /  F ield         | OpenFOAM: The Open Source CFD Toolbox
   \\    /   O peration     | Website:  https://openfoam.org
    \\  /    A nd           | Version:  8
     \\/     M anipulation  |
\*---------------------------------------------------------------------------*/
FoamFile
{
    version     2.0;
    format      ascii;
    class       volScalarField;
    location    "400";
    object      nut;
}
// * * * * * * * * * * * * * * * * * * * * * * * * * * * * * * * * * * * * * //

dimensions      [0 2 -1 0 0 0 0];

internalField   nonuniform List<scalar> 
7320
(
0.000286299
0.000273847
0.000266049
0.000260783
0.000256941
0.000253973
0.00025158
0.000249592
0.000247905
0.000246449
0.000245175
0.000244049
0.000243044
0.000242138
0.000241317
0.000240571
0.000239893
0.000239283
0.000238739
0.000238264
0.000237854
0.000237505
0.000237212
0.000236964
0.000236755
0.000236576
0.00023642
0.000236282
0.000236159
0.000236047
0.000235945
0.000235853
0.000235768
0.000235691
0.000235621
0.00023556
0.000235505
0.000235458
0.000235419
0.000235387
0.000235362
0.000235344
0.000235333
0.000235329
0.000235332
0.000235342
0.000235358
0.000235381
0.00023541
0.000235444
0.000235485
0.000235531
0.000235583
0.000235641
0.000235703
0.000235771
0.000235843
0.000235921
0.000236002
0.000236088
0.000236179
0.000236273
0.000236371
0.000236473
0.000236579
0.000236688
0.0002368
0.000236915
0.000237033
0.000237154
0.000237276
0.000237401
0.000237528
0.000237657
0.000237787
0.000237919
0.000238051
0.000238184
0.000238318
0.000238452
0.000238585
0.000238719
0.000238851
0.000238983
0.000239113
0.000239242
0.000239368
0.000239493
0.000239615
0.000239735
0.000239851
0.000239964
0.000240074
0.00024018
0.000240283
0.000240382
0.000240477
0.000240569
0.000240656
0.000240739
0.000240819
0.000240895
0.000240966
0.000241034
0.000241099
0.00024116
0.000241217
0.000241272
0.000241323
0.000241371
0.000241416
0.000241458
0.000241498
0.000241535
0.00024157
0.000241603
0.000241633
0.000241661
0.000241688
0.000241712
0.000241734
0.000241757
0.000562815
0.000740638
0.000767571
0.000767651
0.000763096
0.000757975
0.000753148
0.000748779
0.000744862
0.00074135
0.000738194
0.000735344
0.000732755
0.00073038
0.000728177
0.000726108
0.00072415
0.000722295
0.000720556
0.000718955
0.000717516
0.000716255
0.000715174
0.000714266
0.00071351
0.000712881
0.000712354
0.000711905
0.000711515
0.000711168
0.000710853
0.000710564
0.000710293
0.00071004
0.0007098
0.000709577
0.000709368
0.000709173
0.000708993
0.000708828
0.000708679
0.000708546
0.000708429
0.000708329
0.000708245
0.000708179
0.00070813
0.000708098
0.000708083
0.000708085
0.000708105
0.000708141
0.000708193
0.000708261
0.000708345
0.000708445
0.00070856
0.00070869
0.000708836
0.000708995
0.000709169
0.000709356
0.000709558
0.000709773
0.000710001
0.000710241
0.000710496
0.000710761
0.000711038
0.000711327
0.000711627
0.000711938
0.000712259
0.00071259
0.000712933
0.000713284
0.000713643
0.000714011
0.000714387
0.00071477
0.00071516
0.000715555
0.000715956
0.00071636
0.000716766
0.000717173
0.000717582
0.00071799
0.000718395
0.000718796
0.000719194
0.000719586
0.00071997
0.000720347
0.000720715
0.000721072
0.000721419
0.000721755
0.00072208
0.000722392
0.000722692
0.000722979
0.000723253
0.000723515
0.000723763
0.000724
0.000724224
0.000724436
0.000724637
0.000724826
0.000725004
0.000725171
0.000725329
0.000725476
0.000725615
0.000725745
0.000725866
0.00072598
0.000726086
0.000726185
0.000726277
0.00072636
0.00076108
0.00115457
0.00127125
0.00130573
0.00131552
0.00131689
0.00131508
0.00131204
0.00130856
0.00130498
0.00130147
0.00129811
0.0012949
0.0012918
0.00128874
0.00128563
0.00128242
0.0012791
0.00127575
0.00127251
0.0012695
0.00126683
0.00126458
0.00126276
0.00126132
0.00126022
0.00125936
0.00125868
0.00125813
0.00125764
0.00125719
0.00125675
0.00125631
0.00125586
0.00125539
0.00125492
0.00125443
0.00125394
0.00125344
0.00125295
0.00125246
0.00125198
0.00125151
0.00125106
0.00125062
0.00125021
0.00124981
0.00124945
0.0012491
0.00124879
0.0012485
0.00124824
0.00124801
0.00124781
0.00124764
0.0012475
0.00124739
0.0012473
0.00124726
0.00124724
0.00124725
0.00124729
0.00124737
0.00124748
0.00124761
0.00124778
0.00124799
0.00124823
0.0012485
0.0012488
0.00124914
0.00124951
0.00124991
0.00125034
0.00125082
0.00125133
0.00125186
0.00125244
0.00125304
0.00125368
0.00125435
0.00125505
0.00125578
0.00125653
0.0012573
0.0012581
0.00125891
0.00125973
0.00126056
0.0012614
0.00126225
0.00126309
0.00126393
0.00126475
0.00126557
0.00126638
0.00126716
0.00126793
0.00126868
0.0012694
0.0012701
0.00127077
0.00127142
0.00127204
0.00127263
0.00127319
0.00127373
0.00127425
0.00127473
0.00127519
0.00127562
0.00127603
0.00127641
0.00127677
0.00127711
0.00127743
0.00127773
0.00127801
0.00127827
0.00127852
0.00127875
0.00127895
0.000942189
0.00154866
0.00180332
0.00190636
0.0019512
0.00197187
0.00198148
0.00198556
0.00198669
0.00198618
0.00198474
0.00198277
0.00198044
0.00197777
0.00197467
0.00197099
0.00196665
0.00196171
0.00195641
0.00195107
0.00194606
0.00194168
0.00193811
0.00193539
0.00193344
0.00193213
0.0019313
0.00193078
0.00193042
0.00193013
0.00192981
0.00192944
0.00192897
0.0019284
0.00192773
0.00192696
0.0019261
0.00192516
0.00192417
0.00192312
0.00192203
0.00192092
0.0019198
0.00191868
0.00191756
0.00191646
0.00191538
0.00191433
0.0019133
0.00191232
0.00191137
0.00191047
0.00190961
0.0019088
0.00190804
0.00190733
0.00190668
0.00190607
0.00190553
0.00190505
0.00190463
0.00190427
0.00190397
0.00190374
0.00190358
0.00190348
0.00190345
0.0019035
0.00190361
0.0019038
0.00190407
0.00190441
0.00190484
0.00190534
0.00190592
0.00190659
0.00190734
0.00190817
0.00190908
0.00191007
0.00191113
0.00191228
0.00191349
0.00191477
0.00191611
0.00191751
0.00191895
0.00192044
0.00192195
0.00192349
0.00192506
0.00192663
0.0019282
0.00192977
0.00193133
0.00193286
0.00193437
0.00193585
0.00193729
0.0019387
0.00194006
0.00194137
0.00194264
0.00194386
0.00194502
0.00194614
0.0019472
0.00194821
0.00194917
0.00195008
0.00195094
0.00195175
0.00195251
0.00195323
0.00195391
0.00195455
0.00195514
0.0019557
0.00195623
0.00195671
0.00195718
0.00195758
0.00110978
0.00189233
0.00232607
0.0025368
0.00264439
0.00270314
0.00273714
0.00275766
0.00277033
0.00277819
0.00278299
0.00278574
0.00278698
0.00278689
0.00278538
0.00278229
0.00277754
0.00277132
0.00276415
0.0027567
0.00274971
0.00274376
0.0027392
0.00273611
0.00273435
0.00273366
0.00273371
0.00273421
0.00273488
0.00273552
0.002736
0.00273624
0.00273618
0.0027358
0.00273513
0.00273418
0.00273298
0.00273155
0.00272993
0.00272815
0.00272624
0.00272423
0.00272214
0.00272002
0.00271786
0.00271568
0.00271352
0.00271138
0.00270926
0.00270719
0.00270517
0.00270321
0.00270132
0.00269949
0.00269775
0.00269609
0.00269451
0.00269303
0.00269165
0.00269037
0.0026892
0.00268814
0.00268719
0.00268636
0.00268565
0.00268507
0.00268462
0.00268431
0.00268413
0.00268409
0.0026842
0.00268446
0.00268487
0.00268543
0.00268615
0.00268703
0.00268807
0.00268927
0.00269062
0.00269213
0.00269379
0.00269559
0.00269753
0.00269961
0.0027018
0.0027041
0.0027065
0.00270898
0.00271153
0.00271413
0.00271677
0.00271945
0.00272214
0.00272482
0.00272748
0.00273012
0.00273272
0.00273527
0.00273777
0.00274021
0.00274257
0.00274485
0.00274705
0.00274917
0.0027512
0.00275314
0.00275499
0.00275676
0.00275843
0.00276002
0.00276152
0.00276295
0.00276429
0.00276555
0.00276673
0.00276785
0.0027689
0.00276988
0.0027708
0.00277165
0.00277246
0.00277317
0.00129926
0.00216764
0.00280718
0.00316586
0.00336956
0.00349118
0.00356777
0.00361827
0.00365281
0.00367712
0.00369459
0.0037073
0.00371639
0.00372237
0.00372526
0.00372493
0.00372138
0.00371506
0.00370686
0.00369801
0.00368974
0.00368305
0.00367851
0.00367626
0.00367607
0.00367749
0.00367997
0.00368302
0.00368617
0.0036891
0.00369158
0.00369347
0.00369469
0.00369524
0.00369514
0.00369444
0.00369319
0.00369145
0.00368928
0.00368675
0.00368392
0.00368083
0.00367756
0.00367415
0.00367063
0.00366704
0.00366342
0.00365979
0.00365617
0.00365259
0.00364906
0.00364562
0.00364226
0.003639
0.00363585
0.00363283
0.00362995
0.0036272
0.00362461
0.0036222
0.00361995
0.00361788
0.003616
0.00361432
0.00361284
0.00361158
0.00361053
0.00360972
0.00360914
0.0036088
0.00360871
0.00360887
0.00360929
0.00360997
0.00361091
0.00361214
0.00361362
0.00361538
0.00361739
0.00361967
0.0036222
0.00362497
0.00362798
0.00363121
0.00363464
0.00363825
0.00364201
0.00364593
0.00364995
0.00365407
0.00365826
0.00366251
0.00366678
0.00367104
0.00367529
0.0036795
0.00368365
0.00368772
0.00369171
0.0036956
0.00369938
0.00370303
0.00370655
0.00370995
0.0037132
0.00371632
0.00371929
0.00372212
0.00372481
0.00372737
0.00372978
0.00373207
0.00373422
0.00373625
0.00373816
0.00373995
0.00374164
0.00374322
0.0037447
0.00374607
0.00374737
0.00374851
0.00158937
0.00236976
0.00321597
0.00375925
0.00409611
0.00431115
0.00445416
0.00455315
0.0046241
0.00467645
0.004716
0.00474639
0.00476975
0.00478715
0.00479889
0.00480497
0.00480558
0.00480154
0.0047943
0.00478579
0.00477792
0.00477221
0.00476957
0.00477022
0.00477383
0.0047797
0.00478702
0.004795
0.00480293
0.00481031
0.00481676
0.00482209
0.00482618
0.00482901
0.00483062
0.00483112
0.00483059
0.00482913
0.00482686
0.0048239
0.00482034
0.00481627
0.00481179
0.00480701
0.00480198
0.00479677
0.00479143
0.00478602
0.00478057
0.00477514
0.00476974
0.00476444
0.00475924
0.00475416
0.00474922
0.00474447
0.0047399
0.00473555
0.00473142
0.00472755
0.00472393
0.00472059
0.00471753
0.00471479
0.00471235
0.00471025
0.00470849
0.0047071
0.00470607
0.00470541
0.00470514
0.00470527
0.0047058
0.00470673
0.00470808
0.00470985
0.00471204
0.00471463
0.00471762
0.00472102
0.00472481
0.00472896
0.00473346
0.00473831
0.00474346
0.00474887
0.00475453
0.00476041
0.00476646
0.00477266
0.00477895
0.00478534
0.00479176
0.00479818
0.00480456
0.00481089
0.00481714
0.00482328
0.00482928
0.00483514
0.00484084
0.00484635
0.00485166
0.00485678
0.00486169
0.00486639
0.00487088
0.00487516
0.00487923
0.00488309
0.00488674
0.0048902
0.00489345
0.00489653
0.00489941
0.00490213
0.00490468
0.00490707
0.00490931
0.0049114
0.00491336
0.00491509
0.00212976
0.0025187
0.00352584
0.00427895
0.00478637
0.00512985
0.00536876
0.00554027
0.0056671
0.0057634
0.00583817
0.00589721
0.00594408
0.00598075
0.006008
0.00602617
0.00603579
0.00603816
0.00603546
0.00603046
0.00602593
0.0060241
0.00602632
0.00603296
0.00604361
0.00605731
0.00607291
0.00608926
0.00610535
0.0061204
0.00613386
0.00614543
0.00615492
0.00616232
0.00616766
0.00617112
0.00617282
0.00617293
0.00617163
0.00616912
0.00616553
0.00616103
0.00615577
0.00614991
0.00614356
0.00613681
0.00612977
0.00612253
0.00611516
0.00610772
0.00610027
0.00609289
0.00608561
0.00607846
0.00607149
0.00606474
0.00605824
0.00605203
0.00604611
0.00604057
0.00603538
0.00603059
0.0060262
0.00602226
0.00601878
0.00601578
0.00601327
0.0060113
0.00600987
0.00600898
0.00600865
0.00600891
0.00600974
0.00601118
0.0060132
0.00601584
0.00601907
0.00602289
0.00602728
0.00603225
0.00603777
0.00604381
0.00605035
0.00605737
0.00606481
0.00607264
0.0060808
0.00608928
0.006098
0.00610692
0.00611598
0.00612516
0.00613438
0.00614361
0.00615279
0.0061619
0.00617088
0.0061797
0.00618833
0.00619676
0.00620495
0.00621288
0.00622053
0.0062279
0.00623498
0.00624175
0.00624821
0.00625438
0.00626025
0.00626582
0.00627109
0.00627607
0.00628078
0.00628522
0.00628939
0.00629332
0.006297
0.00630046
0.00630369
0.00630671
0.00630955
0.00631205
0.00315409
0.00268382
0.00372394
0.00468587
0.00539545
0.00590418
0.00627316
0.00654672
0.0067544
0.00691562
0.00704328
0.00714596
0.00722919
0.00729618
0.00734857
0.00738723
0.00741321
0.00742843
0.00743595
0.00743953
0.00744298
0.00744941
0.00746076
0.00747772
0.00749985
0.00752595
0.0075545
0.00758395
0.00761287
0.00764016
0.00766502
0.00768696
0.00770572
0.00772122
0.00773354
0.00774286
0.0077494
0.0077534
0.0077551
0.0077548
0.00775273
0.00774912
0.00774418
0.00773818
0.00773128
0.00772365
0.00771542
0.00770676
0.00769777
0.00768857
0.00767923
0.00766989
0.00766059
0.00765141
0.0076424
0.00763364
0.00762518
0.00761707
0.00760933
0.00760207
0.0075953
0.00758904
0.00758333
0.00757823
0.00757376
0.00756995
0.00756681
0.00756441
0.00756275
0.00756186
0.00756172
0.00756239
0.00756387
0.00756616
0.00756925
0.00757318
0.00757792
0.00758347
0.00758978
0.00759687
0.0076047
0.00761324
0.00762243
0.00763227
0.00764268
0.00765361
0.00766497
0.00767675
0.00768886
0.00770124
0.00771379
0.0077265
0.00773927
0.00775205
0.00776474
0.00777734
0.00778976
0.00780198
0.00781391
0.00782558
0.00783692
0.0078479
0.00785849
0.00786871
0.00787852
0.00788791
0.00789687
0.00790544
0.00791358
0.00792132
0.00792864
0.00793557
0.00794211
0.00794828
0.00795409
0.00795955
0.00796469
0.0079695
0.00797401
0.00797821
0.00798216
0.00798566
0.00493179
0.00302612
0.00383371
0.00494837
0.00587411
0.00658122
0.00711656
0.00752629
0.00784516
0.00809773
0.00830116
0.00846731
0.00860411
0.00871653
0.00880738
0.00887839
0.00893129
0.00896883
0.00899498
0.00901469
0.00903291
0.00905385
0.00908028
0.00911336
0.0091528
0.00919726
0.00924483
0.00929355
0.00934152
0.00938721
0.00942948
0.00946761
0.00950116
0.00953
0.00955414
0.00957383
0.00958933
0.00960096
0.00960907
0.00961406
0.00961627
0.009616
0.00961358
0.00960938
0.00960364
0.00959663
0.00958853
0.00957961
0.00957002
0.00955994
0.00954948
0.00953884
0.00952812
0.00951742
0.00950682
0.00949645
0.00948639
0.00947672
0.00946747
0.00945879
0.0094507
0.00944327
0.00943652
0.00943055
0.00942539
0.00942109
0.00941766
0.00941519
0.00941369
0.00941319
0.00941368
0.00941523
0.00941782
0.00942149
0.00942618
0.00943197
0.00943881
0.00944669
0.00945555
0.00946542
0.00947624
0.00948797
0.00950051
0.0095139
0.00952801
0.00954278
0.00955811
0.00957397
0.00959024
0.00960686
0.00962369
0.00964071
0.00965782
0.00967492
0.00969191
0.00970877
0.0097254
0.00974175
0.00975773
0.00977335
0.00978853
0.00980325
0.00981745
0.00983115
0.0098443
0.00985692
0.00986895
0.00988045
0.0098914
0.0099018
0.00991164
0.00992097
0.00992978
0.0099381
0.00994592
0.00995329
0.00996021
0.0099667
0.00997279
0.00997847
0.0099838
0.00998853
0.00765444
0.00384128
0.00395991
0.00506373
0.00617758
0.00710155
0.00783618
0.008418
0.00888259
0.00925813
0.00956564
0.00982039
0.0100331
0.0102108
0.010358
0.0104774
0.0105718
0.0106448
0.0107015
0.010748
0.0107905
0.0108347
0.0108842
0.010941
0.0110052
0.0110755
0.0111498
0.0112256
0.0113005
0.0113726
0.0114402
0.0115023
0.0115583
0.0116077
0.0116506
0.0116871
0.0117177
0.0117427
0.0117625
0.0117776
0.0117885
0.0117957
0.0117995
0.0118005
0.011799
0.0117954
0.01179
0.0117831
0.011775
0.0117659
0.011756
0.0117456
0.0117349
0.011724
0.0117129
0.011702
0.0116914
0.0116811
0.0116712
0.0116619
0.0116533
0.0116454
0.0116383
0.0116322
0.011627
0.0116229
0.0116198
0.011618
0.0116173
0.0116179
0.0116196
0.0116228
0.0116272
0.0116329
0.0116399
0.0116483
0.011658
0.011669
0.0116811
0.0116945
0.0117091
0.0117248
0.0117415
0.0117592
0.0117778
0.0117972
0.0118173
0.0118381
0.0118593
0.011881
0.0119029
0.0119251
0.0119473
0.0119696
0.0119916
0.0120136
0.0120352
0.0120564
0.0120772
0.0120975
0.0121172
0.0121364
0.0121549
0.0121727
0.0121899
0.0122063
0.012222
0.012237
0.0122513
0.0122649
0.0122778
0.0122899
0.0123015
0.0123124
0.0123226
0.0123323
0.0123413
0.0123498
0.0123578
0.0123653
0.0123723
0.0123785
0.0113266
0.005518
0.00435849
0.00510581
0.0062886
0.00740985
0.00836177
0.00914721
0.0097929
0.0103265
0.0107711
0.0111449
0.0114612
0.0117295
0.0119559
0.0121447
0.0122999
0.0124261
0.0125294
0.0126171
0.012697
0.012776
0.0128592
0.0129497
0.0130482
0.0131537
0.0132641
0.0133765
0.0134883
0.0135967
0.0136997
0.0137959
0.013884
0.0139637
0.0140347
0.0140972
0.0141514
0.0141978
0.0142369
0.0142694
0.0142958
0.0143166
0.0143325
0.0143441
0.0143518
0.0143562
0.0143577
0.0143567
0.0143537
0.014349
0.0143427
0.0143354
0.0143273
0.0143186
0.0143094
0.0143001
0.0142907
0.0142816
0.0142728
0.0142645
0.0142568
0.01425
0.0142439
0.0142389
0.014235
0.0142322
0.0142307
0.0142306
0.0142318
0.0142345
0.0142387
0.0142444
0.0142516
0.0142604
0.0142708
0.0142827
0.0142961
0.0143111
0.0143275
0.0143454
0.0143646
0.0143851
0.0144068
0.0144298
0.0144537
0.0144786
0.0145044
0.0145308
0.0145579
0.0145854
0.0146133
0.0146414
0.0146695
0.0146977
0.0147257
0.0147534
0.0147808
0.0148077
0.014834
0.0148597
0.0148847
0.014909
0.0149324
0.0149551
0.0149768
0.0149977
0.0150176
0.0150367
0.0150548
0.0150721
0.0150885
0.015104
0.0151187
0.0151325
0.0151456
0.0151579
0.0151695
0.0151803
0.0151905
0.0152001
0.015209
0.015217
0.0157247
0.00834365
0.00547913
0.00531276
0.00627172
0.0074829
0.00862986
0.00963257
0.0104879
0.0112136
0.0118306
0.0123577
0.0128102
0.0131994
0.0135334
0.0138181
0.0140586
0.0142607
0.0144315
0.0145797
0.0147142
0.0148436
0.0149745
0.0151114
0.0152561
0.0154083
0.0155662
0.0157269
0.0158872
0.016044
0.0161947
0.0163373
0.0164702
0.0165926
0.0167038
0.016804
0.0168934
0.0169723
0.0170413
0.0171011
0.0171525
0.0171961
0.0172325
0.0172626
0.0172871
0.0173065
0.0173215
0.0173326
0.0173404
0.0173453
0.0173477
0.0173482
0.017347
0.0173445
0.0173409
0.0173367
0.0173321
0.0173272
0.0173224
0.0173179
0.0173138
0.0173103
0.0173077
0.017306
0.0173054
0.017306
0.0173079
0.0173113
0.0173162
0.0173227
0.0173308
0.0173406
0.0173521
0.0173654
0.0173804
0.0173971
0.0174156
0.0174358
0.0174576
0.017481
0.017506
0.0175325
0.0175603
0.0175894
0.0176197
0.017651
0.0176833
0.0177164
0.0177501
0.0177844
0.017819
0.0178538
0.0178888
0.0179237
0.0179583
0.0179926
0.0180265
0.0180597
0.0180923
0.0181241
0.018155
0.018185
0.018214
0.018242
0.0182689
0.0182947
0.0183194
0.018343
0.0183655
0.0183869
0.0184072
0.0184265
0.0184447
0.0184619
0.0184781
0.0184934
0.0185078
0.0185213
0.0185339
0.0185458
0.0185569
0.0185668
0.0204365
0.0122987
0.00781871
0.00617628
0.00638135
0.00739752
0.00862156
0.00980692
0.0108764
0.011817
0.0126375
0.0133524
0.0139761
0.0145205
0.0149951
0.0154071
0.0157627
0.0160688
0.0163335
0.0165664
0.0167779
0.0169777
0.0171745
0.0173741
0.0175801
0.0177933
0.0180125
0.0182351
0.0184579
0.0186774
0.0188904
0.0190943
0.019287
0.0194672
0.0196339
0.0197868
0.019926
0.0200518
0.0201647
0.0202654
0.0203547
0.0204334
0.0205022
0.020562
0.0206138
0.0206584
0.0206963
0.0207285
0.0207556
0.0207782
0.0207968
0.0208121
0.0208245
0.0208345
0.0208425
0.020849
0.0208543
0.0208587
0.0208625
0.0208661
0.0208697
0.0208736
0.020878
0.0208831
0.0208891
0.0208963
0.0209045
0.0209142
0.0209254
0.0209382
0.0209527
0.0209689
0.0209868
0.0210067
0.0210282
0.0210517
0.021077
0.0211041
0.0211329
0.0211635
0.0211956
0.0212294
0.0212645
0.0213011
0.0213389
0.0213778
0.0214177
0.0214585
0.0214999
0.0215419
0.0215842
0.0216267
0.0216692
0.0217116
0.0217537
0.0217953
0.0218363
0.0218767
0.0219161
0.0219545
0.021992
0.0220283
0.0220633
0.0220972
0.0221297
0.0221609
0.0221908
0.0222193
0.0222465
0.0222724
0.0222969
0.0223201
0.0223422
0.022363
0.0223826
0.0224011
0.0224184
0.0224348
0.0224501
0.0224645
0.022478
0.0224899
0.0249659
0.0170289
0.0115589
0.00833433
0.00718513
0.0074684
0.00845509
0.00967302
0.0108975
0.012041
0.0130774
0.014005
0.0148311
0.0155649
0.0162151
0.0167892
0.0172941
0.0177372
0.0181272
0.0184745
0.0187904
0.0190861
0.0193716
0.019655
0.0199413
0.020233
0.0205301
0.0208309
0.0211324
0.0214309
0.021723
0.0220055
0.0222758
0.0225318
0.0227722
0.0229961
0.0232034
0.023394
0.0235684
0.0237272
0.0238711
0.0240011
0.024118
0.0242228
0.0243163
0.0243998
0.024474
0.0245398
0.0245982
0.0246498
0.0246954
0.0247357
0.0247715
0.0248033
0.0248316
0.024857
0.02488
0.024901
0.0249205
0.0249388
0.0249564
0.0249736
0.0249907
0.0250079
0.0250256
0.025044
0.0250631
0.0250834
0.0251049
0.0251278
0.0251522
0.0251782
0.0252059
0.0252353
0.0252664
0.0252993
0.025334
0.0253705
0.0254086
0.0254484
0.0254899
0.0255329
0.0255772
0.025623
0.02567
0.0257181
0.025767
0.0258168
0.0258673
0.0259182
0.0259692
0.0260204
0.0260715
0.0261224
0.0261728
0.0262225
0.0262715
0.0263195
0.0263664
0.0264122
0.0264566
0.0264997
0.0265412
0.0265813
0.0266198
0.0266567
0.026692
0.0267256
0.0267577
0.0267882
0.0268171
0.0268445
0.0268704
0.0268949
0.026918
0.0269397
0.0269601
0.0269794
0.0269974
0.0270143
0.0270302
0.0270441
0.0288721
0.0219726
0.0163571
0.0121025
0.00944198
0.00839314
0.00856602
0.00943692
0.0106073
0.0118516
0.0130627
0.0141963
0.0152376
0.0161847
0.0170407
0.0178104
0.0184995
0.019115
0.0196654
0.0201611
0.0206139
0.021036
0.0214386
0.0218314
0.0222216
0.0226136
0.0230089
0.0234072
0.0238061
0.0242025
0.0245928
0.0249734
0.0253413
0.0256937
0.0260288
0.0263451
0.0266419
0.0269189
0.0271763
0.0274144
0.027634
0.0278358
0.0280207
0.0281898
0.028344
0.0284846
0.0286125
0.0287288
0.0288346
0.0289308
0.0290182
0.0290978
0.0291705
0.0292369
0.0292978
0.0293539
0.0294058
0.0294541
0.0294993
0.029542
0.0295828
0.0296219
0.0296599
0.0296971
0.0297338
0.0297705
0.0298072
0.0298445
0.0298823
0.0299211
0.0299608
0.0300017
0.0300439
0.0300875
0.0301325
0.0301789
0.0302269
0.0302764
0.0303274
0.0303798
0.0304337
0.0304888
0.0305452
0.0306027
0.0306613
0.0307209
0.0307811
0.0308419
0.0309032
0.0309648
0.0310263
0.0310877
0.0311488
0.0312093
0.0312691
0.031328
0.0313859
0.0314425
0.0314976
0.0315512
0.0316032
0.0316535
0.0317019
0.0317485
0.0317931
0.0318359
0.0318767
0.0319155
0.0319525
0.0319876
0.0320208
0.0320522
0.0320819
0.0321099
0.0321363
0.0321611
0.0321844
0.0322063
0.0322269
0.032246
0.0322641
0.0322799
0.0318859
0.0265353
0.0215161
0.017087
0.0134891
0.0110288
0.00983779
0.00973792
0.0103767
0.0114181
0.0126295
0.0138771
0.0150922
0.0162419
0.017312
0.0182974
0.0191982
0.0200178
0.0207628
0.0214421
0.0220668
0.0226493
0.0232014
0.0237343
0.0242566
0.0247749
0.0252926
0.0258109
0.0263291
0.0268447
0.0273544
0.0278549
0.0283425
0.0288143
0.0292674
0.0297002
0.0301112
0.0304995
0.0308649
0.0312075
0.0315277
0.0318261
0.0321036
0.032361
0.0325996
0.0328203
0.0330242
0.0332128
0.033387
0.0335481
0.0336969
0.0338347
0.0339624
0.034081
0.0341912
0.034294
0.0343902
0.0344806
0.0345657
0.0346463
0.034723
0.0347964
0.034867
0.0349354
0.0350019
0.035067
0.035131
0.0351944
0.0352574
0.0353203
0.0353834
0.0354468
0.0355107
0.0355753
0.0356407
0.0357069
0.035774
0.0358422
0.0359112
0.0359813
0.0360523
0.0361241
0.0361968
0.0362701
0.0363441
0.0364187
0.0364935
0.0365685
0.0366436
0.0367185
0.036793
0.0368669
0.0369401
0.0370123
0.0370833
0.0371529
0.037221
0.0372874
0.0373518
0.0374142
0.0374744
0.0375325
0.0375883
0.0376417
0.0376928
0.0377415
0.0377878
0.0378318
0.0378734
0.0379129
0.0379501
0.0379852
0.0380183
0.0380494
0.0380786
0.038106
0.0381317
0.0381558
0.0381784
0.0381994
0.0382192
0.0382363
0.0339568
0.0302574
0.0262963
0.0224016
0.0187492
0.0155655
0.0131347
0.0116599
0.0111401
0.0113925
0.0121664
0.0132378
0.0144471
0.015695
0.0169239
0.0181021
0.0192128
0.020249
0.02121
0.0221004
0.0229282
0.0237038
0.0244387
0.025144
0.0258297
0.0265036
0.0271713
0.0278357
0.0284976
0.0291561
0.0298088
0.0304525
0.0310838
0.0316993
0.032296
0.0328714
0.0334234
0.0339507
0.0344523
0.0349279
0.0353775
0.0358014
0.0362002
0.0365746
0.0369258
0.0372547
0.0375624
0.03785
0.038119
0.0383705
0.0386058
0.038826
0.0390323
0.0392257
0.0394073
0.0395782
0.0397392
0.0398913
0.0400353
0.0401721
0.0403024
0.040427
0.0405464
0.0406615
0.0407727
0.0408806
0.0409855
0.0410882
0.0411889
0.041288
0.0413858
0.0414826
0.0415788
0.0416745
0.0417697
0.0418648
0.0419599
0.042055
0.0421501
0.0422454
0.0423407
0.0424362
0.0425316
0.0426271
0.0427224
0.0428175
0.0429122
0.0430064
0.0430999
0.0431926
0.0432841
0.0433743
0.0434631
0.0435501
0.0436352
0.0437181
0.0437988
0.0438769
0.0439524
0.0440251
0.044095
0.0441619
0.0442258
0.0442867
0.0443446
0.0443995
0.0444513
0.0445003
0.0445465
0.0445899
0.0446307
0.044669
0.0447048
0.0447384
0.0447697
0.0447989
0.0448262
0.0448517
0.0448754
0.0448975
0.0449181
0.0449357
0.0352156
0.0329264
0.0301547
0.0271691
0.0241077
0.0210827
0.0182536
0.0158399
0.0140583
0.0130303
0.012737
0.0130508
0.0138005
0.0148244
0.015996
0.017228
0.0184642
0.0196701
0.0208269
0.021926
0.022967
0.0239542
0.0248955
0.0258
0.0266771
0.027535
0.0283803
0.0292175
0.0300491
0.0308754
0.0316953
0.0325066
0.0333062
0.0340908
0.0348571
0.0356023
0.0363235
0.037019
0.0376869
0.0383265
0.0389372
0.0395187
0.0400713
0.0405954
0.0410919
0.0415615
0.0420054
0.0424245
0.0428201
0.0431933
0.0435455
0.0438781
0.0441923
0.0444892
0.0447701
0.0450361
0.0452884
0.0455279
0.0457556
0.0459725
0.0461797
0.0463779
0.0465679
0.0467506
0.0469267
0.0470969
0.0472616
0.0474216
0.0475774
0.0477294
0.0478781
0.048024
0.0481672
0.0483083
0.0484472
0.0485845
0.0487201
0.0488544
0.0489872
0.0491189
0.0492494
0.0493788
0.0495069
0.0496338
0.0497594
0.0498837
0.0500064
0.0501276
0.0502468
0.0503641
0.0504791
0.0505917
0.0507017
0.0508087
0.0509127
0.0510133
0.0511105
0.0512041
0.0512938
0.0513796
0.0514614
0.0515392
0.051613
0.0516827
0.0517484
0.0518102
0.0518682
0.0519224
0.0519731
0.0520204
0.0520643
0.0521052
0.0521431
0.0521783
0.0522108
0.052241
0.0522688
0.0522945
0.0523183
0.0523403
0.0523607
0.0523775
0.0358864
0.034593
0.0328633
0.0308401
0.0286212
0.0262673
0.0238356
0.0214142
0.0191383
0.0171785
0.0156956
0.0147878
0.0144645
0.0146591
0.0152618
0.0161534
0.0172277
0.0184019
0.0196174
0.020836
0.0220354
0.0232044
0.02434
0.0254439
0.026521
0.0275771
0.0286176
0.0296472
0.0306689
0.0316841
0.0326929
0.0336938
0.0346844
0.0356617
0.0366224
0.0375633
0.0384813
0.0393738
0.0402385
0.0410737
0.0418782
0.0426513
0.0433924
0.0441017
0.0447795
0.0454262
0.0460427
0.0466299
0.0471887
0.0477203
0.0482257
0.0487063
0.0491635
0.0495986
0.0500129
0.0504074
0.0507836
0.0511425
0.0514852
0.0518128
0.0521266
0.0524273
0.0527161
0.0529938
0.0532613
0.0535195
0.0537689
0.0540105
0.0542448
0.0544725
0.0546941
0.0549101
0.0551211
0.0553273
0.0555292
0.0557271
0.0559213
0.056112
0.0562994
0.0564836
0.0566648
0.056843
0.0570182
0.0571904
0.0573597
0.0575259
0.0576889
0.0578486
0.0580048
0.0581573
0.0583058
0.0584502
0.0585903
0.0587258
0.0588563
0.0589819
0.0591023
0.0592173
0.0593267
0.0594306
0.0595288
0.0596214
0.0597083
0.0597898
0.0598657
0.0599365
0.060002
0.0600627
0.0601187
0.0601702
0.0602175
0.0602609
0.0603006
0.0603368
0.0603699
0.0603999
0.0604273
0.0604522
0.0604749
0.0604954
0.0605142
0.060529
0.0361963
0.0354884
0.0345011
0.0332717
0.0318468
0.0302604
0.028535
0.0266915
0.0247638
0.0228122
0.0209306
0.0192397
0.0178634
0.0168978
0.0163877
0.0163232
0.016651
0.0172942
0.0181704
0.0192046
0.0203368
0.0215237
0.0227368
0.0239589
0.0251813
0.0264003
0.0276152
0.0288266
0.0300354
0.0312421
0.0324463
0.0336467
0.0348409
0.036026
0.0371986
0.0383551
0.0394921
0.0406061
0.0416943
0.0427541
0.0437834
0.0447807
0.0457448
0.0466751
0.0475712
0.0484331
0.0492611
0.0500558
0.0508177
0.051548
0.0522473
0.0529168
0.0535576
0.054171
0.0547582
0.0553208
0.0558598
0.0563765
0.0568721
0.0573477
0.0578045
0.0582437
0.0586663
0.0590734
0.059466
0.059845
0.0602113
0.0605657
0.0609091
0.0612421
0.0615655
0.0618799
0.0621859
0.0624841
0.0627748
0.0630586
0.0633357
0.0636066
0.0638715
0.0641306
0.0643842
0.0646323
0.0648749
0.0651122
0.0653441
0.0655706
0.0657915
0.0660068
0.0662163
0.0664197
0.0666167
0.0668072
0.066991
0.0671677
0.067337
0.0674989
0.0676531
0.0677994
0.0679377
0.068068
0.0681903
0.0683046
0.068411
0.0685097
0.0686009
0.0686848
0.0687616
0.0688318
0.0688957
0.0689536
0.0690059
0.0690529
0.0690951
0.0691329
0.0691666
0.0691965
0.0692231
0.0692466
0.0692673
0.0692855
0.0693018
0.0693134
0.0363185
0.0358963
0.035342
0.0346443
0.0338099
0.0328501
0.0317744
0.030588
0.0292941
0.027898
0.0264143
0.0248737
0.023329
0.0218547
0.0205392
0.0194693
0.0187117
0.0183014
0.0182392
0.0184972
0.0190301
0.0197849
0.0207103
0.0217616
0.0229037
0.024111
0.0253657
0.026656
0.0279738
0.0293133
0.0306695
0.032038
0.0334143
0.0347938
0.0361718
0.0375436
0.0389044
0.0402499
0.0415759
0.0428786
0.0441547
0.0454016
0.0466171
0.0477994
0.0489473
0.05006
0.051137
0.0521782
0.0531836
0.0541538
0.0550892
0.0559907
0.0568589
0.0576951
0.0585
0.0592747
0.0600206
0.0607391
0.0614311
0.0620981
0.062741
0.0633612
0.0639596
0.0645376
0.0650961
0.0656361
0.0661587
0.0666648
0.0671554
0.0676312
0.068093
0.0685417
0.0689779
0.0694024
0.0698155
0.070218
0.0706103
0.0709928
0.0713658
0.0717297
0.0720847
0.072431
0.0727687
0.0730979
0.0734186
0.0737308
0.0740343
0.074329
0.0746148
0.0748913
0.0751583
0.0754156
0.0756627
0.0758996
0.0761257
0.0763411
0.0765453
0.0767383
0.0769199
0.0770902
0.0772491
0.0773969
0.0775335
0.0776594
0.0777749
0.0778802
0.0779758
0.0780622
0.0781398
0.0782093
0.0782711
0.0783259
0.078374
0.0784162
0.0784528
0.0784845
0.0785118
0.078535
0.0785546
0.078571
0.078585
0.0785935
0.0363591
0.0360515
0.0357024
0.0352937
0.0348162
0.0342669
0.0336458
0.0329533
0.032189
0.0313504
0.0304343
0.0294383
0.0283638
0.0272194
0.0260255
0.0248165
0.0236413
0.0225587
0.0216298
0.020908
0.0204313
0.0202188
0.020271
0.0205736
0.0211027
0.0218294
0.0227241
0.0237588
0.0249089
0.0261534
0.027475
0.0288591
0.0302936
0.0317677
0.0332717
0.0347968
0.0363346
0.0378772
0.0394175
0.0409492
0.0424667
0.0439652
0.0454404
0.046889
0.0483081
0.0496953
0.051049
0.0523677
0.0536506
0.0548973
0.0561076
0.0572815
0.0584194
0.0595218
0.0605893
0.0616226
0.0626226
0.06359
0.064526
0.0654316
0.0663083
0.067157
0.0679789
0.068775
0.0695465
0.0702944
0.0710197
0.0717234
0.0724065
0.0730699
0.0737146
0.0743412
0.0749508
0.0755439
0.0761213
0.0766836
0.0772314
0.0777652
0.0782853
0.0787922
0.0792861
0.0797674
0.0802361
0.0806923
0.0811362
0.0815676
0.0819864
0.0823925
0.0827857
0.0831656
0.0835319
0.0838843
0.0842224
0.084546
0.0848546
0.085148
0.0854259
0.0856883
0.0859349
0.0861657
0.0863809
0.0865806
0.0867651
0.0869347
0.0870899
0.0872311
0.087359
0.0874742
0.0875773
0.0876692
0.0877504
0.0878219
0.0878843
0.0879383
0.0879848
0.0880244
0.0880578
0.0880857
0.0881087
0.0881272
0.0881423
0.0881508
0.0363702
0.0360998
0.0358287
0.035546
0.0352425
0.0349115
0.0345487
0.0341513
0.0337176
0.0332458
0.0327333
0.032177
0.0315729
0.0309165
0.0302041
0.0294339
0.0286081
0.0277344
0.0268284
0.0259139
0.0250229
0.0241934
0.0234653
0.0228765
0.0224589
0.0222357
0.0222206
0.0224179
0.0228246
0.0234311
0.0242235
0.0251847
0.0262958
0.0275371
0.0288888
0.0303321
0.0318495
0.0334251
0.0350447
0.0366958
0.0383672
0.0400491
0.0417329
0.0434111
0.0450769
0.0467251
0.0483509
0.0499507
0.0515216
0.0530615
0.0545686
0.0560416
0.0574798
0.0588825
0.0602495
0.0615808
0.0628765
0.064137
0.0653629
0.0665548
0.0677135
0.0688397
0.0699344
0.0709987
0.0720335
0.0730399
0.0740187
0.0749708
0.0758973
0.0767989
0.0776768
0.0785317
0.0793645
0.0801759
0.0809666
0.0817374
0.0824889
0.0832215
0.0839358
0.0846321
0.0853108
0.0859721
0.0866163
0.0872434
0.0878534
0.0884463
0.089022
0.0895802
0.0901207
0.090643
0.0911469
0.0916318
0.0920974
0.0925432
0.0929689
0.0933741
0.0937586
0.0941221
0.0944644
0.0947858
0.0950861
0.0953657
0.0956249
0.0958641
0.096084
0.096285
0.096468
0.0966338
0.0967833
0.0969173
0.0970368
0.0971428
0.0972363
0.0973181
0.0973894
0.097451
0.0975038
0.0975487
0.0975865
0.0976179
0.0976441
0.097662
0.0363726
0.0361118
0.0358643
0.0356247
0.0353882
0.0351497
0.0349053
0.0346516
0.0343862
0.034107
0.0338124
0.0335008
0.0331704
0.0328191
0.0324443
0.0320431
0.0316121
0.0311477
0.0306469
0.0301073
0.0295284
0.0289125
0.0282654
0.0275978
0.0269253
0.026269
0.0256538
0.0251081
0.0246606
0.0243395
0.0241693
0.0241703
0.0243572
0.0247382
0.0253154
0.0260846
0.0270362
0.0281557
0.0294252
0.0308247
0.0323333
0.0339304
0.0355968
0.0373154
0.0390712
0.0408515
0.0426456
0.0444446
0.0462407
0.0480275
0.0497994
0.0515518
0.0532808
0.0549833
0.0566568
0.0582996
0.0599104
0.0614884
0.0630332
0.0645444
0.066022
0.0674661
0.0688769
0.0702545
0.0715994
0.0729121
0.0741935
0.0754441
0.0766647
0.0778563
0.0790198
0.0801557
0.0812648
0.0823479
0.0834055
0.0844383
0.0854469
0.0864317
0.0873931
0.0883316
0.0892475
0.090141
0.0910123
0.0918614
0.0926883
0.093493
0.0942751
0.0950345
0.0957707
0.0964833
0.0971718
0.0978359
0.0984748
0.0990882
0.0996756
0.100237
0.100771
0.101278
0.101759
0.102212
0.102638
0.103038
0.103412
0.103759
0.104082
0.10438
0.104655
0.104907
0.105138
0.105348
0.105539
0.105711
0.105867
0.106006
0.106131
0.106243
0.106341
0.106429
0.106505
0.106573
0.106632
0.106681
0.036373
0.0361141
0.035872
0.0356439
0.0354272
0.0352191
0.0350173
0.0348192
0.0346229
0.0344266
0.0342287
0.034028
0.0338235
0.033614
0.0333988
0.0331768
0.0329468
0.0327076
0.0324577
0.032195
0.0319173
0.0316222
0.0313069
0.0309687
0.0306052
0.0302147
0.0297967
0.0293525
0.028886
0.0284042
0.0279181
0.0274427
0.0269972
0.0266047
0.0262906
0.0260814
0.0260027
0.0260773
0.0263235
0.0267538
0.0273744
0.0281848
0.0291785
0.0303435
0.0316635
0.0331195
0.0346909
0.0363567
0.0380972
0.0398943
0.041732
0.043597
0.0454781
0.0473663
0.0492544
0.0511363
0.0530071
0.0548628
0.0566997
0.0585148
0.0603055
0.0620698
0.0638059
0.0655128
0.0671895
0.0688355
0.0704508
0.0720351
0.0735885
0.0751114
0.076604
0.0780664
0.0794991
0.0809025
0.0822772
0.0836232
0.0849409
0.0862306
0.0874926
0.088727
0.0899343
0.0911144
0.0922675
0.0933935
0.0944923
0.0955636
0.0966073
0.0976228
0.0986097
0.0995676
0.100496
0.101394
0.102261
0.103097
0.103902
0.104674
0.105414
0.106121
0.106796
0.107437
0.108047
0.108623
0.109168
0.109682
0.110165
0.110617
0.111041
0.111436
0.111805
0.112147
0.112464
0.112757
0.113028
0.113278
0.113507
0.113718
0.113911
0.114088
0.11425
0.114397
0.114532
0.114652
0.036373
0.0361144
0.0358731
0.0356473
0.035435
0.0352345
0.0350442
0.0348626
0.0346883
0.03452
0.0343566
0.0341972
0.0340406
0.0338863
0.0337335
0.0335816
0.0334301
0.0332786
0.0331266
0.0329736
0.0328192
0.0326628
0.0325036
0.0323407
0.0321731
0.0319994
0.0318181
0.0316274
0.0314254
0.0312098
0.0309784
0.0307293
0.0304609
0.0301722
0.0298641
0.0295392
0.0292031
0.0288648
0.0285375
0.0282384
0.0279884
0.027811
0.027731
0.0277723
0.0279564
0.0283006
0.0288169
0.0295117
0.0303854
0.031433
0.0326446
0.0340065
0.0355023
0.0371138
0.0388222
0.0406091
0.0424571
0.0443507
0.0462761
0.0482221
0.0501791
0.0521397
0.0540981
0.0560495
0.0579903
0.0599173
0.0618282
0.0637206
0.0655926
0.0674422
0.0692679
0.0710683
0.0728421
0.0745884
0.0763065
0.0779954
0.0796549
0.0812852
0.0828864
0.0844583
0.0860007
0.0875134
0.0889963
0.0904489
0.0918711
0.0932623
0.094622
0.0959498
0.0972451
0.0985073
0.099736
0.100931
0.102091
0.103216
0.104305
0.105359
0.106377
0.107359
0.108305
0.109214
0.110087
0.110924
0.111725
0.112491
0.113221
0.113917
0.114579
0.115207
0.115803
0.116367
0.1169
0.117404
0.117879
0.118326
0.118746
0.119141
0.119511
0.119858
0.120183
0.120486
0.120771
0.121033
0.0363729
0.0361143
0.0358731
0.0356476
0.035436
0.0352369
0.0350488
0.0348708
0.0347016
0.0345405
0.0343865
0.0342388
0.0340968
0.0339597
0.0338271
0.0336984
0.0335731
0.0334509
0.0333315
0.0332144
0.0330995
0.0329866
0.0328754
0.0327658
0.0326576
0.0325507
0.0324448
0.0323398
0.0322353
0.0321309
0.0320263
0.0319207
0.0318136
0.0317038
0.0315904
0.0314719
0.0313468
0.0312134
0.0310699
0.0309146
0.0307465
0.0305649
0.0303709
0.0301672
0.0299591
0.0297552
0.0295672
0.0294105
0.0293031
0.0292654
0.029318
0.0294813
0.0297732
0.0302084
0.0307975
0.0315467
0.0324574
0.0335268
0.0347482
0.0361118
0.037605
0.0392137
0.0409224
0.0427155
0.0445778
0.0464946
0.0484528
0.0504405
0.0524476
0.0544656
0.0564876
0.058508
0.0605225
0.0625277
0.0645209
0.0664998
0.0684626
0.0704074
0.0723326
0.0742359
0.0761159
0.077972
0.0798029
0.0816076
0.083385
0.0851341
0.0868541
0.0885444
0.0902043
0.0918334
0.0934312
0.0949975
0.0965318
0.098034
0.0995035
0.10094
0.102343
0.103712
0.105047
0.106347
0.107611
0.10884
0.110032
0.111187
0.112304
0.113385
0.114427
0.115431
0.116397
0.117325
0.118215
0.119068
0.119883
0.120662
0.121405
0.122113
0.122786
0.123425
0.124031
0.124606
0.125151
0.125662
0.0363728
0.0361141
0.035873
0.0356475
0.0354359
0.0352369
0.0350492
0.0348717
0.0347034
0.0345435
0.0343913
0.0342461
0.0341073
0.0339743
0.0338467
0.0337239
0.0336057
0.0334916
0.0333813
0.0332745
0.033171
0.0330705
0.0329728
0.0328777
0.0327851
0.0326948
0.0326068
0.032521
0.0324373
0.0323557
0.0322761
0.0321986
0.0321231
0.0320497
0.0319783
0.031909
0.0318416
0.0317763
0.0317127
0.0316508
0.0315903
0.0315307
0.0314717
0.0314125
0.0313524
0.0312903
0.0312254
0.0311567
0.0310832
0.0310046
0.0309211
0.0308339
0.0307458
0.0306614
0.0305877
0.030534
0.0305121
0.030536
0.0306211
0.0307837
0.0310397
0.0314039
0.0318889
0.0325047
0.0332583
0.0341534
0.0351902
0.0363663
0.0376764
0.0391127
0.0406659
0.0423252
0.0440786
0.0459141
0.0478194
0.0497827
0.0517929
0.0538396
0.0559139
0.0580078
0.0601147
0.0622289
0.0643453
0.0664604
0.068572
0.0706786
0.0727791
0.0748727
0.0769586
0.079036
0.0811038
0.0831609
0.0852057
0.0872365
0.0892512
0.0912474
0.0932227
0.0951742
0.0970992
0.0989948
0.100858
0.102687
0.104477
0.106228
0.107936
0.109599
0.111215
0.112784
0.114303
0.115772
0.117189
0.118554
0.119867
0.121128
0.122336
0.123493
0.124599
0.125654
0.12666
0.127618
0.128528
0.129387
0.0363728
0.0361141
0.0358729
0.0356473
0.0354358
0.0352368
0.0350491
0.0348716
0.0347034
0.0345437
0.0343917
0.0342468
0.0341085
0.0339761
0.0338494
0.0337277
0.0336108
0.0334984
0.03339
0.0332855
0.0331845
0.0330869
0.0329924
0.0329009
0.032812
0.0327258
0.0326421
0.0325607
0.0324814
0.0324044
0.0323293
0.0322563
0.0321852
0.032116
0.0320487
0.0319832
0.0319197
0.0318582
0.0317987
0.0317413
0.0316861
0.0316333
0.031583
0.0315354
0.0314906
0.031449
0.0314107
0.0313759
0.0313448
0.0313178
0.0312949
0.0312763
0.0312621
0.0312525
0.0312473
0.0312467
0.0312507
0.0312592
0.0312727
0.0312918
0.0313174
0.0313515
0.0313969
0.0314578
0.0315398
0.0316504
0.0317986
0.0319952
0.0322524
0.0325833
0.0330013
0.0335198
0.034151
0.0349063
0.0357947
0.0368236
0.0379979
0.0393202
0.040791
0.0424083
0.0441683
0.0460653
0.0480919
0.0502395
0.0524981
0.0548569
0.0573045
0.059829
0.0624184
0.0650608
0.0677443
0.0704574
0.0731892
0.075929
0.0786672
0.0813943
0.0841021
0.0867826
0.0894287
0.0920341
0.0945929
0.0971002
0.0995514
0.101943
0.104271
0.106533
0.108727
0.110851
0.112903
0.114884
0.116792
0.118626
0.120388
0.122078
0.123695
0.125242
0.12672
0.128129
0.129471
0.130749
0.131963
0.133109
0.0363728
0.0361141
0.0358729
0.0356473
0.0354358
0.0352368
0.0350491
0.0348716
0.0347034
0.0345437
0.0343917
0.0342468
0.0341085
0.0339761
0.0338494
0.0337277
0.0336108
0.0334984
0.03339
0.0332855
0.0331845
0.0330869
0.0329924
0.0329008
0.032812
0.0327258
0.0326421
0.0325606
0.0324814
0.0324044
0.0323293
0.0322563
0.0321852
0.0321159
0.0320486
0.0319831
0.0319195
0.0318578
0.031798
0.0317403
0.0316846
0.0316311
0.0315799
0.0315311
0.0314847
0.031441
0.0313999
0.0313617
0.0313262
0.0312937
0.031264
0.0312371
0.0312129
0.0311912
0.0311718
0.0311544
0.0311387
0.0311248
0.0311127
0.0311027
0.031096
0.0310943
0.0311006
0.0311189
0.0311552
0.0312169
0.0313134
0.0314559
0.0316567
0.0319295
0.0322881
0.0327465
0.0333178
0.0340139
0.0348449
0.035819
0.0369421
0.0382177
0.039647
0.0412288
0.04296
0.0448353
0.0468476
0.0489882
0.0512471
0.0536131
0.0560742
0.058618
0.0612317
0.0639024
0.0666175
0.0693647
0.0721322
0.0749087
0.0776837
0.0804475
0.0831911
0.0859063
0.0885858
0.0912228
0.0938115
0.0963468
0.0988241
0.10124
0.10359
0.105873
0.108086
0.110227
0.112295
0.114289
0.11621
0.118056
0.119828
0.121526
0.123152
0.124706
0.12619
0.127604
0.128951
0.130232
0.13145
0.132598
0.0363728
0.0361141
0.035873
0.0356475
0.0354359
0.0352369
0.0350492
0.0348717
0.0347034
0.0345435
0.0343913
0.0342461
0.0341073
0.0339743
0.0338466
0.0337239
0.0336057
0.0334916
0.0333813
0.0332745
0.0331709
0.0330704
0.0329727
0.0328776
0.032785
0.0326947
0.0326067
0.0325209
0.0324371
0.0323555
0.0322759
0.0321982
0.0321226
0.0320488
0.0319769
0.0319068
0.0318383
0.0317713
0.0317054
0.0316402
0.0315753
0.03151
0.0314434
0.0313746
0.0313023
0.0312253
0.031142
0.0310511
0.0309514
0.0308421
0.0307232
0.0305958
0.0304625
0.0303282
0.0301997
0.0300867
0.0300012
0.0299577
0.0299719
0.0300605
0.0302401
0.0305261
0.0309319
0.0314682
0.0321428
0.0329603
0.0339218
0.0350257
0.0362674
0.0376398
0.0391341
0.0407398
0.0424454
0.0442387
0.0461074
0.0480395
0.0500234
0.0520487
0.0541057
0.0561864
0.0582834
0.0603905
0.0625021
0.0646148
0.0667263
0.0688347
0.0709389
0.0730378
0.0751308
0.0772168
0.0792949
0.0813638
0.0834219
0.0854673
0.0874979
0.0895111
0.0915044
0.0934748
0.0954193
0.0973348
0.0992184
0.101067
0.102878
0.104648
0.106376
0.108058
0.109693
0.11128
0.112816
0.114301
0.115733
0.117113
0.118439
0.119712
0.120933
0.1221
0.123216
0.12428
0.125294
0.126259
0.127176
0.128041
0.0363729
0.0361143
0.0358731
0.0356476
0.035436
0.0352369
0.0350488
0.0348708
0.0347016
0.0345405
0.0343864
0.0342387
0.0340967
0.0339596
0.033827
0.0336982
0.0335729
0.0334507
0.0333311
0.033214
0.033099
0.032986
0.0328748
0.0327651
0.0326569
0.0325499
0.0324439
0.0323387
0.032234
0.0321293
0.032024
0.0319175
0.0318087
0.0316965
0.0315795
0.031456
0.0313239
0.0311811
0.0310253
0.0308543
0.0306666
0.0304611
0.0302385
0.0300013
0.0297548
0.0295074
0.0292711
0.0290615
0.0288971
0.0287985
0.0287869
0.0288834
0.0291064
0.0294716
0.0299905
0.03067
0.0315127
0.0325167
0.0336761
0.0349818
0.0364218
0.0379822
0.039648
0.0414034
0.0432327
0.0451212
0.0470549
0.0490216
0.0510104
0.0530123
0.0550198
0.0570269
0.0590289
0.0610219
0.0630031
0.0649703
0.0669213
0.0688541
0.0707671
0.0726578
0.0745253
0.0763688
0.078187
0.0799789
0.0817435
0.0834797
0.085187
0.0868646
0.0885121
0.0901291
0.0917153
0.0932705
0.0947944
0.0962869
0.0977476
0.0991762
0.100572
0.101936
0.103266
0.104562
0.105824
0.107051
0.108242
0.109398
0.110517
0.111599
0.112643
0.113651
0.11462
0.115553
0.116447
0.117305
0.118125
0.118909
0.119657
0.12037
0.121048
0.121692
0.122304
0.122884
0.123433
0.123948
0.036373
0.0361144
0.0358731
0.0356473
0.035435
0.0352345
0.0350441
0.0348625
0.0346881
0.0345198
0.0343563
0.0341968
0.0340401
0.0338856
0.0337327
0.0335806
0.0334289
0.0332771
0.0331249
0.0329717
0.032817
0.0326603
0.0325007
0.0323375
0.0321696
0.0319954
0.0318135
0.0316219
0.0314183
0.0312004
0.0309656
0.0307113
0.0304355
0.0301368
0.0298153
0.0294733
0.0291158
0.0287516
0.0283937
0.0280592
0.0277692
0.0275473
0.0274187
0.0274078
0.0275367
0.0278233
0.0282807
0.0289161
0.0297311
0.0307216
0.0318788
0.0331897
0.0346386
0.0362075
0.0378778
0.039631
0.0414494
0.043317
0.0452197
0.0471453
0.0490841
0.0510281
0.0529709
0.0549076
0.0568342
0.0587476
0.0606449
0.062524
0.0643826
0.0662189
0.068031
0.0698177
0.0715775
0.0733094
0.0750126
0.076686
0.0783297
0.0799439
0.0815286
0.0830836
0.0846088
0.0861041
0.0875694
0.0890045
0.090409
0.0917827
0.093125
0.0944355
0.0957137
0.0969592
0.0981713
0.0993498
0.100494
0.101604
0.102679
0.103719
0.104724
0.105693
0.106627
0.107526
0.108389
0.109217
0.11001
0.110769
0.111493
0.112184
0.112842
0.113467
0.11406
0.114622
0.115154
0.115657
0.116132
0.116579
0.117001
0.117397
0.117769
0.118118
0.118445
0.118751
0.119039
0.119304
0.036373
0.0361141
0.035872
0.0356439
0.0354271
0.0352189
0.0350169
0.0348187
0.0346221
0.0344255
0.0342273
0.0340263
0.0338212
0.0336113
0.0333954
0.0331727
0.0329421
0.0327021
0.0324512
0.0321876
0.0319089
0.0316128
0.0312964
0.030957
0.0305921
0.0301999
0.0297797
0.0293323
0.0288612
0.0283731
0.0278782
0.0273912
0.0269307
0.0265193
0.0261822
0.0259457
0.0258352
0.0258736
0.0260797
0.0264667
0.0270414
0.0278044
0.0287502
0.0298679
0.0311422
0.0325548
0.0340857
0.0357144
0.0374211
0.0391875
0.0409975
0.0428373
0.0446955
0.0465625
0.048431
0.0502945
0.052148
0.053987
0.0558079
0.0576074
0.0593827
0.0611318
0.0628527
0.0645442
0.0662053
0.0678356
0.0694348
0.0710029
0.0725398
0.074046
0.0755218
0.0769671
0.0783826
0.0797688
0.0811261
0.0824546
0.0837547
0.0850268
0.0862711
0.087488
0.0886777
0.0898404
0.0909761
0.092085
0.0931669
0.0942216
0.0952488
0.0962483
0.0972195
0.098162
0.0990752
0.0999587
0.100812
0.101634
0.102426
0.103186
0.103914
0.10461
0.105274
0.105905
0.106506
0.107074
0.107611
0.108118
0.108595
0.109042
0.109461
0.109852
0.110217
0.110557
0.110872
0.111164
0.111434
0.111683
0.111913
0.112124
0.112319
0.112497
0.11266
0.112809
0.112946
0.113068
0.0363726
0.0361118
0.0358641
0.0356245
0.0353876
0.0351488
0.0349038
0.0346495
0.0343833
0.0341033
0.0338076
0.0334948
0.033163
0.0328102
0.0324337
0.0320306
0.0315975
0.0311309
0.0306277
0.0300858
0.0295048
0.028887
0.0282384
0.0275696
0.0268964
0.0262393
0.0256231
0.0250754
0.0246242
0.0242967
0.0241168
0.0241041
0.0242725
0.0246304
0.0251799
0.0259174
0.0268341
0.0279165
0.0291479
0.0305091
0.03198
0.0335409
0.0351729
0.0368592
0.0385848
0.0403369
0.0421048
0.0438792
0.0456524
0.0474176
0.0491691
0.050902
0.0526122
0.0542964
0.0559521
0.0575772
0.0591706
0.0607314
0.0622589
0.063753
0.0652135
0.0666406
0.0680343
0.0693949
0.0707228
0.0720185
0.0732829
0.0745163
0.0757199
0.0768945
0.0780409
0.0791599
0.0802521
0.0813184
0.0823594
0.0833757
0.084368
0.0853367
0.0862823
0.0872052
0.0881057
0.0889841
0.0898405
0.0906751
0.0914879
0.0922787
0.0930474
0.0937937
0.0945173
0.0952177
0.0958945
0.0965473
0.0971754
0.0977786
0.0983562
0.098908
0.0994336
0.0999328
0.100406
0.100852
0.101272
0.101666
0.102034
0.102377
0.102696
0.102991
0.103263
0.103512
0.103741
0.10395
0.10414
0.104312
0.104467
0.104607
0.104732
0.104844
0.104944
0.105033
0.105111
0.105181
0.105242
0.105292
0.0363701
0.0360996
0.0358282
0.0355449
0.0352404
0.0349082
0.0345439
0.0341448
0.0337091
0.033235
0.0327199
0.0321608
0.0315534
0.0308936
0.0301774
0.0294034
0.0285739
0.0276969
0.0267885
0.0258731
0.0249829
0.024156
0.0234324
0.0228495
0.0224382
0.0222206
0.022209
0.0224068
0.0228095
0.0234073
0.0241857
0.025128
0.0262156
0.0274297
0.0287516
0.0301634
0.0316485
0.0331918
0.0347797
0.0364
0.038042
0.0396959
0.041353
0.0430059
0.0446477
0.0462728
0.0478765
0.049455
0.0510054
0.0525252
0.0540128
0.0554668
0.0568862
0.0582706
0.0596195
0.0609328
0.0622109
0.0634539
0.0646625
0.0658374
0.0669791
0.0680886
0.0691669
0.0702148
0.0712335
0.0722239
0.0731869
0.0741234
0.0750344
0.0759208
0.0767836
0.0776236
0.0784417
0.0792387
0.0800154
0.0807723
0.0815101
0.0822295
0.0829307
0.0836143
0.0842806
0.0849298
0.0855623
0.086178
0.086777
0.0873593
0.0879247
0.0884731
0.0890041
0.0895174
0.0900127
0.0904895
0.0909475
0.0913861
0.0918051
0.0922041
0.0925828
0.092941
0.0932787
0.0935957
0.0938923
0.0941686
0.0944249
0.0946617
0.0948796
0.0950791
0.095261
0.095426
0.095575
0.0957089
0.0958285
0.095935
0.0960291
0.0961119
0.0961843
0.0962471
0.0963013
0.0963477
0.0963871
0.0964202
0.0964483
0.0964679
0.0363589
0.0360506
0.0357003
0.0352898
0.03481
0.0342577
0.0336332
0.032937
0.0321685
0.0313253
0.0304043
0.0294031
0.0283233
0.027174
0.0259759
0.0247644
0.0235889
0.0225089
0.0215856
0.0208721
0.0204059
0.0202051
0.0202688
0.0205816
0.0211182
0.0218487
0.0227427
0.0237717
0.024911
0.02614
0.027442
0.0288032
0.0302122
0.0316592
0.0331353
0.0346321
0.0361418
0.0376568
0.0391704
0.0406762
0.0421686
0.0436429
0.0450948
0.0465208
0.047918
0.049284
0.0506171
0.0519157
0.0531791
0.0544066
0.0555981
0.0567538
0.0578738
0.0589587
0.060009
0.0610256
0.0620092
0.0629605
0.0638807
0.064771
0.0656325
0.0664664
0.0672738
0.0680558
0.0688133
0.0695475
0.0702594
0.07095
0.0716203
0.0722711
0.0729034
0.0735181
0.0741158
0.0746975
0.0752637
0.075815
0.0763521
0.0768755
0.0773855
0.0778826
0.078367
0.0788391
0.0792989
0.0797467
0.0801823
0.0806059
0.0810172
0.0814161
0.0818025
0.082176
0.0825363
0.0828831
0.0832161
0.0835348
0.0838391
0.0841285
0.084403
0.0846622
0.084906
0.0851346
0.0853479
0.085546
0.0857293
0.0858981
0.0860527
0.0861937
0.0863216
0.086437
0.0865406
0.0866332
0.0867153
0.0867877
0.0868512
0.0869065
0.0869543
0.0869953
0.0870301
0.0870595
0.0870839
0.087104
0.0871206
0.0871306
0.0363178
0.0358937
0.0353361
0.0346341
0.0337946
0.0328292
0.0317475
0.0305546
0.0292539
0.0278511
0.0263611
0.0248155
0.0232678
0.0217936
0.0204819
0.0194195
0.0186724
0.0182746
0.0182256
0.0184969
0.0190418
0.0198068
0.0207397
0.0217954
0.0229383
0.0241423
0.0253897
0.0266685
0.0279712
0.0292924
0.0306277
0.0319735
0.0333258
0.0346805
0.0360335
0.0373803
0.0387164
0.0400377
0.0413399
0.0426194
0.043873
0.0450979
0.046292
0.0474535
0.0485811
0.0496742
0.0507321
0.0517547
0.0527421
0.0536948
0.0546132
0.0554981
0.0563504
0.057171
0.0579608
0.058721
0.0594527
0.0601574
0.0608361
0.0614901
0.0621204
0.0627283
0.0633149
0.0638813
0.0644285
0.0649576
0.0654695
0.0659653
0.0664457
0.0669117
0.0673639
0.0678033
0.0682305
0.0686461
0.0690507
0.0694449
0.0698291
0.0702038
0.0705692
0.0709258
0.0712738
0.0716133
0.0719444
0.0722674
0.0725821
0.0728886
0.0731867
0.0734763
0.0737573
0.0740293
0.0742922
0.0745457
0.0747894
0.0750231
0.0752465
0.0754594
0.0756616
0.0758528
0.0760331
0.0762023
0.0763604
0.0765076
0.0766441
0.07677
0.0768856
0.0769913
0.0770875
0.0771747
0.0772532
0.0773237
0.0773866
0.0774425
0.0774918
0.0775352
0.0775732
0.0776061
0.0776347
0.0776592
0.0776801
0.0776977
0.0777129
0.0777226
0.036194
0.0354812
0.034487
0.0332497
0.0318164
0.0302214
0.0284873
0.0266355
0.0247008
0.0227444
0.0208618
0.0191744
0.0178065
0.0168528
0.0163567
0.0163064
0.0166473
0.0173018
0.0181873
0.0192289
0.0203667
0.0215573
0.0227717
0.0239928
0.0252112
0.0264231
0.0276277
0.0288258
0.0300186
0.0312072
0.0323916
0.0335709
0.0347432
0.035906
0.0370561
0.0381902
0.0393048
0.0403969
0.0414635
0.0425022
0.043511
0.0444883
0.0454329
0.0463443
0.0472222
0.0480664
0.0488775
0.0496557
0.0504019
0.0511169
0.0518016
0.0524571
0.0530844
0.0536848
0.0542596
0.0548101
0.0553376
0.0558431
0.0563279
0.0567932
0.0572401
0.0576697
0.058083
0.0584811
0.0588649
0.0592355
0.0595936
0.0599402
0.0602759
0.0606015
0.0609177
0.0612251
0.0615243
0.0618159
0.0621002
0.0623778
0.062649
0.0629141
0.0631734
0.0634272
0.0636755
0.0639186
0.0641565
0.0643892
0.0646168
0.0648392
0.0650563
0.0652679
0.065474
0.0656742
0.0658684
0.0660563
0.0662377
0.0664124
0.06658
0.0667404
0.0668934
0.0670388
0.0671764
0.0673063
0.0674284
0.0675427
0.0676493
0.0677483
0.06784
0.0679246
0.0680022
0.0680733
0.0681381
0.068197
0.0682503
0.0682985
0.0683418
0.0683807
0.0684154
0.0684465
0.0684741
0.0684986
0.0685203
0.0685395
0.0685567
0.0685692
0.0358805
0.034577
0.0328355
0.0308005
0.0285705
0.0262063
0.0237663
0.0213399
0.019064
0.0171105
0.0156395
0.0147472
0.0144402
0.0146494
0.0152639
0.0161641
0.0172445
0.0184228
0.019641
0.0208615
0.0220619
0.0232308
0.0243648
0.0254652
0.0265365
0.0275841
0.0286138
0.0296301
0.0306365
0.0316348
0.0326253
0.0336069
0.0345775
0.0355345
0.0364748
0.0373952
0.038293
0.0391655
0.0400107
0.040827
0.0416131
0.0423683
0.0430924
0.0437852
0.0444472
0.0450788
0.0456809
0.0462542
0.0467999
0.0473189
0.0478124
0.0482816
0.0487279
0.0491527
0.049557
0.0499422
0.0503093
0.0506595
0.050994
0.0513137
0.0516199
0.0519133
0.0521951
0.052466
0.052727
0.0529789
0.0532222
0.053458
0.0536866
0.0539088
0.054125
0.0543359
0.0545418
0.0547432
0.0549404
0.0551338
0.0553235
0.05551
0.0556932
0.0558735
0.0560508
0.0562254
0.0563971
0.056566
0.0567321
0.0568953
0.0570555
0.0572125
0.0573662
0.0575165
0.057663
0.0578056
0.057944
0.0580781
0.0582076
0.0583322
0.0584518
0.0585663
0.0586754
0.0587792
0.0588774
0.0589702
0.0590575
0.0591393
0.0592159
0.0592873
0.0593536
0.059415
0.0594719
0.0595243
0.0595725
0.0596167
0.0596573
0.0596944
0.0597283
0.0597593
0.0597875
0.0598132
0.0598366
0.0598578
0.0598774
0.0598929
0.0352026
0.0328963
0.0301085
0.0271089
0.0240364
0.0210043
0.0181744
0.0157675
0.014
0.0129902
0.012715
0.013044
0.0138047
0.0148354
0.0160107
0.0172442
0.0184806
0.0196863
0.0208425
0.0219411
0.0229811
0.0239669
0.0249055
0.0258057
0.0266765
0.027526
0.0283607
0.0291854
0.0300026
0.0308132
0.0316163
0.0324099
0.0331912
0.0339573
0.0347051
0.0354318
0.036135
0.0368127
0.0374635
0.0380866
0.0386813
0.0392476
0.0397856
0.040296
0.0407794
0.0412366
0.0416687
0.0420767
0.0424618
0.042825
0.0431679
0.0434917
0.0437975
0.0440865
0.0443599
0.0446188
0.0448642
0.0450972
0.0453188
0.0455299
0.0457314
0.0459242
0.0461091
0.0462868
0.0464581
0.0466236
0.0467839
0.0469396
0.0470912
0.0472392
0.047384
0.047526
0.0476656
0.047803
0.0479385
0.0480724
0.0482048
0.0483359
0.0484657
0.0485944
0.0487221
0.0488487
0.0489742
0.0490986
0.0492218
0.0493438
0.0494644
0.0495836
0.049701
0.0498166
0.0499301
0.0500414
0.0501501
0.0502562
0.0503593
0.0504593
0.050556
0.0506492
0.0507387
0.0508245
0.0509064
0.0509845
0.0510585
0.0511287
0.0511949
0.0512572
0.0513158
0.0513707
0.051422
0.05147
0.0515146
0.0515562
0.0515948
0.0516307
0.0516639
0.0516946
0.0517231
0.0517494
0.0517738
0.0517962
0.0518172
0.0518345
0.0339322
0.0302091
0.0262302
0.0223236
0.018666
0.0154863
0.013069
0.0116143
0.0111151
0.0113844
0.0121696
0.0132473
0.0144592
0.0157072
0.0169348
0.018111
0.0192196
0.0202537
0.0212132
0.0221022
0.0229285
0.0237022
0.0244342
0.0251351
0.0258147
0.0264805
0.0271383
0.027791
0.0284397
0.0290837
0.0297208
0.0303484
0.0309632
0.0315621
0.0321424
0.0327015
0.0332378
0.0337498
0.0342368
0.0346985
0.0351348
0.0355462
0.0359332
0.0362966
0.0366373
0.0369564
0.0372549
0.037534
0.0377949
0.0380389
0.0382672
0.0384808
0.0386808
0.0388683
0.0390444
0.03921
0.0393661
0.0395135
0.039653
0.0397856
0.0399118
0.0400325
0.0401482
0.0402597
0.0403674
0.0404719
0.0405737
0.0406732
0.0407708
0.0408669
0.0409619
0.0410559
0.0411493
0.0412423
0.041335
0.0414275
0.0415201
0.0416128
0.0417056
0.0417986
0.0418918
0.0419852
0.0420786
0.0421721
0.0422656
0.0423589
0.0424519
0.0425446
0.0426367
0.042728
0.0428183
0.0429075
0.0429953
0.0430816
0.043166
0.0432484
0.0433287
0.0434066
0.0434819
0.0435546
0.0436245
0.0436916
0.0437558
0.043817
0.0438752
0.0439305
0.0439828
0.0440323
0.044079
0.044123
0.0441643
0.0442031
0.0442394
0.0442734
0.0443052
0.044335
0.0443627
0.0443886
0.0444128
0.0444352
0.0444562
0.0444742
0.0318454
0.026468
0.0214346
0.0170017
0.0134119
0.0109706
0.00980313
0.00972373
0.0103762
0.0114248
0.0126388
0.0138862
0.0150993
0.0162462
0.0173131
0.0182954
0.0191933
0.0200105
0.0207536
0.0214315
0.0220548
0.0226354
0.0231847
0.0237134
0.02423
0.0247407
0.0252492
0.0257567
0.0262627
0.026765
0.0272608
0.0277468
0.0282199
0.0286771
0.0291161
0.0295351
0.0299327
0.0303085
0.0306619
0.0309932
0.0313028
0.0315913
0.0318595
0.0321084
0.032339
0.0325523
0.0327493
0.0329315
0.0330998
0.0332553
0.0333991
0.0335321
0.0336553
0.0337696
0.0338759
0.033975
0.0340677
0.0341547
0.0342367
0.0343143
0.0343881
0.0344588
0.0345267
0.0345925
0.0346565
0.0347192
0.0347809
0.034842
0.0349027
0.0349635
0.0350243
0.0350856
0.0351475
0.0352101
0.0352734
0.0353377
0.035403
0.0354692
0.0355365
0.0356048
0.035674
0.0357442
0.0358153
0.0358871
0.0359596
0.0360327
0.0361062
0.03618
0.0362539
0.0363277
0.0364012
0.0364743
0.0365467
0.0366182
0.0366887
0.0367579
0.0368256
0.0368917
0.0369559
0.0370183
0.0370786
0.0371368
0.0371927
0.0372463
0.0372976
0.0373466
0.0373932
0.0374376
0.0374796
0.0375194
0.037557
0.0375925
0.0376259
0.0376574
0.037687
0.0377147
0.0377408
0.0377652
0.037788
0.0378093
0.0378294
0.0378468
0.0288132
0.0218907
0.0162707
0.0120264
0.0093888
0.00836567
0.00855793
0.00943949
0.0106139
0.0118583
0.0130673
0.0141978
0.0152356
0.016179
0.0170314
0.0177978
0.0184841
0.0190974
0.0196462
0.0201407
0.0205923
0.0210126
0.0214127
0.0218017
0.0221866
0.0225715
0.0229584
0.0233467
0.0237346
0.0241192
0.0244972
0.0248653
0.0252207
0.0255609
0.025884
0.026189
0.0264751
0.026742
0.0269899
0.0272192
0.0274306
0.0276249
0.0278029
0.0279656
0.0281139
0.0282491
0.028372
0.0284838
0.0285853
0.0286776
0.0287614
0.0288377
0.0289072
0.0289707
0.0290289
0.0290824
0.0291319
0.0291779
0.029221
0.0292617
0.0293004
0.0293376
0.0293737
0.0294091
0.029444
0.0294789
0.029514
0.0295495
0.0295857
0.0296228
0.0296609
0.0297003
0.0297409
0.0297829
0.0298263
0.0298713
0.0299178
0.0299658
0.0300153
0.0300663
0.0301187
0.0301726
0.0302276
0.0302839
0.0303412
0.0303996
0.0304587
0.0305185
0.0305787
0.0306394
0.0307001
0.0307608
0.0308212
0.0308811
0.0309404
0.030999
0.0310564
0.0311128
0.0311678
0.0312213
0.0312733
0.0313236
0.0313721
0.0314188
0.0314636
0.0315065
0.0315475
0.0315867
0.0316239
0.0316592
0.0316927
0.0317244
0.0317543
0.0317826
0.0318092
0.0318342
0.0318578
0.0318799
0.0319007
0.0319201
0.0319384
0.0319544
0.0248902
0.0169415
0.0114817
0.00828225
0.00716075
0.00746283
0.00845809
0.0096779
0.0109008
0.0120413
0.013074
0.0139977
0.01482
0.0155502
0.0161971
0.0167682
0.0172706
0.0177118
0.0181006
0.018447
0.0187619
0.0190562
0.0193395
0.0196194
0.0199008
0.0201862
0.0204757
0.0207676
0.0210594
0.0213477
0.0216293
0.0219012
0.0221611
0.0224072
0.022638
0.022853
0.0230518
0.0232346
0.0234018
0.023554
0.0236919
0.0238164
0.0239282
0.0240284
0.0241178
0.0241975
0.0242682
0.0243309
0.0243863
0.0244353
0.0244785
0.0245166
0.0245503
0.0245801
0.0246066
0.0246303
0.0246517
0.0246712
0.0246892
0.0247062
0.0247224
0.0247382
0.024754
0.02477
0.0247864
0.0248035
0.0248214
0.0248405
0.0248607
0.0248824
0.0249056
0.0249303
0.0249568
0.0249849
0.0250148
0.0250465
0.02508
0.0251153
0.0251522
0.0251909
0.0252312
0.025273
0.0253163
0.025361
0.0254069
0.025454
0.025502
0.0255509
0.0256005
0.0256506
0.025701
0.0257515
0.025802
0.0258524
0.0259023
0.0259517
0.0260003
0.0260481
0.0260949
0.0261405
0.0261849
0.0262279
0.0262695
0.0263096
0.0263482
0.0263852
0.0264206
0.0264545
0.0264867
0.0265174
0.0265465
0.026574
0.0266001
0.0266248
0.026648
0.0266699
0.0266906
0.0267099
0.0267282
0.0267452
0.0267612
0.0267754
0.0203501
0.0122174
0.00776293
0.00615094
0.00637583
0.00739973
0.00862443
0.0098073
0.0108731
0.0118097
0.0126263
0.0133375
0.0139577
0.0144989
0.0149706
0.0153801
0.0157338
0.0160385
0.0163023
0.0165346
0.0167454
0.0169441
0.0171389
0.0173355
0.0175371
0.0177446
0.017957
0.018172
0.0183865
0.0185974
0.0188018
0.0189971
0.0191816
0.0193539
0.0195132
0.0196593
0.0197922
0.0199122
0.0200198
0.0201157
0.0202006
0.0202754
0.0203407
0.0203974
0.0204464
0.0204883
0.020524
0.0205541
0.0205793
0.0206002
0.0206172
0.0206311
0.0206422
0.020651
0.0206578
0.0206632
0.0206674
0.0206709
0.0206737
0.0206764
0.0206791
0.0206821
0.0206856
0.0206899
0.020695
0.0207012
0.0207086
0.0207174
0.0207277
0.0207395
0.020753
0.0207682
0.0207852
0.0208041
0.0208247
0.0208472
0.0208715
0.0208976
0.0209255
0.020955
0.0209862
0.021019
0.0210533
0.0210889
0.0211258
0.0211639
0.021203
0.021243
0.0212837
0.021325
0.0213666
0.0214086
0.0214506
0.0214925
0.0215342
0.0215755
0.0216162
0.0216563
0.0216956
0.0217339
0.0217713
0.0218075
0.0218426
0.0218764
0.021909
0.0219403
0.0219702
0.0219989
0.0220261
0.0220521
0.0220768
0.0221002
0.0221223
0.0221432
0.022163
0.0221816
0.0221991
0.0222155
0.022231
0.0222455
0.0222591
0.0222712
0.015637
0.00827902
0.00544823
0.00530521
0.00627267
0.00748409
0.00862803
0.00962673
0.0104779
0.0111997
0.0118132
0.0123371
0.0127866
0.0131732
0.0135049
0.0137876
0.0140266
0.0142277
0.014398
0.0145459
0.01468
0.0148085
0.0149377
0.0150719
0.0152128
0.0153602
0.0155123
0.0156666
0.0158201
0.01597
0.0161139
0.0162498
0.0163763
0.0164927
0.0165984
0.0166936
0.0167783
0.0168531
0.0169183
0.0169749
0.0170233
0.0170642
0.0170983
0.0171263
0.0171489
0.0171667
0.0171802
0.01719
0.0171966
0.0172005
0.017202
0.0172016
0.0171996
0.0171963
0.0171921
0.0171872
0.017182
0.0171765
0.0171711
0.017166
0.0171613
0.0171573
0.017154
0.0171517
0.0171505
0.0171505
0.0171518
0.0171545
0.0171586
0.0171644
0.0171718
0.0171809
0.0171916
0.0172041
0.0172184
0.0172343
0.017252
0.0172714
0.0172924
0.017315
0.0173392
0.0173649
0.0173919
0.0174202
0.0174497
0.0174804
0.0175119
0.0175444
0.0175775
0.0176112
0.0176453
0.0176796
0.0177141
0.0177486
0.0177829
0.0178169
0.0178505
0.0178836
0.017916
0.0179476
0.0179785
0.0180084
0.0180374
0.0180654
0.0180923
0.0181182
0.0181429
0.0181666
0.0181891
0.0182106
0.018231
0.0182503
0.0182686
0.0182859
0.0183022
0.0183176
0.018332
0.0183456
0.0183584
0.0183704
0.0183816
0.0183916
0.0112476
0.00547537
0.00434611
0.00510513
0.00628867
0.00740674
0.00835448
0.00913578
0.00977766
0.0103079
0.0107495
0.0111207
0.0114347
0.0117008
0.0119254
0.0121128
0.0122669
0.0123925
0.0124956
0.0125832
0.012663
0.0127413
0.0128231
0.0129113
0.0130066
0.0131081
0.0132138
0.0133211
0.0134275
0.0135305
0.0136283
0.0137193
0.0138028
0.0138781
0.0139452
0.014004
0.014055
0.0140985
0.0141351
0.0141654
0.0141898
0.0142089
0.0142233
0.0142336
0.0142401
0.0142436
0.0142442
0.0142425
0.0142388
0.0142334
0.0142267
0.0142189
0.0142103
0.0142012
0.0141916
0.0141819
0.0141722
0.0141628
0.0141536
0.014145
0.0141369
0.0141297
0.0141233
0.0141178
0.0141135
0.0141103
0.0141083
0.0141077
0.0141084
0.0141106
0.0141142
0.0141193
0.014126
0.0141342
0.0141439
0.0141552
0.014168
0.0141823
0.0141981
0.0142153
0.0142338
0.0142537
0.0142748
0.0142971
0.0143204
0.0143447
0.0143698
0.0143958
0.0144223
0.0144494
0.0144768
0.0145045
0.0145323
0.0145601
0.0145878
0.0146153
0.0146424
0.0146691
0.0146953
0.0147209
0.0147458
0.01477
0.0147935
0.0148161
0.0148378
0.0148587
0.0148787
0.0148977
0.0149159
0.0149333
0.0149497
0.0149653
0.01498
0.0149939
0.0150071
0.0150194
0.0150311
0.015042
0.0150523
0.0150619
0.0150709
0.0150789
0.00759177
0.00381867
0.0039565
0.00506317
0.00617407
0.0070938
0.00782429
0.00840241
0.00886382
0.00923663
0.0095418
0.00979454
0.0100055
0.0101817
0.0103275
0.0104458
0.0105395
0.0106122
0.0106689
0.0107155
0.0107579
0.0108016
0.01085
0.010905
0.0109667
0.0110338
0.0111044
0.0111762
0.0112471
0.0113151
0.0113789
0.0114373
0.0114899
0.0115362
0.0115763
0.0116105
0.0116388
0.0116619
0.01168
0.0116938
0.0117035
0.0117096
0.0117125
0.0117127
0.0117106
0.0117064
0.0117005
0.0116932
0.0116847
0.0116754
0.0116652
0.0116546
0.0116436
0.0116325
0.0116213
0.0116102
0.0115994
0.0115889
0.0115788
0.0115693
0.0115605
0.0115524
0.0115451
0.0115387
0.0115332
0.0115288
0.0115254
0.0115232
0.0115222
0.0115223
0.0115237
0.0115264
0.0115304
0.0115356
0.0115422
0.0115501
0.0115592
0.0115697
0.0115813
0.0115942
0.0116083
0.0116234
0.0116396
0.0116568
0.0116749
0.0116938
0.0117135
0.0117337
0.0117546
0.0117758
0.0117974
0.0118192
0.0118412
0.0118631
0.011885
0.0119067
0.0119281
0.0119492
0.0119699
0.0119901
0.0120098
0.0120289
0.0120473
0.0120652
0.0120823
0.0120987
0.0121145
0.0121295
0.0121438
0.0121574
0.0121703
0.0121826
0.0121941
0.0122051
0.0122153
0.012225
0.0122342
0.0122427
0.0122508
0.0122583
0.0122653
0.0122716
0.00488848
0.00301652
0.00383246
0.00494522
0.00586678
0.00656975
0.00710149
0.00750821
0.00782459
0.0080751
0.00827679
0.00844145
0.00857697
0.00868828
0.00877819
0.00884848
0.00890096
0.00893837
0.00896464
0.00898452
0.00900278
0.00902341
0.00904902
0.0090807
0.00911819
0.00916024
0.00920509
0.00925088
0.00929587
0.00933865
0.00937817
0.00941375
0.00944498
0.00947173
0.00949405
0.00951212
0.00952621
0.00953664
0.00954373
0.00954785
0.00954932
0.00954844
0.00954553
0.0095409
0.00953481
0.00952751
0.00951919
0.00951009
0.00950034
0.00949013
0.00947958
0.00946885
0.00945804
0.00944726
0.0094366
0.00942617
0.00941603
0.00940628
0.00939695
0.00938817
0.00937995
0.00937238
0.00936549
0.00935936
0.00935402
0.00934952
0.00934587
0.00934316
0.00934139
0.00934061
0.00934081
0.00934204
0.0093443
0.00934761
0.00935196
0.00935737
0.00936381
0.00937129
0.00937976
0.00938922
0.00939962
0.00941093
0.00942308
0.00943605
0.00944975
0.00946414
0.00947911
0.00949462
0.00951056
0.00952687
0.00954343
0.00956019
0.00957705
0.00959394
0.00961076
0.00962745
0.00964394
0.00966018
0.00967607
0.00969161
0.00970673
0.00972141
0.00973559
0.00974927
0.00976241
0.00977503
0.00978708
0.0097986
0.00980956
0.00981998
0.00982986
0.00983922
0.00984806
0.00985641
0.00986427
0.00987167
0.00987863
0.00988515
0.00989128
0.009897
0.00990238
0.00990714
0.00312828
0.00268014
0.00372157
0.00467971
0.00538514
0.00589032
0.00625643
0.00652771
0.00673356
0.0068933
0.00701974
0.00712139
0.00720372
0.00726995
0.00732171
0.00735991
0.00738565
0.00740088
0.00740857
0.00741238
0.00741593
0.00742218
0.00743297
0.00744893
0.00746964
0.00749402
0.00752063
0.00754801
0.00757486
0.00760015
0.00762315
0.00764338
0.0076606
0.00767477
0.00768592
0.00769423
0.00769989
0.00770316
0.00770426
0.00770346
0.00770098
0.00769704
0.00769185
0.00768564
0.00767857
0.00767082
0.00766251
0.00765378
0.00764475
0.00763552
0.00762618
0.00761682
0.0076075
0.00759831
0.0075893
0.00758053
0.00757205
0.00756391
0.00755616
0.00754884
0.007542
0.00753567
0.00752988
0.00752469
0.0075201
0.00751616
0.00751289
0.00751032
0.00750848
0.00750739
0.00750705
0.0075075
0.00750873
0.00751077
0.0075136
0.00751726
0.0075217
0.00752695
0.00753297
0.00753976
0.00754728
0.00755551
0.00756439
0.00757392
0.00758402
0.00759466
0.00760576
0.00761727
0.00762913
0.00764128
0.00765363
0.00766614
0.00767872
0.00769134
0.00770391
0.00771639
0.00772871
0.00774084
0.00775271
0.00776432
0.00777561
0.00778657
0.00779715
0.00780735
0.00781715
0.00782655
0.00783553
0.00784411
0.00785226
0.00786002
0.00786736
0.00787432
0.00788089
0.00788708
0.00789292
0.00789841
0.00790356
0.0079084
0.00791294
0.00791717
0.00792116
0.00792468
0.00211639
0.00251651
0.00352139
0.00427039
0.00477425
0.00511496
0.00535176
0.00552164
0.00564722
0.00574252
0.00581647
0.00587483
0.00592113
0.0059573
0.00598415
0.00600204
0.00601155
0.00601398
0.00601148
0.0060067
0.0060023
0.0060004
0.00600226
0.00600824
0.00601793
0.00603046
0.00604475
0.00605972
0.00607444
0.00608819
0.00610045
0.00611093
0.00611946
0.00612602
0.00613066
0.0061335
0.00613469
0.00613439
0.00613275
0.00612997
0.00612617
0.00612151
0.00611614
0.00611019
0.00610377
0.00609699
0.00608993
0.00608269
0.00607533
0.00606791
0.00606048
0.00605312
0.00604585
0.00603872
0.00603177
0.00602504
0.00601855
0.00601234
0.00600643
0.00600085
0.00599564
0.00599081
0.00598638
0.00598238
0.00597883
0.00597576
0.00597316
0.00597109
0.00596953
0.00596851
0.00596805
0.00596815
0.00596882
0.00597008
0.00597192
0.00597436
0.00597739
0.005981
0.00598519
0.00598994
0.00599523
0.00600105
0.00600737
0.00601416
0.00602138
0.00602901
0.00603698
0.00604526
0.0060538
0.00606256
0.00607147
0.00608051
0.0060896
0.00609872
0.00610781
0.00611683
0.00612574
0.00613451
0.0061431
0.00615149
0.00615965
0.00616756
0.00617521
0.00618257
0.00618965
0.00619643
0.00620291
0.00620909
0.00621497
0.00622055
0.00622584
0.00623085
0.00623557
0.00624003
0.00624422
0.00624817
0.00625187
0.00625535
0.00625861
0.00626165
0.0062645
0.00626702
0.00158299
0.00236704
0.00320964
0.00374928
0.00408339
0.00429644
0.00443801
0.00453594
0.00460608
0.0046578
0.00469685
0.00472683
0.00474984
0.00476694
0.00477844
0.00478436
0.00478493
0.00478098
0.00477392
0.0047656
0.00475786
0.00475215
0.00474932
0.00474956
0.00475256
0.0047577
0.00476419
0.00477129
0.00477838
0.00478495
0.00479067
0.00479534
0.00479885
0.0048012
0.00480241
0.00480256
0.00480174
0.00480006
0.00479762
0.00479452
0.00479086
0.00478673
0.00478221
0.0047774
0.00477235
0.00476714
0.00476181
0.00475642
0.004751
0.0047456
0.00474024
0.00473496
0.00472977
0.00472472
0.00471981
0.00471508
0.00471053
0.00470619
0.00470207
0.00469819
0.00469456
0.0046912
0.00468812
0.00468534
0.00468287
0.00468073
0.00467891
0.00467745
0.00467634
0.0046756
0.00467524
0.00467527
0.00467569
0.00467652
0.00467774
0.00467938
0.00468143
0.00468388
0.00468674
0.00468999
0.00469362
0.00469762
0.00470197
0.00470666
0.00471166
0.00471694
0.00472246
0.00472821
0.00473415
0.00474023
0.00474643
0.00475272
0.00475905
0.00476539
0.00477172
0.004778
0.0047842
0.00479031
0.00479628
0.00480212
0.0048078
0.0048133
0.00481861
0.00482373
0.00482865
0.00483336
0.00483786
0.00484215
0.00484623
0.0048501
0.00485377
0.00485724
0.00486052
0.00486361
0.00486651
0.00486924
0.00487181
0.00487421
0.00487647
0.00487857
0.00488055
0.00488229
0.00129599
0.00216382
0.0027997
0.00315555
0.00335732
0.00347765
0.00355334
0.0036032
0.00363727
0.00366123
0.00367842
0.0036909
0.0036998
0.00370562
0.00370838
0.00370797
0.00370442
0.00369817
0.00369011
0.00368141
0.00367326
0.0036666
0.00366197
0.00365949
0.00365896
0.00365994
0.00366194
0.00366448
0.00366714
0.00366961
0.00367167
0.00367319
0.00367409
0.00367438
0.00367406
0.00367317
0.00367177
0.00366992
0.00366767
0.00366508
0.00366221
0.0036591
0.00365582
0.0036524
0.00364888
0.00364531
0.00364171
0.0036381
0.0036345
0.00363095
0.00362745
0.00362403
0.00362069
0.00361745
0.00361432
0.00361132
0.00360844
0.00360571
0.00360313
0.00360071
0.00359845
0.00359638
0.00359449
0.00359279
0.00359129
0.00359
0.00358892
0.00358807
0.00358744
0.00358705
0.0035869
0.003587
0.00358735
0.00358796
0.00358883
0.00358997
0.00359137
0.00359303
0.00359496
0.00359714
0.00359958
0.00360226
0.00360517
0.0036083
0.00361163
0.00361515
0.00361883
0.00362266
0.00362661
0.00363067
0.00363479
0.00363898
0.00364319
0.00364742
0.00365162
0.0036558
0.00365993
0.00366398
0.00366796
0.00367183
0.0036756
0.00367926
0.00368278
0.00368618
0.00368944
0.00369257
0.00369555
0.00369839
0.00370109
0.00370366
0.00370609
0.00370839
0.00371055
0.0037126
0.00371452
0.00371632
0.00371802
0.00371961
0.0037211
0.00372249
0.00372379
0.00372494
0.00110753
0.00188763
0.00231832
0.00252711
0.00263351
0.00269151
0.00272503
0.00274521
0.00275764
0.00276533
0.00276999
0.00277264
0.00277379
0.00277362
0.00277206
0.00276893
0.00276419
0.00275804
0.00275095
0.00274361
0.00273671
0.00273079
0.0027262
0.002723
0.00272106
0.00272014
0.00271994
0.00272017
0.00272058
0.00272098
0.00272124
0.00272129
0.00272106
0.00272056
0.00271978
0.00271874
0.00271746
0.00271598
0.00271433
0.00271253
0.0027106
0.00270858
0.0027065
0.00270437
0.00270222
0.00270006
0.00269791
0.00269578
0.00269368
0.00269163
0.00268962
0.00268767
0.00268579
0.00268398
0.00268225
0.00268059
0.00267903
0.00267755
0.00267617
0.00267489
0.00267372
0.00267265
0.00267169
0.00267085
0.00267013
0.00266953
0.00266906
0.00266872
0.00266852
0.00266845
0.00266853
0.00266875
0.00266912
0.00266964
0.00267032
0.00267115
0.00267214
0.00267328
0.00267458
0.00267603
0.00267763
0.00267938
0.00268126
0.00268328
0.00268542
0.00268767
0.00269001
0.00269245
0.00269496
0.00269752
0.00270013
0.00270277
0.00270543
0.00270808
0.00271073
0.00271336
0.00271595
0.00271849
0.00272098
0.00272341
0.00272577
0.00272805
0.00273026
0.00273238
0.00273442
0.00273637
0.00273823
0.00274
0.00274169
0.00274329
0.0027448
0.00274623
0.00274758
0.00274885
0.00275005
0.00275117
0.00275223
0.00275322
0.00275414
0.00275501
0.00275582
0.00275653
0.000940091
0.00154366
0.00179618
0.00189808
0.00194231
0.00196263
0.00197202
0.00197596
0.001977
0.00197642
0.00197494
0.00197293
0.00197057
0.00196788
0.00196476
0.00196107
0.00195675
0.00195185
0.0019466
0.00194132
0.00193636
0.001932
0.00192842
0.00192565
0.00192363
0.00192222
0.00192126
0.00192061
0.00192014
0.00191973
0.00191932
0.00191886
0.00191832
0.00191769
0.00191697
0.00191616
0.00191527
0.00191432
0.0019133
0.00191225
0.00191116
0.00191005
0.00190893
0.00190781
0.00190669
0.0019056
0.00190452
0.00190348
0.00190246
0.00190148
0.00190054
0.00189964
0.00189879
0.00189798
0.00189723
0.00189652
0.00189587
0.00189527
0.00189472
0.00189424
0.00189381
0.00189345
0.00189314
0.0018929
0.00189273
0.00189262
0.00189258
0.00189261
0.00189271
0.00189288
0.00189313
0.00189346
0.00189386
0.00189434
0.0018949
0.00189554
0.00189626
0.00189706
0.00189794
0.0018989
0.00189994
0.00190105
0.00190223
0.00190348
0.00190479
0.00190616
0.00190758
0.00190904
0.00191054
0.00191206
0.00191361
0.00191516
0.00191672
0.00191828
0.00191983
0.00192135
0.00192286
0.00192434
0.00192578
0.00192719
0.00192855
0.00192987
0.00193114
0.00193236
0.00193353
0.00193465
0.00193572
0.00193674
0.0019377
0.00193862
0.00193949
0.00194031
0.00194108
0.0019418
0.00194249
0.00194313
0.00194373
0.0019443
0.00194482
0.00194532
0.00194578
0.00194619
0.00075892
0.00114997
0.00126545
0.00129943
0.00130899
0.00131025
0.00130839
0.00130531
0.00130181
0.00129823
0.00129472
0.00129136
0.00128815
0.00128505
0.00128199
0.00127889
0.00127568
0.00127238
0.00126906
0.00126584
0.00126285
0.00126019
0.00125794
0.0012561
0.00125463
0.00125348
0.00125258
0.00125186
0.00125125
0.00125073
0.00125024
0.00124977
0.0012493
0.00124883
0.00124834
0.00124786
0.00124736
0.00124686
0.00124636
0.00124586
0.00124537
0.00124489
0.00124442
0.00124397
0.00124353
0.00124312
0.00124273
0.00124236
0.00124202
0.00124171
0.00124142
0.00124116
0.00124093
0.00124073
0.00124055
0.00124041
0.0012403
0.00124021
0.00124016
0.00124014
0.00124014
0.00124018
0.00124025
0.00124035
0.00124049
0.00124065
0.00124084
0.00124107
0.00124133
0.00124163
0.00124195
0.00124231
0.0012427
0.00124313
0.00124359
0.00124408
0.00124461
0.00124517
0.00124576
0.00124638
0.00124704
0.00124772
0.00124844
0.00124918
0.00124994
0.00125072
0.00125152
0.00125233
0.00125316
0.00125399
0.00125483
0.00125566
0.00125649
0.00125732
0.00125814
0.00125894
0.00125972
0.00126049
0.00126124
0.00126196
0.00126267
0.00126334
0.00126399
0.00126462
0.00126521
0.00126578
0.00126633
0.00126684
0.00126733
0.00126779
0.00126823
0.00126864
0.00126903
0.0012694
0.00126974
0.00127006
0.00127036
0.00127065
0.00127091
0.00127116
0.00127139
0.00127159
0.000560691
0.000737105
0.000763632
0.000763607
0.000759028
0.000753908
0.000749091
0.000744734
0.000740829
0.00073733
0.000734186
0.000731348
0.000728769
0.000726404
0.00072421
0.000722149
0.000720199
0.000718353
0.000716622
0.000715027
0.000713591
0.000712329
0.000711244
0.000710328
0.000709561
0.00070892
0.000708379
0.000707917
0.000707515
0.000707158
0.000706834
0.000706536
0.00070626
0.000706002
0.000705759
0.000705533
0.000705322
0.000705126
0.000704945
0.000704779
0.00070463
0.000704496
0.000704379
0.000704278
0.000704194
0.000704127
0.000704077
0.000704045
0.000704029
0.00070403
0.000704047
0.000704082
0.000704132
0.000704198
0.00070428
0.000704377
0.000704489
0.000704617
0.000704758
0.000704915
0.000705085
0.000705269
0.000705467
0.000705678
0.000705901
0.000706138
0.000706386
0.000706647
0.000706919
0.000707204
0.000707498
0.000707804
0.000708121
0.000708447
0.000708783
0.000709128
0.000709483
0.000709846
0.000710216
0.000710595
0.000710979
0.00071137
0.000711765
0.000712165
0.000712567
0.000712972
0.000713377
0.000713781
0.000714184
0.000714584
0.00071498
0.00071537
0.000715754
0.000716131
0.000716498
0.000716857
0.000717205
0.000717542
0.000717867
0.000718181
0.000718482
0.000718771
0.000719048
0.000719311
0.000719562
0.000719801
0.000720027
0.000720241
0.000720443
0.000720635
0.000720814
0.000720984
0.000721143
0.000721292
0.000721432
0.000721563
0.000721686
0.000721801
0.000721908
0.000722008
0.000722101
0.000722184
0.000284746
0.000272336
0.000264576
0.000259339
0.000255518
0.000252566
0.000250187
0.00024821
0.000246532
0.000245084
0.000243818
0.000242698
0.000241698
0.000240798
0.000239982
0.00023924
0.000238566
0.000237959
0.000237419
0.000236946
0.000236537
0.000236188
0.000235893
0.000235644
0.000235433
0.000235251
0.000235093
0.000234953
0.000234828
0.000234715
0.000234612
0.000234519
0.000234433
0.000234356
0.000234287
0.000234225
0.000234171
0.000234124
0.000234085
0.000234053
0.000234028
0.000234011
0.000234
0.000233996
0.000233999
0.000234009
0.000234025
0.000234048
0.000234076
0.000234111
0.000234151
0.000234197
0.000234249
0.000234306
0.000234367
0.000234434
0.000234506
0.000234582
0.000234663
0.000234748
0.000234838
0.000234931
0.000235029
0.00023513
0.000235234
0.000235342
0.000235453
0.000235567
0.000235683
0.000235803
0.000235924
0.000236048
0.000236174
0.000236301
0.00023643
0.000236561
0.000236692
0.000236824
0.000236956
0.000237089
0.000237222
0.000237354
0.000237486
0.000237617
0.000237746
0.000237874
0.000238001
0.000238125
0.000238246
0.000238366
0.000238482
0.000238595
0.000238705
0.000238811
0.000238914
0.000239013
0.000239108
0.0002392
0.000239287
0.000239371
0.000239451
0.000239527
0.000239599
0.000239668
0.000239732
0.000239794
0.000239851
0.000239906
0.000239957
0.000240006
0.000240051
0.000240094
0.000240133
0.000240171
0.000240206
0.000240238
0.000240269
0.000240297
0.000240324
0.000240349
0.000240371
0.000240394
)
;

boundaryField
{
    lowerWall
    {
        type            nutkWallFunction;
        Cmu             0.09;
        kappa           0.41;
        E               9.8;
        value           nonuniform List<scalar> 
122
(
3.38542e-05
3.22344e-05
3.12154e-05
3.05252e-05
3.00204e-05
2.96299e-05
2.93146e-05
2.90523e-05
2.88295e-05
2.86371e-05
2.84687e-05
2.83196e-05
2.81864e-05
2.80663e-05
2.79575e-05
2.78586e-05
2.77693e-05
2.76895e-05
2.76192e-05
2.75585e-05
2.75071e-05
2.74639e-05
2.74279e-05
2.73978e-05
2.73724e-05
2.73505e-05
2.73312e-05
2.73141e-05
2.72986e-05
2.72845e-05
2.72714e-05
2.72595e-05
2.72487e-05
2.72388e-05
2.723e-05
2.72221e-05
2.72154e-05
2.72096e-05
2.72048e-05
2.72011e-05
2.71984e-05
2.71967e-05
2.71958e-05
2.7196e-05
2.71972e-05
2.71993e-05
2.72022e-05
2.7206e-05
2.72107e-05
2.72162e-05
2.72224e-05
2.72295e-05
2.72373e-05
2.72458e-05
2.7255e-05
2.72649e-05
2.72755e-05
2.72867e-05
2.72984e-05
2.73108e-05
2.73237e-05
2.73372e-05
2.73512e-05
2.73657e-05
2.73806e-05
2.7396e-05
2.74117e-05
2.74279e-05
2.74444e-05
2.74612e-05
2.74783e-05
2.74957e-05
2.75133e-05
2.75312e-05
2.75491e-05
2.75672e-05
2.75854e-05
2.76037e-05
2.76219e-05
2.76402e-05
2.76583e-05
2.76764e-05
2.76943e-05
2.7712e-05
2.77295e-05
2.77467e-05
2.77635e-05
2.778e-05
2.77962e-05
2.78119e-05
2.78271e-05
2.7842e-05
2.78563e-05
2.78701e-05
2.78833e-05
2.78961e-05
2.79083e-05
2.792e-05
2.79311e-05
2.79417e-05
2.79518e-05
2.79614e-05
2.79704e-05
2.7979e-05
2.79871e-05
2.79947e-05
2.80018e-05
2.80086e-05
2.80149e-05
2.80209e-05
2.80265e-05
2.80317e-05
2.80366e-05
2.80412e-05
2.80454e-05
2.80494e-05
2.80531e-05
2.80566e-05
2.80598e-05
2.80628e-05
2.80655e-05
2.80683e-05
)
;
    }
    upperWall
    {
        type            nutkWallFunction;
        Cmu             0.09;
        kappa           0.41;
        E               9.8;
        value           nonuniform List<scalar> 
122
(
3.36526e-05
3.20374e-05
3.10226e-05
3.03356e-05
2.98333e-05
2.94446e-05
2.91308e-05
2.88699e-05
2.86482e-05
2.84567e-05
2.82891e-05
2.81408e-05
2.80082e-05
2.78887e-05
2.77804e-05
2.76821e-05
2.75932e-05
2.75138e-05
2.74439e-05
2.73834e-05
2.73319e-05
2.72886e-05
2.72524e-05
2.72219e-05
2.71961e-05
2.71739e-05
2.71543e-05
2.71369e-05
2.71212e-05
2.71069e-05
2.70937e-05
2.70818e-05
2.70709e-05
2.7061e-05
2.70522e-05
2.70444e-05
2.70376e-05
2.70319e-05
2.70272e-05
2.70235e-05
2.70207e-05
2.7019e-05
2.70183e-05
2.70185e-05
2.70196e-05
2.70217e-05
2.70246e-05
2.70284e-05
2.7033e-05
2.70385e-05
2.70447e-05
2.70517e-05
2.70594e-05
2.70679e-05
2.7077e-05
2.70868e-05
2.70973e-05
2.71083e-05
2.712e-05
2.71323e-05
2.71451e-05
2.71584e-05
2.71722e-05
2.71866e-05
2.72014e-05
2.72166e-05
2.72322e-05
2.72482e-05
2.72645e-05
2.72812e-05
2.72982e-05
2.73154e-05
2.73329e-05
2.73506e-05
2.73684e-05
2.73863e-05
2.74044e-05
2.74225e-05
2.74406e-05
2.74588e-05
2.74768e-05
2.74948e-05
2.75126e-05
2.75302e-05
2.75476e-05
2.75648e-05
2.75816e-05
2.75981e-05
2.76142e-05
2.76299e-05
2.76452e-05
2.766e-05
2.76743e-05
2.76881e-05
2.77014e-05
2.77142e-05
2.77265e-05
2.77382e-05
2.77493e-05
2.776e-05
2.77701e-05
2.77797e-05
2.77888e-05
2.77974e-05
2.78056e-05
2.78132e-05
2.78204e-05
2.78272e-05
2.78336e-05
2.78396e-05
2.78452e-05
2.78505e-05
2.78554e-05
2.786e-05
2.78642e-05
2.78682e-05
2.7872e-05
2.78755e-05
2.78787e-05
2.78817e-05
2.78844e-05
2.78872e-05
)
;
    }
    inlet
    {
        type            calculated;
        value           uniform 0.0366503;
    }
    outlet
    {
        type            calculated;
        value           nonuniform List<scalar> 
60
(
0.000241757
0.00072636
0.00127895
0.00195758
0.00277317
0.00374851
0.00491509
0.00631205
0.00798566
0.00998853
0.0123785
0.015217
0.0185668
0.0224899
0.0270441
0.0322799
0.0382363
0.0449357
0.0523775
0.060529
0.0693134
0.0785935
0.0881508
0.097662
0.106681
0.114652
0.121033
0.125662
0.129387
0.133109
0.132598
0.128041
0.123948
0.119304
0.113068
0.105292
0.0964679
0.0871306
0.0777226
0.0685692
0.0598929
0.0518345
0.0444742
0.0378468
0.0319544
0.0267754
0.0222712
0.0183916
0.0150789
0.0122716
0.00990714
0.00792468
0.00626702
0.00488229
0.00372494
0.00275653
0.00194619
0.00127159
0.000722184
0.000240394
)
;
    }
    frontAndBack
    {
        type            empty;
    }
}


// ************************************************************************* //
