/*--------------------------------*- C++ -*----------------------------------*\
  =========                 |
  \\      /  F ield         | OpenFOAM: The Open Source CFD Toolbox
   \\    /   O peration     | Website:  https://openfoam.org
    \\  /    A nd           | Version:  8
     \\/     M anipulation  |
\*---------------------------------------------------------------------------*/
FoamFile
{
    version     2.0;
    format      ascii;
    class       volScalarField;
    location    "1000";
    object      epsilon;
}
// * * * * * * * * * * * * * * * * * * * * * * * * * * * * * * * * * * * * * //

dimensions      [0 2 -3 0 0 0 0];

internalField   nonuniform List<scalar> 
7320
(
11607.3
10157.7
9314.43
8772.21
8390.2
8102.79
7875.93
7690.7
7535.77
7403.76
7289.61
7189.73
7101.46
7022.84
6952.31
6888.69
6831
6778.46
6730.43
6686.38
6645.85
6608.48
6573.93
6541.93
6512.24
6484.64
6458.97
6435.04
6412.73
6391.9
6372.45
6354.26
6337.25
6321.34
6306.45
6292.52
6279.48
6267.29
6255.88
6245.21
6235.24
6225.93
6217.24
6209.14
6201.6
6194.58
6188.07
6182.04
6176.46
6171.32
6166.59
6162.25
6158.28
6154.68
6151.42
6148.49
6145.87
6143.56
6141.54
6139.79
6138.32
6137.1
6136.13
6135.4
6134.9
6134.62
6134.55
6134.68
6135.01
6135.53
6136.23
6137.11
6138.15
6139.36
6140.73
6142.25
6143.91
6145.73
6147.69
6149.8
6152.05
6154.44
6156.98
6159.67
6162.5
6165.48
6168.6
6171.87
6175.27
6178.82
6182.49
6186.29
6190.2
6194.21
6198.31
6202.48
6206.71
6210.98
6215.28
6219.59
6223.89
6228.16
6232.39
6236.57
6240.67
6244.7
6248.63
6252.47
6256.21
6259.83
6263.36
6266.78
6270.11
6273.34
6276.5
6279.6
6282.64
6285.65
6288.63
6291.63
6294.52
6297.55
3749.32
3919.37
3598.69
3368.86
3210.19
3093.2
3002.11
2928.43
2867.18
2815.25
2770.5
2731.45
2697.02
2666.41
2638.99
2614.29
2591.92
2571.56
2552.97
2535.93
2520.26
2505.82
2492.48
2480.12
2468.66
2458.02
2448.11
2438.89
2430.29
2422.26
2414.76
2407.75
2401.19
2395.06
2389.33
2383.96
2378.93
2374.23
2369.83
2365.72
2361.88
2358.29
2354.93
2351.81
2348.9
2346.19
2343.68
2341.34
2339.19
2337.2
2335.36
2333.68
2332.14
2330.74
2329.47
2328.33
2327.31
2326.41
2325.61
2324.92
2324.34
2323.85
2323.46
2323.16
2322.95
2322.82
2322.78
2322.81
2322.92
2323.1
2323.35
2323.66
2324.05
2324.49
2325
2325.56
2326.18
2326.86
2327.59
2328.38
2329.22
2330.11
2331.05
2332.05
2333.1
2334.21
2335.37
2336.58
2337.84
2339.15
2340.51
2341.92
2343.37
2344.86
2346.39
2347.95
2349.54
2351.15
2352.78
2354.41
2356.06
2357.7
2359.34
2360.97
2362.59
2364.19
2365.76
2367.3
2368.82
2370.3
2371.76
2373.17
2374.56
2375.91
2377.24
2378.53
2379.81
2381.06
2382.29
2383.52
2384.7
2385.9
1528.99
1989.05
1884.98
1770.23
1685.89
1623.05
1574.14
1534.67
1501.95
1474.25
1450.43
1429.67
1411.39
1395.16
1380.63
1367.55
1355.71
1344.94
1335.11
1326.11
1317.83
1310.2
1303.16
1296.64
1290.59
1284.98
1279.75
1274.89
1270.35
1266.11
1262.16
1258.47
1255.01
1251.78
1248.75
1245.92
1243.27
1240.79
1238.48
1236.31
1234.28
1232.38
1230.62
1228.97
1227.43
1226
1224.67
1223.44
1222.3
1221.25
1220.28
1219.39
1218.57
1217.83
1217.16
1216.55
1216.01
1215.53
1215.1
1214.74
1214.42
1214.16
1213.95
1213.78
1213.67
1213.59
1213.56
1213.57
1213.62
1213.71
1213.83
1213.99
1214.19
1214.41
1214.67
1214.95
1215.27
1215.61
1215.98
1216.38
1216.81
1217.27
1217.75
1218.26
1218.8
1219.37
1219.97
1220.6
1221.26
1221.95
1222.67
1223.42
1224.2
1225
1225.83
1226.68
1227.55
1228.44
1229.34
1230.24
1231.15
1232.06
1232.97
1233.86
1234.75
1235.61
1236.46
1237.28
1238.08
1238.84
1239.58
1240.28
1240.95
1241.59
1242.19
1242.76
1243.3
1243.81
1244.29
1244.76
1245.18
1245.6
720.941
1168.15
1165.72
1105.65
1054.38
1014.75
983.61
958.429
937.557
919.91
904.751
891.558
879.953
869.656
860.45
852.168
844.676
837.868
831.656
825.967
820.741
815.927
811.482
807.369
803.556
800.014
796.721
793.654
790.795
788.127
785.635
783.306
781.129
779.092
777.187
775.403
773.734
772.172
770.71
769.343
768.065
766.87
765.755
764.714
763.745
762.842
762.004
761.225
760.505
759.839
759.225
758.661
758.145
757.674
757.247
756.861
756.515
756.207
755.936
755.7
755.497
755.328
755.189
755.081
755.001
754.95
754.925
754.925
754.951
754.999
755.071
755.164
755.278
755.411
755.563
755.734
755.923
756.128
756.351
756.591
756.849
757.124
757.417
757.729
758.061
758.413
758.786
759.181
759.598
760.037
760.499
760.982
761.487
762.011
762.553
763.111
763.683
764.266
764.857
765.452
766.048
766.64
767.226
767.802
768.363
768.906
769.428
769.926
770.397
770.839
771.25
771.628
771.973
772.285
772.564
772.81
773.027
773.215
773.376
773.516
773.627
773.723
358.82
725.629
779.829
754.392
722.982
696.536
675.147
657.664
643.11
630.786
620.195
610.98
602.879
595.694
589.274
583.502
578.284
573.544
569.221
565.264
561.63
558.284
555.195
552.337
549.689
547.229
544.943
542.813
540.829
538.977
537.247
535.631
534.12
532.707
531.384
530.146
528.987
527.903
526.888
525.938
525.05
524.22
523.445
522.722
522.048
521.42
520.836
520.294
519.792
519.327
518.899
518.505
518.144
517.814
517.515
517.244
517
516.783
516.591
516.424
516.279
516.158
516.057
515.978
515.918
515.878
515.856
515.852
515.864
515.892
515.936
515.994
516.067
516.152
516.251
516.362
516.484
516.619
516.765
516.924
517.094
517.277
517.474
517.684
517.909
518.15
518.407
518.681
518.972
519.281
519.607
519.95
520.309
520.683
521.071
521.471
521.88
522.296
522.716
523.138
523.557
523.971
524.377
524.771
525.149
525.509
525.848
526.164
526.454
526.716
526.95
527.153
527.327
527.47
527.584
527.669
527.728
527.763
527.776
527.77
527.745
527.707
180.95
454.606
539.365
539.228
522.289
504.944
489.985
477.422
466.83
457.801
450.016
443.23
437.258
431.96
427.226
422.969
419.121
415.626
412.44
409.523
406.846
404.381
402.106
400.001
398.051
396.241
394.557
392.99
391.529
390.166
388.893
387.704
386.592
385.551
384.577
383.666
382.813
382.014
381.266
380.567
379.913
379.301
378.729
378.196
377.698
377.234
376.803
376.402
376.031
375.687
375.37
375.077
374.809
374.564
374.341
374.139
373.957
373.794
373.649
373.523
373.413
373.32
373.243
373.181
373.133
373.1
373.08
373.072
373.077
373.093
373.12
373.158
373.206
373.264
373.33
373.406
373.49
373.583
373.685
373.795
373.915
374.045
374.184
374.335
374.498
374.673
374.86
375.062
375.277
375.505
375.748
376.003
376.272
376.551
376.841
377.139
377.443
377.751
378.061
378.37
378.676
378.974
379.263
379.54
379.802
380.047
380.272
380.476
380.657
380.813
380.944
381.049
381.128
381.182
381.211
381.217
381.203
381.169
381.119
381.055
380.98
380.895
91.0616
278.177
374.321
393.387
388.302
378.207
368.135
359.167
351.387
344.653
338.793
333.658
329.123
325.091
321.482
318.234
315.297
312.628
310.193
307.964
305.918
304.034
302.295
300.686
299.195
297.811
296.524
295.326
294.209
293.167
292.194
291.284
290.434
289.638
288.893
288.195
287.542
286.931
286.359
285.823
285.321
284.853
284.414
284.005
283.623
283.267
282.936
282.627
282.342
282.077
281.832
281.607
281.399
281.21
281.037
280.879
280.738
280.611
280.497
280.398
280.311
280.237
280.175
280.124
280.085
280.056
280.037
280.028
280.028
280.036
280.053
280.078
280.11
280.15
280.197
280.25
280.31
280.376
280.449
280.53
280.617
280.712
280.816
280.928
281.049
281.181
281.323
281.476
281.639
281.814
281.999
282.195
282.4
282.613
282.834
283.061
283.291
283.524
283.757
283.987
284.213
284.432
284.641
284.839
285.024
285.193
285.345
285.478
285.591
285.683
285.755
285.805
285.834
285.843
285.832
285.804
285.76
285.702
285.632
285.554
285.47
285.379
46.0967
162.189
254.261
286.985
292.083
288.344
282.427
276.399
270.841
265.871
261.463
257.553
254.072
250.96
248.165
245.642
243.355
241.274
239.374
237.632
236.033
234.559
233.197
231.938
230.77
229.686
228.677
227.738
226.862
226.045
225.281
224.567
223.9
223.275
222.69
222.142
221.629
221.149
220.699
220.277
219.883
219.514
219.169
218.846
218.545
218.264
218.003
217.759
217.533
217.324
217.13
216.951
216.786
216.635
216.497
216.372
216.258
216.156
216.065
215.985
215.914
215.853
215.802
215.76
215.726
215.7
215.683
215.673
215.669
215.673
215.683
215.699
215.721
215.749
215.782
215.82
215.864
215.912
215.967
216.026
216.092
216.163
216.242
216.327
216.42
216.521
216.631
216.749
216.875
217.011
217.154
217.306
217.464
217.629
217.799
217.974
218.15
218.328
218.504
218.678
218.846
219.009
219.163
219.306
219.438
219.557
219.661
219.749
219.821
219.876
219.914
219.935
219.94
219.928
219.903
219.863
219.812
219.752
219.684
219.611
219.535
219.457
24.139
88.6484
164.986
205.253
218.887
220.976
218.885
215.492
211.862
208.378
205.161
202.236
199.59
197.197
195.031
193.064
191.273
189.637
188.14
186.765
185.499
184.331
183.251
182.251
181.323
180.461
179.658
178.91
178.212
177.561
176.952
176.382
175.849
175.35
174.883
174.445
174.035
173.65
173.29
172.953
172.636
172.341
172.064
171.805
171.563
171.337
171.127
170.931
170.749
170.58
170.423
170.279
170.145
170.023
169.911
169.809
169.716
169.632
169.558
169.491
169.433
169.382
169.339
169.303
169.273
169.251
169.234
169.224
169.219
169.219
169.224
169.235
169.25
169.269
169.293
169.321
169.353
169.389
169.43
169.475
169.525
169.58
169.64
169.706
169.778
169.857
169.942
170.034
170.133
170.238
170.35
170.468
170.592
170.72
170.852
170.987
171.123
171.259
171.394
171.526
171.653
171.775
171.89
171.995
172.091
172.176
172.249
172.31
172.357
172.39
172.411
172.418
172.412
172.394
172.365
172.326
172.28
172.226
172.168
172.107
172.047
171.985
13.5084
45.5623
99.8141
140.768
160.687
168.047
169.612
168.74
166.918
164.789
162.633
160.564
158.629
156.839
155.192
153.678
152.288
151.01
149.834
148.749
147.746
146.819
145.959
145.161
144.42
143.729
143.086
142.486
141.925
141.401
140.911
140.452
140.022
139.62
139.242
138.889
138.557
138.246
137.955
137.681
137.425
137.185
136.96
136.75
136.554
136.37
136.199
136.039
135.89
135.752
135.624
135.506
135.397
135.296
135.204
135.12
135.043
134.974
134.912
134.856
134.807
134.764
134.728
134.696
134.671
134.651
134.635
134.625
134.619
134.617
134.619
134.626
134.635
134.649
134.666
134.687
134.711
134.738
134.769
134.803
134.842
134.884
134.931
134.983
135.039
135.1
135.167
135.239
135.317
135.399
135.487
135.58
135.676
135.776
135.879
135.984
136.089
136.194
136.298
136.399
136.497
136.59
136.676
136.755
136.827
136.889
136.942
136.985
137.017
137.039
137.05
137.051
137.043
137.025
136.999
136.966
136.927
136.884
136.838
136.791
136.745
136.699
8.23297
22.8776
55.2867
90.2281
113.178
124.85
129.856
131.463
131.425
130.618
129.473
128.204
126.919
125.67
124.481
123.362
122.317
121.343
120.436
119.594
118.81
118.08
117.401
116.769
116.178
115.627
115.113
114.631
114.181
113.759
113.364
112.994
112.647
112.321
112.015
111.729
111.459
111.207
110.97
110.747
110.538
110.343
110.159
109.988
109.827
109.677
109.536
109.405
109.283
109.17
109.064
108.967
108.877
108.794
108.717
108.647
108.584
108.526
108.474
108.427
108.386
108.349
108.318
108.291
108.269
108.251
108.237
108.227
108.22
108.217
108.218
108.221
108.228
108.237
108.25
108.265
108.283
108.304
108.327
108.354
108.384
108.417
108.453
108.494
108.538
108.586
108.639
108.695
108.756
108.821
108.89
108.963
109.038
109.117
109.197
109.279
109.361
109.443
109.524
109.602
109.678
109.749
109.815
109.876
109.931
109.978
110.018
110.049
110.073
110.088
110.096
110.095
110.087
110.072
110.052
110.025
109.995
109.962
109.927
109.892
109.858
109.826
5.47937
11.9932
28.2309
52.6649
74.495
88.7635
96.7042
100.69
102.44
102.969
102.841
102.365
101.714
100.983
100.226
99.4734
98.7429
98.0428
97.3776
96.7488
96.1563
95.5991
95.0758
94.5845
94.1235
93.6908
93.2848
92.9036
92.5457
92.2096
91.8938
91.5971
91.3182
91.0561
90.8097
90.578
90.3602
90.1556
89.9632
89.7825
89.6127
89.4534
89.3039
89.1637
89.0323
88.9093
88.7944
88.687
88.5868
88.4936
88.4069
88.3264
88.252
88.1833
88.12
88.062
88.009
87.9609
87.9174
87.8783
87.8435
87.8128
87.786
87.763
87.7437
87.7279
87.7154
87.7061
87.6998
87.6963
87.6955
87.6972
87.7015
87.7081
87.7172
87.7285
87.7421
87.7581
87.7764
87.7971
87.8204
87.8463
87.8751
87.9068
87.9417
87.9797
88.021
88.0657
88.1137
88.165
88.2192
88.2763
88.3359
88.3975
88.4607
88.5249
88.5894
88.6537
88.7169
88.7784
88.8374
88.8933
88.9452
88.9927
89.0351
89.072
89.103
89.1279
89.1463
89.1584
89.1643
89.164
89.1581
89.1469
89.1311
89.1114
89.0886
89.0637
89.0378
89.0118
88.9878
88.9649
3.95841
6.92866
14.0447
27.7128
44.4801
58.7408
68.535
74.555
78.0226
79.9011
80.8188
81.1603
81.1575
80.9504
80.6246
80.2329
79.8081
79.3708
78.9339
78.5054
78.0901
77.6909
77.3093
76.9458
76.6006
76.2734
75.9636
75.6707
75.3939
75.1325
74.8857
74.6529
74.4331
74.2259
74.0304
73.8462
73.6725
73.5089
73.3548
73.2097
73.0731
72.9447
72.8241
72.7107
72.6044
72.5046
72.4113
72.3239
72.2424
72.1663
72.0955
72.0298
71.9688
71.9124
71.8605
71.8128
71.7691
71.7293
71.6933
71.6609
71.6319
71.6063
71.5839
71.5645
71.5481
71.5345
71.5237
71.5155
71.5097
71.5063
71.505
71.5058
71.5087
71.5135
71.5202
71.5289
71.5394
71.5518
71.5662
71.5825
71.6008
71.6214
71.6441
71.6692
71.6968
71.727
71.7597
71.7951
71.833
71.8735
71.9165
71.9616
72.0086
72.0573
72.1073
72.158
72.209
72.2598
72.3098
72.3585
72.4053
72.4496
72.491
72.5288
72.5627
72.5923
72.6174
72.6376
72.6529
72.6632
72.6687
72.6694
72.6657
72.658
72.6466
72.6323
72.6156
72.5972
72.5781
72.5591
72.5417
72.5255
3.07723
4.48267
7.4297
13.6627
23.6765
35.0257
44.8492
52.0825
56.9685
60.1185
62.0853
63.271
63.946
64.2875
64.4108
64.3915
64.2795
64.1082
63.8999
63.6698
63.4282
63.1823
62.937
62.6954
62.4598
62.2316
62.0117
61.8006
61.5987
61.4058
61.2221
61.0472
60.8811
60.7234
60.5738
60.432
60.2979
60.1709
60.0509
59.9375
59.8305
59.7295
59.6344
59.5449
59.4607
59.3816
59.3073
59.2378
59.1727
59.1119
59.0553
59.0025
58.9536
58.9083
58.8665
58.828
58.7928
58.7607
58.7315
58.7053
58.6818
58.661
58.6427
58.6269
58.6135
58.6024
58.5935
58.5867
58.5819
58.579
58.578
58.5785
58.5807
58.5845
58.5898
58.5967
58.6051
58.6151
58.6266
58.6397
58.6544
58.6709
58.6891
58.7092
58.7313
58.7553
58.7815
58.8096
58.8399
58.8721
58.9062
58.9421
58.9795
59.0182
59.0579
59.0983
59.1389
59.1794
59.2194
59.2584
59.296
59.3316
59.365
59.3957
59.4234
59.4477
59.4685
59.4856
59.4988
59.5082
59.5137
59.5155
59.5138
59.5089
59.5011
59.4909
59.4788
59.4654
59.4512
59.4371
59.4241
59.4124
2.55068
3.21778
4.43832
6.94254
11.6103
18.4647
26.1707
33.1843
38.7612
42.8701
45.7762
47.7853
49.1524
50.0674
50.6656
51.0415
51.2609
51.37
51.4011
51.3772
51.3148
51.2258
51.1186
50.9996
50.8734
50.7433
50.6119
50.4808
50.3516
50.225
50.1018
49.9824
49.8673
49.7565
49.6503
49.5486
49.4514
49.3588
49.2706
49.1868
49.1072
49.0318
48.9604
48.8929
48.8292
48.7692
48.7127
48.6596
48.6098
48.5632
48.5197
48.4791
48.4414
48.4064
48.3742
48.3445
48.3172
48.2924
48.2699
48.2496
48.2315
48.2154
48.2014
48.1893
48.1791
48.1708
48.1641
48.1591
48.1558
48.1539
48.1536
48.1545
48.1567
48.1602
48.1649
48.1709
48.178
48.1864
48.196
48.2069
48.2191
48.2326
48.2476
48.264
48.2819
48.3014
48.3225
48.3453
48.3696
48.3955
48.4229
48.4516
48.4816
48.5126
48.5445
48.5769
48.6096
48.6422
48.6745
48.7061
48.7366
48.7656
48.793
48.8183
48.8413
48.8617
48.8794
48.8942
48.9059
48.9146
48.9203
48.923
48.9229
48.9202
48.9152
48.9081
48.8994
48.8895
48.8789
48.8681
48.8582
48.8493
2.23299
2.5213
3.02004
3.97831
5.81132
8.95327
13.4245
18.6064
23.6547
28.0086
31.4918
34.1618
36.1611
37.6393
38.7238
39.5144
40.0864
40.4959
40.7841
40.9815
41.1107
41.1886
41.2279
41.238
41.2264
41.1984
41.1584
41.1096
41.0546
40.9954
40.9335
40.87
40.806
40.7421
40.6789
40.6168
40.5562
40.4974
40.4404
40.3855
40.3328
40.2822
40.2339
40.1879
40.1441
40.1026
40.0633
40.0262
39.9912
39.9584
39.9277
39.899
39.8723
39.8475
39.8246
39.8036
39.7843
39.7668
39.7509
39.7367
39.7242
39.7131
39.7036
39.6955
39.6889
39.6836
39.6796
39.677
39.6755
39.6753
39.6762
39.6781
39.681
39.6849
39.6897
39.6955
39.7021
39.7098
39.7183
39.7279
39.7385
39.7501
39.7628
39.7766
39.7916
39.8078
39.8252
39.8439
39.8638
39.885
39.9073
39.9307
39.955
39.9802
40.0061
40.0324
40.059
40.0856
40.112
40.1379
40.163
40.187
40.2097
40.2309
40.2504
40.2678
40.2831
40.2961
40.3067
40.3149
40.3207
40.3241
40.3252
40.3242
40.3212
40.3164
40.3103
40.3029
40.2948
40.2864
40.2784
40.2714
2.04415
2.12289
2.29752
2.64296
3.30166
4.4877
6.42602
9.18516
12.5445
16.0848
19.4152
22.3108
24.7067
26.6315
28.1526
29.344
30.2729
30.9955
31.5567
31.9918
32.3282
32.5874
32.7857
32.936
33.0484
33.1307
33.1891
33.2286
33.2529
33.2653
33.2683
33.2637
33.2534
33.2386
33.2203
33.1994
33.1767
33.1527
33.128
33.1028
33.0776
33.0525
33.0278
33.0037
32.9802
32.9576
32.9358
32.915
32.8952
32.8765
32.8589
32.8423
32.8269
32.8126
32.7994
32.7873
32.7764
32.7665
32.7577
32.75
32.7434
32.7378
32.7332
32.7296
32.727
32.7253
32.7246
32.7248
32.7259
32.7278
32.7306
32.7341
32.7385
32.7434
32.749
32.7553
32.7623
32.7699
32.7782
32.7873
32.7971
32.8077
32.8191
32.8313
32.8444
32.8584
32.8733
32.8891
32.9059
32.9237
32.9423
32.9617
32.9819
33.0028
33.0242
33.0459
33.0679
33.09
33.1119
33.1334
33.1544
33.1745
33.1938
33.2118
33.2284
33.2436
33.257
33.2687
33.2784
33.2863
33.2921
33.296
33.298
33.2982
33.2967
33.2937
33.2894
33.2839
33.2777
33.271
33.2643
33.2585
1.93662
1.89378
1.9091
1.99887
2.20581
2.60135
3.28857
4.38475
5.96585
7.99812
10.3235
12.7231
15.0051
17.0512
18.8156
20.3
21.5307
22.5425
23.3709
24.0479
24.6009
25.053
25.4228
25.7255
25.9736
26.1769
26.3435
26.4799
26.5915
26.6825
26.7565
26.8165
26.8647
26.9033
26.9338
26.9576
26.9758
26.9895
26.9994
27.0062
27.0105
27.0127
27.0133
27.0125
27.0108
27.0083
27.0053
27.0019
26.9983
26.9946
26.991
26.9875
26.9841
26.9811
26.9784
26.976
26.9741
26.9726
26.9716
26.9711
26.9711
26.9716
26.9727
26.9743
26.9764
26.9791
26.9824
26.9861
26.9904
26.9953
27.0006
27.0064
27.0128
27.0196
27.0268
27.0344
27.0424
27.0508
27.0597
27.069
27.0789
27.0893
27.1002
27.1117
27.1239
27.1367
27.1501
27.1642
27.179
27.1944
27.2105
27.2272
27.2445
27.2623
27.2805
27.2989
27.3175
27.3362
27.3548
27.3731
27.391
27.4083
27.4248
27.4405
27.455
27.4684
27.4805
27.4911
27.5002
27.5077
27.5136
27.5179
27.5206
27.5217
27.5214
27.5197
27.5168
27.5128
27.508
27.5025
27.4969
27.492
1.87971
1.76618
1.6969
1.6702
1.69599
1.79455
1.99808
2.35263
2.91532
3.74022
4.85282
6.22679
7.78258
9.41177
11.0108
12.5043
13.8504
15.0348
16.0607
16.9406
17.6911
18.3291
18.8711
19.3314
19.7227
20.0558
20.3398
20.5824
20.79
20.968
21.121
21.2527
21.3662
21.4643
21.5492
21.6228
21.6867
21.7423
21.7908
21.8332
21.8703
21.9028
21.9314
21.9567
21.979
21.9989
22.0167
22.0326
22.047
22.06
22.072
22.083
22.0932
22.1028
22.1118
22.1204
22.1287
22.1367
22.1446
22.1523
22.1599
22.1676
22.1753
22.183
22.1908
22.1987
22.2068
22.215
22.2234
22.232
22.2408
22.2497
22.2589
22.2683
22.2779
22.2876
22.2975
22.3076
22.3178
22.3283
22.3391
22.3501
22.3615
22.3732
22.3853
22.3977
22.4106
22.424
22.4378
22.452
22.4666
22.4817
22.4971
22.5129
22.5289
22.5452
22.5615
22.5779
22.5942
22.6102
22.6259
22.6411
22.6558
22.6697
22.6828
22.6949
22.7059
22.7158
22.7245
22.7318
22.7378
22.7425
22.7458
22.7477
22.7483
22.7477
22.7459
22.7431
22.7394
22.735
22.7303
22.726
1.85262
1.70013
1.58443
1.50014
1.44691
1.42874
1.45383
1.53512
1.69135
1.94726
2.33147
2.87025
3.57781
4.44717
5.44734
6.52935
7.63811
8.72432
9.75159
10.698
11.554
12.3183
12.995
13.5909
14.1139
14.5724
14.974
15.3259
15.6346
15.9057
16.1442
16.3544
16.5401
16.7043
16.85
16.9794
17.0948
17.1977
17.2898
17.3724
17.4467
17.5137
17.5742
17.629
17.6789
17.7242
17.7657
17.8037
17.8386
17.8708
17.9006
17.9283
17.9541
17.9782
18.0008
18.0221
18.0422
18.0613
18.0795
18.097
18.1137
18.1298
18.1453
18.1604
18.1751
18.1895
18.2035
18.2173
18.2308
18.2442
18.2574
18.2705
18.2835
18.2964
18.3092
18.322
18.3347
18.3473
18.3599
18.3724
18.385
18.3976
18.4103
18.4231
18.436
18.4492
18.4625
18.476
18.4897
18.5037
18.5179
18.5323
18.5469
18.5617
18.5766
18.5916
18.6067
18.6216
18.6365
18.6511
18.6655
18.6794
18.6929
18.7057
18.7178
18.7292
18.7396
18.7491
18.7576
18.7649
18.7711
18.7762
18.78
18.7827
18.7841
18.7845
18.7837
18.782
18.7793
18.7759
18.7719
18.7683
1.84139
1.6697
1.52946
1.4157
1.32537
1.25752
1.21298
1.19428
1.2059
1.25453
1.3495
1.50277
1.72823
2.03963
2.44734
2.95456
3.55469
4.23102
4.95936
5.71237
6.46405
7.19312
7.88439
8.52868
9.12169
9.66264
10.153
10.5957
10.9943
11.3526
11.6744
11.9636
12.2235
12.4573
12.668
12.858
13.0296
13.1848
13.3256
13.4534
13.5697
13.6757
13.7725
13.8611
13.9424
14.0171
14.0859
14.1494
14.2082
14.2626
14.3132
14.3603
14.4043
14.4454
14.484
14.5203
14.5544
14.5867
14.6172
14.6462
14.6738
14.7001
14.7252
14.7492
14.7723
14.7945
14.816
14.8367
14.8567
14.8762
14.8951
14.9135
14.9315
14.949
14.9662
14.983
14.9995
15.0158
15.0317
15.0473
15.0627
15.0779
15.0929
15.1078
15.1225
15.1372
15.1519
15.1666
15.1812
15.1959
15.2107
15.2254
15.2402
15.255
15.2697
15.2845
15.2991
15.3136
15.328
15.3421
15.3558
15.3692
15.3822
15.3945
15.4063
15.4174
15.4277
15.4371
15.4457
15.4533
15.4599
15.4654
15.4699
15.4734
15.4757
15.477
15.4772
15.4765
15.4748
15.4723
15.4692
15.4663
1.83747
1.65774
1.50597
1.37779
1.26982
1.17973
1.10613
1.0485
1.0071
0.982967
0.978021
0.995182
1.03851
1.11327
1.22579
1.383
1.59157
1.8566
2.1803
2.56083
2.99199
3.4637
3.96324
4.47698
4.99198
5.49723
5.98422
6.44713
6.88244
7.28853
7.66513
8.01289
8.33305
8.6272
8.8971
9.1446
9.37152
9.57962
9.77057
9.94591
10.1071
10.2554
10.392
10.5181
10.6345
10.7422
10.842
10.9345
11.0206
11.1007
11.1753
11.2451
11.3103
11.3714
11.4288
11.4827
11.5334
11.5813
11.6266
11.6694
11.71
11.7486
11.7853
11.8203
11.8536
11.8855
11.9161
11.9454
11.9736
12.0007
12.0268
12.052
12.0763
12.0999
12.1227
12.1449
12.1664
12.1874
12.2078
12.2277
12.2471
12.2659
12.2844
12.3024
12.3201
12.3375
12.3546
12.3715
12.3881
12.4046
12.4208
12.4369
12.4529
12.4686
12.4842
12.4997
12.5149
12.5298
12.5445
12.5589
12.5729
12.5865
12.5996
12.6122
12.6242
12.6355
12.6462
12.656
12.6651
12.6733
12.6805
12.6868
12.6921
12.6964
12.6997
12.702
12.7033
12.7036
12.703
12.7015
12.6993
12.6972
1.83635
1.65389
1.49762
1.36332
1.24761
1.14783
1.062
0.988661
0.926848
0.875995
0.835924
0.806832
0.789309
0.784375
0.793528
0.818789
0.862716
0.92835
1.01906
1.13827
1.28904
1.47355
1.69265
1.94546
2.22922
2.53944
2.87029
3.21516
3.56728
3.92031
4.26872
4.60806
4.93501
5.24733
5.54367
5.8234
6.08641
6.33298
6.56364
6.77909
6.98012
7.16757
7.34232
7.50522
7.65713
7.79885
7.93115
8.05474
8.1703
8.27845
8.37975
8.47474
8.5639
8.64769
8.72652
8.80077
8.87079
8.9369
8.9994
9.05856
9.11462
9.16782
9.21837
9.26645
9.31224
9.35591
9.3976
9.43746
9.47561
9.51216
9.54723
9.58092
9.61331
9.64449
9.67454
9.70353
9.73153
9.7586
9.7848
9.81019
9.83481
9.85871
9.88189
9.90436
9.92621
9.94747
9.96819
9.98841
10.0082
10.0275
10.0464
10.065
10.0831
10.1009
10.1184
10.1355
10.1522
10.1686
10.1846
10.2001
10.2152
10.2298
10.2439
10.2574
10.2703
10.2825
10.2941
10.3048
10.3148
10.324
10.3322
10.3396
10.346
10.3514
10.3559
10.3593
10.3618
10.3633
10.3638
10.3635
10.3624
10.3611
1.8361
1.6529
1.49526
1.35888
1.24033
1.13688
1.04634
0.966998
0.8975
0.836801
0.784121
0.738903
0.700795
0.66963
0.645428
0.628393
0.618928
0.617651
0.625408
0.643286
0.672608
0.714903
0.771843
0.845141
0.936407
1.04697
1.17771
1.32885
1.49987
1.68946
1.89555
2.11545
2.34602
2.58391
2.82575
3.06842
3.30912
3.54551
3.77572
3.99838
4.21253
4.41758
4.61321
4.79937
4.97613
5.1437
5.30236
5.45245
5.59435
5.72846
5.85517
5.97491
6.08808
6.19507
6.29627
6.39204
6.48273
6.56867
6.65016
6.72748
6.80091
6.8707
6.93708
7.00027
7.06047
7.11788
7.17267
7.22501
7.27505
7.32294
7.36882
7.4128
7.455
7.49552
7.53448
7.57195
7.60802
7.64278
7.6763
7.70865
7.7399
7.77011
7.79934
7.82764
7.85503
7.88152
7.90717
7.93204
7.95618
7.97963
8.00241
8.02458
8.04614
8.06713
8.08756
8.10744
8.12677
8.14556
8.1638
8.18147
8.19856
8.21505
8.23092
8.24614
8.26066
8.27448
8.28753
8.2998
8.31125
8.32184
8.33153
8.34031
8.34814
8.35501
8.36089
8.36577
8.36965
8.37253
8.37442
8.37535
8.37552
8.37537
1.83605
1.6527
1.49473
1.35782
1.23848
1.13393
1.04192
0.960651
0.888632
0.82467
0.767793
0.717216
0.672311
0.632587
0.597667
0.567277
0.541239
0.519467
0.501959
0.488804
0.480184
0.476377
0.477764
0.484832
0.498176
0.518492
0.546563
0.583231
0.629359
0.685781
0.75324
0.832318
0.923369
1.02647
1.14136
1.26745
1.40383
1.54927
1.70234
1.86143
2.02486
2.19096
2.35813
2.52491
2.69003
2.85241
3.01119
3.16569
3.31543
3.46009
3.59947
3.73348
3.86213
3.98545
4.10356
4.21658
4.32466
4.42798
4.52671
4.62105
4.71117
4.79728
4.87956
4.95821
5.03341
5.10533
5.17417
5.24007
5.30319
5.36369
5.42171
5.47737
5.5308
5.58212
5.63143
5.67885
5.72447
5.76838
5.81066
5.85142
5.89071
5.92862
5.96523
6.00059
6.03476
6.06782
6.09979
6.13069
6.16054
6.18941
6.21735
6.24439
6.27058
6.29595
6.32052
6.34431
6.36735
6.38963
6.41117
6.43197
6.45203
6.47133
6.48986
6.50761
6.52456
6.54068
6.55596
6.57036
6.58387
6.59645
6.60808
6.61874
6.62841
6.63707
6.6447
6.65129
6.65684
6.66135
6.66482
6.66728
6.6689
6.67006
1.83603
1.65264
1.49462
1.3576
1.23811
1.13332
1.04098
0.959246
0.886595
0.821781
0.76377
0.711705
0.664871
0.622675
0.584622
0.550304
0.519386
0.491594
0.466712
0.444572
0.425055
0.408081
0.393614
0.381659
0.372259
0.365503
0.36152
0.360489
0.362632
0.368221
0.377575
0.391057
0.409065
0.432026
0.460379
0.49456
0.534976
0.581988
0.635877
0.696829
0.764907
0.84004
0.922013
1.01046
1.1049
1.20469
1.30914
1.41744
1.52877
1.64227
1.75714
1.87258
1.98787
2.10236
2.2155
2.32681
2.43591
2.5425
2.64637
2.74735
2.84535
2.94032
3.03223
3.12111
3.20698
3.28989
3.36992
3.44712
3.52158
3.59337
3.66257
3.72928
3.79359
3.85556
3.91531
3.97291
4.02845
4.08201
4.13368
4.18354
4.23166
4.27813
4.323
4.36635
4.40825
4.44875
4.48792
4.5258
4.56245
4.59789
4.63211
4.66516
4.69709
4.72792
4.75771
4.78647
4.81424
4.84102
4.86685
4.89172
4.91564
4.93862
4.96065
4.98173
5.00185
5.021
5.03916
5.05632
5.07246
5.08756
5.10162
5.11461
5.12652
5.13734
5.14705
5.15566
5.16316
5.16956
5.17486
5.17908
5.18238
5.18507
1.83602
1.65261
1.49457
1.35754
1.23801
1.13319
1.0408
0.958995
0.886239
0.821274
0.763051
0.710688
0.663449
0.620708
0.581938
0.54669
0.514581
0.485287
0.45853
0.434076
0.411723
0.391305
0.372681
0.355736
0.340378
0.326535
0.314157
0.30321
0.293681
0.285572
0.278905
0.273723
0.270083
0.268068
0.267776
0.26933
0.272873
0.278569
0.2866
0.297167
0.310483
0.326773
0.346262
0.369175
0.395723
0.426098
0.460462
0.49894
0.541607
0.588489
0.639549
0.694691
0.753754
0.81652
0.882713
0.952008
1.02404
1.09842
1.17473
1.25254
1.33145
1.41103
1.49091
1.57073
1.65016
1.72891
1.80673
1.88341
1.95878
2.03269
2.10504
2.17574
2.24476
2.31204
2.37758
2.44137
2.50341
2.56374
2.62235
2.67929
2.73457
2.78824
2.84031
2.89083
2.93982
2.98732
3.03337
3.07799
3.12123
3.16312
3.2037
3.24299
3.281
3.31771
3.35315
3.38734
3.42033
3.45212
3.48274
3.5122
3.54051
3.56768
3.59371
3.61861
3.64236
3.66497
3.68644
3.70674
3.72589
3.74387
3.76067
3.77629
3.79073
3.80398
3.81604
3.82691
3.83661
3.84514
3.85252
3.85877
3.86403
3.86855
1.83602
1.65258
1.49453
1.35749
1.23795
1.13313
1.04073
0.958918
0.886153
0.821175
0.76293
0.710534
0.663244
0.620428
0.581551
0.546153
0.513841
0.484276
0.457165
0.432255
0.409327
0.388188
0.368672
0.350636
0.333951
0.31851
0.304216
0.290989
0.278758
0.267465
0.25706
0.247503
0.238763
0.230816
0.223648
0.217252
0.211627
0.206783
0.202736
0.199511
0.19714
0.195665
0.195138
0.195619
0.197177
0.199891
0.203849
0.209148
0.215891
0.224188
0.234154
0.245906
0.259562
0.275237
0.293041
0.313074
0.335426
0.360169
0.387359
0.417029
0.449188
0.48382
0.520884
0.560309
0.602
0.645836
0.691672
0.739344
0.78867
0.839452
0.891485
0.944558
0.998455
1.05297
1.10788
1.16301
1.21815
1.27315
1.32782
1.38204
1.43568
1.48862
1.54076
1.59202
1.64235
1.69167
1.73995
1.78715
1.83324
1.87821
1.92205
1.96473
2.00626
2.04665
2.08588
2.12393
2.16075
2.19635
2.23072
2.26385
2.29575
2.32642
2.35585
2.38404
2.41098
2.43668
2.46113
2.48433
2.50628
2.52698
2.54643
2.56465
2.58163
2.59739
2.61194
2.6253
2.63748
2.6485
2.65838
2.66717
2.67495
2.68194
1.83601
1.65256
1.4945
1.35744
1.2379
1.13307
1.04068
0.958862
0.886097
0.821119
0.762874
0.710479
0.663188
0.620369
0.581486
0.546077
0.513746
0.484154
0.457003
0.432037
0.409031
0.387791
0.368143
0.349936
0.333036
0.317326
0.302702
0.28907
0.276348
0.264464
0.253353
0.242957
0.233225
0.224112
0.215578
0.207589
0.200113
0.193125
0.186603
0.180527
0.174883
0.169658
0.164845
0.160438
0.156435
0.152837
0.149649
0.146879
0.144537
0.142639
0.141203
0.140252
0.139811
0.139911
0.140587
0.141876
0.143823
0.146471
0.149873
0.154081
0.159152
0.165144
0.172116
0.18013
0.189247
0.199524
0.21102
0.223788
0.237875
0.253323
0.270168
0.288435
0.308141
0.329291
0.351879
0.375888
0.401288
0.428036
0.456079
0.485351
0.515773
0.54726
0.579713
0.61303
0.6471
0.681806
0.717031
0.752652
0.788549
0.824602
0.860692
0.896708
0.93254
0.968087
1.00325
1.03795
1.07213
1.10568
1.13854
1.17063
1.20188
1.23227
1.26174
1.29026
1.31781
1.34438
1.36994
1.39449
1.41801
1.44052
1.46201
1.48249
1.50196
1.52044
1.53793
1.55445
1.57001
1.58463
1.59834
1.61114
1.6231
1.6343
1.83601
1.65254
1.49448
1.35742
1.23787
1.13304
1.04064
0.958826
0.886061
0.821083
0.762838
0.710444
0.663153
0.620336
0.581454
0.546046
0.513716
0.484124
0.456972
0.432004
0.408994
0.387747
0.368088
0.349865
0.332945
0.317207
0.302545
0.288866
0.276084
0.264125
0.25292
0.24241
0.232539
0.223258
0.214524
0.206295
0.198537
0.191216
0.184303
0.177772
0.171597
0.165758
0.160235
0.155011
0.150069
0.145397
0.140981
0.136812
0.132879
0.129176
0.125696
0.122433
0.119385
0.116549
0.113924
0.11151
0.109308
0.107324
0.105559
0.104021
0.102717
0.101657
0.10085
0.100309
0.100049
0.100085
0.100436
0.10112
0.10216
0.103578
0.1054
0.107653
0.110364
0.113563
0.11728
0.121547
0.126395
0.131856
0.137962
0.144742
0.152227
0.160443
0.169416
0.179167
0.189715
0.201075
0.213256
0.226262
0.240094
0.254744
0.270201
0.286446
0.303456
0.321199
0.33964
0.35874
0.378452
0.398728
0.419521
0.440778
0.462436
0.484429
0.506692
0.529156
0.551755
0.574423
0.597094
0.619705
0.642197
0.66451
0.686589
0.708384
0.729844
0.750927
0.771589
0.791794
0.811508
0.8307
0.849344
0.867417
0.884906
0.901769
1.83601
1.65254
1.49448
1.35742
1.23787
1.13304
1.04064
0.958826
0.886061
0.821083
0.762838
0.710444
0.663153
0.620336
0.581454
0.546046
0.513716
0.484124
0.456972
0.432004
0.408994
0.387747
0.368088
0.349865
0.332945
0.317207
0.302545
0.288866
0.276084
0.264125
0.25292
0.24241
0.232539
0.223258
0.214524
0.206296
0.198538
0.191217
0.184304
0.177773
0.171599
0.16576
0.160237
0.155013
0.150072
0.1454
0.140984
0.136815
0.132883
0.129181
0.125701
0.122439
0.119392
0.116557
0.113932
0.11152
0.10932
0.107336
0.105573
0.104037
0.102735
0.101676
0.100871
0.100333
0.100075
0.100114
0.100468
0.101155
0.102198
0.10362
0.105447
0.107703
0.110419
0.113622
0.117344
0.121616
0.126469
0.131936
0.138047
0.144833
0.152323
0.160545
0.169524
0.17928
0.189834
0.201199
0.213384
0.226396
0.240231
0.254885
0.270346
0.286593
0.303605
0.32135
0.339793
0.358893
0.378605
0.398881
0.419674
0.440931
0.46259
0.484585
0.50685
0.529318
0.551921
0.574595
0.597273
0.619893
0.642393
0.664717
0.686807
0.708611
0.730082
0.751173
0.771842
0.792051
0.811766
0.830954
0.84959
0.867649
0.885117
0.901953
1.83601
1.65256
1.4945
1.35744
1.2379
1.13307
1.04068
0.958862
0.886097
0.821119
0.762874
0.710479
0.663188
0.62037
0.581486
0.546077
0.513746
0.484154
0.457003
0.432037
0.409032
0.387791
0.368143
0.349936
0.333037
0.317327
0.302703
0.289071
0.27635
0.264467
0.253356
0.242961
0.23323
0.224118
0.215585
0.207597
0.200123
0.193138
0.186617
0.180544
0.174903
0.169682
0.164872
0.16047
0.156472
0.152879
0.149698
0.146934
0.144601
0.142712
0.141286
0.140346
0.139918
0.140032
0.140723
0.14203
0.143995
0.146664
0.150089
0.154322
0.15942
0.165442
0.172446
0.180495
0.189648
0.199964
0.211502
0.224313
0.238445
0.253941
0.270835
0.289153
0.308911
0.330114
0.352755
0.376818
0.402273
0.429075
0.457172
0.486496
0.51697
0.548507
0.58101
0.614375
0.64849
0.68324
0.718505
0.754166
0.790099
0.826187
0.86231
0.898356
0.934216
0.969791
1.00498
1.03971
1.0739
1.10749
1.14037
1.17248
1.20377
1.23418
1.26368
1.29224
1.31982
1.34642
1.37201
1.39659
1.42014
1.44268
1.46419
1.48468
1.50415
1.52262
1.5401
1.55659
1.5721
1.58666
1.60029
1.61299
1.62483
1.6359
1.83602
1.65258
1.49453
1.35749
1.23795
1.13313
1.04073
0.958918
0.886153
0.821175
0.76293
0.710535
0.663244
0.620429
0.581551
0.546154
0.513842
0.484277
0.457167
0.432258
0.40933
0.388192
0.368678
0.350643
0.33396
0.318521
0.30423
0.291006
0.27878
0.267491
0.257092
0.247542
0.238809
0.230871
0.223714
0.217329
0.211719
0.206891
0.202862
0.199657
0.197309
0.195862
0.195365
0.19588
0.197476
0.200234
0.204241
0.209594
0.216397
0.224761
0.2348
0.246632
0.260375
0.276143
0.294047
0.314188
0.336652
0.361514
0.388827
0.418623
0.450913
0.485678
0.522875
0.562434
0.604258
0.648225
0.694189
0.741985
0.79143
0.842326
0.894467
0.947641
1.00163
1.05623
1.11123
1.16643
1.22164
1.27669
1.33142
1.38569
1.43936
1.49234
1.54451
1.5958
1.64614
1.69548
1.74377
1.79098
1.83708
1.88205
1.92589
1.96858
2.01011
2.0505
2.08974
2.12781
2.16464
2.20026
2.23465
2.26782
2.29975
2.33046
2.35993
2.38816
2.41515
2.44089
2.46538
2.48861
2.51059
2.5313
2.55076
2.56896
2.5859
2.60161
2.61607
2.62932
2.64135
2.6522
2.66187
2.67042
2.67793
2.68462
1.83602
1.65261
1.49457
1.35754
1.23801
1.13319
1.0408
0.958996
0.88624
0.821275
0.763052
0.71069
0.663451
0.620712
0.581943
0.546697
0.514591
0.4853
0.458547
0.434097
0.411751
0.39134
0.372725
0.355791
0.340446
0.32662
0.31426
0.303335
0.293831
0.285752
0.279121
0.273979
0.270387
0.268426
0.268197
0.269824
0.27345
0.27924
0.287378
0.298066
0.311518
0.327959
0.347615
0.370711
0.397457
0.428046
0.462638
0.501356
0.544275
0.591415
0.64274
0.698148
0.757478
0.820507
0.886957
0.9565
1.02877
1.10337
1.17989
1.25789
1.33697
1.41671
1.49673
1.57667
1.65621
1.73505
1.81295
1.88969
1.96511
2.03906
2.11144
2.18218
2.25121
2.3185
2.38404
2.44783
2.50988
2.57019
2.6288
2.68572
2.74098
2.79463
2.84668
2.89717
2.94613
2.99361
3.03962
3.08422
3.12744
3.1693
3.20985
3.24913
3.28713
3.32383
3.35927
3.39348
3.42649
3.45831
3.48897
3.51848
3.54684
3.57407
3.60016
3.62512
3.64893
3.6716
3.6931
3.71344
3.73259
3.75056
3.76731
3.78286
3.79718
3.81027
3.82214
3.83277
3.84217
3.85036
3.85735
3.86316
3.86793
3.87192
1.83603
1.65264
1.49462
1.35761
1.23811
1.13332
1.04099
0.95925
0.8866
0.821788
0.763781
0.71172
0.664891
0.622702
0.584658
0.550352
0.519448
0.491674
0.466814
0.444702
0.425217
0.408283
0.393863
0.381964
0.372631
0.365954
0.362065
0.361143
0.363415
0.369155
0.378685
0.392369
0.41061
0.433835
0.462486
0.496998
0.53778
0.585188
0.639504
0.700906
0.769454
0.845069
0.927528
1.01646
1.11137
1.21162
1.3165
1.4252
1.5369
1.65074
1.7659
1.88159
1.9971
2.11178
2.22507
2.3365
2.44569
2.55236
2.65628
2.7573
2.85532
2.95029
3.0422
3.13107
3.21692
3.29981
3.3798
3.45697
3.53139
3.60314
3.6723
3.73897
3.80322
3.86515
3.92485
3.98239
4.03788
4.09139
4.14301
4.19281
4.24088
4.28729
4.3321
4.3754
4.41724
4.45769
4.4968
4.53464
4.57124
4.60665
4.64085
4.67388
4.7058
4.73665
4.76645
4.79525
4.82307
4.84992
4.87582
4.90077
4.92479
4.94787
4.96999
4.99116
5.01136
5.03057
5.04877
5.06593
5.08204
5.09708
5.11101
5.12382
5.13549
5.146
5.15534
5.16351
5.17049
5.17629
5.18092
5.18442
5.18692
5.18876
1.83605
1.6527
1.49473
1.35782
1.23849
1.13394
1.04194
0.960672
0.888663
0.824713
0.767852
0.717295
0.672418
0.632727
0.597848
0.567509
0.541536
0.519841
0.502429
0.48939
0.480911
0.477274
0.478865
0.486178
0.499814
0.520476
0.548952
0.58609
0.632756
0.689785
0.757917
0.837727
0.929561
1.03348
1.14921
1.27614
1.41334
1.55957
1.71338
1.87315
2.03718
2.20381
2.37143
2.53859
2.70401
2.86663
3.02558
3.18021
3.33004
3.47475
3.61415
3.74816
3.87677
4.00006
4.11811
4.23106
4.33907
4.44231
4.54096
4.6352
4.72523
4.81125
4.89344
4.97199
5.0471
5.11894
5.18768
5.25349
5.31653
5.37695
5.43488
5.49046
5.54382
5.59506
5.6443
5.69164
5.73718
5.78101
5.82322
5.8639
5.90312
5.94096
5.97748
6.01277
6.04687
6.07986
6.11178
6.14262
6.17243
6.20127
6.2292
6.25625
6.28247
6.30788
6.33252
6.3564
6.37954
6.40195
6.42363
6.44457
6.46478
6.48423
6.50291
6.52078
6.53783
6.55402
6.56931
6.58368
6.59709
6.6095
6.62088
6.63119
6.64042
6.64854
6.65553
6.66137
6.66606
6.66961
6.67203
6.67334
6.67373
6.67359
1.8361
1.65291
1.49527
1.3589
1.24036
1.13692
1.04641
0.967098
0.897637
0.836986
0.784367
0.739227
0.701217
0.670177
0.646129
0.629287
0.620063
0.619085
0.627212
0.645545
0.675421
0.718384
0.776119
0.850345
0.942674
1.05443
1.18646
1.33896
1.51139
1.70238
1.90983
2.131
2.36272
2.60162
2.84433
3.08771
3.32896
3.56577
3.7963
4.01916
4.23343
4.43852
4.63415
4.82026
4.99693
5.16439
5.32292
5.47287
5.61461
5.74855
5.8751
5.99467
6.10767
6.21449
6.31552
6.41113
6.50166
6.58745
6.66878
6.74596
6.81926
6.88891
6.95516
7.01822
7.0783
7.13559
7.19027
7.24251
7.29245
7.34024
7.38602
7.42991
7.47202
7.51245
7.55132
7.5887
7.62469
7.65936
7.69279
7.72505
7.75621
7.78634
7.81548
7.84369
7.87101
7.89743
7.92303
7.94786
7.97197
7.99541
8.01822
8.04044
8.06208
8.08318
8.10375
8.1238
8.14333
8.16233
8.18079
8.1987
8.21603
8.23275
8.24882
8.26419
8.27884
8.2927
8.30573
8.31788
8.3291
8.33935
8.34859
8.35676
8.36385
8.36982
8.37466
8.37835
8.38089
8.38229
8.38257
8.38178
8.38012
8.37805
1.83636
1.65391
1.49766
1.3634
1.24773
1.14801
1.06225
0.989009
0.927316
0.876617
0.836745
0.807909
0.790715
0.786204
0.795899
0.821852
0.866653
0.933377
1.02542
1.14622
1.29883
1.48541
1.70674
1.96185
2.24789
2.56029
2.89312
3.23972
3.59328
3.94745
4.29671
4.63665
4.964
5.27653
5.57294
5.85262
6.11551
6.3619
6.59234
6.80753
7.00828
7.19543
7.36988
7.53249
7.6841
7.82552
7.95754
8.08086
8.19615
8.30404
8.40509
8.49985
8.58878
8.67235
8.75097
8.82503
8.89486
8.96079
9.02312
9.08211
9.13803
9.19108
9.24148
9.28943
9.3351
9.37865
9.42023
9.45998
9.49802
9.53447
9.56945
9.60304
9.63534
9.66643
9.69639
9.72529
9.75319
9.78017
9.80627
9.83156
9.85608
9.87988
9.90296
9.92535
9.94712
9.96832
9.98899
10.0092
10.029
10.0483
10.0673
10.086
10.1043
10.1224
10.1401
10.1575
10.1745
10.1912
10.2076
10.2235
10.2389
10.2538
10.2682
10.2819
10.2949
10.3071
10.3185
10.329
10.3386
10.3471
10.3546
10.3609
10.3661
10.3702
10.373
10.3747
10.3751
10.3744
10.3726
10.3697
10.366
10.362
1.8375
1.65781
1.50612
1.37805
1.2702
1.18027
1.10687
1.04951
1.00845
0.984782
0.980453
0.998438
1.04286
1.11906
1.23344
1.39298
1.60436
1.87266
2.19993
2.58418
3.019
3.49407
3.99654
4.51268
5.02952
5.53606
6.02388
6.48723
6.9227
7.32872
7.70509
8.0525
8.37224
8.66591
8.93531
9.1823
9.4087
9.61629
9.80675
9.98161
10.1423
10.2902
10.4264
10.552
10.6681
10.7754
10.8749
10.9671
11.0529
11.1327
11.2071
11.2766
11.3415
11.4024
11.4596
11.5133
11.5639
11.6116
11.6567
11.6993
11.7398
11.7782
11.8148
11.8496
11.8829
11.9147
11.9451
11.9743
12.0024
12.0294
12.0554
12.0805
12.1048
12.1283
12.151
12.1731
12.1945
12.2154
12.2356
12.2554
12.2747
12.2935
12.3118
12.3297
12.3474
12.3647
12.3818
12.3987
12.4154
12.4319
12.4484
12.4647
12.481
12.4971
12.5131
12.529
12.5447
12.5601
12.5753
12.5902
12.6047
12.6187
12.6322
12.645
12.657
12.6683
12.6786
12.688
12.6963
12.7035
12.7094
12.7142
12.7177
12.7198
12.7207
12.7203
12.7186
12.7158
12.7117
12.7067
12.7008
12.6948
1.84147
1.66992
1.52989
1.41637
1.32636
1.2589
1.21488
1.19691
1.20954
1.25958
1.35651
1.51247
1.74146
2.05731
2.47028
2.98331
3.58935
4.27125
5.00441
5.76123
6.51568
7.24653
7.93878
8.58342
9.17633
9.71685
10.2066
10.6485
11.0463
11.4037
11.7247
12.013
12.2721
12.5051
12.715
12.9043
13.0752
13.2299
13.3701
13.4973
13.6131
13.7186
13.815
13.9032
13.9841
14.0584
14.1269
14.1901
14.2485
14.3027
14.353
14.3999
14.4436
14.4845
14.5229
14.559
14.593
14.6251
14.6554
14.6843
14.7117
14.7378
14.7628
14.7868
14.8097
14.8319
14.8532
14.8738
14.8938
14.9131
14.932
14.9503
14.9682
14.9856
15.0027
15.0194
15.0358
15.0519
15.0677
15.0832
15.0985
15.1135
15.1284
15.1432
15.1579
15.1726
15.1873
15.202
15.2169
15.2318
15.2468
15.262
15.2772
15.2925
15.3079
15.3234
15.3387
15.354
15.3691
15.3838
15.3982
15.4121
15.4255
15.438
15.4498
15.4606
15.4703
15.4789
15.4863
15.4923
15.4969
15.5001
15.5018
15.5021
15.5009
15.4983
15.4944
15.4891
15.4827
15.4752
15.467
15.4589
1.85285
1.70072
1.58546
1.5017
1.44916
1.43197
1.45847
1.54185
1.70114
1.96146
2.3517
2.89816
3.61465
4.49336
5.50231
6.59165
7.70585
8.79557
9.82472
10.7718
11.6275
12.391
13.0665
13.6611
14.1827
14.6397
15.0399
15.3905
15.6979
15.9679
16.2053
16.4145
16.5991
16.7625
16.9074
17.0361
17.1507
17.253
17.3445
17.4266
17.5004
17.5669
17.6269
17.6814
17.7308
17.7758
17.817
17.8547
17.8893
17.9212
17.9508
17.9782
18.0038
18.0277
18.0501
18.0712
18.0912
18.1101
18.1282
18.1455
18.1621
18.178
18.1935
18.2085
18.2231
18.2373
18.2513
18.265
18.2784
18.2917
18.3049
18.3179
18.3308
18.3436
18.3563
18.3689
18.3815
18.394
18.4064
18.4188
18.4312
18.4437
18.4563
18.469
18.4819
18.495
18.5084
18.5221
18.5361
18.5504
18.5651
18.5802
18.5955
18.6111
18.627
18.6429
18.659
18.675
18.6909
18.7065
18.7216
18.7362
18.75
18.763
18.775
18.7857
18.7952
18.8033
18.8098
18.8148
18.818
18.8196
18.8195
18.8176
18.8141
18.809
18.8024
18.7944
18.7852
18.775
18.7642
18.7537
1.88026
1.76748
1.69908
1.67351
1.70095
1.80207
2.00961
2.37039
2.94219
3.77923
4.90608
6.29451
7.86286
9.50137
11.1062
12.6024
13.9491
15.1326
16.1567
17.0345
17.7826
18.4184
18.9581
19.4163
19.8056
20.1369
20.4192
20.6603
20.8665
21.0433
21.1951
21.3257
21.4383
21.5355
21.6196
21.6925
21.7557
21.8107
21.8587
21.9005
21.9371
21.9691
21.9974
22.0222
22.0442
22.0638
22.0812
22.0969
22.111
22.1238
22.1355
22.1463
22.1563
22.1656
22.1745
22.1829
22.1911
22.199
22.2067
22.2143
22.2218
22.2293
22.2369
22.2445
22.2523
22.2601
22.2681
22.2762
22.2846
22.2931
22.3018
22.3107
22.3197
22.329
22.3385
22.348
22.3578
22.3677
22.3777
22.3881
22.3986
22.4095
22.4208
22.4324
22.4445
22.457
22.4701
22.4838
22.498
22.5128
22.5282
22.5442
22.5607
22.5777
22.595
22.6126
22.6304
22.6481
22.6657
22.683
22.6997
22.7157
22.7307
22.7446
22.7572
22.7684
22.7778
22.7855
22.7913
22.7951
22.7968
22.7965
22.7941
22.7897
22.7834
22.7753
22.7655
22.7543
22.7418
22.7284
22.7145
22.7012
1.9378
1.89636
1.91341
2.00574
2.21689
2.61955
3.31844
4.43183
6.03458
8.0893
10.4335
12.8459
15.1344
17.1824
18.9456
20.4273
21.6544
22.6625
23.4872
24.1607
24.7106
25.1597
25.5269
25.8273
26.0733
26.2747
26.4396
26.5745
26.6847
26.7745
26.8474
26.9063
26.9536
26.9913
27.0211
27.0442
27.0618
27.0749
27.0842
27.0905
27.0943
27.0961
27.0962
27.0951
27.0931
27.0903
27.0869
27.0833
27.0794
27.0755
27.0716
27.0679
27.0644
27.0612
27.0583
27.0558
27.0537
27.0521
27.0509
27.0503
27.0502
27.0506
27.0516
27.0531
27.0552
27.0578
27.061
27.0647
27.0689
27.0737
27.0789
27.0847
27.0909
27.0976
27.1046
27.112
27.1198
27.128
27.1367
27.1458
27.1555
27.1657
27.1765
27.1879
27.2001
27.2131
27.2268
27.2415
27.2569
27.2733
27.2905
27.3086
27.3273
27.3468
27.3668
27.3871
27.4077
27.4282
27.4485
27.4683
27.4874
27.5056
27.5225
27.5379
27.5516
27.5633
27.5729
27.5803
27.5852
27.5876
27.5875
27.5849
27.5797
27.5722
27.5624
27.5505
27.5368
27.5215
27.505
27.4877
27.4702
27.4535
2.04645
2.12773
2.30595
2.65758
3.32772
4.53374
6.5018
9.29579
12.6862
16.2471
19.587
22.4842
24.877
26.7966
28.3117
29.4973
30.4207
31.1383
31.6951
32.1263
32.4594
32.7155
32.9112
33.0592
33.1695
33.25
33.3068
33.3447
33.3678
33.379
33.3808
33.3753
33.3641
33.3484
33.3294
33.3078
33.2845
33.26
33.2347
33.209
33.1833
33.1578
33.1327
33.1082
33.0844
33.0615
33.0394
33.0184
32.9983
32.9794
32.9615
32.9448
32.9291
32.9146
32.9013
32.8891
32.878
32.868
32.8591
32.8512
32.8445
32.8388
32.8341
32.8305
32.8278
32.8261
32.8253
32.8254
32.8265
32.8283
32.831
32.8345
32.8386
32.8434
32.8489
32.8549
32.8616
32.869
32.877
32.8858
32.8954
32.9057
32.917
32.9292
32.9424
32.9567
32.9721
32.9888
33.0066
33.0256
33.0459
33.0672
33.0895
33.1126
33.1365
33.1608
33.1853
33.2098
33.234
33.2574
33.2798
33.3009
33.3204
33.3378
33.353
33.3657
33.3755
33.3825
33.3863
33.387
33.3846
33.3789
33.3703
33.3587
33.3444
33.3278
33.3091
33.2888
33.2673
33.2451
33.223
33.2021
2.23713
2.53016
3.03691
4.01133
5.87533
9.06502
13.589
18.8108
23.879
28.237
31.7155
34.377
36.3669
37.8362
38.9126
39.6962
40.2622
40.6664
40.9501
41.1436
41.2695
41.3445
41.3811
41.3891
41.3754
41.3456
41.304
41.2538
41.1976
41.1372
41.0741
41.0097
40.9448
40.8801
40.8162
40.7534
40.6922
40.6328
40.5753
40.5199
40.4667
40.4157
40.367
40.3206
40.2765
40.2346
40.195
40.1577
40.1225
40.0894
40.0585
40.0296
40.0027
39.9777
39.9546
39.9334
39.914
39.8964
39.8804
39.8661
39.8534
39.8423
39.8327
39.8245
39.8178
39.8125
39.8085
39.8058
39.8043
39.804
39.8047
39.8066
39.8094
39.813
39.8176
39.8231
39.8294
39.8367
39.8449
39.8541
39.8643
39.8757
39.8882
39.9021
39.9173
39.934
39.9523
39.9721
39.9935
40.0165
40.041
40.067
40.0943
40.1226
40.1518
40.1815
40.2115
40.2413
40.2705
40.2988
40.3257
40.3507
40.3735
40.3936
40.4108
40.4246
40.4348
40.4412
40.4437
40.4422
40.4366
40.4272
40.414
40.3972
40.3773
40.3546
40.3295
40.3026
40.2746
40.2461
40.2182
40.1919
2.55791
3.23424
4.47415
7.02087
11.7607
18.6935
26.4515
33.4836
39.0574
43.1541
46.0457
48.041
49.396
50.3008
50.8904
51.259
51.4724
51.5763
51.603
51.5754
51.5097
51.4178
51.3082
51.187
51.0588
50.927
50.7939
50.6614
50.5309
50.4031
50.2788
50.1585
50.0425
49.9309
49.8239
49.7215
49.6237
49.5304
49.4417
49.3574
49.2773
49.2014
49.1296
49.0617
48.9977
48.9373
48.8805
48.8271
48.777
48.7302
48.6864
48.6456
48.6077
48.5726
48.5402
48.5103
48.4829
48.458
48.4353
48.4149
48.3967
48.3806
48.3665
48.3544
48.3441
48.3357
48.329
48.324
48.3205
48.3186
48.3182
48.319
48.321
48.3242
48.3286
48.3342
48.3409
48.3488
48.358
48.3684
48.3802
48.3934
48.4082
48.4247
48.4431
48.4633
48.4856
48.5099
48.5363
48.5648
48.5952
48.6275
48.6614
48.6967
48.733
48.7699
48.807
48.8438
48.8798
48.9144
48.9471
48.9773
49.0045
49.0281
49.0478
49.0632
49.0739
49.0797
49.0804
49.076
49.0666
49.0522
49.0331
49.0097
48.9824
48.9517
48.9184
48.8831
48.8466
48.8099
48.7743
48.7407
3.0897
4.51457
7.5105
13.8436
23.9762
35.3993
45.2416
52.4633
57.3279
60.4562
62.4041
63.5741
64.2364
64.5675
64.6822
64.6559
64.538
64.3617
64.1491
63.9153
63.6705
63.4218
63.1739
62.9301
62.6925
62.4625
62.241
62.0284
61.8251
61.631
61.4461
61.2702
61.1031
60.9445
60.7941
60.6516
60.5167
60.3891
60.2685
60.1546
60.047
59.9456
59.85
59.7601
59.6755
59.596
59.5214
59.4515
59.3862
59.3251
59.2682
59.2152
59.1661
59.1206
59.0786
59.04
59.0046
58.9723
58.9431
58.9167
58.8931
58.8722
58.8539
58.838
58.8246
58.8134
58.8045
58.7976
58.7928
58.7899
58.7886
58.789
58.791
58.7944
58.7993
58.8057
58.8136
58.8229
58.8338
58.8463
58.8605
58.8766
58.8947
58.915
58.9377
58.9628
58.9905
59.0209
59.054
59.0897
59.128
59.1686
59.2113
59.2557
59.3013
59.3476
59.3941
59.4401
59.4849
59.5278
59.5681
59.6051
59.6381
59.6665
59.6896
59.7072
59.7186
59.7238
59.7224
59.7145
59.7001
59.6794
59.6529
59.6209
59.5841
59.5432
59.4991
59.4527
59.4051
59.3575
59.3115
59.268
3.9802
6.99437
14.2291
28.0769
44.9651
59.2527
69.0256
75.0123
78.4486
80.3017
81.1992
81.5248
81.5093
81.2921
80.9579
80.5593
80.1286
79.6864
79.2452
78.8129
78.3944
77.9922
77.6079
77.2421
76.8948
76.5656
76.2541
75.9596
75.6814
75.4186
75.1706
74.9366
74.7158
74.5075
74.3112
74.1261
73.9516
73.7873
73.6325
73.4867
73.3496
73.2206
73.0994
72.9856
72.8788
72.7787
72.6849
72.5972
72.5154
72.439
72.3679
72.3019
72.2407
72.1841
72.1319
72.084
72.0402
72.0003
71.9641
71.9316
71.9025
71.8768
71.8543
71.8349
71.8184
71.8048
71.794
71.7857
71.7799
71.7764
71.775
71.7756
71.7781
71.7825
71.7887
71.7967
71.8064
71.818
71.8316
71.8471
71.8648
71.8848
71.9075
71.9329
71.9613
71.9929
72.0278
72.0662
72.108
72.1532
72.2017
72.2531
72.3072
72.3634
72.4212
72.4798
72.5385
72.5965
72.6529
72.7068
72.7572
72.8033
72.8441
72.8789
72.907
72.9278
72.9407
72.9455
72.9418
72.9298
72.9094
72.8811
72.8452
72.8024
72.7535
72.6994
72.6413
72.5804
72.5181
72.4558
72.3958
72.3386
5.51862
12.1358
28.618
53.2721
75.163
89.4015
97.2921
101.233
102.948
103.451
103.303
102.812
102.148
101.406
100.641
99.882
99.1454
98.4402
97.7705
97.1377
96.5417
95.9813
95.4551
94.9613
94.4979
94.0631
93.6551
93.2721
92.9125
92.5749
92.2577
91.9596
91.6795
91.4163
91.1688
90.9361
90.7175
90.5119
90.3188
90.1373
89.9668
89.8068
89.6567
89.516
89.3841
89.2606
89.1452
89.0374
88.9368
88.8432
88.7562
88.6754
88.6007
88.5317
88.4682
88.41
88.3569
88.3085
88.2649
88.2257
88.1907
88.1599
88.1331
88.1101
88.0908
88.0749
88.0624
88.0531
88.0467
88.0431
88.0421
88.0436
88.0474
88.0535
88.0618
88.0723
88.085
88.0998
88.1171
88.1367
88.1591
88.1845
88.2131
88.2452
88.2811
88.3211
88.3653
88.414
88.467
88.5245
88.5861
88.6515
88.7203
88.7919
88.8654
88.94
89.0148
89.0886
89.1604
89.2288
89.2928
89.3513
89.403
89.4469
89.4822
89.508
89.5238
89.529
89.5235
89.507
89.4799
89.4425
89.3953
89.3392
89.2752
89.2044
89.1284
89.0486
88.967
88.8852
88.8062
88.7301
8.30684
23.1874
55.9835
91.0944
114.02
125.618
130.558
132.117
132.044
131.21
130.045
128.76
127.463
126.203
125.006
123.88
122.828
121.848
120.937
120.09
119.302
118.569
117.887
117.251
116.658
116.105
115.588
115.104
114.652
114.228
113.832
113.46
113.111
112.784
112.477
112.189
111.919
111.665
111.427
111.204
110.994
110.798
110.613
110.441
110.28
110.129
109.988
109.856
109.734
109.62
109.514
109.416
109.326
109.242
109.166
109.096
109.032
108.974
108.921
108.875
108.833
108.797
108.765
108.738
108.716
108.698
108.684
108.674
108.668
108.664
108.665
108.668
108.674
108.682
108.694
108.708
108.725
108.744
108.766
108.792
108.82
108.852
108.889
108.93
108.975
109.026
109.082
109.144
109.211
109.284
109.363
109.446
109.534
109.625
109.719
109.815
109.911
110.005
110.097
110.186
110.268
110.344
110.411
110.468
110.514
110.548
110.569
110.577
110.571
110.55
110.517
110.469
110.409
110.337
110.255
110.164
110.065
109.962
109.855
109.748
109.643
109.542
13.6539
46.1866
100.89
141.893
161.711
168.972
170.465
169.543
167.685
165.531
163.354
161.269
159.321
157.52
155.863
154.341
152.944
151.66
150.477
149.387
148.38
147.449
146.585
145.784
145.039
144.345
143.699
143.096
142.533
142.007
141.515
141.054
140.623
140.218
139.84
139.484
139.151
138.839
138.546
138.272
138.015
137.774
137.548
137.337
137.14
136.956
136.784
136.623
136.474
136.336
136.207
136.088
135.978
135.878
135.785
135.7
135.624
135.554
135.492
135.436
135.387
135.344
135.307
135.276
135.25
135.23
135.215
135.204
135.198
135.196
135.198
135.204
135.213
135.226
135.242
135.261
135.283
135.309
135.338
135.371
135.407
135.449
135.495
135.547
135.605
135.669
135.741
135.819
135.905
135.998
136.098
136.204
136.316
136.433
136.554
136.677
136.8
136.922
137.042
137.156
137.264
137.364
137.452
137.529
137.592
137.639
137.67
137.684
137.681
137.659
137.62
137.563
137.489
137.4
137.297
137.182
137.057
136.924
136.787
136.647
136.51
136.375
24.4338
89.7616
166.479
206.652
220.133
222.111
219.946
216.502
212.836
209.324
206.086
203.143
200.483
198.078
195.9
193.923
192.124
190.481
188.976
187.595
186.324
185.151
184.066
183.062
182.13
181.264
180.457
179.706
179.005
178.351
177.739
177.168
176.632
176.131
175.662
175.222
174.81
174.424
174.062
173.724
173.406
173.109
172.831
172.571
172.328
172.102
171.891
171.694
171.511
171.341
171.184
171.039
170.905
170.782
170.67
170.567
170.474
170.39
170.315
170.248
170.19
170.139
170.096
170.06
170.03
170.008
169.991
169.981
169.976
169.976
169.981
169.991
170.005
170.023
170.045
170.071
170.101
170.135
170.174
170.216
170.264
170.317
170.377
170.443
170.517
170.599
170.69
170.789
170.898
171.017
171.144
171.28
171.423
171.573
171.727
171.886
172.045
172.204
172.36
172.511
172.654
172.786
172.906
173.011
173.099
173.168
173.217
173.245
173.25
173.232
173.191
173.128
173.043
172.938
172.814
172.673
172.518
172.352
172.179
172
171.822
171.645
46.6901
163.957
256.213
288.718
293.63
289.774
283.781
277.7
272.104
267.103
262.671
258.74
255.242
252.116
249.307
246.772
244.475
242.384
240.476
238.727
237.12
235.639
234.272
233.007
231.834
230.745
229.732
228.789
227.909
227.088
226.321
225.604
224.934
224.306
223.719
223.169
222.654
222.171
221.719
221.296
220.9
220.529
220.182
219.859
219.556
219.274
219.011
218.767
218.54
218.329
218.135
217.955
217.79
217.638
217.5
217.374
217.26
217.157
217.066
216.985
216.914
216.854
216.802
216.76
216.726
216.701
216.683
216.673
216.67
216.673
216.683
216.699
216.72
216.746
216.777
216.813
216.854
216.9
216.951
217.007
217.07
217.139
217.216
217.302
217.396
217.501
217.617
217.744
217.883
218.033
218.195
218.369
218.552
218.744
218.943
219.147
219.354
219.562
219.766
219.965
220.156
220.335
220.499
220.646
220.772
220.876
220.955
221.008
221.033
221.029
220.996
220.935
220.845
220.729
220.588
220.424
220.241
220.041
219.829
219.608
219.385
219.159
92.208
280.768
376.825
395.574
390.283
380.065
369.912
360.886
353.062
346.293
340.404
335.243
330.687
326.636
323.011
319.748
316.797
314.116
311.67
309.431
307.376
305.483
303.736
302.12
300.623
299.232
297.94
296.736
295.614
294.567
293.59
292.676
291.822
291.022
290.274
289.573
288.917
288.303
287.728
287.19
286.687
286.216
285.775
285.364
284.981
284.623
284.29
283.981
283.694
283.428
283.182
282.955
282.747
282.557
282.383
282.225
282.083
281.955
281.842
281.742
281.655
281.581
281.518
281.468
281.428
281.399
281.381
281.372
281.372
281.38
281.397
281.421
281.452
281.491
281.535
281.586
281.642
281.705
281.774
281.851
281.934
282.026
282.127
282.239
282.362
282.497
282.646
282.809
282.986
283.179
283.386
283.607
283.842
284.089
284.345
284.609
284.879
285.15
285.42
285.684
285.94
286.184
286.411
286.618
286.803
286.96
287.088
287.185
287.248
287.276
287.268
287.224
287.145
287.031
286.885
286.709
286.506
286.28
286.035
285.776
285.508
285.234
183.056
458.245
542.617
542.087
524.925
507.445
492.394
479.763
469.116
460.043
452.22
445.402
439.403
434.08
429.323
425.046
421.181
417.67
414.468
411.538
408.848
406.372
404.086
401.972
400.013
398.194
396.502
394.928
393.46
392.091
390.812
389.617
388.5
387.454
386.476
385.56
384.703
383.901
383.15
382.447
381.79
381.175
380.601
380.065
379.565
379.099
378.666
378.263
377.89
377.545
377.226
376.932
376.663
376.417
376.192
375.989
375.806
375.643
375.498
375.371
375.261
375.168
375.09
375.028
374.981
374.947
374.927
374.92
374.925
374.941
374.968
375.006
375.053
375.109
375.173
375.246
375.327
375.415
375.512
375.618
375.733
375.858
375.994
376.143
376.307
376.485
376.68
376.892
377.122
377.371
377.638
377.924
378.227
378.545
378.877
379.221
379.572
379.929
380.286
380.639
380.985
381.318
381.634
381.929
382.198
382.438
382.644
382.813
382.943
383.031
383.077
383.079
383.038
382.954
382.829
382.666
382.467
382.237
381.98
381.701
381.406
381.099
362.553
730.72
784.22
758.32
726.657
700.051
678.548
660.977
646.352
633.968
623.326
614.067
605.927
598.708
592.258
586.458
581.215
576.452
572.108
568.132
564.48
561.118
558.014
555.143
552.481
550.01
547.712
545.573
543.578
541.717
539.98
538.356
536.837
535.417
534.088
532.844
531.679
530.59
529.57
528.616
527.723
526.89
526.111
525.384
524.706
524.075
523.489
522.944
522.44
521.973
521.543
521.147
520.784
520.453
520.152
519.88
519.635
519.417
519.224
519.056
518.911
518.789
518.688
518.609
518.549
518.509
518.488
518.483
518.496
518.524
518.568
518.626
518.698
518.782
518.878
518.986
519.105
519.235
519.376
519.528
519.693
519.871
520.063
520.271
520.496
520.74
521.004
521.289
521.596
521.926
522.279
522.656
523.054
523.472
523.909
524.361
524.826
525.299
525.776
526.253
526.723
527.183
527.626
528.047
528.441
528.804
529.131
529.416
529.658
529.853
529.999
530.095
530.139
530.133
530.078
529.976
529.829
529.642
529.421
529.17
528.891
528.595
727.535
1175.53
1172.05
1111.42
1059.84
1020
988.702
963.396
942.421
924.688
909.454
896.195
884.534
874.185
864.934
856.61
849.082
842.239
835.996
830.279
825.027
820.189
815.721
811.587
807.755
804.196
800.886
797.803
794.93
792.248
789.744
787.404
785.215
783.168
781.253
779.46
777.783
776.213
774.744
773.37
772.085
770.884
769.764
768.718
767.743
766.836
765.993
765.211
764.487
763.818
763.201
762.635
762.116
761.643
761.213
760.825
760.478
760.168
759.896
759.658
759.455
759.285
759.146
759.038
758.958
758.907
758.882
758.883
758.909
758.958
759.03
759.123
759.236
759.368
759.519
759.687
759.871
760.072
760.29
760.524
760.775
761.044
761.333
761.642
761.973
762.328
762.708
763.114
763.548
764.011
764.502
765.021
765.568
766.14
766.737
767.354
767.988
768.634
769.289
769.947
770.602
771.248
771.88
772.491
773.075
773.627
774.141
774.613
775.038
775.412
775.734
776
776.21
776.364
776.463
776.508
776.503
776.452
776.359
776.231
776.065
775.879
1541.16
2000.71
1895.11
1779.62
1694.82
1631.66
1582.51
1542.85
1509.96
1482.12
1458.17
1437.31
1418.94
1402.62
1388.01
1374.87
1362.96
1352.14
1342.26
1333.21
1324.89
1317.22
1310.14
1303.59
1297.51
1291.86
1286.61
1281.72
1277.16
1272.91
1268.93
1265.22
1261.74
1258.49
1255.45
1252.61
1249.94
1247.45
1245.12
1242.94
1240.9
1239
1237.22
1235.56
1234.02
1232.58
1231.25
1230.01
1228.86
1227.8
1226.83
1225.94
1225.12
1224.37
1223.69
1223.09
1222.54
1222.05
1221.63
1221.26
1220.94
1220.68
1220.47
1220.3
1220.19
1220.11
1220.08
1220.09
1220.14
1220.23
1220.36
1220.52
1220.71
1220.93
1221.19
1221.47
1221.78
1222.12
1222.49
1222.88
1223.31
1223.76
1224.23
1224.74
1225.29
1225.86
1226.47
1227.11
1227.79
1228.51
1229.27
1230.06
1230.88
1231.74
1232.63
1233.54
1234.48
1235.43
1236.4
1237.37
1238.34
1239.3
1240.25
1241.18
1242.08
1242.95
1243.78
1244.57
1245.31
1245.99
1246.62
1247.2
1247.72
1248.18
1248.58
1248.93
1249.23
1249.49
1249.7
1249.88
1250.02
1250.14
3775.04
3941.35
3618.18
3387.09
3227.6
3110.01
3018.46
2944.39
2882.83
2830.61
2785.63
2746.37
2711.76
2680.99
2653.43
2628.59
2606.1
2585.64
2566.94
2549.81
2534.06
2519.54
2506.12
2493.7
2482.18
2471.48
2461.52
2452.25
2443.6
2435.53
2427.99
2420.94
2414.35
2408.19
2402.42
2397.02
2391.97
2387.24
2382.82
2378.69
2374.82
2371.21
2367.84
2364.7
2361.77
2359.05
2356.52
2354.18
2352.01
2350.01
2348.16
2346.47
2344.93
2343.52
2342.24
2341.1
2340.07
2339.16
2338.36
2337.67
2337.08
2336.6
2336.2
2335.9
2335.69
2335.56
2335.52
2335.55
2335.66
2335.84
2336.09
2336.41
2336.79
2337.23
2337.74
2338.3
2338.92
2339.59
2340.32
2341.1
2341.94
2342.83
2343.78
2344.78
2345.84
2346.96
2348.14
2349.38
2350.68
2352.04
2353.45
2354.92
2356.43
2358
2359.6
2361.24
2362.91
2364.59
2366.29
2367.99
2369.69
2371.37
2373.04
2374.67
2376.26
2377.82
2379.32
2380.77
2382.16
2383.49
2384.76
2385.96
2387.11
2388.2
2389.24
2390.24
2391.19
2392.11
2393.02
2393.91
2394.75
2395.64
11676.1
10215.1
9366.55
8821.2
8437.04
8148.03
7919.9
7733.64
7577.86
7445.12
7330.33
7229.89
7141.14
7062.08
6991.16
6927.18
6869.17
6816.34
6768.04
6723.74
6682.99
6645.41
6610.67
6578.49
6548.64
6520.89
6495.07
6471.01
6448.58
6427.63
6408.07
6389.78
6372.68
6356.68
6341.71
6327.7
6314.59
6302.32
6290.85
6280.12
6270.09
6260.73
6251.99
6243.85
6236.27
6229.22
6222.67
6216.6
6210.99
6205.82
6201.06
6196.7
6192.71
6189.09
6185.81
6182.86
6180.23
6177.91
6175.87
6174.12
6172.64
6171.41
6170.44
6169.71
6169.2
6168.92
6168.85
6168.99
6169.32
6169.84
6170.55
6171.42
6172.46
6173.66
6175.02
6176.53
6178.18
6179.98
6181.93
6184.02
6186.26
6188.66
6191.21
6193.91
6196.78
6199.82
6203.02
6206.39
6209.93
6213.63
6217.49
6221.48
6225.61
6229.86
6234.2
6238.62
6243.09
6247.59
6252.09
6256.57
6260.99
6265.34
6269.58
6273.7
6277.67
6281.47
6285.1
6288.54
6291.78
6294.82
6297.67
6300.32
6302.8
6305.12
6307.3
6309.36
6311.34
6313.27
6315.17
6317.1
6318.97
6321.03
)
;

boundaryField
{
    lowerWall
    {
        type            epsilonWallFunction;
        value           nonuniform List<scalar> 
122
(
11607.3
10157.7
9314.43
8772.21
8390.2
8102.79
7875.93
7690.7
7535.77
7403.76
7289.61
7189.73
7101.46
7022.84
6952.31
6888.69
6831
6778.46
6730.43
6686.38
6645.85
6608.48
6573.93
6541.93
6512.24
6484.64
6458.97
6435.04
6412.73
6391.9
6372.45
6354.26
6337.25
6321.34
6306.45
6292.52
6279.48
6267.29
6255.88
6245.21
6235.24
6225.93
6217.24
6209.14
6201.6
6194.58
6188.07
6182.04
6176.46
6171.32
6166.59
6162.25
6158.28
6154.68
6151.42
6148.49
6145.87
6143.56
6141.54
6139.79
6138.32
6137.1
6136.13
6135.4
6134.9
6134.62
6134.55
6134.68
6135.01
6135.53
6136.23
6137.11
6138.15
6139.36
6140.73
6142.25
6143.91
6145.73
6147.69
6149.8
6152.05
6154.44
6156.98
6159.67
6162.5
6165.48
6168.6
6171.87
6175.27
6178.82
6182.49
6186.29
6190.2
6194.21
6198.31
6202.48
6206.71
6210.98
6215.28
6219.59
6223.89
6228.16
6232.39
6236.57
6240.67
6244.7
6248.63
6252.47
6256.21
6259.83
6263.36
6266.78
6270.11
6273.34
6276.5
6279.6
6282.64
6285.65
6288.63
6291.63
6294.52
6297.55
)
;
    }
    upperWall
    {
        type            epsilonWallFunction;
        value           nonuniform List<scalar> 
122
(
11676.1
10215.1
9366.55
8821.2
8437.04
8148.03
7919.9
7733.64
7577.86
7445.12
7330.33
7229.89
7141.14
7062.08
6991.16
6927.18
6869.17
6816.34
6768.04
6723.74
6682.99
6645.41
6610.67
6578.49
6548.64
6520.89
6495.07
6471.01
6448.58
6427.63
6408.07
6389.78
6372.68
6356.68
6341.71
6327.7
6314.59
6302.32
6290.85
6280.12
6270.09
6260.73
6251.99
6243.85
6236.27
6229.22
6222.67
6216.6
6210.99
6205.82
6201.06
6196.7
6192.71
6189.09
6185.81
6182.86
6180.23
6177.91
6175.87
6174.12
6172.64
6171.41
6170.44
6169.71
6169.2
6168.92
6168.85
6168.99
6169.32
6169.84
6170.55
6171.42
6172.46
6173.66
6175.02
6176.53
6178.18
6179.98
6181.93
6184.02
6186.26
6188.66
6191.21
6193.91
6196.78
6199.82
6203.02
6206.39
6209.93
6213.63
6217.49
6221.48
6225.61
6229.86
6234.2
6238.62
6243.09
6247.59
6252.09
6256.57
6260.99
6265.34
6269.58
6273.7
6277.67
6281.47
6285.1
6288.54
6291.78
6294.82
6297.67
6300.32
6302.8
6305.12
6307.3
6309.36
6311.34
6313.27
6315.17
6317.1
6318.97
6321.03
)
;
    }
    inlet
    {
        type            turbulentMixingLengthDissipationRateInlet;
        mixingLength    0.07;
        phi             phi;
        k               k;
        value           uniform 2.0504;
    }
    outlet
    {
        type            zeroGradient;
    }
    frontAndBack
    {
        type            empty;
    }
}


// ************************************************************************* //
