/*--------------------------------*- C++ -*----------------------------------*\
  =========                 |
  \\      /  F ield         | OpenFOAM: The Open Source CFD Toolbox
   \\    /   O peration     | Website:  https://openfoam.org
    \\  /    A nd           | Version:  8
     \\/     M anipulation  |
\*---------------------------------------------------------------------------*/
FoamFile
{
    version     2.0;
    format      ascii;
    class       volScalarField;
    location    "1000";
    object      k;
}
// * * * * * * * * * * * * * * * * * * * * * * * * * * * * * * * * * * * * * //

dimensions      [0 2 -2 0 0 0 0];

internalField   nonuniform List<scalar> 
7320
(
6.07652
5.55942
5.24732
5.04165
4.8942
4.78178
4.69211
4.61825
4.55602
4.50265
4.45625
4.41545
4.37924
4.34686
4.31771
4.29132
4.26733
4.24542
4.22534
4.20689
4.18987
4.17415
4.15959
4.14608
4.13352
4.12184
4.11095
4.10079
4.09131
4.08244
4.07415
4.0664
4.05914
4.05234
4.04598
4.04002
4.03444
4.02921
4.02432
4.01974
4.01546
4.01146
4.00773
4.00425
4.00101
3.99799
3.99519
3.99259
3.99019
3.98797
3.98593
3.98406
3.98235
3.9808
3.97939
3.97813
3.977
3.976
3.97513
3.97438
3.97374
3.97322
3.9728
3.97248
3.97227
3.97214
3.97212
3.97217
3.97232
3.97254
3.97284
3.97322
3.97367
3.97419
3.97478
3.97544
3.97616
3.97694
3.97778
3.97869
3.97966
3.98069
3.98178
3.98293
3.98415
3.98543
3.98677
3.98818
3.98964
3.99117
3.99275
3.99439
3.99608
3.99781
3.99959
4.0014
4.00324
4.00509
4.00696
4.00884
4.01071
4.01257
4.01442
4.01624
4.01803
4.01978
4.02149
4.02316
4.02478
4.02634
4.02786
4.02933
4.03075
4.03213
4.03346
4.03476
4.03602
4.03726
4.03849
4.03971
4.04088
4.0421
4.84215
5.67924
5.54001
5.36046
5.21715
5.10399
5.01225
4.93597
4.87129
4.81558
4.76697
4.72412
4.68601
4.65186
4.62109
4.59321
4.56782
4.54462
4.52335
4.50378
4.48573
4.46904
4.45358
4.43924
4.4259
4.41348
4.40191
4.39111
4.38103
4.37161
4.3628
4.35455
4.34683
4.3396
4.33284
4.3265
4.32057
4.31501
4.30982
4.30495
4.30041
4.29616
4.2922
4.28851
4.28507
4.28187
4.2789
4.27615
4.27361
4.27127
4.26911
4.26714
4.26534
4.2637
4.26223
4.2609
4.25972
4.25868
4.25777
4.257
4.25634
4.25581
4.25539
4.25508
4.25487
4.25477
4.25477
4.25486
4.25504
4.2553
4.25565
4.25608
4.25659
4.25717
4.25781
4.25853
4.25931
4.26016
4.26107
4.26204
4.26308
4.26419
4.26536
4.2666
4.26791
4.2693
4.27076
4.27231
4.27393
4.27563
4.27741
4.27926
4.28119
4.28319
4.28524
4.28735
4.2895
4.29169
4.2939
4.29612
4.29833
4.30053
4.30271
4.30483
4.30691
4.30891
4.31084
4.31268
4.31443
4.31607
4.31761
4.31903
4.32034
4.32154
4.32263
4.32362
4.32451
4.32532
4.32605
4.32671
4.32729
4.32782
3.59581
5.0514
5.15997
5.06781
4.96411
4.87324
4.79598
4.72999
4.67307
4.62344
4.57977
4.541
4.50635
4.47517
4.44698
4.42135
4.39797
4.37656
4.35689
4.33877
4.32204
4.30655
4.29219
4.27885
4.26644
4.25488
4.2441
4.23404
4.22464
4.21585
4.20763
4.19994
4.19274
4.186
4.17969
4.17378
4.16824
4.16307
4.15822
4.15369
4.14946
4.14551
4.14182
4.13839
4.1352
4.13223
4.12948
4.12694
4.12459
4.12243
4.12044
4.11863
4.11698
4.11549
4.11414
4.11294
4.11188
4.11094
4.11014
4.10945
4.10889
4.10843
4.10809
4.10785
4.10771
4.10766
4.10771
4.10785
4.10807
4.10837
4.10875
4.10921
4.10973
4.11032
4.11097
4.11168
4.11245
4.11328
4.11416
4.11511
4.11612
4.11719
4.11832
4.11954
4.12083
4.1222
4.12366
4.12521
4.12686
4.12861
4.13046
4.1324
4.13444
4.13656
4.13876
4.14103
4.14335
4.14572
4.1481
4.15049
4.15287
4.15521
4.1575
4.15971
4.16182
4.16381
4.16567
4.16739
4.16893
4.1703
4.17149
4.17249
4.17329
4.1739
4.17431
4.17455
4.17462
4.17452
4.17429
4.17393
4.17345
4.17285
2.74725
4.48339
4.83294
4.83938
4.78111
4.71517
4.65355
4.59832
4.54927
4.50567
4.46677
4.43188
4.40045
4.372
4.34614
4.32254
4.30093
4.28108
4.2628
4.24593
4.23032
4.21585
4.20241
4.18991
4.17828
4.16743
4.15731
4.14786
4.13902
4.13076
4.12302
4.11579
4.10901
4.10267
4.09673
4.09117
4.08597
4.0811
4.07654
4.07229
4.06832
4.06461
4.06115
4.05794
4.05495
4.05218
4.04962
4.04725
4.04506
4.04306
4.04123
4.03955
4.03804
4.03667
4.03545
4.03436
4.0334
4.03257
4.03186
4.03127
4.03079
4.03042
4.03016
4.02999
4.02992
4.02994
4.03006
4.03025
4.03053
4.03088
4.0313
4.03179
4.03235
4.03297
4.03364
4.03437
4.03515
4.03599
4.03688
4.03782
4.03883
4.0399
4.04104
4.04226
4.04356
4.04496
4.04645
4.04806
4.04977
4.0516
4.05355
4.05561
4.05778
4.06006
4.06242
4.06487
4.06737
4.06992
4.07249
4.07505
4.07758
4.08005
4.08244
4.08471
4.08685
4.08882
4.0906
4.09218
4.09352
4.09462
4.09547
4.09605
4.09637
4.09642
4.09622
4.09576
4.09507
4.09417
4.09307
4.09181
4.09041
4.08882
2.10346
3.90602
4.48941
4.61127
4.60898
4.57387
4.53133
4.489
4.44924
4.41265
4.37922
4.34873
4.32092
4.29549
4.27219
4.2508
4.23111
4.21295
4.19616
4.18061
4.16619
4.15279
4.14032
4.12871
4.11788
4.10777
4.09833
4.08951
4.08125
4.07353
4.0663
4.05953
4.05319
4.04725
4.04169
4.03649
4.03163
4.02708
4.02282
4.01885
4.01514
4.01169
4.00847
4.00549
4.00271
4.00015
3.99778
3.99559
3.99358
3.99174
3.99007
3.98855
3.98718
3.98595
3.98485
3.98389
3.98306
3.98234
3.98174
3.98125
3.98087
3.9806
3.98042
3.98034
3.98036
3.98046
3.98065
3.98092
3.98126
3.98167
3.98216
3.9827
3.98331
3.98397
3.98469
3.98546
3.98627
3.98713
3.98805
3.98901
3.99004
3.99113
3.9923
3.99355
3.99489
3.99633
3.99788
3.99955
4.00135
4.00328
4.00533
4.00752
4.00983
4.01225
4.01477
4.01738
4.02005
4.02276
4.02548
4.02818
4.03084
4.03341
4.03587
4.03819
4.04032
4.04225
4.04394
4.04536
4.04651
4.04735
4.04788
4.04808
4.04796
4.04752
4.04676
4.0457
4.04436
4.04277
4.04095
4.03893
4.03676
4.03437
1.61624
3.30894
4.10161
4.35522
4.42201
4.42574
4.40724
4.38106
4.35281
4.32483
4.29808
4.27292
4.24944
4.22762
4.20738
4.18859
4.17115
4.15496
4.13991
4.1259
4.11285
4.10069
4.08934
4.07874
4.06884
4.05958
4.05091
4.0428
4.03521
4.02809
4.02143
4.01519
4.00935
4.00388
3.99875
3.99396
3.98947
3.98528
3.98137
3.97772
3.97431
3.97115
3.9682
3.96547
3.96294
3.96061
3.95846
3.95649
3.95468
3.95303
3.95154
3.95019
3.94899
3.94792
3.94698
3.94616
3.94547
3.94488
3.94441
3.94405
3.94379
3.94363
3.94356
3.94359
3.9437
3.9439
3.94419
3.94454
3.94497
3.94547
3.94603
3.94665
3.94732
3.94805
3.94882
3.94964
3.9505
3.95142
3.95237
3.95338
3.95445
3.95559
3.9568
3.9581
3.95949
3.96099
3.96262
3.96436
3.96625
3.96827
3.97043
3.97274
3.97517
3.97772
3.98038
3.98313
3.98594
3.98878
3.99163
3.99444
3.9972
3.99985
4.00236
4.00469
4.00682
4.00869
4.01029
4.01158
4.01255
4.01316
4.01342
4.01331
4.01282
4.01197
4.01076
4.00922
4.00735
4.0052
4.00281
4.0002
3.99743
3.99442
1.26812
2.7064
3.65726
4.05358
4.20386
4.25636
4.26838
4.26267
4.24897
4.23181
4.21339
4.19484
4.17674
4.15936
4.14285
4.12725
4.11255
4.09875
4.0858
4.07365
4.06226
4.05158
4.04157
4.03219
4.02339
4.01514
4.0074
4.00014
3.99333
3.98694
3.98096
3.97535
3.97009
3.96516
3.96055
3.95624
3.95221
3.94844
3.94493
3.94166
3.93861
3.93579
3.93316
3.93074
3.9285
3.92644
3.92456
3.92283
3.92126
3.91985
3.91857
3.91743
3.91643
3.91555
3.91479
3.91415
3.91362
3.9132
3.91289
3.91267
3.91256
3.91253
3.9126
3.91275
3.91299
3.91331
3.91371
3.91418
3.91471
3.91531
3.91596
3.91667
3.91744
3.91824
3.9191
3.91999
3.92093
3.92191
3.92293
3.92401
3.92514
3.92634
3.92761
3.92897
3.93043
3.93201
3.9337
3.93553
3.93751
3.93962
3.94189
3.94429
3.94684
3.94951
3.95228
3.95514
3.95807
3.96102
3.96397
3.96688
3.96971
3.97242
3.97497
3.97732
3.97943
3.98127
3.9828
3.98399
3.98482
3.98527
3.98532
3.98497
3.98421
3.98305
3.98151
3.97959
3.97734
3.97479
3.97196
3.96892
3.96571
3.96225
1.04443
2.13048
3.15609
3.69382
3.94125
4.05401
4.10457
4.12487
4.12967
4.12622
4.11833
4.10811
4.09673
4.0849
4.07304
4.06139
4.0501
4.03924
4.02888
4.01901
4.00966
4.0008
3.99243
3.98452
3.97707
3.97005
3.96343
3.95721
3.95135
3.94585
3.94068
3.93583
3.93128
3.92702
3.92303
3.9193
3.91581
3.91256
3.90954
3.90672
3.90411
3.90169
3.89946
3.8974
3.89551
3.89379
3.89222
3.8908
3.88952
3.88838
3.88736
3.88648
3.88571
3.88507
3.88453
3.8841
3.88378
3.88356
3.88343
3.8834
3.88345
3.8836
3.88383
3.88414
3.88453
3.88499
3.88553
3.88613
3.8868
3.88752
3.88829
3.88912
3.88999
3.89091
3.89187
3.89286
3.89389
3.89496
3.89607
3.89723
3.89845
3.89973
3.90108
3.90252
3.90407
3.90572
3.9075
3.90942
3.91148
3.91369
3.91604
3.91855
3.92119
3.92395
3.92683
3.92979
3.93281
3.93585
3.93889
3.94187
3.94477
3.94754
3.95013
3.95251
3.95463
3.95646
3.95795
3.95909
3.95984
3.96018
3.96011
3.9596
3.95867
3.95731
3.95555
3.9534
3.95089
3.94806
3.94495
3.94161
3.93812
3.93435
0.919762
1.62589
2.61278
3.26902
3.62244
3.80741
3.90596
3.95917
3.98747
4.00145
4.00694
4.00725
4.00438
3.99954
3.99352
3.98681
3.97977
3.97259
3.96544
3.95842
3.95158
3.94497
3.93862
3.93255
3.92675
3.92124
3.91601
3.91105
3.90637
3.90195
3.89779
3.89387
3.89019
3.88673
3.8835
3.88048
3.87766
3.87504
3.8726
3.87034
3.86826
3.86634
3.86458
3.86297
3.86151
3.86019
3.85901
3.85796
3.85703
3.85622
3.85553
3.85495
3.85448
3.85412
3.85385
3.85368
3.85361
3.85362
3.85373
3.85392
3.85419
3.85454
3.85496
3.85546
3.85604
3.85668
3.85739
3.85816
3.85898
3.85986
3.86079
3.86176
3.86277
3.86382
3.8649
3.86602
3.86717
3.86836
3.86959
3.87086
3.87218
3.87356
3.87502
3.87656
3.87819
3.87995
3.88182
3.88383
3.88598
3.88827
3.89072
3.89331
3.89604
3.8989
3.90186
3.90491
3.90801
3.91113
3.91425
3.91731
3.92027
3.9231
3.92575
3.92817
3.93033
3.93218
3.93368
3.93482
3.93555
3.93587
3.93574
3.93518
3.93416
3.93271
3.93084
3.92857
3.92593
3.92295
3.91968
3.91617
3.9125
3.90855
0.860369
1.23773
2.06198
2.78202
3.23846
3.50547
3.66218
3.75644
3.81442
3.85055
3.87304
3.88674
3.89464
3.89864
3.89999
3.89953
3.89781
3.89526
3.89213
3.88865
3.88496
3.88115
3.87732
3.87351
3.86978
3.86614
3.86262
3.85924
3.856
3.85291
3.84999
3.84721
3.8446
3.84215
3.83984
3.8377
3.8357
3.83384
3.83213
3.83056
3.82912
3.82782
3.82664
3.82558
3.82464
3.82382
3.82311
3.82251
3.82201
3.82161
3.82132
3.82111
3.821
3.82098
3.82105
3.82119
3.82142
3.82173
3.82212
3.82258
3.82311
3.82371
3.82438
3.82511
3.82591
3.82677
3.82769
3.82866
3.82969
3.83075
3.83186
3.83301
3.8342
3.83541
3.83666
3.83793
3.83924
3.84057
3.84194
3.84335
3.8448
3.84631
3.84789
3.84955
3.85131
3.85317
3.85514
3.85725
3.8595
3.86189
3.86443
3.86711
3.86993
3.87286
3.87591
3.87904
3.88222
3.88542
3.88861
3.89175
3.89479
3.89769
3.90041
3.9029
3.90512
3.90704
3.9086
3.90979
3.91057
3.91093
3.91084
3.91029
3.9093
3.90785
3.90598
3.90369
3.90102
3.898
3.89469
3.89112
3.88738
3.88334
0.836787
0.98815
1.55966
2.25312
2.7872
3.13869
3.36248
3.50657
3.60152
3.66555
3.70958
3.74028
3.76187
3.77709
3.78779
3.79521
3.80023
3.80349
3.80544
3.80641
3.80665
3.80636
3.80567
3.8047
3.80353
3.80223
3.80084
3.79941
3.79796
3.79653
3.79514
3.79379
3.7925
3.79127
3.79012
3.78905
3.78806
3.78716
3.78634
3.78562
3.78497
3.78442
3.78395
3.78357
3.78328
3.78307
3.78294
3.78289
3.78292
3.78303
3.78321
3.78347
3.7838
3.7842
3.78467
3.78521
3.78581
3.78648
3.78721
3.788
3.78885
3.78976
3.79072
3.79175
3.79282
3.79395
3.79512
3.79635
3.79761
3.79891
3.80025
3.80162
3.80301
3.80444
3.80588
3.80735
3.80884
3.81036
3.81191
3.81348
3.8151
3.81677
3.8185
3.82031
3.8222
3.82419
3.82629
3.82852
3.83088
3.83337
3.83601
3.83878
3.84169
3.84471
3.84784
3.85105
3.85431
3.8576
3.86087
3.86409
3.86722
3.87022
3.87303
3.87562
3.87794
3.87996
3.88163
3.88293
3.88382
3.88428
3.8843
3.88386
3.88296
3.88161
3.87983
3.87762
3.87502
3.87206
3.86879
3.86525
3.86153
3.85749
0.830413
0.857509
1.16926
1.7285
2.28148
2.70333
2.99742
3.19899
3.33861
3.4372
3.50825
3.56042
3.59936
3.62883
3.65138
3.6688
3.68236
3.69298
3.70133
3.70792
3.71312
3.71725
3.72051
3.72309
3.72514
3.72675
3.72802
3.72903
3.72982
3.73046
3.73097
3.73138
3.73174
3.73204
3.73232
3.73258
3.73285
3.73312
3.73341
3.73373
3.73407
3.73445
3.73486
3.73532
3.73581
3.73635
3.73694
3.73757
3.73826
3.73898
3.73976
3.74059
3.74146
3.74238
3.74335
3.74436
3.74542
3.74653
3.74769
3.74888
3.75013
3.75141
3.75274
3.75412
3.75553
3.75699
3.75848
3.76001
3.76157
3.76316
3.76477
3.76641
3.76807
3.76974
3.77144
3.77315
3.77487
3.77661
3.77838
3.78016
3.78199
3.78385
3.78577
3.78775
3.78981
3.79196
3.79422
3.79658
3.79907
3.80169
3.80444
3.80732
3.81032
3.81344
3.81666
3.81996
3.82332
3.8267
3.83006
3.83338
3.83662
3.83972
3.84265
3.84537
3.84782
3.84998
3.85181
3.85326
3.85432
3.85495
3.85514
3.85488
3.85416
3.85299
3.85137
3.84933
3.84689
3.84407
3.84093
3.8375
3.83388
3.82991
0.831632
0.801461
0.924682
1.27902
1.76057
2.20994
2.5635
2.82478
3.0153
3.15518
3.2594
3.33832
3.39906
3.44651
3.48408
3.51418
3.53856
3.5585
3.57496
3.58866
3.60014
3.60984
3.61808
3.62514
3.63123
3.63651
3.64112
3.64518
3.64878
3.652
3.65489
3.65751
3.65991
3.66212
3.66418
3.66611
3.66793
3.66967
3.67133
3.67294
3.6745
3.67603
3.67754
3.67903
3.68051
3.68198
3.68345
3.68493
3.68641
3.68791
3.68942
3.69094
3.69248
3.69405
3.69563
3.69723
3.69886
3.70051
3.70218
3.70388
3.70561
3.70736
3.70914
3.71095
3.71278
3.71463
3.71651
3.71842
3.72034
3.72229
3.72424
3.72621
3.72819
3.73018
3.73218
3.73418
3.73619
3.73821
3.74024
3.74229
3.74436
3.74647
3.74862
3.75082
3.75309
3.75543
3.75787
3.76041
3.76306
3.76582
3.76871
3.77172
3.77485
3.77808
3.78141
3.78482
3.78828
3.79176
3.79524
3.79868
3.80203
3.80527
3.80835
3.81122
3.81384
3.81618
3.8182
3.81986
3.82113
3.82199
3.82241
3.8224
3.82192
3.821
3.81963
3.81783
3.81562
3.81302
3.81009
3.80685
3.80339
3.79957
0.835915
0.782667
0.803403
0.968303
1.29566
1.69673
2.07275
2.38225
2.62383
2.80953
2.95259
3.06386
3.15146
3.22133
3.27774
3.32383
3.3619
3.39365
3.42038
3.44308
3.46251
3.47926
3.4938
3.50652
3.51771
3.52762
3.53644
3.54435
3.55147
3.55793
3.56381
3.5692
3.57417
3.57876
3.58305
3.58705
3.59082
3.59438
3.59776
3.60098
3.60406
3.60703
3.60989
3.61267
3.61536
3.61799
3.62057
3.62309
3.62557
3.62801
3.63043
3.63282
3.63519
3.63755
3.63989
3.64222
3.64454
3.64687
3.64919
3.65151
3.65383
3.65615
3.65848
3.66082
3.66316
3.66552
3.66788
3.67024
3.67262
3.675
3.67737
3.67975
3.68213
3.6845
3.68687
3.68923
3.6916
3.69396
3.69632
3.69869
3.70107
3.70347
3.7059
3.70838
3.7109
3.71349
3.71616
3.71891
3.72176
3.72471
3.72777
3.73094
3.73422
3.7376
3.74106
3.7446
3.74819
3.75181
3.75542
3.75899
3.7625
3.76589
3.76914
3.77219
3.77502
3.77757
3.77982
3.78173
3.78327
3.7844
3.78512
3.7854
3.78524
3.78462
3.78357
3.78207
3.78017
3.77787
3.77521
3.77223
3.769
3.7654
0.841165
0.780282
0.755
0.801817
0.962762
1.23783
1.56799
1.88853
2.16639
2.39488
2.57903
2.72692
2.8462
2.94318
3.02278
3.08874
3.14394
3.19054
3.23023
3.26431
3.29379
3.31947
3.34199
3.36186
3.37951
3.39527
3.40941
3.42217
3.43374
3.44429
3.45394
3.46281
3.47101
3.47861
3.48568
3.4923
3.4985
3.50435
3.50987
3.51511
3.5201
3.52486
3.52942
3.5338
3.53801
3.54208
3.54603
3.54985
3.55357
3.5572
3.56074
3.56421
3.56761
3.57095
3.57423
3.57747
3.58066
3.58381
3.58693
3.59002
3.59308
3.59611
3.59913
3.60212
3.6051
3.60806
3.61102
3.61395
3.61688
3.6198
3.6227
3.62558
3.62844
3.63129
3.63412
3.63693
3.63972
3.6425
3.64527
3.64804
3.6508
3.65357
3.65635
3.65916
3.66201
3.6649
3.66786
3.67088
3.67398
3.67717
3.68045
3.68383
3.6873
3.69086
3.6945
3.6982
3.70195
3.70573
3.70951
3.71325
3.71693
3.72052
3.72396
3.72723
3.73029
3.7331
3.73562
3.73781
3.73965
3.74111
3.74217
3.7428
3.743
3.74276
3.74207
3.74096
3.73942
3.73748
3.73517
3.73251
3.72958
3.72627
0.846372
0.784571
0.740866
0.731421
0.780818
0.913761
1.13036
1.39676
1.66969
1.92048
2.13792
2.32135
2.47447
2.60211
2.70889
2.79873
2.87484
2.93979
2.99561
3.04393
3.08604
3.12297
3.15556
3.18449
3.2103
3.23346
3.25433
3.27323
3.29043
3.30614
3.32056
3.33383
3.3461
3.35748
3.36808
3.37798
3.38726
3.39598
3.4042
3.41198
3.41935
3.42637
3.43305
3.43944
3.44556
3.45143
3.45709
3.46254
3.46781
3.47292
3.47787
3.48268
3.48736
3.49193
3.49639
3.50075
3.50502
3.5092
3.51331
3.51735
3.52133
3.52525
3.52911
3.53293
3.53669
3.54042
3.5441
3.54775
3.55136
3.55494
3.55848
3.56199
3.56546
3.56889
3.57229
3.57565
3.57898
3.58228
3.58555
3.5888
3.59204
3.59526
3.59848
3.60171
3.60496
3.60824
3.61155
3.61492
3.61834
3.62183
3.6254
3.62904
3.63276
3.63656
3.64042
3.64434
3.6483
3.65228
3.65626
3.66021
3.66411
3.66792
3.6716
3.67512
3.67845
3.68154
3.68437
3.68689
3.68908
3.6909
3.69234
3.69338
3.69399
3.69417
3.69392
3.69323
3.69212
3.6906
3.6887
3.68644
3.68387
3.68091
0.851011
0.791143
0.741126
0.708367
0.70346
0.741579
0.838108
0.996907
1.20263
1.4285
1.65059
1.85477
2.03555
2.19259
2.3279
2.44426
2.54449
2.63115
2.70642
2.77214
2.82983
2.88074
2.9259
2.96617
3.00225
3.03473
3.0641
3.09076
3.11507
3.13731
3.15775
3.17658
3.19401
3.21018
3.22523
3.23928
3.25243
3.26478
3.27641
3.28739
3.29777
3.30762
3.31698
3.3259
3.33441
3.34256
3.35037
3.35787
3.36508
3.37204
3.37875
3.38525
3.39154
3.39764
3.40357
3.40933
3.41495
3.42043
3.42578
3.43101
3.43614
3.44115
3.44608
3.45091
3.45566
3.46033
3.46493
3.46946
3.47392
3.47833
3.48267
3.48695
3.49117
3.49533
3.49943
3.50348
3.50747
3.51142
3.51531
3.51917
3.52298
3.52677
3.53054
3.53429
3.53804
3.5418
3.54557
3.54937
3.5532
3.55708
3.56102
3.565
3.56905
3.57315
3.57731
3.5815
3.58573
3.58998
3.59422
3.59843
3.60259
3.60667
3.61064
3.61445
3.61809
3.62151
3.62468
3.62757
3.63015
3.63239
3.63425
3.63573
3.63681
3.63746
3.63769
3.63749
3.63687
3.63583
3.6344
3.63259
3.63046
3.62792
0.854799
0.797919
0.746862
0.705362
0.677885
0.670753
0.692779
0.753704
0.85933
1.00619
1.18133
1.368
1.55204
1.72458
1.88152
2.02185
2.14624
2.2561
2.35311
2.43889
2.51496
2.58264
2.64307
2.69726
2.74602
2.79009
2.83005
2.86643
2.89966
2.93013
2.95815
2.98401
3.00794
3.03015
3.05083
3.07012
3.08818
3.10513
3.12106
3.13608
3.15026
3.16369
3.17644
3.18855
3.20009
3.21109
3.22162
3.2317
3.24136
3.25065
3.25959
3.2682
3.27651
3.28455
3.29232
3.29986
3.30717
3.31427
3.32118
3.3279
3.33446
3.34086
3.34711
3.35322
3.3592
3.36505
3.37079
3.37643
3.38196
3.38739
3.39272
3.39797
3.40312
3.40819
3.41318
3.41808
3.42289
3.42764
3.43231
3.43692
3.44146
3.44595
3.4504
3.45481
3.45919
3.46355
3.4679
3.47225
3.47661
3.48099
3.48539
3.48983
3.4943
3.4988
3.50334
3.5079
3.51248
3.51707
3.52164
3.52618
3.53067
3.53508
3.53939
3.54355
3.54755
3.55135
3.55492
3.55822
3.56124
3.56393
3.56627
3.56824
3.56982
3.571
3.57176
3.5721
3.57202
3.57152
3.57062
3.56933
3.56769
3.56564
0.857613
0.803838
0.754023
0.710069
0.674015
0.648368
0.636594
0.64348
0.674826
0.73588
0.828724
0.950234
1.09243
1.24518
1.3992
1.54782
1.68713
1.81538
1.93217
2.03791
2.13338
2.21952
2.29731
2.36767
2.43146
2.48942
2.54224
2.59051
2.63474
2.67539
2.71285
2.74747
2.77954
2.80934
2.83709
2.86299
2.88723
2.90997
2.93133
2.95146
2.97045
2.98841
3.00543
3.02158
3.03694
3.05156
3.06552
3.07886
3.09162
3.10385
3.1156
3.12689
3.13775
3.14822
3.15833
3.16809
3.17754
3.18668
3.19555
3.20416
3.21252
3.22066
3.22857
3.23629
3.24382
3.25116
3.25834
3.26536
3.27222
3.27894
3.28553
3.29198
3.29831
3.30451
3.31059
3.31656
3.32242
3.32816
3.3338
3.33935
3.34481
3.35018
3.35548
3.3607
3.36588
3.371
3.37608
3.38113
3.38616
3.39118
3.3962
3.40121
3.40624
3.41127
3.4163
3.42134
3.42638
3.43141
3.43642
3.44138
3.44628
3.45111
3.45583
3.46041
3.46484
3.46909
3.47311
3.47689
3.48039
3.48359
3.48646
3.48897
3.49111
3.49286
3.49421
3.49514
3.49566
3.49575
3.49544
3.49472
3.49365
3.49215
0.859482
0.808378
0.760626
0.716973
0.678334
0.645749
0.620512
0.604371
0.599722
0.609658
0.637654
0.686738
0.758296
0.851094
0.961178
1.08279
1.20982
1.33698
1.46042
1.57773
1.68765
1.78972
1.88396
1.9707
2.05043
2.12369
2.19105
2.25304
2.31019
2.36296
2.41178
2.45704
2.49907
2.5382
2.57469
2.6088
2.64074
2.6707
2.69887
2.7254
2.75043
2.77409
2.79649
2.81774
2.83791
2.85711
2.8754
2.89286
2.90954
2.92549
2.94079
2.95546
2.96955
2.9831
2.99615
3.00874
3.02088
3.03261
3.04396
3.05494
3.06559
3.07591
3.08594
3.09568
3.10516
3.11439
3.12337
3.13214
3.14069
3.14904
3.15719
3.16516
3.17296
3.18059
3.18805
3.19536
3.20252
3.20952
3.21638
3.22311
3.22971
3.23619
3.24256
3.24882
3.25499
3.26108
3.26709
3.27303
3.27892
3.28476
3.29056
3.29633
3.30207
3.30778
3.31348
3.31914
3.32478
3.33039
3.33595
3.34146
3.3469
3.35224
3.35748
3.36259
3.36754
3.37231
3.37687
3.38119
3.38525
3.38902
3.39248
3.3956
3.39836
3.40074
3.40273
3.40431
3.40548
3.40623
3.40656
3.40649
3.40604
3.40517
0.860565
0.811411
0.765711
0.723439
0.684828
0.650242
0.620147
0.595142
0.57603
0.563904
0.56022
0.566795
0.585676
0.618805
0.66751
0.731993
0.811019
0.902008
1.00149
1.10577
1.21146
1.31586
1.41705
1.51381
1.60547
1.69173
1.77257
1.84814
1.91867
1.98447
2.04585
2.10313
2.15664
2.20668
2.25352
2.29744
2.33866
2.37742
2.4139
2.44831
2.48079
2.51151
2.5406
2.56819
2.5944
2.61931
2.64304
2.66567
2.68727
2.70792
2.72768
2.74662
2.76478
2.78223
2.799
2.81514
2.8307
2.8457
2.86018
2.87417
2.8877
2.9008
2.9135
2.92581
2.93775
2.94935
2.96063
2.9716
2.98228
2.99269
3.00283
3.01272
3.02237
3.0318
3.041
3.04999
3.05879
3.06738
3.07579
3.08401
3.09205
3.09993
3.10765
3.11522
3.12266
3.12997
3.13716
3.14424
3.15122
3.15812
3.16493
3.17166
3.17833
3.18494
3.19148
3.19797
3.2044
3.21076
3.21705
3.22326
3.22938
3.2354
3.24129
3.24705
3.25264
3.25805
3.26325
3.26822
3.27294
3.27737
3.2815
3.2853
3.28875
3.29183
3.29453
3.29682
3.29871
3.30018
3.30122
3.30185
3.30209
3.30192
0.861099
0.813133
0.76901
0.728261
0.690673
0.656203
0.624916
0.596953
0.57254
0.551996
0.535764
0.524447
0.518835
0.519919
0.528854
0.546863
0.575059
0.614217
0.664541
0.725514
0.795886
0.87382
0.957145
1.04364
1.13129
1.21842
1.30375
1.3864
1.4658
1.54163
1.61374
1.68211
1.74682
1.80798
1.86575
1.92031
1.97184
2.02055
2.0666
2.11017
2.15144
2.19056
2.22768
2.26294
2.29646
2.32836
2.35876
2.38776
2.41545
2.44191
2.46724
2.49149
2.51475
2.53706
2.5585
2.57911
2.59895
2.61806
2.63649
2.65427
2.67145
2.68805
2.70411
2.71966
2.73473
2.74934
2.76351
2.77728
2.79065
2.80366
2.81631
2.82863
2.84063
2.85233
2.86373
2.87485
2.88571
2.89631
2.90666
2.91677
2.92664
2.93629
2.94573
2.95497
2.96401
2.97287
2.98157
2.9901
2.99848
3.00672
3.01483
3.02282
3.03069
3.03845
3.0461
3.05366
3.06111
3.06845
3.07569
3.08282
3.08983
3.09671
3.10344
3.11002
3.11641
3.12262
3.12861
3.13436
3.13985
3.14506
3.14997
3.15455
3.15879
3.16266
3.16615
3.16924
3.17192
3.17418
3.17601
3.17742
3.17843
3.17903
0.861317
0.813942
0.770775
0.731184
0.694718
0.661081
0.630095
0.601662
0.575754
0.552397
0.531673
0.513721
0.498751
0.487049
0.478999
0.475087
0.475905
0.482135
0.494503
0.513718
0.540366
0.574817
0.61712
0.666952
0.72361
0.786067
0.853079
0.923307
0.99544
1.06829
1.14087
1.21238
1.28223
1.35001
1.41546
1.47841
1.53881
1.59663
1.6519
1.70469
1.75507
1.80315
1.84902
1.8928
1.93459
1.9745
2.01264
2.0491
2.08398
2.11738
2.14937
2.18005
2.20947
2.23773
2.26488
2.29098
2.31611
2.3403
2.36363
2.38612
2.40783
2.4288
2.44907
2.46868
2.48766
2.50604
2.52386
2.54114
2.55791
2.57419
2.59002
2.6054
2.62036
2.63492
2.6491
2.66291
2.67637
2.6895
2.7023
2.71479
2.72698
2.73888
2.7505
2.76184
2.77293
2.78377
2.79437
2.80475
2.81492
2.82489
2.83467
2.84426
2.85368
2.86294
2.87203
2.88097
2.88975
2.89838
2.90685
2.91517
2.92333
2.93132
2.93913
2.94676
2.95417
2.96137
2.96834
2.97505
2.98149
2.98763
2.99347
2.99897
3.00412
3.0089
3.01329
3.01728
3.02085
3.024
3.0267
3.02897
3.03084
3.03229
0.861389
0.814244
0.77153
0.732597
0.696917
0.664079
0.633769
0.605753
0.579862
0.555979
0.53403
0.513979
0.495828
0.479611
0.4654
0.453309
0.443493
0.436161
0.431574
0.430052
0.431968
0.437737
0.4478
0.462586
0.482476
0.507758
0.538578
0.574904
0.616511
0.662979
0.713718
0.768008
0.825061
0.884069
0.944259
1.00493
1.06548
1.12542
1.18435
1.242
1.29815
1.35266
1.40546
1.45649
1.50575
1.55324
1.59899
1.64303
1.68542
1.72621
1.76546
1.80323
1.83959
1.8746
1.90831
1.9408
1.97212
2.00232
2.03146
2.0596
2.08676
2.11302
2.1384
2.16296
2.18673
2.20974
2.23204
2.25366
2.27464
2.29499
2.31475
2.33395
2.35261
2.37075
2.3884
2.40558
2.42231
2.4386
2.45447
2.46994
2.48503
2.49975
2.51411
2.52812
2.5418
2.55514
2.56818
2.58091
2.59336
2.60553
2.61743
2.62908
2.64049
2.65166
2.6626
2.67332
2.68383
2.69411
2.70419
2.71405
2.72369
2.73312
2.74231
2.75128
2.75999
2.76845
2.77664
2.78455
2.79215
2.79944
2.80639
2.81299
2.81922
2.82506
2.8305
2.83552
2.84012
2.84427
2.84796
2.85121
2.85403
2.85644
0.861406
0.814329
0.771776
0.733121
0.697834
0.665476
0.635686
0.608168
0.582682
0.559037
0.53708
0.516692
0.497782
0.480288
0.464168
0.449403
0.435996
0.423969
0.413369
0.404262
0.396745
0.390937
0.38699
0.385084
0.385432
0.38827
0.393857
0.402461
0.414344
0.429748
0.448872
0.471851
0.49874
0.5295
0.563987
0.601961
0.643088
0.68696
0.733121
0.781087
0.830372
0.880512
0.93108
0.981696
1.03204
1.08185
1.1309
1.17905
1.22616
1.27216
1.31699
1.36062
1.40302
1.4442
1.48416
1.52292
1.5605
1.59691
1.6322
1.6664
1.69953
1.73164
1.76276
1.79292
1.82217
1.85055
1.87807
1.90479
1.93073
1.95592
1.98039
2.00417
2.02729
2.04977
2.07164
2.09293
2.11364
2.13381
2.15346
2.17261
2.19127
2.20946
2.2272
2.24451
2.26139
2.27787
2.29395
2.30964
2.32495
2.3399
2.35449
2.36875
2.38267
2.39628
2.40958
2.42257
2.43526
2.44767
2.45979
2.47162
2.48316
2.49442
2.50538
2.51605
2.52641
2.53646
2.54619
2.55558
2.56463
2.57332
2.58164
2.58956
2.59709
2.60419
2.61087
2.6171
2.62288
2.62818
2.63302
2.63737
2.64129
2.64479
0.861407
0.814342
0.77183
0.73326
0.698113
0.665954
0.636417
0.609191
0.584014
0.560665
0.538959
0.518737
0.499869
0.482247
0.46578
0.450397
0.43604
0.422666
0.410246
0.398762
0.388209
0.378592
0.36993
0.362255
0.355609
0.350053
0.345657
0.342512
0.340722
0.340409
0.341708
0.344772
0.349758
0.356833
0.366159
0.37789
0.392165
0.409092
0.428747
0.45116
0.476313
0.504137
0.534507
0.567251
0.602151
0.638956
0.677387
0.717154
0.757961
0.799522
0.841565
0.88384
0.926126
0.96823
1.00999
1.05127
1.09196
1.13199
1.17128
1.2098
1.24751
1.28439
1.32042
1.35562
1.38997
1.42348
1.45617
1.48803
1.51909
1.54936
1.57885
1.6076
1.6356
1.66289
1.68949
1.71541
1.74068
1.76532
1.78934
1.81276
1.83561
1.8579
1.87964
1.90086
1.92157
1.94178
1.9615
1.98076
1.99956
2.01791
2.0358
2.05326
2.07029
2.0869
2.10311
2.11893
2.13435
2.1494
2.16406
2.17835
2.19227
2.20581
2.21898
2.23178
2.24419
2.25622
2.26785
2.27909
2.28991
2.30031
2.31029
2.31982
2.3289
2.33752
2.34566
2.35332
2.36049
2.36716
2.37332
2.37897
2.38416
2.38892
0.861405
0.814337
0.771831
0.733277
0.698164
0.666062
0.636607
0.60949
0.584448
0.561253
0.53971
0.519653
0.500935
0.483431
0.467033
0.451647
0.437194
0.423603
0.410816
0.398785
0.387468
0.376832
0.366852
0.357508
0.348789
0.340687
0.333204
0.326348
0.32013
0.314572
0.309702
0.305553
0.30217
0.299604
0.297914
0.29717
0.297449
0.298836
0.301424
0.305311
0.310599
0.317392
0.325788
0.335883
0.347762
0.361495
0.377137
0.394719
0.41425
0.43571
0.459055
0.484211
0.511078
0.539534
0.569435
0.600621
0.632922
0.66616
0.700157
0.734737
0.769732
0.804985
0.840349
0.875695
0.910908
0.945889
0.980554
1.01483
1.04867
1.08203
1.11486
1.14715
1.17888
1.21003
1.24059
1.27057
1.29996
1.32876
1.35696
1.38459
1.41163
1.4381
1.464
1.48933
1.5141
1.53833
1.56201
1.58517
1.60779
1.6299
1.6515
1.6726
1.6932
1.71329
1.73288
1.75198
1.7706
1.78874
1.80641
1.82361
1.84034
1.85661
1.87241
1.88774
1.9026
1.91699
1.93091
1.94434
1.95729
1.96974
1.98169
1.99314
2.00408
2.0145
2.0244
2.03377
2.0426
2.0509
2.05865
2.06587
2.07259
2.07887
0.861402
0.814329
0.77182
0.733266
0.698157
0.666065
0.636627
0.609537
0.584532
0.561385
0.539902
0.519913
0.50127
0.483846
0.467525
0.45221
0.437813
0.424257
0.411474
0.399403
0.387993
0.377196
0.366972
0.357284
0.348103
0.339402
0.331157
0.323351
0.315968
0.308997
0.302429
0.296259
0.290486
0.285112
0.28014
0.275581
0.271445
0.267749
0.264512
0.261758
0.259514
0.257813
0.256693
0.256195
0.256365
0.257255
0.25892
0.261418
0.264812
0.269165
0.274542
0.281005
0.288617
0.297435
0.307512
0.318892
0.33161
0.345692
0.361151
0.377984
0.396179
0.415706
0.436522
0.458569
0.481778
0.506067
0.531346
0.557515
0.58447
0.612102
0.640304
0.668965
0.697982
0.727251
0.756677
0.786172
0.815654
0.845049
0.874292
0.903325
0.932098
0.96057
0.988703
1.01647
1.04384
1.0708
1.09733
1.12342
1.14905
1.17422
1.19892
1.22315
1.2469
1.27017
1.29295
1.31522
1.33698
1.35822
1.37893
1.39911
1.41877
1.4379
1.4565
1.47456
1.49208
1.50906
1.52551
1.54141
1.55676
1.57156
1.58582
1.59952
1.61268
1.62528
1.63732
1.64882
1.65976
1.67014
1.67998
1.68927
1.69805
1.70638
0.8614
0.814321
0.77181
0.733253
0.698143
0.66605
0.636614
0.609527
0.584528
0.561391
0.53992
0.519948
0.501326
0.483926
0.467634
0.45235
0.437986
0.424462
0.411709
0.399665
0.388273
0.377484
0.367254
0.35754
0.348309
0.339526
0.331164
0.323195
0.315596
0.308347
0.301429
0.294824
0.288519
0.282502
0.27676
0.271286
0.266072
0.261112
0.256403
0.251941
0.247725
0.243758
0.24004
0.236576
0.233372
0.230436
0.227777
0.225408
0.223341
0.221593
0.220182
0.219128
0.218455
0.218189
0.218358
0.218992
0.220126
0.221793
0.224031
0.226878
0.230375
0.234562
0.239479
0.245165
0.251658
0.258995
0.267208
0.276326
0.286374
0.29737
0.309327
0.322251
0.336142
0.350991
0.366781
0.383488
0.40108
0.419518
0.438756
0.458742
0.479418
0.500721
0.522586
0.544944
0.567724
0.590856
0.614268
0.63789
0.661656
0.685499
0.709358
0.733175
0.756896
0.780471
0.803857
0.827013
0.84991
0.872511
0.894777
0.916677
0.938189
0.959294
0.979977
1.00022
1.02003
1.03938
1.05826
1.07668
1.09463
1.1121
1.12909
1.1456
1.16162
1.17716
1.19221
1.20677
1.22083
1.2344
1.24748
1.26006
1.27217
1.28382
0.861399
0.814317
0.771804
0.733245
0.698133
0.666039
0.636602
0.609515
0.584516
0.561379
0.53991
0.51994
0.501322
0.483926
0.46764
0.452363
0.438006
0.424492
0.411749
0.399716
0.388335
0.377557
0.367336
0.357631
0.348405
0.339624
0.331258
0.323279
0.315662
0.308383
0.301421
0.294758
0.288376
0.282259
0.276392
0.270762
0.265357
0.260167
0.25518
0.250389
0.245786
0.241362
0.237113
0.233033
0.229117
0.225362
0.221764
0.218323
0.215035
0.211901
0.208922
0.206097
0.20343
0.200923
0.198581
0.196407
0.194407
0.192589
0.19096
0.18953
0.188308
0.187306
0.186537
0.186015
0.185756
0.185776
0.186095
0.186731
0.187706
0.189043
0.190766
0.192899
0.195469
0.198503
0.202026
0.206068
0.210655
0.215815
0.221573
0.227954
0.234983
0.24268
0.251064
0.260152
0.269955
0.280482
0.291739
0.303726
0.316437
0.329864
0.343994
0.358806
0.374279
0.390383
0.407086
0.424353
0.442144
0.460416
0.479129
0.498238
0.51769
0.537433
0.557415
0.577582
0.597883
0.618265
0.63868
0.659078
0.679413
0.699642
0.719721
0.739611
0.759276
0.77868
0.797791
0.81658
0.83502
0.853085
0.870752
0.888002
0.90482
0.921157
0.861399
0.814317
0.771804
0.733245
0.698133
0.666039
0.636602
0.609515
0.584516
0.561379
0.53991
0.51994
0.501322
0.483926
0.46764
0.452363
0.438006
0.424492
0.411749
0.399716
0.388335
0.377557
0.367336
0.357631
0.348405
0.339624
0.331258
0.323279
0.315662
0.308383
0.301421
0.294758
0.288376
0.282259
0.276392
0.270762
0.265358
0.260167
0.255181
0.25039
0.245786
0.241363
0.237114
0.233034
0.229119
0.225364
0.221766
0.218325
0.215038
0.211904
0.208925
0.206101
0.203435
0.200929
0.198586
0.196413
0.194414
0.192597
0.19097
0.18954
0.188319
0.187319
0.186551
0.186031
0.185773
0.185795
0.186115
0.186753
0.187731
0.18907
0.190795
0.192931
0.195503
0.198539
0.202066
0.206111
0.210701
0.215863
0.221624
0.228009
0.23504
0.24274
0.251127
0.260217
0.270022
0.280551
0.29181
0.303797
0.31651
0.329938
0.344067
0.358879
0.37435
0.390452
0.407153
0.424417
0.442205
0.460475
0.479184
0.49829
0.51774
0.537482
0.557464
0.577633
0.597937
0.618326
0.638749
0.659158
0.679508
0.699753
0.719851
0.739764
0.759453
0.778883
0.798021
0.816837
0.835303
0.853393
0.871083
0.888353
0.905185
0.921531
0.8614
0.814321
0.77181
0.733253
0.698143
0.66605
0.636614
0.609527
0.584528
0.561391
0.53992
0.519948
0.501326
0.483926
0.467634
0.45235
0.437985
0.424462
0.411709
0.399665
0.388273
0.377484
0.367253
0.35754
0.348309
0.339526
0.331164
0.323195
0.315596
0.308347
0.301429
0.294825
0.288521
0.282504
0.276763
0.27129
0.266077
0.261118
0.25641
0.251949
0.247736
0.24377
0.240055
0.236594
0.233393
0.230461
0.227806
0.225441
0.223379
0.221637
0.220232
0.219186
0.218522
0.218265
0.218443
0.219089
0.220234
0.221914
0.224167
0.227031
0.230545
0.23475
0.239687
0.245394
0.25191
0.25927
0.267507
0.276651
0.286725
0.297748
0.309734
0.322686
0.336606
0.351483
0.367302
0.384037
0.401657
0.420122
0.439387
0.459399
0.480099
0.501426
0.523313
0.545692
0.568491
0.59164
0.615068
0.638705
0.662482
0.686336
0.710204
0.734027
0.757753
0.781333
0.804721
0.827879
0.850778
0.873381
0.895651
0.917556
0.939075
0.960191
0.980888
1.00115
1.02098
1.04036
1.05928
1.07774
1.09573
1.11325
1.13029
1.14686
1.16294
1.17853
1.19364
1.20825
1.22236
1.23597
1.24908
1.26168
1.27379
1.28542
0.861402
0.814329
0.77182
0.733266
0.698157
0.666065
0.636627
0.609537
0.584532
0.561385
0.539902
0.519912
0.50127
0.483845
0.467524
0.452209
0.437812
0.424256
0.411472
0.399402
0.387991
0.377195
0.366971
0.357284
0.348103
0.339402
0.331159
0.323354
0.315973
0.309004
0.302438
0.296272
0.290503
0.285133
0.280167
0.275614
0.271485
0.267797
0.264569
0.261826
0.259594
0.257908
0.256804
0.256324
0.256515
0.257428
0.259118
0.261645
0.265071
0.269459
0.274873
0.281377
0.289033
0.297898
0.308025
0.319457
0.33223
0.346368
0.361884
0.378777
0.39703
0.416616
0.43749
0.459594
0.482859
0.507201
0.53253
0.558747
0.585746
0.613421
0.64166
0.670356
0.699404
0.728701
0.758152
0.787668
0.817168
0.846578
0.875834
0.904876
0.933657
0.962134
0.99027
1.01804
1.04541
1.07236
1.09889
1.12497
1.15059
1.17575
1.20044
1.22466
1.24839
1.27165
1.29442
1.31669
1.33844
1.35968
1.38039
1.40059
1.42026
1.43941
1.45804
1.47614
1.49371
1.51076
1.52726
1.54323
1.55867
1.57355
1.5879
1.60169
1.61493
1.6276
1.63972
1.65127
1.66226
1.67267
1.68251
1.69177
1.7005
1.70874
0.861405
0.814337
0.771831
0.733277
0.698164
0.666062
0.636607
0.60949
0.584447
0.561251
0.539709
0.519651
0.500932
0.483428
0.467029
0.451643
0.437189
0.423599
0.410813
0.398782
0.387467
0.376833
0.366856
0.357515
0.3488
0.340704
0.333229
0.326381
0.320173
0.314628
0.309772
0.305641
0.302278
0.299735
0.298072
0.297359
0.297673
0.299101
0.301735
0.305674
0.31102
0.317876
0.326342
0.336513
0.348472
0.362292
0.378024
0.3957
0.415326
0.436884
0.460326
0.485578
0.512539
0.541084
0.57107
0.602336
0.63471
0.668015
0.702072
0.736706
0.771747
0.807039
0.842436
0.877809
0.913044
0.948041
0.982718
1.01701
1.05085
1.0842
1.11704
1.14932
1.18105
1.21219
1.24275
1.27271
1.30209
1.33088
1.35907
1.38668
1.41371
1.44016
1.46604
1.49135
1.51611
1.54031
1.56397
1.5871
1.6097
1.63178
1.65336
1.67443
1.69501
1.71508
1.73466
1.75375
1.77237
1.79052
1.8082
1.82543
1.84219
1.85851
1.87437
1.88978
1.90472
1.91921
1.93323
1.94677
1.95983
1.9724
1.98447
1.99603
2.00707
2.01757
2.02754
2.03695
2.04579
2.05407
2.06177
2.06889
2.07546
2.08153
0.861407
0.814342
0.77183
0.73326
0.698112
0.665953
0.636415
0.609187
0.584009
0.560659
0.538951
0.518729
0.49986
0.482238
0.465771
0.450389
0.436034
0.422664
0.410249
0.398772
0.388227
0.378622
0.369975
0.362317
0.355694
0.350164
0.3458
0.342693
0.340947
0.340687
0.342048
0.345182
0.350249
0.357414
0.366842
0.378686
0.393083
0.410141
0.429933
0.452489
0.477789
0.505758
0.536273
0.569156
0.604189
0.641117
0.679661
0.719528
0.760424
0.802061
0.844167
0.886495
0.928822
0.970957
1.01274
1.05403
1.09474
1.13476
1.17405
1.21256
1.25026
1.28712
1.32315
1.35832
1.39266
1.42615
1.45881
1.49065
1.52169
1.55193
1.5814
1.61012
1.6381
1.66537
1.69194
1.71784
1.74308
1.76769
1.79168
1.81508
1.8379
1.86016
1.88187
1.90306
1.92374
1.94391
1.9636
1.98283
2.00159
2.0199
2.03777
2.0552
2.07221
2.08881
2.10501
2.12083
2.13626
2.15133
2.16604
2.18038
2.19437
2.208
2.22127
2.23418
2.24672
2.25889
2.27067
2.28205
2.29303
2.30358
2.31369
2.32334
2.33253
2.34122
2.3494
2.35706
2.36418
2.37075
2.37676
2.38219
2.3871
2.3915
0.861405
0.814329
0.771776
0.733119
0.69783
0.66547
0.635677
0.608156
0.582668
0.559021
0.537062
0.516674
0.497766
0.480275
0.464162
0.449406
0.436013
0.424004
0.413427
0.40435
0.39687
0.391108
0.387218
0.385381
0.385811
0.388747
0.394449
0.403184
0.415218
0.430789
0.450095
0.473269
0.500363
0.531331
0.566028
0.604204
0.645523
0.689574
0.735895
0.784001
0.833405
0.883644
0.934289
0.984965
1.03535
1.08518
1.13426
1.18241
1.22952
1.27551
1.32032
1.36392
1.4063
1.44745
1.48738
1.5261
1.56364
1.60003
1.63528
1.66943
1.70253
1.7346
1.76568
1.79581
1.82502
1.85336
1.88085
1.90753
1.93344
1.95859
1.98303
2.00678
2.02987
2.05232
2.07416
2.09541
2.1161
2.13624
2.15586
2.17497
2.19359
2.21175
2.22945
2.24672
2.26356
2.28
2.29604
2.31169
2.32696
2.34188
2.35644
2.37067
2.38458
2.39818
2.41148
2.4245
2.43724
2.4497
2.46189
2.47381
2.48547
2.49686
2.50797
2.51881
2.52935
2.53958
2.5495
2.55908
2.56831
2.57717
2.58563
2.59367
2.60128
2.60842
2.61508
2.62124
2.62688
2.63197
2.63652
2.6405
2.64396
2.64691
0.861388
0.814243
0.771526
0.73259
0.696905
0.664061
0.633746
0.605726
0.579833
0.55595
0.534004
0.513962
0.495824
0.479627
0.465445
0.453393
0.443628
0.436361
0.431857
0.430439
0.432481
0.438404
0.448649
0.463646
0.483775
0.509319
0.540418
0.577032
0.618928
0.665674
0.716671
0.771195
0.82845
0.887625
0.947949
1.00872
1.06934
1.12933
1.18829
1.24594
1.30208
1.35657
1.40934
1.46034
1.50955
1.55699
1.60269
1.64668
1.68902
1.72975
1.76895
1.80667
1.84297
1.87792
1.91159
1.94402
1.97529
2.00544
2.03454
2.06262
2.08975
2.11596
2.1413
2.16581
2.18953
2.21251
2.23477
2.25636
2.27729
2.29761
2.31734
2.3365
2.35513
2.37324
2.39086
2.40801
2.4247
2.44096
2.4568
2.47223
2.48728
2.50196
2.51627
2.53024
2.54387
2.55718
2.57016
2.58286
2.59526
2.6074
2.61928
2.63092
2.64232
2.65351
2.66448
2.67525
2.68583
2.69621
2.70641
2.71641
2.72622
2.73583
2.74523
2.75442
2.76336
2.77205
2.78047
2.7886
2.7964
2.80386
2.81095
2.81764
2.82391
2.82972
2.83507
2.83991
2.84423
2.84802
2.85125
2.85393
2.85608
2.85771
0.861316
0.813937
0.770764
0.731165
0.694689
0.661045
0.630052
0.601618
0.575716
0.552372
0.531671
0.513756
0.498837
0.487207
0.479253
0.475467
0.476447
0.482881
0.495498
0.515007
0.541992
0.576812
0.619504
0.669726
0.726757
0.789555
0.856863
0.927334
0.999656
1.07265
1.14531
1.21687
1.28674
1.35451
1.41993
1.48285
1.54319
1.60094
1.65615
1.70886
1.75917
1.80717
1.85296
1.89667
1.93838
1.97822
2.01628
2.05268
2.08749
2.12082
2.15275
2.18336
2.21272
2.24092
2.26801
2.29406
2.31914
2.34328
2.36655
2.389
2.41067
2.43159
2.45182
2.47139
2.49033
2.50867
2.52645
2.5437
2.56043
2.57668
2.59247
2.60782
2.62276
2.63729
2.65143
2.66521
2.67864
2.69173
2.7045
2.71695
2.72909
2.74095
2.75252
2.76382
2.77486
2.78565
2.79621
2.80654
2.81668
2.82662
2.83638
2.84598
2.85541
2.86471
2.87386
2.88289
2.89179
2.90056
2.90921
2.91773
2.92612
2.93435
2.94242
2.95032
2.95802
2.96549
2.97272
2.97966
2.98631
2.99262
2.99856
3.0041
3.00922
3.01388
3.01806
3.02173
3.02487
3.02746
3.0295
3.03097
3.03191
3.03232
0.861096
0.813121
0.768984
0.72822
0.69062
0.656144
0.62486
0.596913
0.572531
0.55204
0.535888
0.524686
0.519235
0.520534
0.529752
0.548115
0.576736
0.616375
0.667213
0.728704
0.799565
0.877928
0.961604
1.04837
1.1362
1.22344
1.30883
1.39148
1.47085
1.54662
1.61866
1.68694
1.75155
1.8126
1.87027
1.92472
1.97616
2.02476
2.07071
2.11418
2.15536
2.19439
2.23142
2.26659
2.30003
2.33185
2.36218
2.3911
2.41872
2.44512
2.47038
2.49457
2.51777
2.54003
2.56141
2.58198
2.60177
2.62083
2.63921
2.65695
2.67408
2.69064
2.70667
2.72218
2.73721
2.75178
2.76592
2.77966
2.793
2.80598
2.8186
2.83089
2.84286
2.85453
2.8659
2.877
2.88782
2.89838
2.90869
2.91876
2.92859
2.9382
2.94758
2.95677
2.96576
2.97457
2.98321
2.9917
3.00006
3.00828
3.01639
3.0244
3.03232
3.04015
3.04791
3.05559
3.06321
3.07076
3.07823
3.08562
3.09292
3.1001
3.10715
3.11405
3.12077
3.12728
3.13355
3.13955
3.14524
3.15058
3.15554
3.16009
3.1642
3.16783
3.17096
3.17356
3.17561
3.1771
3.17802
3.17837
3.17818
3.17744
0.860556
0.811383
0.765662
0.723372
0.684754
0.650177
0.620113
0.59517
0.576161
0.564196
0.560746
0.56765
0.586971
0.620647
0.669989
0.735153
0.814847
0.906433
1.0064
1.11104
1.21695
1.32148
1.42271
1.51944
1.61102
1.69718
1.7779
1.85333
1.92372
1.98937
2.05061
2.10776
2.16113
2.21104
2.25776
2.30155
2.34266
2.38131
2.41769
2.45199
2.48438
2.51501
2.54402
2.57153
2.59766
2.6225
2.64616
2.66872
2.69026
2.71084
2.73055
2.74943
2.76754
2.78494
2.80166
2.81776
2.83327
2.84823
2.86267
2.87662
2.89012
2.90318
2.91584
2.92812
2.94003
2.9516
2.96285
2.9738
2.98445
2.99483
3.00494
3.01481
3.02443
3.03383
3.04301
3.05197
3.06073
3.06929
3.07765
3.08582
3.09382
3.10164
3.10931
3.11683
3.12421
3.13147
3.13861
3.14566
3.15262
3.15951
3.16634
3.17312
3.17987
3.18659
3.19328
3.19995
3.2066
3.21323
3.21981
3.22635
3.23282
3.2392
3.24547
3.2516
3.25754
3.26328
3.26877
3.27398
3.27886
3.28337
3.28748
3.29114
3.29434
3.29703
3.29919
3.30079
3.30183
3.30229
3.30216
3.30145
3.3002
3.29839
0.859464
0.80833
0.760551
0.716886
0.678261
0.645727
0.620595
0.604638
0.600284
0.610661
0.639266
0.689119
0.761547
0.855222
0.966084
1.08831
1.21574
1.34312
1.46664
1.58393
1.69375
1.79567
1.88974
1.97629
2.05583
2.1289
2.19607
2.25789
2.31487
2.36747
2.41614
2.46125
2.50315
2.54215
2.57852
2.61251
2.64434
2.6742
2.70228
2.72872
2.75366
2.77724
2.79957
2.82074
2.84085
2.85998
2.87821
2.89561
2.91223
2.92814
2.94338
2.958
2.97205
2.98556
2.99856
3.01111
3.02321
3.0349
3.04622
3.05717
3.06778
3.07808
3.08807
3.09779
3.10724
3.11644
3.1254
3.13414
3.14267
3.15099
3.15912
3.16707
3.17484
3.18245
3.18989
3.19716
3.20428
3.21125
3.21807
3.22475
3.23129
3.23771
3.24402
3.25023
3.25634
3.26237
3.26834
3.27426
3.28014
3.28599
3.29184
3.29769
3.30354
3.30941
3.3153
3.32121
3.32714
3.33307
3.33899
3.34489
3.35073
3.3565
3.36216
3.36768
3.37301
3.37812
3.38295
3.38748
3.39166
3.39543
3.39877
3.40164
3.40399
3.40581
3.40706
3.40773
3.40781
3.40728
3.40617
3.40446
3.40222
3.3994
0.857582
0.803766
0.753927
0.709985
0.674001
0.648514
0.637038
0.644422
0.676518
0.738565
0.832541
0.955142
1.09823
1.25157
1.4059
1.55461
1.69386
1.82195
1.93853
2.04402
2.13923
2.22513
2.30268
2.37281
2.43637
2.49413
2.54676
2.59485
2.63891
2.67941
2.71673
2.75121
2.78316
2.81285
2.84049
2.86629
2.89044
2.91308
2.93436
2.95441
2.97333
2.99122
3.00817
3.02426
3.03955
3.05413
3.06803
3.08132
3.09403
3.10622
3.11792
3.12917
3.13999
3.15042
3.16049
3.17022
3.17963
3.18875
3.19759
3.20617
3.2145
3.22261
3.2305
3.23819
3.2457
3.25302
3.26018
3.26717
3.27402
3.28072
3.28729
3.29372
3.30002
3.3062
3.31226
3.31819
3.32401
3.32971
3.33531
3.3408
3.3462
3.35151
3.35674
3.3619
3.36702
3.37209
3.37713
3.38217
3.38721
3.39227
3.39736
3.40249
3.40767
3.4129
3.41819
3.42354
3.42892
3.43434
3.43977
3.44518
3.45056
3.45585
3.46103
3.46605
3.47088
3.47545
3.47973
3.48366
3.48721
3.49032
3.49295
3.49507
3.49663
3.49763
3.49802
3.49781
3.49698
3.49553
3.49348
3.49084
3.48767
3.48393
0.854751
0.797826
0.746765
0.70534
0.678073
0.671377
0.694174
0.756253
0.863298
1.01155
1.18777
1.37509
1.55938
1.7319
1.88865
2.0287
2.15276
2.2623
2.35898
2.44445
2.52023
2.58765
2.64784
2.7018
2.75036
2.79423
2.83402
2.87024
2.90333
2.93366
2.96156
2.9873
3.01112
3.03323
3.05381
3.07303
3.091
3.10787
3.12373
3.13868
3.1528
3.16618
3.17886
3.19092
3.20241
3.21337
3.22385
3.23388
3.24351
3.25276
3.26166
3.27023
3.27851
3.28652
3.29426
3.30177
3.30905
3.31612
3.323
3.32971
3.33624
3.34261
3.34884
3.35493
3.36089
3.36673
3.37245
3.37807
3.38358
3.389
3.39431
3.39954
3.40468
3.40972
3.41468
3.41954
3.42432
3.42902
3.43364
3.43819
3.44267
3.44709
3.45147
3.45581
3.46013
3.46444
3.46876
3.47311
3.4775
3.48194
3.48645
3.49104
3.49572
3.50048
3.50533
3.51025
3.51524
3.52028
3.52534
3.53039
3.5354
3.54032
3.54512
3.54973
3.55413
3.55824
3.56202
3.56542
3.56839
3.57088
3.57286
3.57427
3.5751
3.57532
3.5749
3.57385
3.57217
3.56985
3.56693
3.56343
3.55941
3.55482
0.850946
0.791039
0.741074
0.708546
0.704202
0.7434
0.841547
1.00216
1.20938
1.43613
1.65851
1.86259
2.04306
2.1997
2.33458
2.45052
2.55036
2.63665
2.71159
2.77701
2.83443
2.8851
2.93005
2.97012
3.00602
3.03833
3.06755
3.09407
3.11826
3.14039
3.16072
3.17945
3.19679
3.21287
3.22784
3.24182
3.2549
3.26719
3.27876
3.28968
3.30001
3.30981
3.31912
3.32799
3.33647
3.34457
3.35234
3.3598
3.36699
3.37391
3.38059
3.38706
3.39332
3.39939
3.4053
3.41104
3.41663
3.42209
3.42742
3.43263
3.43773
3.44273
3.44763
3.45245
3.45718
3.46184
3.46643
3.47094
3.47539
3.47978
3.4841
3.48837
3.49257
3.49671
3.50078
3.50479
3.50874
3.51263
3.51647
3.52026
3.52401
3.52772
3.53142
3.5351
3.53879
3.54251
3.54626
3.55007
3.55396
3.55793
3.56201
3.56619
3.57049
3.5749
3.57942
3.58404
3.58874
3.5935
3.59828
3.60305
3.60778
3.6124
3.61688
3.62115
3.62517
3.62887
3.6322
3.63512
3.63755
3.63947
3.64082
3.64158
3.64171
3.6412
3.64003
3.63819
3.63571
3.63259
3.62887
3.62458
3.61978
3.61444
0.846292
0.784482
0.740966
0.732137
0.78289
0.917939
1.13673
1.40461
1.67813
1.92885
2.1459
2.3288
2.48137
2.6085
2.7148
2.80421
2.87994
2.94455
3.00007
3.04813
3.09
3.12672
3.15913
3.18788
3.21355
3.23656
3.25731
3.2761
3.29319
3.30881
3.32313
3.33632
3.34852
3.35983
3.37036
3.3802
3.38942
3.39809
3.40626
3.41399
3.42132
3.42829
3.43493
3.44128
3.44737
3.45321
3.45883
3.46426
3.4695
3.47457
3.4795
3.48428
3.48894
3.49349
3.49792
3.50226
3.50651
3.51068
3.51477
3.51879
3.52275
3.52666
3.53051
3.5343
3.53806
3.54177
3.54544
3.54908
3.55268
3.55625
3.55978
3.56327
3.56672
3.57012
3.57349
3.57681
3.5801
3.58334
3.58655
3.58973
3.59289
3.59604
3.59918
3.60234
3.60554
3.60878
3.61209
3.61548
3.61898
3.62259
3.62634
3.63021
3.63423
3.63839
3.64268
3.64707
3.65156
3.65611
3.66069
3.66524
3.66974
3.67412
3.67832
3.68229
3.68598
3.68931
3.69224
3.6947
3.69664
3.69802
3.6988
3.69894
3.69842
3.69723
3.69535
3.6928
3.68959
3.68574
3.68129
3.67629
3.67082
3.66482
0.841078
0.780264
0.755504
0.803802
0.967329
1.24502
1.57667
1.89752
2.175
2.40285
2.5863
2.73353
2.85223
2.94869
3.02784
3.09342
3.14828
3.1946
3.23403
3.26789
3.29717
3.32267
3.34504
3.36477
3.38229
3.39793
3.41197
3.42464
3.43612
3.44659
3.45616
3.46497
3.4731
3.48064
3.48766
3.49423
3.50039
3.50619
3.51167
3.51687
3.52182
3.52654
3.53107
3.53542
3.5396
3.54365
3.54756
3.55136
3.55506
3.55866
3.56218
3.56563
3.56901
3.57233
3.57559
3.57881
3.58199
3.58512
3.58822
3.5913
3.59434
3.59736
3.60037
3.60335
3.60632
3.60927
3.61221
3.61514
3.61806
3.62097
3.62385
3.62672
3.62957
3.63239
3.63518
3.63795
3.6407
3.64342
3.64612
3.64881
3.65149
3.65418
3.65688
3.65963
3.66242
3.66529
3.66825
3.67132
3.67452
3.67786
3.68136
3.68501
3.68883
3.6928
3.69691
3.70114
3.70548
3.70987
3.71428
3.71867
3.72298
3.72715
3.73112
3.73483
3.73821
3.74121
3.74376
3.7458
3.74729
3.74818
3.74843
3.748
3.74689
3.74508
3.74257
3.73937
3.7355
3.731
3.72591
3.72029
3.71424
3.70768
0.835835
0.782846
0.804872
0.972689
1.30328
1.70602
2.08215
2.39101
2.63171
2.81657
2.95888
3.0695
3.15657
3.22598
3.28202
3.32778
3.36557
3.39708
3.4236
3.44611
3.46538
3.48198
3.4964
3.509
3.52009
3.5299
3.53864
3.54646
3.55352
3.55991
3.56573
3.57106
3.57598
3.58053
3.58476
3.58873
3.59246
3.59598
3.59932
3.60251
3.60557
3.6085
3.61134
3.61409
3.61676
3.61936
3.62191
3.62441
3.62687
3.6293
3.6317
3.63407
3.63643
3.63876
3.64109
3.64341
3.64572
3.64803
3.65033
3.65264
3.65495
3.65726
3.65958
3.66191
3.66425
3.66659
3.66894
3.6713
3.67367
3.67604
3.67841
3.68077
3.68313
3.68547
3.68781
3.69013
3.69244
3.69473
3.69702
3.69931
3.70161
3.70392
3.70628
3.70869
3.71117
3.71374
3.71643
3.71924
3.72221
3.72535
3.72865
3.73214
3.73581
3.73964
3.74363
3.74775
3.75196
3.75623
3.76052
3.76477
3.76892
3.77291
3.77667
3.78014
3.78326
3.78596
3.78817
3.78984
3.79092
3.79136
3.79113
3.7902
3.78856
3.7862
3.78313
3.77935
3.77492
3.76986
3.76423
3.75809
3.75155
3.74454
0.831589
0.802127
0.9281
1.28649
1.77028
2.21974
2.57241
2.8326
3.02211
3.16115
3.26468
3.34305
3.40333
3.4504
3.48765
3.51748
3.54164
3.56138
3.57767
3.59122
3.60257
3.61214
3.62029
3.62725
3.63325
3.63846
3.643
3.647
3.65054
3.6537
3.65654
3.65912
3.66147
3.66365
3.66566
3.66756
3.66935
3.67105
3.67269
3.67427
3.67581
3.67731
3.6788
3.68026
3.68172
3.68317
3.68463
3.68609
3.68756
3.68904
3.69053
3.69204
3.69357
3.69512
3.69669
3.69828
3.69989
3.70153
3.7032
3.70489
3.7066
3.70835
3.71012
3.71191
3.71374
3.71559
3.71746
3.71936
3.72128
3.72322
3.72516
3.72712
3.72908
3.73104
3.733
3.73495
3.73691
3.73886
3.74081
3.74278
3.74476
3.74678
3.74885
3.75099
3.75322
3.75555
3.75802
3.76065
3.76344
3.76641
3.76958
3.77294
3.77649
3.78022
3.78412
3.78814
3.79227
3.79644
3.80063
3.80475
3.80877
3.8126
3.81619
3.81945
3.82234
3.82476
3.82668
3.82802
3.82874
3.8288
3.82816
3.82679
3.8247
3.82187
3.81832
3.81407
3.80917
3.80364
3.79758
3.79102
3.78411
3.77675
0.83047
0.859252
1.17557
1.73833
2.29171
2.71247
3.00523
3.20563
3.34431
3.44216
3.51263
3.56434
3.6029
3.63205
3.65435
3.67155
3.68493
3.69539
3.7036
3.71007
3.71517
3.7192
3.72237
3.72488
3.72685
3.72841
3.72962
3.73058
3.73132
3.73191
3.73238
3.73276
3.73308
3.73335
3.7336
3.73383
3.73407
3.73432
3.73459
3.73488
3.7352
3.73556
3.73595
3.73639
3.73687
3.73739
3.73797
3.73858
3.73925
3.73997
3.74073
3.74154
3.74241
3.74332
3.74427
3.74528
3.74633
3.74743
3.74857
3.74976
3.751
3.75228
3.7536
3.75497
3.75638
3.75783
3.75932
3.76084
3.7624
3.76398
3.76559
3.76721
3.76885
3.77049
3.77215
3.77381
3.77547
3.77714
3.77882
3.78053
3.78226
3.78404
3.78587
3.7878
3.78982
3.79197
3.79427
3.79674
3.79939
3.80224
3.80529
3.80855
3.81202
3.81567
3.81949
3.82344
3.82749
3.83158
3.83568
3.8397
3.8436
3.8473
3.85073
3.85382
3.8565
3.8587
3.86037
3.86144
3.86186
3.8616
3.86062
3.85891
3.85645
3.85325
3.84932
3.8447
3.83943
3.83356
3.82716
3.82031
3.81312
3.80553
0.837083
0.991886
1.56879
2.26379
2.79675
3.14662
3.36902
3.51204
3.60619
3.66961
3.71316
3.74348
3.76477
3.77975
3.79024
3.79749
3.80237
3.8055
3.80733
3.80821
3.80837
3.808
3.80724
3.80621
3.80498
3.80363
3.80219
3.80072
3.79924
3.79777
3.79634
3.79496
3.79364
3.79239
3.79122
3.79012
3.78911
3.78819
3.78735
3.78661
3.78595
3.78538
3.7849
3.7845
3.78419
3.78397
3.78382
3.78376
3.78378
3.78388
3.78405
3.7843
3.78462
3.78502
3.78548
3.78601
3.7866
3.78726
3.78798
3.78877
3.78961
3.79052
3.79148
3.79249
3.79357
3.79469
3.79586
3.79708
3.79835
3.79964
3.80097
3.80232
3.8037
3.80509
3.8065
3.80791
3.80934
3.81079
3.81225
3.81374
3.81526
3.81684
3.8185
3.82024
3.8221
3.8241
3.82626
3.8286
3.83114
3.83388
3.83684
3.84002
3.84341
3.84699
3.85074
3.85462
3.8586
3.86263
3.86664
3.87058
3.87437
3.87796
3.88126
3.8842
3.88672
3.88875
3.89022
3.89108
3.89128
3.89078
3.88955
3.88758
3.88486
3.8814
3.87721
3.87234
3.86683
3.86073
3.85413
3.84709
3.83975
3.83203
0.861181
1.2442
2.07273
2.79223
3.24675
3.51205
3.66751
3.76086
3.81819
3.85383
3.87594
3.88935
3.89701
3.90082
3.90201
3.9014
3.89958
3.89692
3.89371
3.89015
3.88638
3.88252
3.87863
3.87478
3.871
3.86732
3.86376
3.86034
3.85708
3.85396
3.85101
3.84821
3.84557
3.8431
3.84078
3.83861
3.83659
3.83472
3.833
3.83141
3.82996
3.82864
3.82745
3.82638
3.82543
3.82459
3.82387
3.82326
3.82275
3.82235
3.82204
3.82183
3.82171
3.82169
3.82174
3.82188
3.82211
3.82241
3.82279
3.82324
3.82377
3.82437
3.82503
3.82576
3.82656
3.82742
3.82834
3.82931
3.83033
3.83139
3.83249
3.83363
3.83479
3.83598
3.83718
3.83841
3.83964
3.8409
3.84219
3.8435
3.84486
3.84629
3.84779
3.84939
3.85112
3.85299
3.85503
3.85726
3.8597
3.86235
3.86523
3.86833
3.87164
3.87515
3.87883
3.88265
3.88656
3.89051
3.89444
3.8983
3.902
3.90549
3.90869
3.91152
3.91392
3.91582
3.91716
3.91788
3.91794
3.91729
3.91592
3.9138
3.91094
3.90734
3.90303
3.89804
3.89242
3.88623
3.87956
3.87247
3.8651
3.85738
0.921567
1.63494
2.62374
3.27799
3.62928
3.8127
3.91021
3.96269
3.99047
4.00408
4.00927
4.00936
4.00629
4.0013
3.99516
3.98835
3.98121
3.97396
3.96674
3.95965
3.95276
3.9461
3.93971
3.93359
3.92776
3.92222
3.91696
3.91198
3.90727
3.90283
3.89864
3.8947
3.891
3.88753
3.88429
3.88125
3.87842
3.87578
3.87333
3.87106
3.86897
3.86704
3.86527
3.86365
3.86218
3.86085
3.85966
3.8586
3.85767
3.85685
3.85615
3.85557
3.85509
3.85472
3.85445
3.85428
3.8542
3.85421
3.85431
3.85449
3.85476
3.8551
3.85553
3.85603
3.8566
3.85724
3.85795
3.85872
3.85954
3.86042
3.86133
3.86229
3.86328
3.8643
3.86535
3.86641
3.8675
3.86861
3.86975
3.87093
3.87216
3.87345
3.87483
3.87632
3.87793
3.8797
3.88164
3.88377
3.88611
3.88868
3.89147
3.89448
3.89771
3.90114
3.90474
3.90848
3.91231
3.91618
3.92003
3.92381
3.92743
3.93084
3.93396
3.93672
3.93904
3.94087
3.94214
3.9428
3.94281
3.94212
3.94071
3.93857
3.9357
3.93211
3.92781
3.92286
3.91729
3.91117
3.90458
3.89759
3.89034
3.88275
1.04783
2.14113
3.16618
3.70126
3.94668
4.05816
4.10789
4.12764
4.13203
4.12829
4.12018
4.10978
4.09826
4.08632
4.07436
4.06263
4.05126
4.04035
4.02993
4.02002
4.01062
4.00173
3.99332
3.98539
3.9779
3.97086
3.96422
3.95797
3.9521
3.94658
3.9414
3.93653
3.93197
3.92769
3.92369
3.91994
3.91645
3.91319
3.91015
3.90732
3.9047
3.90228
3.90004
3.89797
3.89608
3.89435
3.89277
3.89134
3.89006
3.88891
3.88789
3.887
3.88623
3.88558
3.88504
3.88461
3.88428
3.88405
3.88392
3.88388
3.88394
3.88408
3.88431
3.88462
3.88501
3.88547
3.88601
3.88661
3.88728
3.888
3.88877
3.88958
3.89043
3.89132
3.89224
3.89318
3.89415
3.89514
3.89617
3.89724
3.89837
3.89956
3.90084
3.90223
3.90375
3.90542
3.90727
3.9093
3.91155
3.91402
3.91672
3.91964
3.92277
3.9261
3.9296
3.93323
3.93696
3.94074
3.9445
3.94819
3.95173
3.95507
3.95813
3.96084
3.96313
3.96494
3.96622
3.9669
3.96695
3.96632
3.96501
3.96298
3.96025
3.95681
3.9527
3.94795
3.9426
3.93673
3.9304
3.92369
3.91672
3.90943
1.27351
2.71741
3.66587
4.05945
4.20804
4.25954
4.27093
4.26479
4.2508
4.23342
4.21483
4.19615
4.17794
4.16048
4.14389
4.12823
4.11348
4.09963
4.08664
4.07446
4.06303
4.05233
4.04229
4.03288
4.02406
4.01579
4.00803
4.00076
3.99394
3.98754
3.98154
3.97592
3.97065
3.96571
3.96109
3.95677
3.95273
3.94896
3.94543
3.94216
3.9391
3.93627
3.93364
3.93121
3.92897
3.9269
3.92501
3.92328
3.92171
3.92029
3.91901
3.91787
3.91686
3.91598
3.91521
3.91457
3.91404
3.91362
3.9133
3.91308
3.91296
3.91294
3.913
3.91316
3.9134
3.91372
3.91412
3.91458
3.91512
3.91571
3.91636
3.91706
3.91781
3.91859
3.91941
3.92025
3.92113
3.92204
3.92298
3.92397
3.92501
3.92613
3.92733
3.92864
3.93008
3.93166
3.93342
3.93537
3.93752
3.93988
3.94247
3.94527
3.94828
3.95148
3.95485
3.95836
3.96197
3.96562
3.96926
3.97285
3.9763
3.97957
3.98257
3.98526
3.98755
3.98939
3.99073
3.99151
3.9917
3.99125
3.99015
3.98838
3.98593
3.98282
3.97907
3.97471
3.96979
3.96436
3.95849
3.95226
3.94577
3.93897
1.62357
3.31924
4.10848
4.35964
4.4251
4.42809
4.40914
4.38265
4.35419
4.32605
4.29917
4.27392
4.25037
4.22848
4.20818
4.18935
4.17187
4.15565
4.14056
4.12653
4.11346
4.10127
4.08991
4.07929
4.06937
4.06009
4.05142
4.04329
4.03569
4.02857
4.02189
4.01565
4.00979
4.00431
3.99918
3.99438
3.98989
3.98569
3.98177
3.97812
3.97471
3.97153
3.96859
3.96585
3.96332
3.96098
3.95883
3.95685
3.95504
3.95339
3.95189
3.95055
3.94934
3.94827
3.94732
3.9465
3.9458
3.94522
3.94475
3.94438
3.94412
3.94396
3.94389
3.94392
3.94403
3.94424
3.94452
3.94488
3.94531
3.9458
3.94636
3.94697
3.94763
3.94833
3.94907
3.94985
3.95066
3.9515
3.95239
3.95332
3.9543
3.95536
3.95651
3.95775
3.95912
3.96063
3.9623
3.96416
3.9662
3.96844
3.9709
3.97356
3.97642
3.97947
3.98267
3.98602
3.98945
3.99295
3.99644
3.99989
4.00323
4.00641
4.00936
4.01202
4.01433
4.01624
4.01769
4.01864
4.01905
4.01887
4.0181
4.01672
4.01472
4.01211
4.00891
4.00514
4.00084
3.99608
3.9909
3.98538
3.9796
3.97353
2.11223
3.91483
4.49453
4.61442
4.61117
4.57553
4.53268
4.49014
4.45023
4.41353
4.38001
4.34947
4.32159
4.29612
4.27279
4.25136
4.23164
4.21346
4.19665
4.18108
4.16664
4.15323
4.14075
4.12912
4.11828
4.10816
4.09871
4.08988
4.08162
4.07388
4.06665
4.05987
4.05353
4.04758
4.04202
4.03682
4.03194
4.02739
4.02313
4.01916
4.01545
4.01199
4.00877
4.00578
4.003
4.00043
3.99806
3.99587
3.99386
3.99202
3.99034
3.98882
3.98745
3.98622
3.98512
3.98416
3.98332
3.9826
3.982
3.98151
3.98113
3.98085
3.98068
3.9806
3.98062
3.98072
3.98091
3.98118
3.98153
3.98194
3.98242
3.98296
3.98355
3.9842
3.98488
3.98561
3.98638
3.98718
3.98803
3.98893
3.98988
3.99091
3.99201
3.99321
3.99452
3.99597
3.99756
3.99932
4.00125
4.00337
4.00568
4.00817
4.01085
4.0137
4.01671
4.01984
4.02307
4.02635
4.02965
4.03292
4.03611
4.03916
4.04203
4.04465
4.04698
4.04896
4.05055
4.05171
4.05239
4.05258
4.05224
4.05136
4.04995
4.04799
4.04552
4.04254
4.03909
4.03521
4.03097
4.02641
4.0216
4.01653
2.75671
4.49025
4.83644
4.84145
4.78254
4.71626
4.65444
4.59908
4.54993
4.50626
4.4673
4.43237
4.40091
4.37243
4.34654
4.32292
4.30129
4.28143
4.26313
4.24625
4.23063
4.21615
4.2027
4.1902
4.17855
4.1677
4.15757
4.14811
4.13927
4.131
4.12327
4.11602
4.10924
4.1029
4.09695
4.09139
4.08618
4.08131
4.07676
4.0725
4.06852
4.06482
4.06136
4.05814
4.05515
4.05238
4.04981
4.04744
4.04526
4.04325
4.04142
4.03974
4.03823
4.03686
4.03563
4.03454
4.03359
4.03276
4.03205
4.03145
4.03097
4.0306
4.03034
4.03017
4.0301
4.03013
4.03024
4.03044
4.03071
4.03107
4.03149
4.03198
4.03252
4.03312
4.03378
4.03447
4.03522
4.03601
4.03684
4.03773
4.03867
4.03969
4.04077
4.04195
4.04323
4.04462
4.04615
4.04782
4.04964
4.05163
4.05378
4.05609
4.05856
4.06119
4.06395
4.06683
4.06979
4.07282
4.07586
4.0789
4.08187
4.08475
4.08749
4.09003
4.09234
4.09438
4.0961
4.09747
4.09847
4.09905
4.09921
4.09893
4.09821
4.09704
4.09544
4.09343
4.09102
4.08826
4.08519
4.08185
4.07828
4.07449
3.60496
5.05607
5.16201
5.06896
4.96489
4.87383
4.79645
4.7304
4.67342
4.62376
4.58005
4.54126
4.50659
4.4754
4.44719
4.42155
4.39816
4.37674
4.35706
4.33894
4.3222
4.3067
4.29233
4.27899
4.26658
4.25501
4.24423
4.23417
4.22476
4.21597
4.20775
4.20006
4.19285
4.18611
4.1798
4.17389
4.16835
4.16317
4.15833
4.15379
4.14956
4.14561
4.14192
4.13849
4.13529
4.13233
4.12957
4.12703
4.12468
4.12252
4.12053
4.11872
4.11707
4.11557
4.11423
4.11303
4.11196
4.11103
4.11022
4.10954
4.10897
4.10852
4.10817
4.10793
4.10779
4.10775
4.1078
4.10794
4.10817
4.10847
4.10885
4.1093
4.10981
4.11039
4.11102
4.11171
4.11245
4.11325
4.1141
4.115
4.11596
4.11699
4.11808
4.11927
4.12054
4.12191
4.12339
4.125
4.12673
4.12859
4.13058
4.13271
4.13497
4.13736
4.13985
4.14244
4.1451
4.14782
4.15056
4.1533
4.15601
4.15865
4.16119
4.1636
4.16584
4.16788
4.1697
4.17126
4.17254
4.17353
4.1742
4.17456
4.17458
4.17429
4.17367
4.17275
4.17154
4.17008
4.16838
4.16648
4.16441
4.16218
4.84955
5.68154
5.54072
5.36077
5.21733
5.1041
5.01232
4.93602
4.87132
4.8156
4.76698
4.72412
4.686
4.65185
4.62107
4.59319
4.5678
4.5446
4.52332
4.50375
4.48569
4.46901
4.45355
4.4392
4.42586
4.41344
4.40187
4.39107
4.38099
4.37156
4.36275
4.3545
4.34678
4.33956
4.33279
4.32645
4.32052
4.31496
4.30976
4.3049
4.30036
4.29611
4.29215
4.28845
4.28501
4.28181
4.27885
4.2761
4.27355
4.27121
4.26906
4.26708
4.26528
4.26365
4.26217
4.26084
4.25966
4.25862
4.25772
4.25694
4.25628
4.25575
4.25533
4.25502
4.25482
4.25472
4.25472
4.25481
4.25499
4.25525
4.2556
4.25603
4.25653
4.2571
4.25774
4.25844
4.2592
4.26003
4.26092
4.26186
4.26288
4.26396
4.26511
4.26633
4.26764
4.26903
4.27052
4.2721
4.27378
4.27555
4.27743
4.27941
4.28148
4.28364
4.28588
4.28818
4.29054
4.29294
4.29536
4.29778
4.30018
4.30255
4.30485
4.30707
4.30919
4.31119
4.31305
4.31475
4.31629
4.31765
4.31882
4.3198
4.32059
4.32119
4.3216
4.32185
4.32193
4.32187
4.32168
4.3214
4.32101
4.32055
6.07794
5.55972
5.2474
5.04169
4.89423
4.78182
4.69214
4.61828
4.55605
4.50269
4.45629
4.41549
4.37928
4.3469
4.31775
4.29137
4.26737
4.24547
4.22539
4.20693
4.18991
4.17419
4.15963
4.14612
4.13357
4.12188
4.111
4.10084
4.09135
4.08249
4.0742
4.06645
4.05919
4.05239
4.04602
4.04006
4.03448
4.02926
4.02436
4.01979
4.01551
4.01151
4.00778
4.0043
4.00105
3.99804
3.99523
3.99264
3.99024
3.98802
3.98598
3.98411
3.9824
3.98085
3.97944
3.97818
3.97705
3.97605
3.97518
3.97443
3.97379
3.97327
3.97285
3.97253
3.97232
3.9722
3.97217
3.97223
3.97237
3.97259
3.97289
3.97327
3.97372
3.97423
3.97482
3.97546
3.97617
3.97694
3.97777
3.97867
3.97962
3.98064
3.98173
3.98289
3.98411
3.9854
3.98677
3.98821
3.98972
3.99131
3.99296
3.99468
3.99645
3.99828
4.00016
4.00207
4.00401
4.00597
4.00793
4.00988
4.01181
4.01371
4.01557
4.01737
4.01911
4.02078
4.02236
4.02387
4.02528
4.0266
4.02783
4.02896
4.03001
4.03098
4.03188
4.03272
4.0335
4.03425
4.03497
4.03569
4.03637
4.03712
)
;

boundaryField
{
    lowerWall
    {
        type            kqRWallFunction;
        value           nonuniform List<scalar> 
122
(
6.07652
5.55942
5.24732
5.04165
4.8942
4.78178
4.69211
4.61825
4.55602
4.50265
4.45625
4.41545
4.37924
4.34686
4.31771
4.29132
4.26733
4.24542
4.22534
4.20689
4.18987
4.17415
4.15959
4.14608
4.13352
4.12184
4.11095
4.10079
4.09131
4.08244
4.07415
4.0664
4.05914
4.05234
4.04598
4.04002
4.03444
4.02921
4.02432
4.01974
4.01546
4.01146
4.00773
4.00425
4.00101
3.99799
3.99519
3.99259
3.99019
3.98797
3.98593
3.98406
3.98235
3.9808
3.97939
3.97813
3.977
3.976
3.97513
3.97438
3.97374
3.97322
3.9728
3.97248
3.97227
3.97214
3.97212
3.97217
3.97232
3.97254
3.97284
3.97322
3.97367
3.97419
3.97478
3.97544
3.97616
3.97694
3.97778
3.97869
3.97966
3.98069
3.98178
3.98293
3.98415
3.98543
3.98677
3.98818
3.98964
3.99117
3.99275
3.99439
3.99608
3.99781
3.99959
4.0014
4.00324
4.00509
4.00696
4.00884
4.01071
4.01257
4.01442
4.01624
4.01803
4.01978
4.02149
4.02316
4.02478
4.02634
4.02786
4.02933
4.03075
4.03213
4.03346
4.03476
4.03602
4.03726
4.03849
4.03971
4.04088
4.0421
)
;
    }
    upperWall
    {
        type            kqRWallFunction;
        value           nonuniform List<scalar> 
122
(
6.07794
5.55972
5.2474
5.04169
4.89423
4.78182
4.69214
4.61828
4.55605
4.50269
4.45629
4.41549
4.37928
4.3469
4.31775
4.29137
4.26737
4.24547
4.22539
4.20693
4.18991
4.17419
4.15963
4.14612
4.13357
4.12188
4.111
4.10084
4.09135
4.08249
4.0742
4.06645
4.05919
4.05239
4.04602
4.04006
4.03448
4.02926
4.02436
4.01979
4.01551
4.01151
4.00778
4.0043
4.00105
3.99804
3.99523
3.99264
3.99024
3.98802
3.98598
3.98411
3.9824
3.98085
3.97944
3.97818
3.97705
3.97605
3.97518
3.97443
3.97379
3.97327
3.97285
3.97253
3.97232
3.9722
3.97217
3.97223
3.97237
3.97259
3.97289
3.97327
3.97372
3.97423
3.97482
3.97546
3.97617
3.97694
3.97777
3.97867
3.97962
3.98064
3.98173
3.98289
3.98411
3.9854
3.98677
3.98821
3.98972
3.99131
3.99296
3.99468
3.99645
3.99828
4.00016
4.00207
4.00401
4.00597
4.00793
4.00988
4.01181
4.01371
4.01557
4.01737
4.01911
4.02078
4.02236
4.02387
4.02528
4.0266
4.02783
4.02896
4.03001
4.03098
4.03188
4.03272
4.0335
4.03425
4.03497
4.03569
4.03637
4.03712
)
;
    }
    inlet
    {
        type            turbulentIntensityKineticEnergyInlet;
        intensity       0.0223;
        value           uniform 0.91377;
    }
    outlet
    {
        type            zeroGradient;
    }
    frontAndBack
    {
        type            empty;
    }
}


// ************************************************************************* //
