/*--------------------------------*- C++ -*----------------------------------*\
  =========                 |
  \\      /  F ield         | OpenFOAM: The Open Source CFD Toolbox
   \\    /   O peration     | Website:  https://openfoam.org
    \\  /    A nd           | Version:  8
     \\/     M anipulation  |
\*---------------------------------------------------------------------------*/
FoamFile
{
    version     2.0;
    format      ascii;
    class       volScalarField;
    location    "1000";
    object      nut;
}
// * * * * * * * * * * * * * * * * * * * * * * * * * * * * * * * * * * * * * //

dimensions      [0 2 -1 0 0 0 0];

internalField   nonuniform List<scalar> 
7320
(
0.000286299
0.000273847
0.000266049
0.000260783
0.000256941
0.000253973
0.00025158
0.000249592
0.000247905
0.000246449
0.000245176
0.000244051
0.000243048
0.000242148
0.000241334
0.000240596
0.000239922
0.000239306
0.000238739
0.000238217
0.000237735
0.000237288
0.000236874
0.000236489
0.000236131
0.000235797
0.000235485
0.000235194
0.000234922
0.000234667
0.000234429
0.000234206
0.000233997
0.000233801
0.000233617
0.000233445
0.000233284
0.000233132
0.000232991
0.000232858
0.000232734
0.000232618
0.00023251
0.000232409
0.000232315
0.000232227
0.000232146
0.000232071
0.000232001
0.000231936
0.000231877
0.000231823
0.000231773
0.000231728
0.000231687
0.00023165
0.000231617
0.000231588
0.000231563
0.000231541
0.000231522
0.000231507
0.000231495
0.000231485
0.000231479
0.000231476
0.000231475
0.000231477
0.000231481
0.000231487
0.000231496
0.000231507
0.00023152
0.000231536
0.000231553
0.000231572
0.000231593
0.000231615
0.00023164
0.000231666
0.000231694
0.000231723
0.000231755
0.000231788
0.000231823
0.00023186
0.000231899
0.000231939
0.000231982
0.000232026
0.000232073
0.000232121
0.00023217
0.000232221
0.000232274
0.000232328
0.000232382
0.000232438
0.000232494
0.000232551
0.000232607
0.000232663
0.000232719
0.000232774
0.000232829
0.000232882
0.000232933
0.000232983
0.000233032
0.000233078
0.000233123
0.000233165
0.000233206
0.000233245
0.000233281
0.000233316
0.00023335
0.000233382
0.000233413
0.000233442
0.00023347
0.000233498
0.000562815
0.000740638
0.000767571
0.000767651
0.000763096
0.000757975
0.000753148
0.000748779
0.000744861
0.00074135
0.000738193
0.000735345
0.000732764
0.000730416
0.000728271
0.000726307
0.000724501
0.000722838
0.000721301
0.000719879
0.00071856
0.000717334
0.000716194
0.000715131
0.00071414
0.000713215
0.00071235
0.000711541
0.000710784
0.000710076
0.000709412
0.00070879
0.000708208
0.000707662
0.000707151
0.000706672
0.000706223
0.000705803
0.000705411
0.000705043
0.000704701
0.000704381
0.000704083
0.000703806
0.000703548
0.000703309
0.000703088
0.000702884
0.000702696
0.000702524
0.000702366
0.000702223
0.000702093
0.000701976
0.000701872
0.00070178
0.000701699
0.000701629
0.00070157
0.000701521
0.000701481
0.000701452
0.000701431
0.000701419
0.000701416
0.000701421
0.000701434
0.000701454
0.00070148
0.000701514
0.000701553
0.000701599
0.00070165
0.000701707
0.000701768
0.000701834
0.000701904
0.000701979
0.000702058
0.000702142
0.000702231
0.000702326
0.000702427
0.000702535
0.00070265
0.000702775
0.000702908
0.000703051
0.000703205
0.00070337
0.000703546
0.000703734
0.000703932
0.00070414
0.000704357
0.000704582
0.000704813
0.000705049
0.000705287
0.000705524
0.000705759
0.000705989
0.000706211
0.000706422
0.000706619
0.0007068
0.000706963
0.000707105
0.000707224
0.00070732
0.000707389
0.000707433
0.000707449
0.000707439
0.000707402
0.00070734
0.000707254
0.000707145
0.000707017
0.00070687
0.00070671
0.000706526
0.00076108
0.00115457
0.00127125
0.00130573
0.00131552
0.00131688
0.00131508
0.00131204
0.00130855
0.00130497
0.00130147
0.00129811
0.00129493
0.00129193
0.00128913
0.0012865
0.00128405
0.00128176
0.00127961
0.00127761
0.00127574
0.00127398
0.00127234
0.0012708
0.00126936
0.00126801
0.00126674
0.00126555
0.00126444
0.0012634
0.00126242
0.0012615
0.00126064
0.00125983
0.00125908
0.00125837
0.00125771
0.0012571
0.00125652
0.00125599
0.00125549
0.00125502
0.00125459
0.0012542
0.00125383
0.00125349
0.00125318
0.0012529
0.00125264
0.0012524
0.00125219
0.001252
0.00125184
0.00125169
0.00125157
0.00125146
0.00125137
0.0012513
0.00125124
0.00125121
0.00125118
0.00125118
0.00125118
0.00125121
0.00125124
0.00125129
0.00125135
0.00125143
0.00125151
0.00125161
0.00125171
0.00125182
0.00125194
0.00125207
0.0012522
0.00125234
0.00125248
0.00125263
0.00125279
0.00125295
0.00125313
0.00125331
0.00125351
0.00125372
0.00125395
0.0012542
0.00125447
0.00125477
0.00125509
0.00125544
0.00125583
0.00125624
0.00125667
0.00125714
0.00125763
0.00125813
0.00125865
0.00125918
0.00125971
0.00126024
0.00126075
0.00126124
0.0012617
0.00126212
0.0012625
0.00126282
0.00126309
0.00126329
0.00126341
0.00126346
0.00126343
0.00126332
0.00126312
0.00126284
0.00126248
0.00126205
0.00126154
0.00126096
0.00126033
0.00125965
0.00125893
0.00125814
0.00094219
0.00154866
0.00180331
0.00190635
0.0019512
0.00197187
0.00198147
0.00198555
0.00198668
0.00198617
0.00198472
0.00198276
0.00198051
0.00197813
0.00197571
0.00197331
0.00197095
0.00196867
0.00196648
0.00196438
0.00196238
0.00196047
0.00195867
0.00195695
0.00195534
0.00195381
0.00195237
0.00195101
0.00194973
0.00194852
0.00194739
0.00194633
0.00194534
0.0019444
0.00194353
0.00194272
0.00194196
0.00194125
0.0019406
0.00193999
0.00193943
0.00193891
0.00193844
0.001938
0.00193761
0.00193725
0.00193693
0.00193664
0.00193638
0.00193616
0.00193597
0.0019358
0.00193567
0.00193556
0.00193548
0.00193542
0.00193539
0.00193538
0.0019354
0.00193543
0.00193549
0.00193557
0.00193567
0.00193578
0.00193592
0.00193608
0.00193625
0.00193643
0.00193663
0.00193685
0.00193707
0.0019373
0.00193755
0.0019378
0.00193806
0.00193832
0.00193859
0.00193886
0.00193914
0.00193944
0.00193974
0.00194007
0.00194041
0.00194078
0.00194118
0.00194162
0.0019421
0.00194263
0.00194321
0.00194384
0.00194453
0.00194527
0.00194607
0.00194691
0.00194779
0.00194871
0.00194965
0.00195061
0.00195156
0.00195249
0.0019534
0.00195426
0.00195505
0.00195576
0.00195638
0.00195688
0.00195726
0.0019575
0.00195759
0.00195752
0.00195729
0.00195689
0.00195631
0.00195557
0.00195467
0.00195361
0.00195241
0.00195107
0.00194962
0.00194807
0.00194645
0.0019447
0.00110978
0.00189233
0.00232606
0.0025368
0.00264438
0.00270313
0.00273713
0.00275765
0.00277031
0.00277817
0.00278296
0.00278574
0.00278718
0.00278769
0.00278758
0.00278703
0.00278618
0.00278514
0.00278397
0.00278273
0.00278144
0.00278014
0.00277885
0.00277758
0.00277634
0.00277515
0.002774
0.0027729
0.00277185
0.00277085
0.00276991
0.00276903
0.0027682
0.00276742
0.00276669
0.00276602
0.0027654
0.00276483
0.00276431
0.00276383
0.0027634
0.00276301
0.00276267
0.00276237
0.00276211
0.00276189
0.00276171
0.00276157
0.00276146
0.00276138
0.00276134
0.00276134
0.00276136
0.00276141
0.0027615
0.00276161
0.00276175
0.00276192
0.00276211
0.00276233
0.00276258
0.00276285
0.00276314
0.00276345
0.00276379
0.00276415
0.00276453
0.00276493
0.00276534
0.00276576
0.0027662
0.00276665
0.0027671
0.00276756
0.00276803
0.0027685
0.00276897
0.00276945
0.00276993
0.00277043
0.00277094
0.00277148
0.00277204
0.00277265
0.0027733
0.00277402
0.0027748
0.00277565
0.00277659
0.00277761
0.00277872
0.00277992
0.0027812
0.00278256
0.00278399
0.00278547
0.00278698
0.00278852
0.00279005
0.00279154
0.00279299
0.00279434
0.00279559
0.0027967
0.00279764
0.00279839
0.00279892
0.00279922
0.00279926
0.00279903
0.00279852
0.00279772
0.00279663
0.00279526
0.00279361
0.0027917
0.00278954
0.00278715
0.00278458
0.00278183
0.00277897
0.00277588
0.00129926
0.00216764
0.00280717
0.00316585
0.00336954
0.00349116
0.00356775
0.00361825
0.00365279
0.00367709
0.00369457
0.00370734
0.00371679
0.00372385
0.00372913
0.0037331
0.00373607
0.00373829
0.00373993
0.00374111
0.00374196
0.00374253
0.0037429
0.00374312
0.00374321
0.00374322
0.00374316
0.00374305
0.00374291
0.00374276
0.0037426
0.00374244
0.00374229
0.00374215
0.00374203
0.00374193
0.00374186
0.00374181
0.00374178
0.00374179
0.00374182
0.00374188
0.00374198
0.0037421
0.00374226
0.00374245
0.00374266
0.00374291
0.00374319
0.00374349
0.00374383
0.00374419
0.00374459
0.00374501
0.00374546
0.00374593
0.00374643
0.00374696
0.00374751
0.00374809
0.00374869
0.00374932
0.00374997
0.00375065
0.00375134
0.00375206
0.0037528
0.00375356
0.00375433
0.00375511
0.0037559
0.00375669
0.0037575
0.0037583
0.0037591
0.0037599
0.0037607
0.00376149
0.0037623
0.00376311
0.00376394
0.0037648
0.00376569
0.00376665
0.00376766
0.00376876
0.00376996
0.00377126
0.00377269
0.00377423
0.00377591
0.00377772
0.00377966
0.0037817
0.00378385
0.00378608
0.00378836
0.00379067
0.00379297
0.00379523
0.0037974
0.00379944
0.00380131
0.00380297
0.00380438
0.00380549
0.00380627
0.00380668
0.00380671
0.00380632
0.0038055
0.00380423
0.00380252
0.00380037
0.00379779
0.0037948
0.00379142
0.00378769
0.00378365
0.00377935
0.00377487
0.00377003
0.00158937
0.00236976
0.00321596
0.00375923
0.00409609
0.00431112
0.00445413
0.00455312
0.00462407
0.00467641
0.00471597
0.00474649
0.00477044
0.00478951
0.00480489
0.00481744
0.00482777
0.00483636
0.00484356
0.00484964
0.00485482
0.00485926
0.00486309
0.00486643
0.00486936
0.00487194
0.00487424
0.0048763
0.00487816
0.00487986
0.00488143
0.00488288
0.00488423
0.00488551
0.00488672
0.00488788
0.004889
0.00489009
0.00489115
0.00489219
0.00489322
0.00489424
0.00489526
0.00489627
0.00489728
0.0048983
0.00489932
0.00490036
0.0049014
0.00490245
0.00490351
0.00490459
0.00490569
0.00490679
0.00490791
0.00490905
0.00491021
0.00491138
0.00491257
0.00491377
0.00491499
0.00491623
0.00491749
0.00491877
0.00492006
0.00492138
0.0049227
0.00492404
0.00492539
0.00492674
0.00492809
0.00492945
0.00493079
0.00493213
0.00493346
0.00493478
0.00493608
0.00493737
0.00493866
0.00493996
0.00494127
0.00494261
0.00494399
0.00494544
0.00494698
0.00494863
0.0049504
0.00495233
0.00495441
0.00495666
0.0049591
0.00496172
0.00496452
0.00496747
0.00497057
0.00497379
0.00497709
0.00498043
0.00498375
0.00498702
0.00499017
0.00499315
0.00499588
0.00499831
0.00500039
0.00500204
0.00500323
0.00500389
0.00500399
0.00500349
0.00500237
0.0050006
0.00499819
0.00499513
0.00499144
0.00498714
0.00498227
0.00497688
0.00497103
0.00496476
0.00495821
0.00495113
0.00212976
0.00251869
0.00352583
0.00427893
0.00478634
0.00512981
0.00536872
0.00554022
0.00566706
0.00576335
0.00583815
0.00589739
0.00594512
0.00598413
0.00601645
0.00604352
0.00606643
0.00608601
0.00610287
0.00611753
0.00613035
0.00614164
0.00615166
0.00616061
0.00616864
0.00617589
0.00618248
0.00618849
0.00619402
0.00619911
0.00620384
0.00620825
0.00621237
0.00621626
0.00621993
0.00622341
0.00622672
0.00622989
0.00623294
0.00623587
0.00623871
0.00624146
0.00624414
0.00624675
0.0062493
0.0062518
0.00625425
0.00625667
0.00625905
0.00626141
0.00626374
0.00626605
0.00626834
0.00627062
0.00627288
0.00627514
0.00627738
0.00627963
0.00628186
0.0062841
0.00628633
0.00628857
0.00629081
0.00629305
0.0062953
0.00629755
0.00629981
0.00630206
0.00630431
0.00630655
0.00630877
0.00631098
0.00631317
0.00631533
0.00631747
0.00631957
0.00632164
0.00632369
0.00632572
0.00632774
0.00632976
0.00633182
0.00633392
0.0063361
0.00633838
0.0063408
0.00634338
0.00634615
0.00634913
0.00635234
0.00635579
0.00635948
0.00636341
0.00636756
0.00637191
0.00637642
0.00638105
0.00638574
0.00639043
0.00639505
0.00639951
0.00640374
0.00640766
0.00641117
0.00641419
0.00641665
0.00641847
0.00641958
0.00641991
0.00641941
0.00641805
0.0064158
0.00641264
0.00640857
0.00640362
0.0063978
0.00639117
0.00638378
0.00637571
0.00636703
0.00635792
0.00634803
0.0031541
0.00268382
0.00372393
0.00468584
0.00539542
0.00590413
0.0062731
0.00654666
0.00675434
0.00691556
0.00704326
0.00714624
0.00723059
0.00730064
0.00735953
0.00740958
0.00745254
0.00748974
0.00752221
0.00755076
0.00757604
0.00759856
0.00761874
0.00763694
0.00765342
0.00766842
0.00768215
0.00769477
0.00770641
0.00771719
0.00772723
0.0077366
0.00774538
0.00775364
0.00776144
0.00776882
0.00777582
0.0077825
0.00778887
0.00779497
0.00780084
0.00780648
0.00781192
0.00781719
0.00782229
0.00782724
0.00783206
0.00783676
0.00784134
0.00784583
0.00785023
0.00785454
0.00785877
0.00786294
0.00786704
0.00787108
0.00787507
0.00787902
0.00788292
0.00788678
0.00789061
0.0078944
0.00789817
0.00790191
0.00790563
0.00790933
0.007913
0.00791665
0.00792027
0.00792386
0.00792741
0.00793091
0.00793437
0.00793777
0.00794112
0.0079444
0.00794763
0.00795081
0.00795394
0.00795704
0.00796013
0.00796323
0.00796639
0.00796962
0.00797297
0.00797648
0.00798018
0.00798411
0.00798831
0.00799281
0.0079976
0.00800272
0.00800814
0.00801386
0.00801984
0.00802604
0.00803241
0.00803886
0.00804533
0.00805172
0.00805792
0.00806383
0.00806933
0.00807432
0.00807868
0.0080823
0.00808508
0.00808691
0.00808771
0.00808742
0.00808596
0.00808331
0.00807943
0.00807431
0.00806798
0.00806046
0.00805181
0.00804209
0.00803141
0.00801986
0.00800765
0.00799434
0.00493181
0.00302612
0.0038337
0.00494834
0.00587406
0.00658116
0.00711649
0.00752622
0.00784508
0.00809766
0.00830115
0.00846767
0.00860586
0.00872199
0.00882068
0.0089054
0.00897879
0.0090429
0.00909931
0.00914929
0.00919386
0.00923384
0.00926988
0.00930254
0.00933229
0.00935949
0.00938447
0.00940751
0.00942883
0.00944864
0.00946709
0.00948435
0.00950053
0.00951576
0.00953012
0.0095437
0.00955658
0.00956882
0.00958049
0.00959163
0.0096023
0.00961253
0.00962237
0.00963184
0.00964097
0.0096498
0.00965835
0.00966664
0.00967469
0.00968252
0.00969015
0.00969759
0.00970485
0.00971195
0.00971891
0.00972572
0.00973241
0.00973897
0.00974543
0.00975178
0.00975804
0.00976421
0.0097703
0.00977631
0.00978225
0.00978813
0.00979394
0.00979968
0.00980535
0.00981095
0.00981646
0.0098219
0.00982724
0.00983248
0.00983762
0.00984267
0.00984761
0.00985245
0.00985721
0.0098619
0.00986656
0.00987121
0.00987588
0.00988063
0.00988551
0.00989056
0.00989584
0.00990139
0.00990725
0.00991348
0.00992008
0.00992707
0.00993446
0.00994222
0.00995032
0.00995872
0.00996733
0.00997607
0.00998485
0.00999354
0.010002
0.0100101
0.0100178
0.0100247
0.0100309
0.0100362
0.0100404
0.0100433
0.010045
0.0100452
0.0100439
0.010041
0.0100365
0.0100304
0.0100227
0.0100134
0.0100025
0.00999021
0.00997657
0.00996171
0.0099459
0.00992856
0.00765447
0.00384129
0.0039599
0.0050637
0.00617752
0.00710148
0.0078361
0.00841791
0.00888249
0.00925803
0.00956562
0.00982082
0.0100351
0.0102171
0.0103732
0.0105082
0.0106262
0.0107298
0.0108217
0.0109035
0.0109768
0.0110429
0.0111028
0.0111573
0.011207
0.0112527
0.0112948
0.0113337
0.0113697
0.0114033
0.0114346
0.0114639
0.0114914
0.0115173
0.0115417
0.0115648
0.0115867
0.0116075
0.0116273
0.0116462
0.0116642
0.0116815
0.011698
0.0117139
0.0117293
0.011744
0.0117583
0.011772
0.0117854
0.0117983
0.0118108
0.011823
0.0118349
0.0118464
0.0118577
0.0118687
0.0118794
0.01189
0.0119002
0.0119103
0.0119202
0.01193
0.0119395
0.0119489
0.0119581
0.0119672
0.0119762
0.011985
0.0119937
0.0120023
0.0120107
0.0120189
0.0120271
0.012035
0.0120428
0.0120504
0.0120578
0.0120651
0.0120723
0.0120793
0.0120862
0.0120931
0.0121
0.0121069
0.012114
0.0121212
0.0121287
0.0121365
0.0121446
0.0121532
0.0121622
0.0121717
0.0121817
0.0121921
0.012203
0.0122142
0.0122257
0.0122374
0.0122491
0.0122608
0.0122722
0.0122832
0.0122936
0.0123033
0.0123119
0.0123194
0.0123256
0.0123303
0.0123333
0.0123345
0.0123338
0.0123311
0.0123263
0.0123194
0.0123104
0.0122993
0.0122862
0.0122711
0.0122543
0.0122358
0.012216
0.0121941
0.0113266
0.00551803
0.00435849
0.00510578
0.00628855
0.00740978
0.00836168
0.0091471
0.00979278
0.0103264
0.0107711
0.0111453
0.0114634
0.0117362
0.0119723
0.0121782
0.0123592
0.0125193
0.0126619
0.0127896
0.0129046
0.0130086
0.0131032
0.0131896
0.0132687
0.0133415
0.0134088
0.013471
0.0135289
0.0135828
0.0136332
0.0136805
0.0137248
0.0137666
0.013806
0.0138433
0.0138786
0.0139122
0.0139441
0.0139745
0.0140035
0.0140313
0.0140579
0.0140835
0.014108
0.0141316
0.0141543
0.0141763
0.0141975
0.014218
0.0142378
0.0142571
0.0142758
0.0142939
0.0143116
0.0143288
0.0143456
0.0143619
0.0143779
0.0143935
0.0144087
0.0144236
0.0144383
0.0144526
0.0144667
0.0144805
0.0144941
0.0145074
0.0145205
0.0145334
0.014546
0.0145583
0.0145704
0.0145823
0.0145939
0.0146052
0.0146163
0.0146272
0.0146378
0.0146482
0.0146584
0.0146686
0.0146786
0.0146887
0.0146988
0.0147092
0.0147197
0.0147306
0.0147419
0.0147536
0.0147659
0.0147787
0.0147921
0.014806
0.0148204
0.0148353
0.0148505
0.014866
0.0148815
0.014897
0.0149123
0.014927
0.0149411
0.0149542
0.0149662
0.0149768
0.0149858
0.0149929
0.014998
0.0150009
0.0150014
0.0149994
0.0149948
0.0149876
0.0149777
0.0149651
0.0149499
0.0149322
0.0149122
0.0148899
0.0148658
0.0148389
0.0157248
0.0083437
0.00547916
0.00531275
0.00627167
0.00748282
0.00862975
0.00963244
0.0104877
0.0112134
0.0118305
0.0123582
0.0128125
0.0132064
0.0135503
0.0138528
0.0141205
0.0143588
0.0145721
0.0147641
0.0149377
0.0150955
0.0152394
0.0153712
0.0154923
0.0156041
0.0157075
0.0158035
0.0158929
0.0159763
0.0160543
0.0161275
0.0161964
0.0162612
0.0163225
0.0163804
0.0164354
0.0164875
0.0165372
0.0165845
0.0166296
0.0166728
0.0167141
0.0167537
0.0167917
0.0168283
0.0168634
0.0168973
0.0169301
0.0169617
0.0169922
0.0170218
0.0170504
0.0170782
0.0171052
0.0171315
0.017157
0.0171818
0.017206
0.0172296
0.0172526
0.0172751
0.0172971
0.0173186
0.0173397
0.0173603
0.0173806
0.0174004
0.0174198
0.0174388
0.0174575
0.0174758
0.0174936
0.0175111
0.0175282
0.0175449
0.0175612
0.0175772
0.0175928
0.017608
0.017623
0.0176378
0.0176524
0.017667
0.0176815
0.0176962
0.0177111
0.0177263
0.0177419
0.017758
0.0177746
0.0177918
0.0178097
0.0178282
0.0178472
0.0178668
0.0178869
0.0179072
0.0179277
0.0179481
0.0179682
0.0179878
0.0180066
0.0180243
0.0180407
0.0180555
0.0180684
0.018079
0.0180873
0.0180928
0.0180955
0.0180951
0.0180916
0.0180848
0.0180746
0.0180611
0.0180444
0.0180244
0.0180014
0.0179755
0.0179472
0.0179152
0.0204365
0.0122987
0.00781877
0.0061763
0.00638132
0.00739745
0.00862145
0.00980678
0.0108762
0.0118169
0.0126375
0.0133529
0.0139782
0.0145273
0.0150118
0.0154416
0.0158248
0.0161683
0.0164775
0.0167573
0.0170115
0.0172433
0.0174556
0.0176506
0.0178304
0.0179968
0.018151
0.0182945
0.0184284
0.0185535
0.0186708
0.018781
0.0188847
0.0189825
0.0190749
0.0191624
0.0192454
0.0193243
0.0193993
0.0194709
0.0195391
0.0196044
0.0196668
0.0197267
0.0197841
0.0198393
0.0198924
0.0199435
0.0199928
0.0200404
0.0200863
0.0201307
0.0201738
0.0202154
0.0202558
0.0202951
0.0203332
0.0203702
0.0204062
0.0204413
0.0204755
0.0205089
0.0205414
0.0205732
0.0206043
0.0206347
0.0206644
0.0206935
0.0207219
0.0207498
0.020777
0.0208037
0.0208298
0.0208553
0.0208802
0.0209046
0.0209284
0.0209516
0.0209743
0.0209965
0.0210182
0.0210396
0.0210607
0.0210816
0.0211024
0.0211232
0.0211442
0.0211653
0.0211869
0.0212089
0.0212315
0.0212547
0.0212785
0.0213031
0.0213282
0.021354
0.0213802
0.0214068
0.0214336
0.0214603
0.0214867
0.0215126
0.0215376
0.0215613
0.0215836
0.0216039
0.0216221
0.0216377
0.0216505
0.0216601
0.0216663
0.0216689
0.0216676
0.0216624
0.0216531
0.0216397
0.0216223
0.0216009
0.0215757
0.0215467
0.0215145
0.0214777
0.024966
0.017029
0.011559
0.0083344
0.00718515
0.00746836
0.008455
0.00967288
0.0108973
0.0120408
0.0130773
0.0140053
0.014833
0.0155712
0.0162309
0.0168222
0.0173542
0.0178345
0.01827
0.0186661
0.0190279
0.0193593
0.0196641
0.0199451
0.020205
0.0204461
0.0206704
0.0208795
0.0210749
0.021258
0.0214298
0.0215915
0.0217439
0.0218878
0.022024
0.022153
0.0222755
0.022392
0.0225028
0.0226085
0.0227095
0.022806
0.0228983
0.0229869
0.0230718
0.0231534
0.0232319
0.0233074
0.0233802
0.0234505
0.0235183
0.0235838
0.0236472
0.0237086
0.0237681
0.0238258
0.0238818
0.0239361
0.023989
0.0240404
0.0240904
0.0241392
0.0241867
0.024233
0.0242783
0.0243225
0.0243656
0.0244078
0.0244491
0.0244894
0.0245289
0.0245674
0.0246051
0.024642
0.024678
0.0247131
0.0247474
0.0247809
0.0248137
0.0248457
0.0248771
0.0249078
0.0249381
0.0249679
0.0249975
0.0250269
0.0250563
0.0250858
0.0251156
0.0251458
0.0251765
0.0252077
0.0252396
0.0252722
0.0253054
0.0253392
0.0253736
0.0254084
0.0254433
0.0254782
0.0255128
0.0255467
0.0255797
0.0256114
0.0256413
0.0256692
0.0256945
0.025717
0.0257361
0.0257517
0.0257632
0.0257705
0.0257733
0.0257714
0.0257646
0.0257529
0.0257363
0.0257149
0.0256886
0.0256577
0.0256227
0.0255818
0.0288721
0.0219727
0.0163572
0.0121026
0.00944208
0.00839318
0.00856599
0.00943681
0.0106072
0.0118514
0.0130626
0.0141965
0.0152393
0.0161903
0.0170549
0.0178406
0.0185555
0.0192071
0.0198026
0.0203481
0.0208492
0.0213109
0.0217373
0.0221321
0.0224988
0.02284
0.0231583
0.0234559
0.0237348
0.0239966
0.024243
0.0244751
0.0246943
0.0249016
0.025098
0.0252843
0.0254613
0.0256298
0.0257904
0.0259435
0.0260899
0.0262299
0.0263639
0.0264925
0.0266158
0.0267343
0.0268483
0.0269581
0.0270638
0.0271658
0.0272643
0.0273594
0.0274515
0.0275405
0.0276267
0.0277103
0.0277914
0.0278701
0.0279466
0.0280209
0.0280932
0.0281636
0.0282321
0.0282989
0.0283641
0.0284276
0.0284897
0.0285503
0.0286095
0.0286673
0.0287239
0.0287791
0.028833
0.0288858
0.0289373
0.0289876
0.0290367
0.0290847
0.0291316
0.0291774
0.0292222
0.0292662
0.0293093
0.0293517
0.0293936
0.029435
0.0294762
0.0295173
0.0295585
0.0295999
0.0296416
0.0296838
0.0297266
0.0297699
0.0298139
0.0298585
0.0299035
0.029949
0.0299946
0.0300401
0.0300853
0.0301298
0.0301733
0.0302153
0.0302554
0.0302931
0.0303281
0.0303599
0.0303879
0.0304118
0.0304312
0.0304456
0.0304549
0.0304587
0.0304568
0.030449
0.0304354
0.0304159
0.0303906
0.0303597
0.0303235
0.03028
0.0318859
0.0265354
0.0215162
0.0170871
0.0134893
0.0110289
0.00983786
0.0097379
0.0103766
0.011418
0.0126294
0.0138773
0.0150935
0.0162465
0.0173241
0.0183239
0.0192482
0.0201018
0.0208901
0.0216189
0.0222936
0.0229193
0.0235006
0.0240417
0.0245463
0.025018
0.0254596
0.0258739
0.0262632
0.0266297
0.0269754
0.0273019
0.0276108
0.0279035
0.0281812
0.0284451
0.0286963
0.0289355
0.0291638
0.0293818
0.0295903
0.0297899
0.0299812
0.0301646
0.0303408
0.0305102
0.0306732
0.0308301
0.0309814
0.0311273
0.0312682
0.0314043
0.0315359
0.0316633
0.0317867
0.0319062
0.0320222
0.0321347
0.032244
0.0323502
0.0324534
0.0325538
0.0326516
0.0327468
0.0328397
0.0329302
0.0330185
0.0331047
0.0331888
0.033271
0.0333513
0.0334297
0.0335063
0.0335811
0.0336542
0.0337256
0.0337954
0.0338635
0.0339301
0.0339951
0.0340587
0.034121
0.0341821
0.034242
0.034301
0.0343592
0.0344168
0.034474
0.0345309
0.0345877
0.0346447
0.0347018
0.0347594
0.0348173
0.0348757
0.0349346
0.0349938
0.0350534
0.035113
0.0351725
0.0352316
0.0352899
0.0353471
0.0354026
0.0354561
0.035507
0.0355549
0.0355991
0.0356393
0.0356748
0.0357052
0.0357301
0.0357491
0.0357617
0.0357678
0.0357671
0.0357596
0.035745
0.0357235
0.0356952
0.0356604
0.0356167
0.0339568
0.0302574
0.0262964
0.0224018
0.0187493
0.0155657
0.0131348
0.01166
0.0111401
0.0113925
0.0121663
0.0132379
0.014448
0.0156984
0.0169334
0.0181236
0.0192548
0.0203216
0.0213231
0.0222613
0.0231394
0.0239613
0.0247308
0.0254521
0.0261288
0.0267645
0.0273626
0.027926
0.0284574
0.0289594
0.0294343
0.0298842
0.0303108
0.0307161
0.0311014
0.0314683
0.0318181
0.0321518
0.0324707
0.0327757
0.0330677
0.0333475
0.033616
0.0338738
0.0341215
0.0343598
0.0345893
0.0348104
0.0350236
0.0352294
0.0354282
0.0356203
0.0358061
0.035986
0.0361602
0.0363291
0.0364928
0.0366517
0.0368061
0.036956
0.0371018
0.0372435
0.0373815
0.0375159
0.0376469
0.0377745
0.0378989
0.0380204
0.0381389
0.0382546
0.0383677
0.0384781
0.0385859
0.0386912
0.0387941
0.0388946
0.0389929
0.0390888
0.0391826
0.0392742
0.0393639
0.0394516
0.0395374
0.0396217
0.0397044
0.0397858
0.0398661
0.0399454
0.040024
0.0401021
0.0401799
0.0402575
0.0403351
0.0404128
0.0404907
0.0405688
0.0406471
0.0407254
0.0408037
0.0408816
0.040959
0.0410355
0.0411106
0.041184
0.0412551
0.0413234
0.0413883
0.0414493
0.0415058
0.0415571
0.0416028
0.0416424
0.0416752
0.041701
0.0417193
0.0417298
0.0417323
0.0417267
0.041713
0.041691
0.0416613
0.0416209
0.0352156
0.0329264
0.0301548
0.0271692
0.0241079
0.0210828
0.0182539
0.0158401
0.0140585
0.0130304
0.012737
0.0130508
0.0138009
0.0148263
0.0160022
0.0172434
0.018496
0.0197278
0.0209204
0.0220639
0.0231539
0.024189
0.0251701
0.026099
0.026978
0.0278099
0.0285976
0.0293438
0.0300513
0.0307226
0.0313602
0.0319664
0.0325433
0.0330929
0.0336169
0.0341171
0.0345949
0.035052
0.0354894
0.0359086
0.0363106
0.0366964
0.0370671
0.0374235
0.0377664
0.0380966
0.0384149
0.0387218
0.0390181
0.0393042
0.0395807
0.0398482
0.0401071
0.0403577
0.0406006
0.0408361
0.0410646
0.0412864
0.0415018
0.0417111
0.0419147
0.0421127
0.0423054
0.042493
0.0426758
0.042854
0.0430278
0.0431973
0.0433628
0.0435243
0.043682
0.0438361
0.0439866
0.0441337
0.0442773
0.0444176
0.0445548
0.0446889
0.0448199
0.044948
0.0450733
0.0451958
0.0453158
0.0454334
0.0455487
0.045662
0.0457734
0.0458832
0.0459916
0.0460989
0.0462051
0.0463107
0.0464157
0.0465202
0.0466245
0.0467285
0.0468323
0.0469359
0.047039
0.0471415
0.0472431
0.0473436
0.0474424
0.0475393
0.0476336
0.0477248
0.0478123
0.0478955
0.0479738
0.0480465
0.0481129
0.0481725
0.0482247
0.048269
0.0483049
0.048332
0.04835
0.0483586
0.0483578
0.0483473
0.0483277
0.0482954
0.0358864
0.034593
0.0328633
0.0308401
0.0286213
0.0262674
0.0238358
0.0214144
0.0191386
0.0171788
0.0156958
0.0147878
0.0144645
0.0146593
0.0152639
0.0161609
0.0172464
0.01844
0.0196844
0.0209414
0.0221859
0.0234025
0.0245816
0.025718
0.0268092
0.0278544
0.0288542
0.0298096
0.0307222
0.0315939
0.0324266
0.0332223
0.0339831
0.0347108
0.0354074
0.0360745
0.0367138
0.037327
0.0379154
0.0384806
0.0390239
0.0395464
0.0400492
0.0405335
0.0410003
0.0414505
0.0418849
0.0423045
0.0427099
0.0431019
0.0434812
0.0438483
0.0442039
0.0445486
0.0448828
0.045207
0.0455218
0.0458275
0.0461245
0.0464133
0.0466943
0.0469676
0.0472338
0.047493
0.0477456
0.0479919
0.0482321
0.0484664
0.0486951
0.0489184
0.0491365
0.0493496
0.0495578
0.0497612
0.0499601
0.0501544
0.0503443
0.0505301
0.0507116
0.0508892
0.051063
0.0512329
0.0513993
0.0515623
0.051722
0.0518787
0.0520326
0.0521839
0.0523329
0.0524799
0.052625
0.0527686
0.0529107
0.0530517
0.0531917
0.0533307
0.0534689
0.0536062
0.0537425
0.0538778
0.0540117
0.0541439
0.0542742
0.0544021
0.054527
0.0546484
0.0547657
0.0548783
0.0549855
0.0550865
0.0551807
0.0552674
0.0553459
0.0554157
0.0554762
0.0555267
0.055567
0.0555967
0.0556155
0.0556232
0.0556202
0.0556025
0.0361963
0.0354884
0.0345011
0.0332718
0.0318469
0.0302605
0.0285351
0.0266917
0.024764
0.0228124
0.0209309
0.0192398
0.0178631
0.0168966
0.0163857
0.0163216
0.0166534
0.0173069
0.0182017
0.0192644
0.020434
0.0216643
0.0229216
0.0241827
0.0254314
0.0266568
0.0278519
0.0290123
0.0301354
0.0312203
0.0322666
0.0332747
0.0342455
0.03518
0.0360794
0.0369452
0.0377787
0.0385814
0.0393546
0.0400998
0.0408182
0.041511
0.0421797
0.0428252
0.0434487
0.0440513
0.044634
0.0451976
0.0457432
0.0462716
0.0467834
0.0472796
0.0477609
0.0482278
0.048681
0.0491212
0.0495489
0.0499647
0.050369
0.0507624
0.0511453
0.0515182
0.0518814
0.0522353
0.0525804
0.052917
0.0532453
0.0535658
0.0538787
0.0541843
0.0544829
0.0547747
0.0550599
0.0553387
0.0556114
0.055878
0.0561388
0.0563937
0.056643
0.0568871
0.0571258
0.0573596
0.0575884
0.0578125
0.0580321
0.0582474
0.0584586
0.0586661
0.05887
0.0590706
0.0592683
0.0594632
0.0596556
0.0598457
0.0600338
0.06022
0.0604044
0.0605869
0.0607677
0.0609466
0.0611234
0.0612979
0.0614698
0.0616386
0.0618039
0.0619651
0.0621216
0.0622729
0.0624181
0.0625565
0.0626875
0.0628102
0.0629239
0.063028
0.0631217
0.0632045
0.0632758
0.0633352
0.0633822
0.0634166
0.0634386
0.0634439
0.0363185
0.0358964
0.035342
0.0346443
0.0338099
0.0328502
0.0317745
0.0305881
0.0292942
0.0278982
0.0264145
0.0248739
0.0233287
0.0218531
0.0205352
0.0194615
0.0187
0.018288
0.0182293
0.0184992
0.0190539
0.0198402
0.020804
0.0218958
0.0230737
0.0243048
0.0255638
0.0268322
0.0280965
0.0293469
0.0305766
0.0317807
0.0329559
0.0341003
0.0352127
0.0362927
0.0373403
0.0383559
0.03934
0.0402934
0.041217
0.0421116
0.0429782
0.0438179
0.0446317
0.0454205
0.0461853
0.0469271
0.0476468
0.0483453
0.0490235
0.049682
0.0503219
0.0509437
0.0515483
0.0521363
0.0527085
0.0532653
0.0538075
0.0543357
0.0548502
0.0553518
0.0558408
0.0563177
0.0567831
0.0572373
0.0576807
0.0581138
0.0585369
0.0589504
0.0593546
0.0597498
0.0601363
0.0605144
0.0608843
0.0612462
0.0616004
0.061947
0.0622863
0.0626183
0.0629433
0.0632616
0.0635734
0.0638788
0.0641781
0.0644715
0.0647593
0.0650417
0.0653189
0.0655914
0.0658593
0.066123
0.0663828
0.0666387
0.0668913
0.0671405
0.0673865
0.0676295
0.0678695
0.0681065
0.0683402
0.0685707
0.0687975
0.0690203
0.0692387
0.0694522
0.0696602
0.0698621
0.0700571
0.0702446
0.0704237
0.0705937
0.0707539
0.0709033
0.0710413
0.0711673
0.0712804
0.0713803
0.0714663
0.0715379
0.0715956
0.0716347
0.0363591
0.0360515
0.0357024
0.0352937
0.0348163
0.0342669
0.0336458
0.0329534
0.032189
0.0313505
0.0304344
0.0294384
0.0283636
0.0272185
0.0260225
0.0248094
0.0236274
0.0225355
0.0215963
0.0208663
0.020387
0.0201807
0.0202495
0.0205783
0.0211397
0.021899
0.0228189
0.0238634
0.0249997
0.0262001
0.0274421
0.0287078
0.0299836
0.0312592
0.0325266
0.0337799
0.0350147
0.0362278
0.0374167
0.0385799
0.0397163
0.0408256
0.0419075
0.0429622
0.0439899
0.044991
0.045966
0.0469156
0.0478402
0.0487406
0.0496175
0.0504716
0.0513036
0.0521142
0.0529042
0.0536742
0.0544249
0.055157
0.055871
0.0565676
0.0572474
0.057911
0.0585588
0.0591915
0.0598095
0.0604134
0.0610036
0.0615807
0.0621449
0.0626968
0.0632368
0.0637652
0.0642824
0.0647887
0.0652844
0.0657699
0.0662453
0.066711
0.0671672
0.0676141
0.0680518
0.0684806
0.0689008
0.0693128
0.0697166
0.0701126
0.0705009
0.070882
0.071256
0.0716233
0.071984
0.0723387
0.0726874
0.0730305
0.0733683
0.073701
0.0740287
0.0743517
0.07467
0.0749836
0.0752924
0.0755965
0.0758954
0.0761891
0.076477
0.0767588
0.0770339
0.0773017
0.0775616
0.0778127
0.0780545
0.078286
0.0785065
0.0787152
0.0789112
0.0790938
0.0792622
0.0794158
0.079554
0.0796762
0.0797827
0.0798688
0.0363702
0.0360998
0.0358287
0.035546
0.0352425
0.0349115
0.0345487
0.0341513
0.0337177
0.0332458
0.0327334
0.0321771
0.0315728
0.0309161
0.0302028
0.0294306
0.0286007
0.02772
0.0268034
0.025875
0.0249679
0.0241225
0.023382
0.0227876
0.0223733
0.0221626
0.0221667
0.022385
0.0228072
0.023415
0.0241857
0.0250941
0.0261146
0.0272232
0.0283982
0.029621
0.0308761
0.0321509
0.0334354
0.0347217
0.0360038
0.0372768
0.0385368
0.039781
0.0410069
0.0422128
0.0433974
0.0445597
0.0456993
0.0468158
0.0479092
0.0489795
0.050027
0.0510519
0.0520545
0.0530353
0.0539946
0.054933
0.0558507
0.0567484
0.0576265
0.0584856
0.059326
0.0601484
0.0609533
0.0617412
0.0625125
0.0632677
0.0640074
0.0647318
0.0654415
0.0661368
0.0668182
0.0674859
0.0681405
0.0687821
0.0694111
0.0700279
0.0706328
0.0712259
0.0718076
0.0723781
0.0729377
0.0734863
0.0740246
0.0745526
0.0750708
0.0755794
0.0760786
0.0765687
0.07705
0.0775228
0.0779873
0.078444
0.078893
0.0793345
0.0797688
0.0801961
0.0806165
0.0810301
0.0814369
0.0818368
0.0822296
0.0826153
0.0829934
0.0833636
0.0837254
0.0840783
0.0844217
0.084755
0.0850773
0.0853879
0.085686
0.0859709
0.0862417
0.0864975
0.0867376
0.0869613
0.087168
0.0873569
0.0875282
0.0876778
0.0363726
0.0361118
0.0358643
0.0356247
0.0353882
0.0351497
0.0349053
0.0346516
0.0343862
0.034107
0.0338124
0.0335008
0.0331704
0.032819
0.0324439
0.032042
0.0316095
0.0311425
0.0306372
0.0300908
0.0295024
0.0288739
0.0282116
0.0275273
0.0268383
0.0261678
0.0255434
0.0249948
0.0245508
0.0242373
0.0240743
0.0240748
0.0242446
0.0245827
0.0250818
0.0257305
0.0265136
0.0274143
0.028415
0.0294982
0.0306474
0.0318478
0.0330864
0.0343519
0.0356351
0.0369284
0.0382256
0.0395218
0.040813
0.042096
0.0433681
0.0446273
0.0458717
0.0471
0.0483109
0.0495037
0.0506776
0.0518322
0.0529673
0.0540828
0.0551787
0.056255
0.0573121
0.05835
0.0593691
0.0603696
0.0613519
0.0623161
0.0632627
0.0641919
0.065104
0.0659995
0.0668786
0.0677416
0.0685889
0.0694208
0.0702377
0.0710399
0.0718276
0.0726012
0.073361
0.0741072
0.07484
0.0755597
0.0762665
0.0769604
0.0776418
0.078311
0.0789682
0.0796137
0.0802477
0.0808705
0.0814824
0.0820836
0.0826743
0.0832549
0.0838255
0.0843863
0.0849375
0.0854792
0.0860113
0.086534
0.0870471
0.0875505
0.0880439
0.088527
0.0889995
0.0894609
0.0899107
0.0903483
0.090773
0.0911842
0.0915811
0.0919629
0.0923288
0.0926781
0.09301
0.0933237
0.0936186
0.093894
0.0941501
0.0943833
0.036373
0.0361141
0.035872
0.0356439
0.0354272
0.0352191
0.0350173
0.0348192
0.0346229
0.0344266
0.0342287
0.034028
0.0338235
0.033614
0.0333987
0.0331765
0.0329461
0.0327063
0.0324551
0.0321905
0.0319101
0.031611
0.0312904
0.0309453
0.0305734
0.030173
0.0297441
0.0292888
0.0288122
0.0283227
0.0278324
0.0273568
0.0269145
0.0265254
0.0262099
0.025987
0.0258729
0.0258804
0.0260178
0.0262892
0.0266943
0.0272295
0.0278877
0.0286597
0.0295346
0.0305005
0.031545
0.032656
0.0338217
0.0350314
0.0362753
0.0375448
0.0388325
0.0401322
0.0414386
0.0427475
0.0440553
0.0453592
0.0466569
0.0479462
0.0492257
0.0504939
0.0517496
0.0529918
0.0542197
0.0554326
0.0566297
0.0578108
0.0589755
0.0601235
0.0612548
0.0623693
0.0634671
0.0645482
0.0656128
0.066661
0.067693
0.068709
0.0697091
0.0706935
0.0716624
0.0726158
0.0735541
0.0744772
0.0753853
0.0762786
0.0771571
0.078021
0.0788702
0.0797051
0.0805256
0.0813322
0.0821251
0.0829043
0.0836702
0.0844228
0.0851624
0.0858892
0.0866032
0.0873046
0.0879933
0.0886695
0.089333
0.0899837
0.0906216
0.0912463
0.0918575
0.092455
0.0930382
0.0936068
0.0941601
0.0946976
0.0952187
0.0957227
0.0962089
0.0966766
0.0971252
0.0975538
0.097962
0.098349
0.0987152
0.099058
0.036373
0.0361144
0.0358731
0.0356473
0.035435
0.0352345
0.0350442
0.0348626
0.0346883
0.03452
0.0343566
0.0341972
0.0340406
0.0338863
0.0337335
0.0335815
0.03343
0.0332783
0.0331261
0.0329727
0.0328178
0.0326606
0.0325003
0.0323361
0.0321666
0.0319907
0.0318066
0.0316125
0.0314065
0.0311866
0.0309508
0.0306977
0.0304262
0.0301365
0.02983
0.0295099
0.0291814
0.0288519
0.0285313
0.0282311
0.0279644
0.0277452
0.0275872
0.0275034
0.0275052
0.0276018
0.0278001
0.0281041
0.0285156
0.0290335
0.029655
0.0303753
0.031188
0.0320859
0.0330606
0.0341038
0.0352066
0.0363606
0.0375574
0.0387894
0.0400496
0.0413314
0.0426294
0.0439386
0.0452549
0.0465747
0.0478952
0.0492138
0.0505286
0.0518379
0.0531403
0.0544346
0.0557198
0.056995
0.0582594
0.0595123
0.0607531
0.0619811
0.0631958
0.0643968
0.0655837
0.066756
0.0679136
0.069056
0.0701833
0.0712952
0.0723916
0.0734724
0.0745377
0.0755873
0.0766211
0.0776392
0.0786416
0.0796279
0.0805985
0.0815535
0.0824927
0.0834164
0.0843246
0.0852171
0.0860941
0.0869554
0.0878011
0.088631
0.089445
0.0902429
0.0910246
0.0917898
0.0925382
0.0932694
0.0939832
0.0946791
0.0953566
0.0960152
0.0966545
0.0972738
0.0978726
0.0984504
0.0990065
0.0995406
0.100053
0.100542
0.0363729
0.0361143
0.0358731
0.0356476
0.035436
0.0352369
0.0350488
0.0348708
0.0347016
0.0345405
0.0343865
0.0342388
0.0340968
0.0339597
0.0338271
0.0336984
0.0335731
0.0334509
0.0333314
0.0332143
0.0330994
0.0329864
0.0328751
0.0327653
0.032657
0.0325498
0.0324436
0.0323381
0.032233
0.032128
0.0320224
0.0319158
0.0318073
0.0316962
0.0315812
0.0314614
0.0313355
0.0312021
0.03106
0.0309083
0.0307461
0.0305731
0.0303898
0.0301976
0.0299988
0.0297973
0.0295981
0.0294077
0.0292338
0.029085
0.0289706
0.0289003
0.0288832
0.0289281
0.0290428
0.0292336
0.0295054
0.0298617
0.0303044
0.0308336
0.0314484
0.0321464
0.0329241
0.0337773
0.0347009
0.0356892
0.0367364
0.0378363
0.0389826
0.0401693
0.0413905
0.0426404
0.0439139
0.0452061
0.0465125
0.0478294
0.0491533
0.0504811
0.0518102
0.0531384
0.0544639
0.055785
0.0571005
0.0584091
0.0597098
0.0610019
0.0622846
0.0635571
0.0648188
0.066069
0.0673073
0.0685331
0.0697457
0.0709447
0.0721295
0.0732995
0.0744539
0.0755926
0.0767153
0.0778218
0.078912
0.0799856
0.0810426
0.0820828
0.0831061
0.0841123
0.0851014
0.0860731
0.0870275
0.0879641
0.0888829
0.0897836
0.0906658
0.0915293
0.0923736
0.0931984
0.0940031
0.0947874
0.0955506
0.0962923
0.097013
0.0977114
0.0363728
0.0361141
0.035873
0.0356475
0.0354359
0.0352369
0.0350492
0.0348717
0.0347034
0.0345435
0.0343913
0.0342461
0.0341073
0.0339743
0.0338467
0.0337239
0.0336057
0.0334917
0.0333814
0.0332747
0.0331712
0.0330707
0.032973
0.032878
0.0327854
0.0326952
0.0326072
0.0325214
0.0324377
0.032356
0.0322764
0.0321988
0.0321231
0.0320494
0.0319776
0.0319077
0.0318395
0.031773
0.031708
0.0316444
0.0315817
0.0315198
0.0314581
0.0313961
0.0313333
0.0312691
0.0312025
0.0311331
0.0310599
0.0309824
0.0309001
0.0308127
0.0307204
0.0306236
0.0305236
0.0304222
0.0303219
0.0302262
0.0301393
0.0300662
0.0300125
0.0299845
0.0299886
0.0300312
0.0301188
0.0302573
0.0304521
0.0307079
0.0310285
0.0314167
0.0318745
0.0324029
0.033002
0.0336709
0.0344083
0.0352117
0.0360785
0.0370052
0.0379882
0.0390233
0.0401062
0.0412326
0.042398
0.0435978
0.0448276
0.0460834
0.0473609
0.0486564
0.0499664
0.0512876
0.0526169
0.0539519
0.0552901
0.0566294
0.0579681
0.0593046
0.0606377
0.0619659
0.0632882
0.0646036
0.0659113
0.0672111
0.0685023
0.0697847
0.0710577
0.0723212
0.0735746
0.0748174
0.0760494
0.0772698
0.0784783
0.0796741
0.0808565
0.0820249
0.0831785
0.0843165
0.0854379
0.0865419
0.0876275
0.088694
0.0897409
0.0907654
0.0363728
0.0361141
0.0358729
0.0356474
0.0354358
0.0352368
0.0350491
0.0348716
0.0347034
0.0345437
0.0343917
0.0342468
0.0341085
0.0339761
0.0338494
0.0337277
0.0336109
0.0334984
0.0333901
0.0332856
0.0331847
0.0330872
0.0329928
0.0329013
0.0328125
0.0327264
0.0326427
0.0325613
0.0324821
0.0324051
0.0323301
0.032257
0.0321859
0.0321167
0.0320493
0.0319837
0.03192
0.0318582
0.0317983
0.0317403
0.0316844
0.0316305
0.0315788
0.0315294
0.0314822
0.0314375
0.0313953
0.0313557
0.0313187
0.0312844
0.0312528
0.0312239
0.0311978
0.0311742
0.0311532
0.0311346
0.0311181
0.0311036
0.0310909
0.0310797
0.0310697
0.0310607
0.0310527
0.0310456
0.0310396
0.0310351
0.0310328
0.0310339
0.0310398
0.0310524
0.0310743
0.0311084
0.0311582
0.0312276
0.0313209
0.0314427
0.0315978
0.031791
0.032027
0.0323104
0.0326455
0.0330361
0.0334856
0.0339967
0.0345718
0.0352124
0.0359196
0.0366938
0.0375349
0.0384422
0.0394145
0.0404501
0.0415468
0.0427021
0.0439132
0.0451769
0.0464899
0.0478484
0.0492487
0.0506869
0.0521591
0.0536612
0.0551894
0.0567396
0.058308
0.0598909
0.0614846
0.0630857
0.0646908
0.0662968
0.0679006
0.0694994
0.0710904
0.0726713
0.0742395
0.0757928
0.0773292
0.0788465
0.080343
0.0818168
0.0832665
0.0846866
0.0363728
0.0361141
0.0358729
0.0356474
0.0354358
0.0352368
0.0350491
0.0348716
0.0347034
0.0345437
0.0343917
0.0342468
0.0341085
0.0339761
0.0338494
0.0337277
0.0336109
0.0334984
0.0333901
0.0332856
0.0331847
0.0330872
0.0329927
0.0329012
0.0328125
0.0327264
0.0326427
0.0325613
0.0324821
0.0324051
0.0323301
0.032257
0.0321859
0.0321166
0.0320492
0.0319837
0.03192
0.0318582
0.0317982
0.0317403
0.0316843
0.0316305
0.0315788
0.0315293
0.0314821
0.0314374
0.0313952
0.0313555
0.0313185
0.0312841
0.0312525
0.0312236
0.0311973
0.0311737
0.0311526
0.0311338
0.0311172
0.0311026
0.0310897
0.0310783
0.0310681
0.0310589
0.0310507
0.0310433
0.0310371
0.0310323
0.0310298
0.0310306
0.0310362
0.0310485
0.0310702
0.0311041
0.0311536
0.0312229
0.0313161
0.0314378
0.0315928
0.031786
0.0320221
0.0323056
0.0326407
0.0330314
0.033481
0.0339922
0.0345674
0.0352081
0.0359153
0.0366896
0.0375307
0.038438
0.0394102
0.0404456
0.0415421
0.0426972
0.0439081
0.0451714
0.046484
0.0478421
0.049242
0.0506799
0.0521518
0.0536538
0.0551819
0.0567323
0.0583011
0.0598847
0.0614795
0.063082
0.064689
0.0662972
0.0679038
0.0695057
0.0711004
0.0726853
0.0742579
0.0758159
0.0773571
0.0788795
0.0803809
0.0818595
0.0833137
0.0847379
0.0363728
0.0361141
0.035873
0.0356475
0.0354359
0.0352369
0.0350492
0.0348717
0.0347034
0.0345435
0.0343913
0.0342461
0.0341073
0.0339743
0.0338466
0.0337239
0.0336057
0.0334916
0.0333814
0.0332746
0.0331711
0.0330706
0.0329729
0.0328778
0.0327853
0.032695
0.032607
0.0325212
0.0324375
0.0323558
0.0322761
0.0321985
0.0321228
0.032049
0.0319772
0.0319072
0.031839
0.0317724
0.0317073
0.0316436
0.0315808
0.0315187
0.0314568
0.0313947
0.0313317
0.0312671
0.0312003
0.0311305
0.0310569
0.030979
0.0308963
0.0308084
0.0307156
0.0306184
0.030518
0.0304161
0.0303155
0.0302196
0.0301326
0.0300595
0.0300061
0.0299785
0.0299831
0.0300266
0.0301151
0.0302548
0.0304509
0.0307082
0.0310303
0.0314201
0.0318797
0.0324098
0.0330106
0.0336813
0.0344203
0.0352254
0.0360938
0.0370221
0.0380065
0.0390429
0.0401272
0.0412547
0.0424211
0.0436218
0.0448525
0.0461089
0.047387
0.0486828
0.049993
0.0513142
0.0526435
0.0539782
0.055316
0.0566548
0.0579928
0.0593286
0.0606609
0.0619885
0.0633102
0.0646251
0.0659326
0.0672325
0.0685243
0.0698076
0.0710823
0.0723481
0.0736045
0.0748512
0.0760878
0.0773137
0.0785285
0.0797313
0.0809216
0.0820984
0.0832608
0.0844078
0.0855383
0.0866512
0.0877453
0.0888194
0.0898728
0.0909025
0.0363729
0.0361143
0.0358731
0.0356476
0.035436
0.0352369
0.0350488
0.0348708
0.0347016
0.0345405
0.0343864
0.0342387
0.0340967
0.0339596
0.033827
0.0336982
0.0335729
0.0334506
0.0333311
0.0332139
0.0330989
0.0329858
0.0328744
0.0327646
0.0326561
0.0325488
0.0324424
0.0323368
0.0322315
0.0321263
0.0320205
0.0319136
0.0318048
0.0316932
0.0315779
0.0314575
0.031331
0.031197
0.0310543
0.0309018
0.0307387
0.0305649
0.0303808
0.0301877
0.0299883
0.0297862
0.0295867
0.0293961
0.0292224
0.0290741
0.0289607
0.0288916
0.0288761
0.028923
0.02904
0.0292333
0.0295079
0.0298671
0.0303127
0.030845
0.0314628
0.0321638
0.0329444
0.0338003
0.0347264
0.0357172
0.0367666
0.0378684
0.0390166
0.0402049
0.0414274
0.0426786
0.0439531
0.0452462
0.0465534
0.0478708
0.0491951
0.0505232
0.0518525
0.0531808
0.0545063
0.0558273
0.0571425
0.0584508
0.0597511
0.0610426
0.0623246
0.0635962
0.064857
0.0661062
0.0673433
0.0685677
0.0697791
0.0709767
0.0721602
0.073329
0.0744824
0.0756204
0.0767427
0.0778493
0.0789401
0.0800151
0.0810742
0.0821173
0.0831444
0.0841554
0.0851503
0.0861289
0.087091
0.0880364
0.0889647
0.0898755
0.0907685
0.0916429
0.0924981
0.0933335
0.0941483
0.0949415
0.0957123
0.0964598
0.0971841
0.0978835
0.036373
0.0361144
0.0358731
0.0356473
0.035435
0.0352345
0.0350441
0.0348625
0.0346881
0.0345198
0.0343564
0.0341968
0.0340401
0.0338856
0.0337326
0.0335805
0.0334287
0.0332768
0.0331243
0.0329707
0.0328154
0.0326578
0.0324971
0.0323323
0.0321623
0.0319857
0.0318008
0.0316059
0.0313989
0.0311779
0.030941
0.0306865
0.0304137
0.0301226
0.0298147
0.0294934
0.0291639
0.0288337
0.0285128
0.0282129
0.0279471
0.0277293
0.0275734
0.0274922
0.0274972
0.0275974
0.0277996
0.0281078
0.0285235
0.0290458
0.0296715
0.0303957
0.0312123
0.0321137
0.0330917
0.0341378
0.0352432
0.0363994
0.0375981
0.0388318
0.0400932
0.0413761
0.0426749
0.0439847
0.0453013
0.0466214
0.0479419
0.0492605
0.0505751
0.0518841
0.0531862
0.0544801
0.0557648
0.0570395
0.0583033
0.0595556
0.0607957
0.062023
0.063237
0.0644372
0.0656231
0.0667945
0.0679509
0.0690923
0.0702182
0.0713287
0.0724236
0.0735028
0.0745663
0.0756141
0.0766461
0.0776623
0.0786628
0.0796475
0.0806166
0.0815703
0.0825089
0.0834324
0.0843409
0.0852346
0.0861136
0.0869779
0.0878276
0.0886627
0.0894829
0.0902883
0.0910786
0.0918534
0.0926123
0.0933549
0.0940806
0.0947887
0.0954784
0.0961491
0.0967997
0.0974293
0.0980369
0.0986215
0.0991822
0.0997178
0.100229
0.100712
0.036373
0.0361141
0.035872
0.0356439
0.0354271
0.035219
0.0350169
0.0348187
0.0346222
0.0344255
0.0342273
0.0340263
0.0338212
0.0336112
0.0333953
0.0331724
0.0329413
0.0327006
0.0324484
0.0321827
0.0319009
0.0316004
0.0312782
0.0309313
0.0305574
0.0301549
0.0297239
0.0292666
0.0287882
0.0282972
0.027806
0.0273302
0.0268885
0.026501
0.026188
0.0259685
0.0258587
0.025871
0.0260137
0.0262905
0.0267012
0.0272419
0.0279053
0.0286823
0.0295617
0.0305316
0.0315796
0.0326936
0.0338618
0.0350735
0.036319
0.0375897
0.0388783
0.0401786
0.0414853
0.0427943
0.044102
0.0454056
0.0467029
0.0479917
0.0492706
0.0505381
0.051793
0.0530344
0.0542613
0.0554732
0.0566693
0.0578494
0.059013
0.0601599
0.0612901
0.0624034
0.0635001
0.06458
0.0656434
0.0666904
0.0677212
0.068736
0.0697348
0.0707179
0.0716854
0.0726375
0.0735741
0.0744956
0.0754019
0.0762933
0.0771698
0.0780315
0.0788785
0.0797111
0.0805295
0.081334
0.0821249
0.0829026
0.0836672
0.0844192
0.0851587
0.0858862
0.0866018
0.0873058
0.0879983
0.0886794
0.0893491
0.0900073
0.0906538
0.0912883
0.0919105
0.0925199
0.0931158
0.0936974
0.0942641
0.0948147
0.0953484
0.095864
0.0963605
0.0968365
0.0972911
0.0977229
0.0981308
0.0985138
0.0988718
0.0992017
0.0363726
0.0361118
0.0358641
0.0356245
0.0353876
0.0351488
0.0349038
0.0346496
0.0343834
0.0341033
0.0338076
0.0334948
0.033163
0.03281
0.0324332
0.0320293
0.0315946
0.0311251
0.0306171
0.0300679
0.0294764
0.0288449
0.02818
0.0274934
0.026803
0.0261322
0.0255088
0.0249624
0.0245221
0.0242135
0.0240563
0.0240634
0.0242401
0.0245851
0.0250911
0.0257461
0.026535
0.0274409
0.0284459
0.0295327
0.030685
0.0318877
0.033128
0.0343948
0.0356788
0.0369725
0.0382698
0.0395658
0.0408566
0.042139
0.0434104
0.0446687
0.0459122
0.0471393
0.0483491
0.0495406
0.0507132
0.0518665
0.0530003
0.0541143
0.0552088
0.0562837
0.0573393
0.0583758
0.0593934
0.0603924
0.0613732
0.062336
0.0632811
0.0642089
0.0651197
0.0660137
0.0668914
0.067753
0.068599
0.0694295
0.070245
0.0710458
0.071832
0.0726041
0.0733623
0.0741067
0.0748377
0.0755554
0.0762601
0.0769518
0.0776309
0.0782977
0.0789525
0.0795956
0.0802274
0.0808482
0.0814584
0.0820584
0.0826486
0.0832292
0.0838008
0.0843636
0.0849178
0.0854638
0.0860015
0.0865311
0.0870524
0.0875653
0.0880695
0.0885645
0.0890497
0.0895246
0.0899883
0.0904398
0.0908781
0.0913022
0.0917107
0.0921026
0.0924764
0.092831
0.0931649
0.093477
0.0937662
0.0940312
0.0942719
0.0944845
0.0363701
0.0360996
0.0358282
0.0355449
0.0352404
0.0349082
0.0345439
0.0341448
0.0337091
0.033235
0.0327199
0.0321608
0.0315533
0.0308931
0.0301759
0.0293997
0.0285656
0.0276812
0.0267614
0.0258308
0.0249231
0.0240788
0.0233415
0.022752
0.0223444
0.0221414
0.0221539
0.0223807
0.0228111
0.0234266
0.024204
0.0251181
0.0261434
0.0272557
0.0284336
0.0296585
0.030915
0.0321905
0.0334753
0.0347616
0.0360433
0.0373156
0.0385748
0.0398178
0.0410425
0.0422471
0.0434302
0.044591
0.045729
0.0468439
0.0479356
0.0490042
0.05005
0.0510731
0.0520741
0.0530531
0.0540107
0.0549473
0.0558634
0.0567594
0.0576358
0.0584932
0.059332
0.0601528
0.0609561
0.0617423
0.0625121
0.0632658
0.0640039
0.0647269
0.0654351
0.066129
0.0668089
0.0674753
0.0681284
0.0687687
0.0693963
0.0700116
0.0706149
0.0712064
0.0717864
0.0723551
0.0729126
0.0734592
0.0739952
0.0745209
0.0750366
0.0755428
0.0760395
0.0765274
0.0770067
0.0774778
0.0779412
0.0783972
0.0788464
0.079289
0.0797255
0.0801562
0.0805811
0.0810006
0.0814147
0.0818232
0.0822261
0.082623
0.0830135
0.0833969
0.0837726
0.0841397
0.0844974
0.0848444
0.0851796
0.0855019
0.0858099
0.0861023
0.0863777
0.0866349
0.0868725
0.0870894
0.0872845
0.0874566
0.0876057
0.0877273
0.0363589
0.0360506
0.0357003
0.0352898
0.03481
0.0342577
0.0336332
0.032937
0.0321685
0.0313253
0.0304043
0.0294031
0.028323
0.0271727
0.0259725
0.0247565
0.0235737
0.0224835
0.0215488
0.0208257
0.0203552
0.0201589
0.0202379
0.0205765
0.0211468
0.0219138
0.0228401
0.0238895
0.0250295
0.0262325
0.0274761
0.0287427
0.0300187
0.031294
0.0325607
0.0338131
0.0350467
0.0362583
0.0374456
0.0386071
0.0397418
0.0408492
0.0419292
0.0429819
0.0440076
0.0450067
0.0459798
0.0469273
0.04785
0.0487485
0.0496234
0.0504756
0.0513057
0.0521145
0.0529026
0.0536708
0.0544197
0.05515
0.0558623
0.0565572
0.0572353
0.0578972
0.0585435
0.0591746
0.059791
0.0603934
0.0609822
0.0615577
0.0621206
0.0626711
0.0632097
0.0637368
0.0642527
0.0647577
0.0652521
0.0657362
0.0662103
0.0666745
0.0671292
0.0675744
0.0680104
0.0684373
0.0688555
0.0692653
0.0696668
0.0700604
0.0704464
0.0708251
0.0711969
0.0715621
0.0719212
0.0722746
0.0726228
0.0729662
0.0733051
0.0736399
0.073971
0.0742986
0.0746228
0.0749438
0.0752614
0.0755756
0.0758859
0.0761919
0.0764932
0.0767889
0.0770782
0.0773602
0.0776339
0.0778979
0.0781512
0.0783923
0.0786201
0.0788331
0.0790302
0.0792099
0.0793711
0.0795128
0.0796339
0.0797335
0.0798117
0.0798637
0.0363178
0.0358937
0.0353361
0.0346341
0.0337946
0.0328293
0.0317475
0.0305547
0.029254
0.0278511
0.0263611
0.0248153
0.0232671
0.0217916
0.0204772
0.0194107
0.0186592
0.0182589
0.0182122
0.0184936
0.0190584
0.0198531
0.0208233
0.0219197
0.0231008
0.0243337
0.0255936
0.0268621
0.0281259
0.0293754
0.0306037
0.0318062
0.0329796
0.034122
0.0352323
0.0363102
0.0373556
0.038369
0.0393509
0.0403021
0.0412234
0.0421158
0.0429803
0.0438178
0.0446294
0.0454162
0.046179
0.0469188
0.0476365
0.048333
0.0490093
0.049666
0.050304
0.0509241
0.0515269
0.0521132
0.0526837
0.0532389
0.0537795
0.0543061
0.0548191
0.0553192
0.0558067
0.0562822
0.0567462
0.057199
0.0576411
0.0580729
0.0584948
0.058907
0.05931
0.059704
0.0600894
0.0604663
0.060835
0.0611957
0.0615486
0.0618939
0.0622317
0.0625621
0.0628854
0.0632019
0.0635116
0.0638149
0.064112
0.0644031
0.0646886
0.0649688
0.0652441
0.0655149
0.0657816
0.0660447
0.0663046
0.0665616
0.0668161
0.0670685
0.067319
0.0675678
0.067815
0.0680604
0.068304
0.0685455
0.0687845
0.0690203
0.0692524
0.0694798
0.0697018
0.0699171
0.0701248
0.0703235
0.0705122
0.0706893
0.0708538
0.0710043
0.0711396
0.0712585
0.0713601
0.0714433
0.0715075
0.0715518
0.0715763
0.0715766
0.036194
0.0354812
0.034487
0.0332498
0.0318164
0.0302214
0.0284873
0.0266356
0.0247008
0.0227445
0.0208618
0.0191743
0.0178058
0.0168513
0.0163543
0.0163042
0.0166487
0.0173125
0.0182152
0.0192834
0.0204565
0.0216886
0.0229467
0.0242075
0.0254552
0.0266792
0.0278725
0.0290308
0.0301517
0.0312342
0.0322781
0.0332838
0.0342521
0.0351841
0.0360811
0.0369445
0.0377756
0.0385759
0.0393469
0.0400898
0.0408059
0.0414967
0.0421632
0.0428066
0.0434282
0.0440288
0.0446096
0.0451714
0.0457152
0.0462417
0.0467519
0.0472464
0.047726
0.0481914
0.0486431
0.0490817
0.049508
0.0499223
0.0503252
0.0507173
0.0510988
0.0514704
0.0518323
0.052185
0.0525289
0.0528643
0.0531915
0.0535109
0.0538228
0.0541273
0.0544249
0.0547157
0.0549999
0.0552777
0.0555493
0.0558148
0.0560744
0.0563281
0.0565761
0.0568186
0.0570557
0.0572876
0.0575145
0.0577365
0.057954
0.0581672
0.0583763
0.0585819
0.0587841
0.0589836
0.0591805
0.0593754
0.0595686
0.0597606
0.0599515
0.0601418
0.0603315
0.0605207
0.0607095
0.0608977
0.061085
0.0612711
0.0614554
0.0616373
0.061816
0.0619906
0.0621602
0.0623237
0.0624799
0.0626277
0.0627658
0.0628929
0.063008
0.0631099
0.0631974
0.0632695
0.0633255
0.0633644
0.0633859
0.0633893
0.0633748
0.0633384
0.0358805
0.034577
0.0328355
0.0308006
0.0285705
0.0262063
0.0237664
0.0213399
0.0190641
0.0171105
0.0156395
0.0147471
0.0144401
0.0146497
0.0152661
0.0161715
0.0172625
0.0184591
0.0197048
0.0209616
0.0222052
0.0234202
0.0245972
0.0257313
0.0268199
0.0278625
0.0288596
0.0298122
0.0307222
0.0315912
0.0324213
0.0332144
0.0339727
0.034698
0.0353921
0.0360569
0.036694
0.037305
0.0378913
0.0384545
0.0389957
0.0395163
0.0400173
0.0404998
0.0409648
0.0414132
0.041846
0.042264
0.0426678
0.0430583
0.0434361
0.0438018
0.044156
0.0444993
0.0448322
0.0451551
0.0454686
0.0457731
0.046069
0.0463567
0.0466365
0.0469088
0.0471739
0.0474321
0.0476837
0.047929
0.0481682
0.0484016
0.0486295
0.0488519
0.0490692
0.0492814
0.0494888
0.0496914
0.0498893
0.0500827
0.0502716
0.0504561
0.0506365
0.0508126
0.0509848
0.051153
0.0513176
0.0514786
0.0516364
0.0517911
0.0519432
0.0520929
0.0522407
0.0523868
0.0525318
0.0526759
0.0528195
0.0529629
0.0531064
0.0532502
0.0533944
0.053539
0.0536838
0.0538287
0.0539734
0.0541173
0.0542598
0.0544003
0.0545379
0.0546718
0.0548008
0.0549241
0.0550403
0.0551485
0.0552474
0.055336
0.055413
0.0554777
0.0555289
0.0555658
0.0555879
0.0555945
0.0555852
0.0555597
0.0555184
0.0554575
0.0352026
0.0328963
0.0301085
0.0271089
0.0240365
0.0210044
0.0181744
0.0157675
0.0140001
0.0129902
0.0127151
0.0130442
0.0138053
0.0148377
0.0160172
0.0172597
0.018512
0.0197425
0.020933
0.0220741
0.0231613
0.0241936
0.0251718
0.0260977
0.0269738
0.0278028
0.0285877
0.0293312
0.0300361
0.0307048
0.03134
0.0319438
0.0325184
0.0330658
0.0335877
0.0340858
0.0345617
0.0350168
0.0354525
0.0358699
0.0362701
0.0366543
0.0370234
0.0373782
0.0377196
0.0380484
0.0383653
0.0386709
0.0389658
0.0392507
0.039526
0.0397923
0.04005
0.0402996
0.0405414
0.0407758
0.0410033
0.0412241
0.0414385
0.0416469
0.0418495
0.0420466
0.0422385
0.0424253
0.0426073
0.0427847
0.0429578
0.0431266
0.0432913
0.0434521
0.0436092
0.0437626
0.0439124
0.0440588
0.0442016
0.0443411
0.0444774
0.0446104
0.0447402
0.044867
0.0449908
0.0451118
0.0452301
0.0453459
0.0454594
0.045571
0.0456808
0.0457893
0.0458969
0.0460037
0.0461103
0.0462169
0.0463238
0.0464313
0.0465397
0.0466489
0.0467591
0.0468702
0.046982
0.0470942
0.0472064
0.0473181
0.0474286
0.0475373
0.0476433
0.0477456
0.0478433
0.0479354
0.0480208
0.0480984
0.0481673
0.0482264
0.0482747
0.0483115
0.0483359
0.0483472
0.048345
0.0483289
0.0482987
0.0482542
0.0481959
0.0481207
0.0339322
0.0302091
0.0262302
0.0223236
0.0186661
0.0154863
0.0130691
0.0116143
0.0111152
0.0113844
0.0121697
0.0132476
0.0144605
0.0157111
0.0169448
0.0181328
0.0192614
0.0203251
0.0213235
0.0222585
0.0231335
0.0239523
0.0247188
0.0254372
0.0261111
0.0267442
0.0273397
0.0279006
0.0284298
0.0289295
0.0294023
0.0298501
0.0302748
0.0306782
0.0310617
0.0314269
0.031775
0.0321072
0.0324245
0.032728
0.0330186
0.0332971
0.0335643
0.0338208
0.0340673
0.0343045
0.0345328
0.0347528
0.034965
0.0351698
0.0353675
0.0355587
0.0357436
0.0359226
0.0360959
0.0362639
0.0364269
0.036585
0.0367385
0.0368877
0.0370328
0.0371739
0.0373112
0.0374449
0.0375752
0.0377022
0.0378261
0.037947
0.038065
0.0381802
0.0382927
0.0384025
0.0385098
0.0386145
0.0387168
0.0388166
0.0389139
0.039009
0.0391017
0.0391921
0.0392804
0.0393666
0.0394509
0.0395335
0.0396147
0.0396946
0.0397736
0.039852
0.03993
0.0400081
0.0400866
0.0401656
0.0402455
0.0403266
0.0404088
0.0404924
0.0405771
0.0406631
0.0407499
0.0408372
0.0409247
0.0410117
0.0410976
0.0411817
0.0412631
0.041341
0.0414145
0.0414826
0.0415443
0.0415987
0.0416448
0.0416818
0.0417089
0.0417254
0.0417306
0.0417241
0.0417055
0.0416746
0.0416313
0.0415758
0.0415084
0.0414266
0.0318454
0.0264681
0.0214346
0.0170017
0.0134119
0.0109706
0.00980315
0.00972374
0.0103762
0.0114249
0.012639
0.0138867
0.0151011
0.0162514
0.0173258
0.0183222
0.0192431
0.0200934
0.0208785
0.0216042
0.0222759
0.0228987
0.0234773
0.0240158
0.0245181
0.0249874
0.0254269
0.0258391
0.0262264
0.0265911
0.026935
0.0272598
0.0275671
0.0278582
0.0281345
0.028397
0.0286468
0.0288848
0.0291119
0.0293287
0.0295361
0.0297346
0.0299248
0.0301073
0.0302825
0.030451
0.030613
0.0307691
0.0309195
0.0310647
0.0312048
0.0313402
0.0314711
0.0315978
0.0317205
0.0318394
0.0319547
0.0320666
0.0321752
0.0322808
0.0323835
0.0324834
0.0325806
0.0326754
0.0327677
0.0328577
0.0329456
0.0330313
0.0331151
0.0331969
0.0332767
0.0333547
0.0334309
0.0335052
0.0335778
0.0336485
0.0337176
0.0337848
0.0338504
0.0339144
0.0339768
0.0340377
0.0340974
0.0341559
0.0342136
0.0342705
0.0343271
0.0343836
0.0344403
0.0344974
0.0345553
0.0346142
0.0346743
0.0347357
0.0347985
0.0348628
0.0349285
0.0349953
0.0350631
0.0351314
0.0351998
0.0352678
0.0353346
0.0353996
0.035462
0.035521
0.0355758
0.0356254
0.0356691
0.035706
0.0357352
0.0357561
0.0357679
0.0357702
0.0357625
0.0357443
0.0357156
0.0356762
0.0356261
0.0355656
0.0354952
0.0354128
0.0288132
0.0218907
0.0162707
0.0120265
0.00938884
0.00836569
0.00855793
0.00943949
0.0106139
0.0118583
0.0130675
0.0141984
0.0152377
0.0161851
0.0170462
0.0178285
0.0185401
0.0191886
0.0197811
0.0203238
0.0208224
0.0212816
0.0217057
0.0220985
0.0224631
0.0228024
0.023119
0.0234149
0.0236922
0.0239525
0.0241974
0.0244282
0.0246461
0.0248522
0.0250474
0.0252327
0.0254087
0.0255761
0.0257357
0.025888
0.0260335
0.0261726
0.0263059
0.0264336
0.0265562
0.026674
0.0267873
0.0268964
0.0270015
0.0271029
0.0272008
0.0272954
0.0273868
0.0274753
0.0275611
0.0276441
0.0277247
0.027803
0.027879
0.0279529
0.0280247
0.0280947
0.0281628
0.0282293
0.028294
0.0283572
0.028419
0.0284792
0.0285381
0.0285957
0.0286519
0.0287068
0.0287604
0.0288127
0.0288637
0.0289135
0.028962
0.0290092
0.0290552
0.0291001
0.0291438
0.0291865
0.0292284
0.0292696
0.0293104
0.0293508
0.0293912
0.0294319
0.0294731
0.029515
0.0295579
0.0296019
0.0296474
0.0296942
0.0297426
0.0297924
0.0298435
0.0298957
0.0299488
0.0300024
0.030056
0.030109
0.030161
0.0302111
0.0302587
0.0303031
0.0303435
0.0303791
0.0304092
0.0304331
0.0304501
0.0304596
0.030461
0.0304539
0.0304381
0.0304132
0.0303792
0.030336
0.0302839
0.030223
0.030154
0.0300753
0.0248902
0.0169415
0.0114817
0.00828227
0.00716077
0.00746284
0.00845808
0.0096779
0.0109008
0.0120413
0.0130741
0.0139984
0.0148224
0.015557
0.0162134
0.0168016
0.0173307
0.0178084
0.0182413
0.0186352
0.0189948
0.0193243
0.0196272
0.0199065
0.0201648
0.0204044
0.0206273
0.020835
0.0210292
0.0212111
0.0213819
0.0215425
0.021694
0.021837
0.0219722
0.0221004
0.0222221
0.0223378
0.0224479
0.0225529
0.0226532
0.0227491
0.0228408
0.0229288
0.0230132
0.0230942
0.0231722
0.0232472
0.0233196
0.0233893
0.0234567
0.0235218
0.0235848
0.0236458
0.0237049
0.0237622
0.0238178
0.0238718
0.0239243
0.0239754
0.0240251
0.0240736
0.0241208
0.0241668
0.0242118
0.0242557
0.0242986
0.0243406
0.0243816
0.0244218
0.024461
0.0244993
0.0245367
0.0245732
0.0246088
0.0246435
0.0246772
0.0247101
0.0247421
0.0247732
0.0248036
0.0248334
0.0248626
0.0248914
0.02492
0.0249486
0.0249775
0.0250067
0.0250367
0.0250675
0.0250995
0.0251326
0.0251671
0.0252031
0.0252404
0.0252792
0.0253191
0.0253601
0.0254017
0.0254437
0.0254857
0.0255271
0.0255673
0.0256058
0.0256419
0.025675
0.0257044
0.0257295
0.0257495
0.025764
0.0257724
0.0257742
0.0257689
0.0257563
0.0257361
0.0257081
0.0256724
0.0256291
0.0255784
0.0255205
0.025456
0.0253838
0.0203501
0.0122174
0.00776295
0.00615095
0.00637583
0.00739972
0.00862442
0.0098073
0.0108731
0.0118098
0.0126265
0.0133382
0.0139602
0.0145062
0.0149878
0.015415
0.0157959
0.0161371
0.0164444
0.0167223
0.0169748
0.0172051
0.017416
0.0176097
0.0177883
0.0179534
0.0181067
0.0182492
0.0183821
0.0185063
0.0186228
0.0187322
0.0188351
0.0189322
0.019024
0.0191109
0.0191933
0.0192716
0.0193461
0.0194171
0.0194849
0.0195497
0.0196117
0.0196711
0.0197281
0.0197829
0.0198356
0.0198863
0.0199353
0.0199825
0.0200281
0.0200722
0.0201149
0.0201563
0.0201965
0.0202354
0.0202732
0.02031
0.0203458
0.0203806
0.0204146
0.0204477
0.0204801
0.0205116
0.0205425
0.0205727
0.0206022
0.0206312
0.0206595
0.0206872
0.0207142
0.0207407
0.0207666
0.0207918
0.0208164
0.0208404
0.0208637
0.0208863
0.0209083
0.0209298
0.0209507
0.0209712
0.0209914
0.0210115
0.0210315
0.0210517
0.0210723
0.0210934
0.0211152
0.021138
0.0211618
0.0211869
0.0212132
0.0212409
0.0212698
0.0213
0.0213312
0.0213633
0.021396
0.0214288
0.0214616
0.0214937
0.0215247
0.0215541
0.0215812
0.0216056
0.0216267
0.021644
0.0216568
0.0216647
0.0216673
0.0216642
0.0216551
0.0216397
0.0216179
0.0215896
0.021555
0.021514
0.021467
0.0214142
0.0213563
0.0212922
0.015637
0.00827904
0.00544824
0.00530522
0.00627267
0.00748408
0.00862803
0.00962674
0.010478
0.0111998
0.0118133
0.0123378
0.0127892
0.0131806
0.0135223
0.0138226
0.0140884
0.0143251
0.0145369
0.0147275
0.0148998
0.0150564
0.0151992
0.0153301
0.0154503
0.0155612
0.0156638
0.0157591
0.0158477
0.0159305
0.0160079
0.0160806
0.0161489
0.0162132
0.016274
0.0163315
0.016386
0.0164377
0.016487
0.0165339
0.0165787
0.0166215
0.0166625
0.0167018
0.0167395
0.0167758
0.0168107
0.0168443
0.0168768
0.0169081
0.0169385
0.0169678
0.0169962
0.0170238
0.0170506
0.0170766
0.017102
0.0171266
0.0171506
0.0171741
0.0171969
0.0172193
0.0172411
0.0172625
0.0172834
0.0173039
0.017324
0.0173437
0.017363
0.0173819
0.0174004
0.0174186
0.0174363
0.0174535
0.0174704
0.0174867
0.0175026
0.0175181
0.0175331
0.0175477
0.017562
0.0175761
0.0175899
0.0176038
0.0176178
0.017632
0.0176466
0.0176618
0.0176778
0.0176947
0.0177125
0.0177315
0.0177516
0.0177729
0.0177953
0.0178188
0.0178431
0.0178682
0.0178937
0.0179193
0.0179447
0.0179694
0.0179932
0.0180154
0.0180356
0.0180534
0.0180683
0.0180798
0.0180875
0.018091
0.01809
0.0180841
0.0180733
0.0180571
0.0180357
0.018009
0.0179771
0.01794
0.0178982
0.0178518
0.0178015
0.0177464
0.0112476
0.00547539
0.00434611
0.00510513
0.00628867
0.00740674
0.00835449
0.00913579
0.00977769
0.0103079
0.0107497
0.0111214
0.0114371
0.011708
0.0119423
0.0121466
0.0123262
0.012485
0.0126265
0.0127532
0.0128672
0.0129704
0.0130642
0.0131498
0.0132283
0.0133005
0.0133672
0.013429
0.0134863
0.0135398
0.0135898
0.0136366
0.0136806
0.013722
0.013761
0.013798
0.013833
0.0138663
0.0138979
0.0139281
0.0139569
0.0139844
0.0140108
0.0140361
0.0140604
0.0140838
0.0141064
0.0141281
0.0141491
0.0141695
0.0141892
0.0142083
0.0142268
0.0142448
0.0142623
0.0142794
0.014296
0.0143122
0.014328
0.0143435
0.0143586
0.0143735
0.014388
0.0144022
0.0144162
0.0144299
0.0144434
0.0144567
0.0144697
0.0144825
0.014495
0.0145072
0.0145192
0.0145309
0.0145423
0.0145533
0.0145641
0.0145745
0.0145846
0.0145945
0.0146042
0.0146137
0.0146232
0.0146327
0.0146424
0.0146524
0.0146628
0.0146738
0.0146855
0.014698
0.0147114
0.0147257
0.0147411
0.0147574
0.0147747
0.0147929
0.0148118
0.0148312
0.014851
0.0148707
0.0148903
0.0149092
0.0149271
0.0149438
0.0149587
0.0149714
0.0149817
0.0149891
0.0149934
0.0149941
0.014991
0.014984
0.0149728
0.0149573
0.0149376
0.0149136
0.0148854
0.0148532
0.0148173
0.0147778
0.0147354
0.0146893
0.00759178
0.00381868
0.0039565
0.00506317
0.00617406
0.0070938
0.00782429
0.00840242
0.00886384
0.00923667
0.00954195
0.00979516
0.0100077
0.0101882
0.010343
0.0104769
0.0105938
0.0106966
0.0107876
0.0108687
0.0109414
0.0110069
0.0110662
0.0111202
0.0111695
0.0112147
0.0112564
0.0112949
0.0113306
0.0113639
0.0113949
0.0114239
0.0114512
0.0114768
0.011501
0.0115239
0.0115456
0.0115661
0.0115857
0.0116044
0.0116223
0.0116394
0.0116558
0.0116716
0.0116867
0.0117014
0.0117155
0.0117291
0.0117423
0.0117551
0.0117676
0.0117796
0.0117914
0.0118028
0.011814
0.0118249
0.0118356
0.011846
0.0118562
0.0118662
0.011876
0.0118856
0.0118951
0.0119044
0.0119136
0.0119227
0.0119316
0.0119404
0.011949
0.0119575
0.0119658
0.011974
0.011982
0.0119898
0.0119974
0.0120048
0.012012
0.0120189
0.0120257
0.0120323
0.0120388
0.0120452
0.0120516
0.0120581
0.0120648
0.0120718
0.0120792
0.0120871
0.0120957
0.0121049
0.0121149
0.0121258
0.0121374
0.0121499
0.0121632
0.0121771
0.0121917
0.0122066
0.0122217
0.0122368
0.0122517
0.012266
0.0122794
0.0122917
0.0123025
0.0123115
0.0123185
0.012323
0.012325
0.0123241
0.0123201
0.0123129
0.0123024
0.0122884
0.0122711
0.0122504
0.0122265
0.0121995
0.0121695
0.012137
0.0121022
0.0120648
0.00488849
0.00301652
0.00383246
0.00494522
0.00586678
0.00656975
0.00710149
0.00750823
0.00782461
0.00807513
0.00827691
0.00844198
0.00857893
0.008694
0.00879177
0.00887569
0.00894838
0.00901186
0.00906771
0.0091172
0.00916131
0.00920088
0.00923655
0.00926888
0.00929831
0.00932523
0.00934995
0.00937274
0.00939383
0.00941342
0.00943168
0.00944875
0.00946476
0.00947982
0.00949402
0.00950746
0.0095202
0.00953231
0.00954386
0.00955488
0.00956544
0.00957556
0.00958529
0.00959466
0.0096037
0.00961244
0.0096209
0.0096291
0.00963707
0.00964482
0.00965237
0.00965974
0.00966693
0.00967397
0.00968085
0.0096876
0.00969423
0.00970073
0.00970713
0.00971342
0.00971963
0.00972574
0.00973178
0.00973775
0.00974365
0.00974949
0.00975526
0.00976097
0.00976661
0.00977216
0.00977763
0.00978301
0.00978827
0.0097934
0.00979841
0.00980327
0.00980799
0.00981257
0.00981702
0.00982137
0.00982566
0.00982993
0.00983425
0.00983868
0.0098433
0.0098482
0.00985346
0.00985916
0.00986539
0.0098722
0.00987966
0.00988778
0.00989657
0.00990603
0.00991609
0.00992669
0.00993771
0.00994902
0.00996047
0.00997186
0.00998298
0.00999362
0.0100035
0.0100125
0.0100202
0.0100264
0.010031
0.0100337
0.0100342
0.0100325
0.0100283
0.0100217
0.0100124
0.0100004
0.00998583
0.00996867
0.00994903
0.00992704
0.00990291
0.00987684
0.00984919
0.00981959
0.00312828
0.00268014
0.00372157
0.0046797
0.00538514
0.00589032
0.00625644
0.00652772
0.00673357
0.00689332
0.00701982
0.00712179
0.00720529
0.00727462
0.0073329
0.00738242
0.00742491
0.00746169
0.00749379
0.00752202
0.007547
0.00756926
0.00758921
0.00760718
0.00762346
0.00763829
0.00765184
0.0076643
0.0076758
0.00768645
0.00769636
0.00770561
0.00771429
0.00772244
0.00773014
0.00773743
0.00774435
0.00775094
0.00775723
0.00776326
0.00776905
0.00777462
0.00778
0.0077852
0.00779024
0.00779514
0.0077999
0.00780454
0.00780908
0.00781352
0.00781786
0.00782213
0.00782632
0.00783044
0.0078345
0.0078385
0.00784245
0.00784635
0.00785021
0.00785404
0.00785783
0.00786159
0.00786533
0.00786904
0.00787273
0.0078764
0.00788006
0.00788369
0.00788729
0.00789085
0.00789436
0.00789782
0.00790122
0.00790454
0.00790778
0.00791093
0.00791398
0.00791695
0.00791984
0.00792268
0.00792549
0.00792831
0.00793119
0.00793418
0.00793735
0.00794077
0.00794449
0.00794857
0.00795309
0.00795808
0.00796358
0.0079696
0.00797616
0.00798322
0.00799075
0.00799868
0.00800692
0.00801537
0.00802389
0.00803233
0.00804053
0.00804832
0.0080555
0.0080619
0.00806732
0.00807158
0.0080745
0.00807593
0.00807571
0.00807371
0.00806985
0.00806404
0.00805624
0.00804642
0.00803463
0.00802089
0.00800531
0.007988
0.00796913
0.00794887
0.00792752
0.00790477
0.00211639
0.00251651
0.00352139
0.00427039
0.00477425
0.00511496
0.00535176
0.00552165
0.00564723
0.00574253
0.00581652
0.00587511
0.00592229
0.00596084
0.00599277
0.0060195
0.00604212
0.00606144
0.00607808
0.00609253
0.00610518
0.00611631
0.00612618
0.006135
0.00614291
0.00615005
0.00615653
0.00616246
0.00616789
0.00617291
0.00617756
0.0061819
0.00618596
0.00618978
0.00619339
0.00619682
0.00620008
0.0062032
0.0062062
0.00620909
0.00621189
0.0062146
0.00621723
0.0062198
0.00622232
0.00622478
0.0062272
0.00622959
0.00623194
0.00623427
0.00623657
0.00623885
0.00624111
0.00624336
0.0062456
0.00624783
0.00625005
0.00625227
0.00625448
0.00625669
0.00625891
0.00626112
0.00626334
0.00626557
0.0062678
0.00627004
0.00627228
0.00627452
0.00627675
0.00627898
0.00628118
0.00628336
0.0062855
0.0062876
0.00628966
0.00629165
0.0062936
0.00629549
0.00629734
0.00629916
0.00630097
0.00630282
0.00630472
0.00630673
0.0063089
0.00631126
0.00631387
0.00631678
0.00632002
0.00632363
0.00632763
0.00633204
0.00633685
0.00634204
0.00634757
0.0063534
0.00635945
0.00636563
0.00637185
0.00637799
0.00638392
0.00638951
0.00639463
0.00639913
0.00640286
0.00640571
0.00640753
0.00640821
0.00640764
0.00640574
0.00640243
0.00639767
0.00639144
0.00638371
0.00637453
0.00636394
0.00635201
0.00633884
0.00632456
0.00630931
0.00629333
0.00627638
0.001583
0.00236704
0.00320964
0.00374928
0.00408339
0.00429644
0.00443801
0.00453595
0.00460609
0.00465781
0.00469688
0.004727
0.00475062
0.00476942
0.00478457
0.00479691
0.00480708
0.00481552
0.00482259
0.00482856
0.00483364
0.00483799
0.00484174
0.004845
0.00484786
0.00485038
0.00485263
0.00485464
0.00485646
0.00485811
0.00485964
0.00486105
0.00486237
0.00486361
0.00486479
0.00486592
0.00486702
0.00486808
0.00486911
0.00487013
0.00487113
0.00487213
0.00487312
0.00487411
0.00487511
0.00487611
0.00487711
0.00487812
0.00487915
0.00488018
0.00488123
0.00488229
0.00488337
0.00488446
0.00488557
0.00488669
0.00488783
0.00488899
0.00489016
0.00489135
0.00489256
0.00489379
0.00489504
0.00489631
0.00489759
0.0048989
0.00490022
0.00490155
0.00490289
0.00490423
0.00490557
0.0049069
0.00490821
0.00490951
0.00491078
0.00491202
0.00491322
0.0049144
0.00491556
0.00491671
0.00491787
0.00491906
0.00492031
0.00492164
0.0049231
0.00492472
0.00492653
0.00492857
0.00493086
0.00493342
0.00493628
0.00493944
0.00494289
0.00494662
0.0049506
0.00495478
0.00495911
0.00496353
0.00496797
0.00497233
0.00497653
0.00498046
0.00498403
0.00498713
0.00498967
0.00499154
0.00499266
0.00499294
0.00499231
0.0049907
0.00498808
0.00498441
0.00497968
0.00497388
0.00496705
0.00495921
0.00495044
0.00494081
0.00493041
0.00491934
0.0049078
0.00489561
0.00129599
0.00216382
0.0027997
0.00315555
0.00335732
0.00347765
0.00355334
0.00360321
0.00363728
0.00366123
0.00367843
0.00369099
0.00370026
0.00370717
0.00371233
0.0037162
0.00371909
0.00372123
0.0037228
0.00372393
0.00372473
0.00372526
0.00372559
0.00372577
0.00372583
0.00372581
0.00372572
0.00372559
0.00372543
0.00372526
0.00372508
0.00372491
0.00372474
0.00372458
0.00372445
0.00372434
0.00372425
0.00372418
0.00372415
0.00372414
0.00372416
0.00372422
0.0037243
0.00372441
0.00372456
0.00372474
0.00372494
0.00372518
0.00372545
0.00372575
0.00372608
0.00372643
0.00372682
0.00372723
0.00372767
0.00372814
0.00372863
0.00372915
0.0037297
0.00373027
0.00373086
0.00373148
0.00373213
0.0037328
0.00373349
0.00373421
0.00373494
0.00373569
0.00373646
0.00373723
0.00373801
0.0037388
0.00373958
0.00374035
0.00374111
0.00374185
0.00374258
0.0037433
0.00374401
0.00374472
0.00374545
0.00374621
0.00374701
0.00374788
0.00374885
0.00374994
0.00375116
0.00375256
0.00375413
0.00375591
0.00375789
0.00376009
0.00376249
0.00376508
0.00376785
0.00377075
0.00377376
0.00377683
0.0037799
0.00378291
0.00378579
0.00378849
0.00379092
0.00379303
0.00379473
0.00379596
0.00379666
0.00379677
0.00379625
0.00379504
0.00379314
0.0037905
0.00378714
0.00378304
0.00377823
0.00377275
0.00376662
0.00375991
0.0037527
0.00374505
0.00373709
0.00372871
0.00110753
0.00188763
0.00231832
0.00252711
0.00263351
0.00269151
0.00272503
0.00274521
0.00275765
0.00276533
0.00276999
0.00277267
0.00277402
0.00277447
0.00277431
0.00277371
0.00277284
0.00277176
0.00277057
0.0027693
0.002768
0.00276668
0.00276538
0.0027641
0.00276285
0.00276164
0.00276048
0.00275938
0.00275832
0.00275732
0.00275637
0.00275548
0.00275464
0.00275386
0.00275313
0.00275246
0.00275183
0.00275126
0.00275073
0.00275025
0.00274982
0.00274943
0.00274908
0.00274878
0.00274852
0.00274829
0.00274811
0.00274796
0.00274785
0.00274777
0.00274772
0.00274771
0.00274773
0.00274778
0.00274786
0.00274797
0.00274811
0.00274827
0.00274846
0.00274868
0.00274892
0.00274919
0.00274948
0.00274979
0.00275013
0.00275049
0.00275086
0.00275126
0.00275167
0.00275209
0.00275252
0.00275296
0.0027534
0.00275384
0.00275428
0.00275471
0.00275514
0.00275557
0.00275599
0.00275642
0.00275687
0.00275734
0.00275784
0.0027584
0.00275902
0.00275973
0.00276053
0.00276145
0.00276249
0.00276366
0.00276498
0.00276643
0.00276802
0.00276974
0.00277158
0.00277351
0.0027755
0.00277753
0.00277956
0.00278155
0.00278346
0.00278525
0.00278686
0.00278825
0.00278938
0.00279019
0.00279067
0.00279075
0.00279042
0.00278965
0.00278842
0.00278671
0.00278453
0.00278187
0.00277876
0.0027752
0.00277124
0.0027669
0.00276223
0.00275729
0.00275216
0.00274676
0.000940091
0.00154366
0.00179618
0.00189808
0.00194231
0.00196263
0.00197202
0.00197596
0.001977
0.00197642
0.00197493
0.00197293
0.00197066
0.00196827
0.00196583
0.00196342
0.00196106
0.00195877
0.00195657
0.00195447
0.00195247
0.00195056
0.00194876
0.00194704
0.00194543
0.0019439
0.00194246
0.0019411
0.00193982
0.00193862
0.00193749
0.00193643
0.00193543
0.0019345
0.00193363
0.00193282
0.00193206
0.00193135
0.0019307
0.00193009
0.00192953
0.00192901
0.00192854
0.0019281
0.00192771
0.00192735
0.00192702
0.00192674
0.00192648
0.00192626
0.00192606
0.0019259
0.00192576
0.00192565
0.00192557
0.00192551
0.00192548
0.00192547
0.00192548
0.00192552
0.00192557
0.00192565
0.00192575
0.00192587
0.001926
0.00192616
0.00192633
0.00192651
0.00192671
0.00192692
0.00192715
0.00192737
0.00192761
0.00192785
0.00192809
0.00192833
0.00192857
0.00192882
0.00192907
0.00192932
0.00192958
0.00192987
0.00193017
0.00193052
0.0019309
0.00193133
0.00193183
0.00193239
0.00193303
0.00193376
0.00193457
0.00193546
0.00193644
0.0019375
0.00193862
0.00193981
0.00194103
0.00194228
0.00194353
0.00194476
0.00194595
0.00194706
0.00194807
0.00194896
0.00194969
0.00195024
0.00195058
0.0019507
0.00195058
0.00195019
0.00194953
0.0019486
0.00194738
0.00194589
0.00194412
0.0019421
0.00193983
0.00193734
0.00193466
0.00193181
0.00192885
0.00192573
0.00075892
0.00114997
0.00126545
0.00129943
0.00130899
0.00131025
0.00130839
0.00130531
0.00130181
0.00129822
0.00129471
0.00129136
0.00128818
0.00128519
0.00128239
0.00127977
0.00127732
0.00127503
0.0012729
0.0012709
0.00126903
0.00126728
0.00126564
0.00126411
0.00126267
0.00126133
0.00126006
0.00125888
0.00125777
0.00125673
0.00125575
0.00125484
0.00125398
0.00125318
0.00125243
0.00125172
0.00125107
0.00125045
0.00124988
0.00124934
0.00124885
0.00124838
0.00124796
0.00124756
0.00124719
0.00124685
0.00124654
0.00124626
0.001246
0.00124577
0.00124556
0.00124537
0.00124521
0.00124506
0.00124493
0.00124483
0.00124474
0.00124467
0.00124461
0.00124457
0.00124455
0.00124454
0.00124455
0.00124457
0.00124461
0.00124466
0.00124472
0.0012448
0.00124488
0.00124497
0.00124507
0.00124518
0.0012453
0.00124542
0.00124555
0.00124567
0.00124581
0.00124594
0.00124608
0.00124622
0.00124638
0.00124654
0.00124672
0.00124691
0.00124713
0.00124738
0.00124766
0.00124797
0.00124833
0.00124872
0.00124916
0.00124965
0.00125018
0.00125075
0.00125135
0.00125199
0.00125265
0.00125332
0.001254
0.00125467
0.00125533
0.00125594
0.00125652
0.00125703
0.00125747
0.00125782
0.00125808
0.00125822
0.00125825
0.00125815
0.00125792
0.00125756
0.00125705
0.00125641
0.00125563
0.00125473
0.0012537
0.00125256
0.00125133
0.00125001
0.00124863
0.00124717
0.000560691
0.000737105
0.000763632
0.000763607
0.000759028
0.000753908
0.000749091
0.000744734
0.000740829
0.00073733
0.000734186
0.000731348
0.000728778
0.00072644
0.000724305
0.000722349
0.000720551
0.000718895
0.000717366
0.00071595
0.000714637
0.000713417
0.000712282
0.000711224
0.000710238
0.000709317
0.000708456
0.000707651
0.000706897
0.000706192
0.000705532
0.000704913
0.000704333
0.00070379
0.000703281
0.000702804
0.000702358
0.00070194
0.000701549
0.000701184
0.000700842
0.000700524
0.000700227
0.000699951
0.000699695
0.000699457
0.000699237
0.000699034
0.000698847
0.000698675
0.000698519
0.000698376
0.000698247
0.00069813
0.000698026
0.000697934
0.000697854
0.000697784
0.000697725
0.000697676
0.000697637
0.000697608
0.000697587
0.000697576
0.000697573
0.000697578
0.000697591
0.00069761
0.000697637
0.000697671
0.00069771
0.000697755
0.000697805
0.00069786
0.000697918
0.000697981
0.000698047
0.000698117
0.00069819
0.000698268
0.00069835
0.000698438
0.000698532
0.000698635
0.000698746
0.000698869
0.000699003
0.000699151
0.000699314
0.000699492
0.000699687
0.000699897
0.000700124
0.000700366
0.000700621
0.000700889
0.000701166
0.000701449
0.000701736
0.000702022
0.000702304
0.000702577
0.000702837
0.000703078
0.000703298
0.000703491
0.000703653
0.000703781
0.000703871
0.000703921
0.000703929
0.000703892
0.00070381
0.000703684
0.000703513
0.0007033
0.000703046
0.000702754
0.00070243
0.000702077
0.0007017
0.000701294
0.000284746
0.000272336
0.000264576
0.000259339
0.000255518
0.000252566
0.000250187
0.00024821
0.000246532
0.000245084
0.000243818
0.000242699
0.000241702
0.000240807
0.000239998
0.000239264
0.000238594
0.000237981
0.000237417
0.000236898
0.000236419
0.000235975
0.000235563
0.00023518
0.000234824
0.000234491
0.000234182
0.000233892
0.000233621
0.000233368
0.000233131
0.000232909
0.000232701
0.000232506
0.000232324
0.000232152
0.000231992
0.000231842
0.000231701
0.000231569
0.000231446
0.000231331
0.000231223
0.000231122
0.000231029
0.000230942
0.000230861
0.000230786
0.000230716
0.000230652
0.000230593
0.000230539
0.00023049
0.000230445
0.000230404
0.000230368
0.000230335
0.000230306
0.000230281
0.000230259
0.00023024
0.000230225
0.000230213
0.000230204
0.000230198
0.000230194
0.000230193
0.000230195
0.000230199
0.000230206
0.000230215
0.000230226
0.000230239
0.000230254
0.00023027
0.000230289
0.000230309
0.000230332
0.000230355
0.000230381
0.000230408
0.000230437
0.000230468
0.000230501
0.000230536
0.000230573
0.000230612
0.000230653
0.000230697
0.000230742
0.00023079
0.000230841
0.000230893
0.000230947
0.000231002
0.00023106
0.000231118
0.000231177
0.000231236
0.000231296
0.000231355
0.000231414
0.000231472
0.000231527
0.000231581
0.000231633
0.000231682
0.000231729
0.000231772
0.000231812
0.000231848
0.000231882
0.000231911
0.000231938
0.000231961
0.000231981
0.000231998
0.000232014
0.000232027
0.000232039
0.000232048
0.000232059
)
;

boundaryField
{
    lowerWall
    {
        type            nutkWallFunction;
        Cmu             0.09;
        kappa           0.41;
        E               9.8;
        value           nonuniform List<scalar> 
122
(
3.38542e-05
3.22344e-05
3.12155e-05
3.05252e-05
3.00205e-05
2.96299e-05
2.93146e-05
2.90524e-05
2.88296e-05
2.86371e-05
2.84688e-05
2.83199e-05
2.81871e-05
2.80679e-05
2.79601e-05
2.78622e-05
2.77729e-05
2.76911e-05
2.76159e-05
2.75466e-05
2.74825e-05
2.74232e-05
2.73682e-05
2.7317e-05
2.72694e-05
2.7225e-05
2.71836e-05
2.71449e-05
2.71087e-05
2.70748e-05
2.70431e-05
2.70134e-05
2.69856e-05
2.69595e-05
2.6935e-05
2.69121e-05
2.68906e-05
2.68705e-05
2.68517e-05
2.6834e-05
2.68175e-05
2.68021e-05
2.67877e-05
2.67742e-05
2.67617e-05
2.675e-05
2.67392e-05
2.67291e-05
2.67198e-05
2.67112e-05
2.67033e-05
2.66961e-05
2.66895e-05
2.66834e-05
2.6678e-05
2.66731e-05
2.66687e-05
2.66648e-05
2.66614e-05
2.66585e-05
2.6656e-05
2.6654e-05
2.66524e-05
2.66511e-05
2.66503e-05
2.66498e-05
2.66497e-05
2.66499e-05
2.66505e-05
2.66514e-05
2.66526e-05
2.6654e-05
2.66558e-05
2.66578e-05
2.66601e-05
2.66626e-05
2.66654e-05
2.66685e-05
2.66717e-05
2.66752e-05
2.6679e-05
2.6683e-05
2.66872e-05
2.66917e-05
2.66964e-05
2.67014e-05
2.67066e-05
2.6712e-05
2.67177e-05
2.67236e-05
2.67297e-05
2.67361e-05
2.67426e-05
2.67493e-05
2.67562e-05
2.67632e-05
2.67703e-05
2.67775e-05
2.67847e-05
2.67919e-05
2.67992e-05
2.68064e-05
2.68135e-05
2.68205e-05
2.68274e-05
2.68342e-05
2.68408e-05
2.68472e-05
2.68534e-05
2.68595e-05
2.68653e-05
2.6871e-05
2.68765e-05
2.68818e-05
2.68869e-05
2.68919e-05
2.68968e-05
2.69015e-05
2.69063e-05
2.69109e-05
2.69154e-05
2.69201e-05
)
;
    }
    upperWall
    {
        type            nutkWallFunction;
        Cmu             0.09;
        kappa           0.41;
        E               9.8;
        value           nonuniform List<scalar> 
122
(
3.36526e-05
3.20374e-05
3.10226e-05
3.03355e-05
2.98333e-05
2.94446e-05
2.91308e-05
2.88699e-05
2.86481e-05
2.84567e-05
2.82891e-05
2.8141e-05
2.80089e-05
2.78902e-05
2.77829e-05
2.76855e-05
2.75966e-05
2.75152e-05
2.74404e-05
2.73714e-05
2.73077e-05
2.72486e-05
2.71939e-05
2.7143e-05
2.70956e-05
2.70514e-05
2.70102e-05
2.69716e-05
2.69356e-05
2.69019e-05
2.68704e-05
2.68408e-05
2.68131e-05
2.67872e-05
2.67628e-05
2.674e-05
2.67186e-05
2.66986e-05
2.66799e-05
2.66623e-05
2.66459e-05
2.66305e-05
2.66162e-05
2.66028e-05
2.65903e-05
2.65787e-05
2.65679e-05
2.65579e-05
2.65486e-05
2.65401e-05
2.65322e-05
2.6525e-05
2.65184e-05
2.65124e-05
2.6507e-05
2.65021e-05
2.64978e-05
2.64939e-05
2.64905e-05
2.64876e-05
2.64852e-05
2.64832e-05
2.64815e-05
2.64803e-05
2.64795e-05
2.6479e-05
2.64789e-05
2.64791e-05
2.64797e-05
2.64806e-05
2.64817e-05
2.64832e-05
2.64849e-05
2.64869e-05
2.64891e-05
2.64916e-05
2.64944e-05
2.64974e-05
2.65006e-05
2.6504e-05
2.65077e-05
2.65116e-05
2.65158e-05
2.65203e-05
2.6525e-05
2.653e-05
2.65353e-05
2.65408e-05
2.65467e-05
2.65528e-05
2.65591e-05
2.65658e-05
2.65726e-05
2.65796e-05
2.65869e-05
2.65942e-05
2.66017e-05
2.66092e-05
2.66167e-05
2.66242e-05
2.66317e-05
2.6639e-05
2.66461e-05
2.6653e-05
2.66597e-05
2.66661e-05
2.66722e-05
2.6678e-05
2.66834e-05
2.66884e-05
2.66931e-05
2.66975e-05
2.67015e-05
2.67052e-05
2.67087e-05
2.67119e-05
2.67149e-05
2.67177e-05
2.67205e-05
2.67233e-05
2.67259e-05
2.67287e-05
)
;
    }
    inlet
    {
        type            calculated;
        value           uniform 0.0366503;
    }
    outlet
    {
        type            calculated;
        value           nonuniform List<scalar> 
60
(
0.000233498
0.000706526
0.00125814
0.0019447
0.00277588
0.00377003
0.00495113
0.00634803
0.00799434
0.00992856
0.0121941
0.0148389
0.0179152
0.0214777
0.0255818
0.03028
0.0356167
0.0416209
0.0482954
0.0556025
0.0634439
0.0716347
0.0798688
0.0876778
0.0943833
0.099058
0.100542
0.0977114
0.0907654
0.0846866
0.0847379
0.0909025
0.0978835
0.100712
0.0992017
0.0944845
0.0877273
0.0798637
0.0715766
0.0633384
0.0554575
0.0481207
0.0414266
0.0354128
0.0300753
0.0253838
0.0212922
0.0177464
0.0146893
0.0120648
0.00981959
0.00790477
0.00627638
0.00489561
0.00372871
0.00274676
0.00192573
0.00124717
0.000701294
0.000232059
)
;
    }
    frontAndBack
    {
        type            empty;
    }
}


// ************************************************************************* //
