/*--------------------------------*- C++ -*----------------------------------*\
  =========                 |
  \\      /  F ield         | OpenFOAM: The Open Source CFD Toolbox
   \\    /   O peration     | Website:  https://openfoam.org
    \\  /    A nd           | Version:  8
     \\/     M anipulation  |
\*---------------------------------------------------------------------------*/
FoamFile
{
    version     2.0;
    format      ascii;
    class       volScalarField;
    location    "750";
    object      k;
}
// * * * * * * * * * * * * * * * * * * * * * * * * * * * * * * * * * * * * * //

dimensions      [0 2 -2 0 0 0 0];

internalField   nonuniform List<scalar> 
7320
(
6.07652
5.55942
5.24732
5.04165
4.8942
4.78178
4.69211
4.61825
4.55602
4.50265
4.45625
4.41545
4.37924
4.34686
4.31771
4.29132
4.26733
4.24542
4.22534
4.20689
4.18987
4.17415
4.15959
4.14608
4.13352
4.12184
4.11095
4.10079
4.09131
4.08244
4.07415
4.0664
4.05914
4.05234
4.04598
4.04002
4.03443
4.02921
4.02431
4.01974
4.01546
4.01146
4.00772
4.00424
4.00099
3.99797
3.99517
3.99257
3.99017
3.98795
3.98591
3.98404
3.98233
3.98078
3.97938
3.97812
3.977
3.97602
3.97516
3.97443
3.97382
3.97332
3.97293
3.97264
3.97246
3.97237
3.97238
3.97247
3.97265
3.97291
3.97325
3.97366
3.97414
3.97468
3.97529
3.97596
3.97669
3.97747
3.97831
3.97919
3.98013
3.9811
3.98213
3.98319
3.98429
3.98543
3.98661
3.98783
3.98908
3.99036
3.99168
3.99303
3.9944
3.99581
3.99725
3.99871
4.00021
4.00172
4.00327
4.00484
4.00643
4.00805
4.00969
4.01136
4.01304
4.01475
4.01647
4.01821
4.01997
4.02175
4.02354
4.02534
4.02715
4.02898
4.03082
4.03266
4.03451
4.03636
4.03822
4.04008
4.04189
4.04374
4.84215
5.67924
5.54001
5.36046
5.21715
5.10399
5.01225
4.93597
4.87129
4.81558
4.76697
4.72412
4.68601
4.65186
4.62109
4.59321
4.56782
4.54462
4.52335
4.50378
4.48573
4.46904
4.45358
4.43924
4.4259
4.41348
4.40191
4.39112
4.38103
4.37161
4.3628
4.35455
4.34683
4.3396
4.33284
4.3265
4.32057
4.31501
4.30981
4.30495
4.3004
4.29616
4.29219
4.2885
4.28505
4.28185
4.27888
4.27612
4.27358
4.27123
4.26907
4.2671
4.26529
4.26366
4.26218
4.26086
4.25969
4.25867
4.25778
4.25703
4.2564
4.25591
4.25553
4.25526
4.25511
4.25507
4.25513
4.25528
4.25553
4.25587
4.25629
4.2568
4.25738
4.25804
4.25876
4.25955
4.26041
4.26132
4.26229
4.26331
4.26438
4.2655
4.26667
4.26787
4.26911
4.2704
4.27171
4.27306
4.27445
4.27586
4.2773
4.27877
4.28027
4.28179
4.28333
4.2849
4.28649
4.28809
4.28972
4.29137
4.29304
4.29472
4.29642
4.29813
4.29986
4.3016
4.30335
4.30512
4.30689
4.30867
4.31046
4.31226
4.31406
4.31586
4.31766
4.31947
4.32128
4.32308
4.32488
4.32668
4.32843
4.33016
3.59581
5.0514
5.15997
5.06781
4.96411
4.87324
4.79598
4.72999
4.67307
4.62344
4.57977
4.541
4.50635
4.47517
4.44698
4.42135
4.39797
4.37656
4.35689
4.33877
4.32204
4.30655
4.29219
4.27885
4.26644
4.25488
4.2441
4.23404
4.22464
4.21585
4.20763
4.19994
4.19274
4.186
4.17969
4.17378
4.16824
4.16306
4.15822
4.15369
4.14946
4.1455
4.14182
4.13838
4.13518
4.13221
4.12946
4.1269
4.12455
4.12238
4.12039
4.11857
4.11692
4.11542
4.11408
4.11288
4.11183
4.11091
4.11013
4.10948
4.10896
4.10856
4.10828
4.10811
4.10805
4.1081
4.10825
4.1085
4.10883
4.10926
4.10977
4.11037
4.11103
4.11177
4.11258
4.11345
4.11437
4.11535
4.11638
4.11746
4.11858
4.11973
4.12093
4.12216
4.12341
4.1247
4.12601
4.12735
4.1287
4.13008
4.13147
4.13287
4.13429
4.13573
4.13717
4.13863
4.14009
4.14157
4.14304
4.14453
4.14602
4.14751
4.14901
4.15051
4.15202
4.15352
4.15502
4.15652
4.15802
4.15952
4.16102
4.16251
4.16399
4.16547
4.16695
4.16841
4.16987
4.17132
4.17276
4.17419
4.17559
4.17692
2.74725
4.48339
4.83294
4.83938
4.78111
4.71517
4.65355
4.59832
4.54927
4.50567
4.46677
4.43188
4.40045
4.372
4.34614
4.32254
4.30093
4.28108
4.2628
4.24593
4.23032
4.21585
4.20241
4.18991
4.17828
4.16743
4.15731
4.14786
4.13902
4.13076
4.12302
4.11579
4.10901
4.10267
4.09673
4.09117
4.08597
4.0811
4.07654
4.07229
4.06831
4.0646
4.06115
4.05793
4.05494
4.05216
4.04959
4.04721
4.04502
4.04301
4.04116
4.03948
4.03796
4.03659
4.03537
4.03429
4.03334
4.03254
4.03186
4.03132
4.0309
4.0306
4.03042
4.03035
4.03039
4.03054
4.03079
4.03114
4.03158
4.03211
4.03272
4.03341
4.03418
4.03501
4.03591
4.03687
4.03788
4.03894
4.04004
4.04119
4.04237
4.04358
4.04482
4.04609
4.04738
4.04868
4.05001
4.05134
4.05269
4.05404
4.05541
4.05677
4.05814
4.05951
4.06088
4.06225
4.06361
4.06497
4.06633
4.06768
4.06902
4.07036
4.07169
4.07301
4.07433
4.07563
4.07692
4.0782
4.07947
4.08073
4.08197
4.08321
4.08443
4.08563
4.08683
4.08801
4.08917
4.09033
4.09147
4.09259
4.0937
4.0947
2.10346
3.90602
4.48941
4.61127
4.60898
4.57387
4.53133
4.489
4.44924
4.41265
4.37922
4.34873
4.32092
4.29549
4.27219
4.2508
4.23111
4.21295
4.19616
4.18061
4.16619
4.15279
4.14032
4.12871
4.11788
4.10777
4.09833
4.08951
4.08125
4.07353
4.0663
4.05953
4.05319
4.04725
4.0417
4.03649
4.03163
4.02708
4.02282
4.01885
4.01514
4.01169
4.00847
4.00548
4.0027
4.00013
3.99775
3.99555
3.99354
3.99169
3.99
3.98847
3.98709
3.98586
3.98477
3.98381
3.983
3.98231
3.98175
3.98132
3.98102
3.98083
3.98076
3.98081
3.98096
3.98123
3.98159
3.98205
3.9826
3.98324
3.98396
3.98475
3.98562
3.98656
3.98755
3.98861
3.98971
3.99085
3.99203
3.99325
3.9945
3.99577
3.99707
3.99838
3.9997
4.00104
4.00238
4.00372
4.00507
4.00641
4.00775
4.00909
4.01042
4.01173
4.01304
4.01434
4.01562
4.01689
4.01814
4.01938
4.0206
4.02181
4.02299
4.02416
4.02531
4.02644
4.02756
4.02865
4.02973
4.03078
4.03182
4.03283
4.03383
4.03481
4.03577
4.03671
4.03763
4.03854
4.03944
4.04031
4.04117
4.04191
1.61624
3.30894
4.10161
4.35522
4.42201
4.42574
4.40724
4.38106
4.35281
4.32483
4.29808
4.27292
4.24944
4.22762
4.20737
4.18859
4.17115
4.15496
4.13991
4.1259
4.11285
4.10069
4.08934
4.07874
4.06884
4.05958
4.05091
4.0428
4.03521
4.02809
4.02143
4.01519
4.00935
4.00388
3.99875
3.99396
3.98948
3.98528
3.98137
3.97772
3.97431
3.97115
3.9682
3.96547
3.96293
3.96059
3.95843
3.95645
3.95463
3.95297
3.95147
3.95011
3.9489
3.94783
3.94689
3.94609
3.94542
3.94487
3.94445
3.94416
3.94398
3.94393
3.94399
3.94416
3.94444
3.94483
3.94532
3.9459
3.94657
3.94732
3.94816
3.94907
3.95005
3.95109
3.95219
3.95334
3.95453
3.95576
3.95703
3.95833
3.95965
3.96098
3.96233
3.9637
3.96506
3.96643
3.9678
3.96916
3.97051
3.97185
3.97318
3.9745
3.9758
3.97708
3.97834
3.97958
3.9808
3.982
3.98317
3.98432
3.98544
3.98654
3.98761
3.98866
3.98968
3.99067
3.99164
3.99258
3.9935
3.99439
3.99526
3.9961
3.99691
3.99771
3.99848
3.99923
3.99996
4.00068
4.00138
4.00206
4.00273
4.00326
1.26812
2.7064
3.65726
4.05358
4.20386
4.25636
4.26838
4.26267
4.24897
4.23181
4.21339
4.19484
4.17674
4.15936
4.14285
4.12725
4.11255
4.09875
4.0858
4.07365
4.06226
4.05158
4.04157
4.03219
4.02339
4.01514
4.0074
4.00014
3.99333
3.98695
3.98096
3.97535
3.97009
3.96517
3.96056
3.95624
3.95221
3.94845
3.94493
3.94166
3.93862
3.93579
3.93317
3.93074
3.9285
3.92643
3.92453
3.9228
3.92122
3.91979
3.91851
3.91736
3.91635
3.91547
3.91471
3.91409
3.91359
3.91321
3.91296
3.91282
3.9128
3.9129
3.9131
3.91342
3.91385
3.91437
3.915
3.91571
3.91652
3.9174
3.91836
3.91939
3.92049
3.92165
3.92285
3.92411
3.92541
3.92674
3.92809
3.92947
3.93087
3.93228
3.9337
3.93512
3.93653
3.93795
3.93935
3.94074
3.94211
3.94347
3.94481
3.94612
3.94741
3.94868
3.94991
3.95112
3.9523
3.95344
3.95456
3.95565
3.9567
3.95772
3.95871
3.95966
3.96058
3.96147
3.96233
3.96316
3.96396
3.96472
3.96546
3.96617
3.96684
3.9675
3.96813
3.96873
3.96932
3.96988
3.97044
3.97097
3.9715
3.97188
1.04443
2.13048
3.15609
3.69382
3.94125
4.05401
4.10457
4.12487
4.12967
4.12622
4.11833
4.10811
4.09673
4.0849
4.07304
4.06139
4.0501
4.03924
4.02888
4.01901
4.00966
4.0008
3.99243
3.98452
3.97707
3.97005
3.96343
3.95721
3.95135
3.94585
3.94068
3.93583
3.93129
3.92702
3.92303
3.9193
3.91582
3.91257
3.90954
3.90673
3.90412
3.9017
3.89946
3.8974
3.89551
3.89378
3.8922
3.89077
3.88948
3.88833
3.88731
3.88641
3.88564
3.885
3.88447
3.88406
3.88377
3.88359
3.88353
3.88358
3.88374
3.88402
3.8844
3.88489
3.88547
3.88616
3.88694
3.88781
3.88876
3.88979
3.89089
3.89206
3.89329
3.89457
3.8959
3.89728
3.89868
3.90012
3.90158
3.90306
3.90455
3.90604
3.90754
3.90903
3.91051
3.91198
3.91344
3.91488
3.91629
3.91768
3.91905
3.92038
3.92168
3.92295
3.92419
3.92539
3.92655
3.92768
3.92877
3.92982
3.93083
3.93181
3.93274
3.93364
3.9345
3.93533
3.93611
3.93686
3.93757
3.93825
3.9389
3.93951
3.94009
3.94065
3.94117
3.94168
3.94216
3.94261
3.94306
3.94348
3.94392
3.94418
0.919762
1.62589
2.61278
3.26902
3.62244
3.80741
3.90596
3.95917
3.98747
4.00145
4.00694
4.00725
4.00438
3.99954
3.99352
3.98681
3.97976
3.97259
3.96544
3.95842
3.95158
3.94497
3.93862
3.93255
3.92675
3.92124
3.91601
3.91105
3.90637
3.90195
3.89779
3.89387
3.89019
3.88673
3.8835
3.88048
3.87766
3.87504
3.87261
3.87035
3.86827
3.86635
3.86459
3.86298
3.86152
3.86019
3.859
3.85794
3.857
3.85619
3.85549
3.8549
3.85443
3.85406
3.85381
3.85366
3.85362
3.85369
3.85386
3.85414
3.85452
3.855
3.85559
3.85627
3.85706
3.85793
3.85889
3.85994
3.86106
3.86225
3.86352
3.86484
3.86622
3.86764
3.86912
3.87062
3.87216
3.87372
3.8753
3.87689
3.87849
3.88009
3.88168
3.88327
3.88484
3.88639
3.88793
3.88943
3.89091
3.89236
3.89378
3.89516
3.8965
3.8978
3.89907
3.90029
3.90147
3.90261
3.9037
3.90476
3.90576
3.90673
3.90765
3.90852
3.90936
3.91015
3.9109
3.91161
3.91228
3.9129
3.9135
3.91405
3.91458
3.91507
3.91553
3.91596
3.91637
3.91676
3.91713
3.91748
3.91784
3.91803
0.860369
1.23773
2.06198
2.78202
3.23846
3.50547
3.66218
3.75644
3.81442
3.85055
3.87304
3.88674
3.89464
3.89864
3.89999
3.89953
3.89781
3.89526
3.89213
3.88865
3.88496
3.88115
3.87732
3.87351
3.86978
3.86614
3.86262
3.85924
3.856
3.85292
3.84999
3.84722
3.8446
3.84215
3.83985
3.8377
3.8357
3.83385
3.83214
3.83057
3.82913
3.82783
3.82665
3.82559
3.82465
3.82382
3.82311
3.8225
3.82199
3.82159
3.82128
3.82107
3.82096
3.82094
3.82102
3.82119
3.82146
3.82182
3.82228
3.82283
3.82347
3.82421
3.82504
3.82596
3.82697
3.82807
3.82924
3.8305
3.83182
3.83321
3.83466
3.83616
3.83772
3.83932
3.84095
3.84262
3.84431
3.84602
3.84775
3.84948
3.85121
3.85293
3.85465
3.85636
3.85804
3.8597
3.86134
3.86294
3.86451
3.86605
3.86755
3.86901
3.87042
3.87179
3.87312
3.8744
3.87563
3.87681
3.87795
3.87904
3.88007
3.88106
3.882
3.88289
3.88374
3.88453
3.88529
3.88599
3.88665
3.88727
3.88784
3.88837
3.88887
3.88933
3.88976
3.89016
3.89053
3.89087
3.8912
3.8915
3.89182
3.89196
0.836787
0.98815
1.55966
2.25312
2.7872
3.13869
3.36248
3.50657
3.60152
3.66555
3.70958
3.74028
3.76186
3.77709
3.78779
3.79521
3.80023
3.80349
3.80544
3.80641
3.80665
3.80636
3.80567
3.8047
3.80353
3.80223
3.80084
3.79941
3.79796
3.79653
3.79514
3.79379
3.7925
3.79127
3.79013
3.78906
3.78807
3.78717
3.78635
3.78563
3.78499
3.78443
3.78397
3.78359
3.78329
3.78308
3.78294
3.78289
3.78291
3.78301
3.78319
3.78345
3.78378
3.78418
3.78467
3.78523
3.78587
3.78659
3.78739
3.78827
3.78924
3.79028
3.79141
3.79262
3.7939
3.79526
3.79669
3.7982
3.79976
3.80138
3.80306
3.80478
3.80654
3.80834
3.81018
3.81204
3.81391
3.81581
3.8177
3.8196
3.8215
3.82339
3.82526
3.82711
3.82894
3.83075
3.83252
3.83425
3.83595
3.83761
3.83923
3.8408
3.84232
3.8438
3.84522
3.84659
3.84791
3.84918
3.85039
3.85155
3.85266
3.85371
3.85471
3.85566
3.85655
3.85739
3.85817
3.85891
3.8596
3.86023
3.86083
3.86137
3.86187
3.86234
3.86276
3.86315
3.86351
3.86383
3.86414
3.86442
3.86471
3.86482
0.830413
0.857509
1.16926
1.7285
2.28148
2.70333
2.99742
3.19899
3.33861
3.4372
3.50825
3.56042
3.59936
3.62883
3.65138
3.6688
3.68236
3.69298
3.70133
3.70792
3.71312
3.71725
3.72051
3.72309
3.72514
3.72675
3.72802
3.72903
3.72983
3.73046
3.73097
3.73139
3.73174
3.73204
3.73232
3.73259
3.73286
3.73313
3.73342
3.73374
3.73408
3.73446
3.73488
3.73533
3.73583
3.73637
3.73696
3.73758
3.73826
3.73898
3.73976
3.74058
3.74145
3.74238
3.74336
3.7444
3.7455
3.74666
3.74789
3.74917
3.75053
3.75195
3.75344
3.75499
3.75661
3.75829
3.76003
3.76184
3.76369
3.76559
3.76754
3.76952
3.77154
3.77359
3.77566
3.77776
3.77986
3.78197
3.78408
3.78619
3.78829
3.79038
3.79245
3.79449
3.7965
3.79849
3.80043
3.80234
3.80421
3.80603
3.8078
3.80952
3.81119
3.81281
3.81437
3.81588
3.81733
3.81872
3.82006
3.82133
3.82254
3.8237
3.82479
3.82583
3.82681
3.82773
3.82859
3.8294
3.83014
3.83084
3.83148
3.83207
3.83261
3.8331
3.83355
3.83396
3.83433
3.83466
3.83496
3.83524
3.83552
3.83561
0.831632
0.801461
0.924682
1.27902
1.76057
2.20994
2.5635
2.82478
3.0153
3.15518
3.2594
3.33832
3.39906
3.44651
3.48408
3.51418
3.53856
3.5585
3.57496
3.58866
3.60014
3.60984
3.61808
3.62514
3.63123
3.63651
3.64112
3.64518
3.64878
3.652
3.65489
3.65751
3.65991
3.66213
3.66418
3.66611
3.66794
3.66967
3.67134
3.67295
3.67452
3.67605
3.67756
3.67905
3.68053
3.682
3.68347
3.68495
3.68643
3.68792
3.68943
3.69095
3.6925
3.69406
3.69566
3.69729
3.69895
3.70065
3.7024
3.70418
3.70602
3.7079
3.70982
3.7118
3.71383
3.71591
3.71803
3.7202
3.72241
3.72465
3.72693
3.72924
3.73157
3.73392
3.73628
3.73866
3.74104
3.74342
3.7458
3.74816
3.75051
3.75285
3.75515
3.75743
3.75968
3.76188
3.76405
3.76618
3.76825
3.77028
3.77226
3.77418
3.77604
3.77785
3.7796
3.78128
3.7829
3.78446
3.78596
3.78739
3.78876
3.79006
3.7913
3.79247
3.79357
3.79461
3.79559
3.7965
3.79735
3.79813
3.79886
3.79952
3.80013
3.80068
3.80118
3.80163
3.80204
3.8024
3.80272
3.803
3.80328
3.80338
0.835915
0.782667
0.803403
0.968303
1.29566
1.69673
2.07275
2.38225
2.62383
2.80953
2.95259
3.06386
3.15146
3.22133
3.27774
3.32383
3.3619
3.39365
3.42038
3.44308
3.46251
3.47926
3.4938
3.50652
3.51771
3.52762
3.53644
3.54435
3.55147
3.55793
3.56381
3.5692
3.57417
3.57877
3.58305
3.58706
3.59083
3.59439
3.59777
3.60099
3.60408
3.60705
3.60992
3.61269
3.61539
3.61802
3.62059
3.62311
3.62559
3.62804
3.63045
3.63284
3.63522
3.63758
3.63994
3.64229
3.64465
3.64702
3.64941
3.65181
3.65423
3.65668
3.65915
3.66165
3.66418
3.66674
3.66933
3.67195
3.67459
3.67726
3.67995
3.68265
3.68536
3.68808
3.69081
3.69353
3.69625
3.69897
3.70167
3.70435
3.70701
3.70965
3.71225
3.71482
3.71735
3.71984
3.72228
3.72467
3.72702
3.7293
3.73153
3.7337
3.73581
3.73786
3.73984
3.74175
3.7436
3.74538
3.74708
3.74872
3.75029
3.75178
3.7532
3.75455
3.75583
3.75703
3.75816
3.75922
3.7602
3.76112
3.76196
3.76274
3.76345
3.76409
3.76467
3.76519
3.76566
3.76607
3.76643
3.76674
3.76704
3.76715
0.841165
0.780282
0.755
0.801817
0.962762
1.23783
1.56799
1.88853
2.16639
2.39488
2.57903
2.72692
2.8462
2.94318
3.02278
3.08874
3.14394
3.19054
3.23023
3.26431
3.29378
3.31947
3.34199
3.36186
3.37951
3.39527
3.40941
3.42217
3.43374
3.44429
3.45394
3.46281
3.47101
3.47861
3.48569
3.4923
3.49851
3.50436
3.50988
3.51513
3.52012
3.52488
3.52944
3.53382
3.53804
3.54211
3.54606
3.54988
3.5536
3.55723
3.56077
3.56424
3.56765
3.57099
3.57429
3.57755
3.58078
3.58397
3.58715
3.59031
3.59347
3.59661
3.59976
3.60291
3.60606
3.60923
3.61239
3.61557
3.61875
3.62194
3.62513
3.62832
3.6315
3.63468
3.63785
3.64101
3.64415
3.64727
3.65037
3.65344
3.65648
3.65949
3.66246
3.66539
3.66827
3.6711
3.67389
3.67661
3.67928
3.68189
3.68443
3.68691
3.68933
3.69167
3.69394
3.69614
3.69827
3.70032
3.70229
3.70418
3.706
3.70774
3.7094
3.71097
3.71247
3.71388
3.71521
3.71646
3.71763
3.71872
3.71972
3.72065
3.72149
3.72226
3.72296
3.72358
3.72413
3.72461
3.72503
3.72539
3.72572
3.72586
0.846372
0.784571
0.740866
0.731421
0.780818
0.913761
1.13036
1.39676
1.66969
1.92048
2.13792
2.32135
2.47447
2.60211
2.70889
2.79873
2.87484
2.93979
2.99561
3.04393
3.08604
3.12297
3.15556
3.18449
3.2103
3.23346
3.25433
3.27323
3.29043
3.30614
3.32056
3.33383
3.3461
3.35748
3.36808
3.37798
3.38726
3.39599
3.40421
3.41199
3.41937
3.42638
3.43307
3.43946
3.44559
3.45146
3.45712
3.46258
3.46785
3.47295
3.47791
3.48272
3.48741
3.49198
3.49646
3.50084
3.50514
3.50937
3.51353
3.51764
3.52171
3.52573
3.52971
3.53367
3.5376
3.5415
3.54539
3.54926
3.55311
3.55694
3.56075
3.56455
3.56832
3.57207
3.57579
3.57948
3.58314
3.58677
3.59036
3.59391
3.59743
3.60089
3.60431
3.60768
3.61099
3.61425
3.61745
3.62058
3.62365
3.62665
3.62958
3.63244
3.63523
3.63794
3.64057
3.64312
3.64559
3.64797
3.65027
3.65249
3.65462
3.65666
3.65861
3.66047
3.66224
3.66392
3.6655
3.667
3.66839
3.6697
3.67091
3.67203
3.67305
3.67399
3.67483
3.67558
3.67625
3.67684
3.67735
3.67778
3.67816
3.67836
0.851011
0.791143
0.741126
0.708367
0.70346
0.741579
0.838108
0.996907
1.20263
1.4285
1.65059
1.85477
2.03555
2.19259
2.3279
2.44426
2.54449
2.63115
2.70642
2.77214
2.82983
2.88074
2.9259
2.96617
3.00225
3.03473
3.0641
3.09076
3.11507
3.13731
3.15775
3.17659
3.19401
3.21018
3.22523
3.23928
3.25244
3.26479
3.27642
3.2874
3.29778
3.30763
3.317
3.32592
3.33444
3.34259
3.3504
3.3579
3.36512
3.37208
3.37879
3.38529
3.39159
3.3977
3.40364
3.40943
3.41507
3.42059
3.42599
3.43129
3.43649
3.4416
3.44663
3.45159
3.45649
3.46133
3.46611
3.47084
3.47553
3.48017
3.48476
3.48931
3.49381
3.49827
3.50267
3.50703
3.51134
3.51559
3.5198
3.52395
3.52804
3.53207
3.53605
3.53996
3.5438
3.54758
3.55129
3.55492
3.55848
3.56197
3.56537
3.56869
3.57193
3.57509
3.57815
3.58113
3.58402
3.58682
3.58952
3.59213
3.59464
3.59705
3.59936
3.60157
3.60368
3.60569
3.60759
3.60938
3.61107
3.61264
3.61411
3.61547
3.61673
3.61787
3.61891
3.61984
3.62067
3.6214
3.62202
3.62255
3.62302
3.62331
0.854799
0.797919
0.746862
0.705362
0.677885
0.670753
0.692779
0.753704
0.85933
1.00619
1.18133
1.368
1.55204
1.72458
1.88152
2.02185
2.14624
2.2561
2.35311
2.43889
2.51496
2.58264
2.64307
2.69726
2.74602
2.79009
2.83005
2.86643
2.89966
2.93013
2.95815
2.98401
3.00794
3.03015
3.05083
3.07013
3.08819
3.10513
3.12106
3.13608
3.15027
3.16371
3.17645
3.18857
3.20011
3.21112
3.22165
3.23173
3.2414
3.25069
3.25963
3.26825
3.27656
3.28461
3.2924
3.29995
3.30728
3.31442
3.32137
3.32815
3.33478
3.34126
3.34761
3.35384
3.35995
3.36595
3.37186
3.37768
3.38341
3.38906
3.39463
3.40012
3.40554
3.41088
3.41614
3.42133
3.42644
3.43148
3.43645
3.44134
3.44615
3.45089
3.45555
3.46013
3.46463
3.46905
3.47339
3.47764
3.4818
3.48587
3.48985
3.49374
3.49754
3.50124
3.50484
3.50834
3.51174
3.51504
3.51823
3.52131
3.52429
3.52716
3.52991
3.53255
3.53507
3.53748
3.53976
3.54193
3.54397
3.54588
3.54768
3.54934
3.55088
3.55229
3.55358
3.55474
3.55577
3.55669
3.55748
3.55815
3.55874
3.55914
0.857613
0.803838
0.754023
0.710069
0.674015
0.648368
0.636594
0.64348
0.674826
0.73588
0.828724
0.950233
1.09243
1.24518
1.3992
1.54782
1.68713
1.81538
1.93217
2.03791
2.13338
2.21952
2.29731
2.36767
2.43146
2.48942
2.54224
2.59051
2.63474
2.67539
2.71285
2.74747
2.77954
2.80934
2.83709
2.863
2.88724
2.90997
2.93134
2.95146
2.97046
2.98842
3.00544
3.0216
3.03696
3.05159
3.06555
3.07889
3.09165
3.10389
3.11564
3.12693
3.1378
3.14828
3.1584
3.16818
3.17764
3.18682
3.19573
3.20438
3.21281
3.22102
3.22902
3.23684
3.24448
3.25196
3.25929
3.26647
3.27352
3.28044
3.28723
3.29391
3.30047
3.30693
3.31327
3.31951
3.32563
3.33166
3.33758
3.34339
3.34911
3.35472
3.36024
3.36565
3.37097
3.37618
3.38129
3.3863
3.3912
3.396
3.40069
3.40528
3.40975
3.41412
3.41837
3.42251
3.42654
3.43044
3.43423
3.4379
3.44144
3.44486
3.44815
3.45131
3.45434
3.45724
3.46
3.46262
3.4651
3.46743
3.46962
3.47167
3.47357
3.47531
3.47691
3.47837
3.47967
3.48082
3.48183
3.4827
3.48346
3.48402
0.859482
0.808378
0.760626
0.716973
0.678334
0.645749
0.620512
0.604371
0.599722
0.609658
0.637654
0.686738
0.758295
0.851094
0.961178
1.08279
1.20982
1.33698
1.46042
1.57773
1.68765
1.78972
1.88396
1.9707
2.05043
2.12369
2.19105
2.25304
2.31019
2.36296
2.41178
2.45704
2.49907
2.5382
2.57469
2.6088
2.64074
2.6707
2.69887
2.72541
2.75044
2.7741
2.7965
2.81775
2.83793
2.85713
2.87542
2.89288
2.90956
2.92552
2.94082
2.95549
2.96959
2.98315
2.99621
3.00881
3.02097
3.03273
3.04411
3.05514
3.06583
3.07622
3.08633
3.09616
3.10574
3.11508
3.1242
3.13311
3.14182
3.15034
3.15869
3.16686
3.17487
3.18273
3.19043
3.19799
3.20539
3.21265
3.21977
3.22676
3.2336
3.24032
3.2469
3.25336
3.25969
3.26589
3.27197
3.27792
3.28374
3.28944
3.29501
3.30045
3.30577
3.31095
3.31601
3.32093
3.32572
3.33038
3.3349
3.33928
3.34351
3.34761
3.35156
3.35536
3.35901
3.3625
3.36584
3.36902
3.37204
3.37489
3.37757
3.38009
3.38243
3.3846
3.38659
3.38842
3.39006
3.39153
3.39283
3.39395
3.39494
3.39573
0.860565
0.811411
0.765711
0.723439
0.684828
0.650242
0.620147
0.595142
0.57603
0.563904
0.56022
0.566795
0.585676
0.618805
0.66751
0.731993
0.811019
0.902008
1.00149
1.10577
1.21146
1.31586
1.41705
1.51381
1.60547
1.69173
1.77257
1.84814
1.91867
1.98447
2.04585
2.10313
2.15664
2.20668
2.25352
2.29744
2.33866
2.37742
2.41391
2.44831
2.4808
2.51152
2.54061
2.5682
2.59441
2.61933
2.64306
2.66568
2.68729
2.70794
2.7277
2.74664
2.76481
2.78227
2.79905
2.8152
2.83077
2.84579
2.8603
2.87433
2.8879
2.90106
2.91382
2.9262
2.93823
2.94994
2.96133
2.97243
2.98325
2.99381
3.00412
3.01419
3.02403
3.03366
3.04308
3.05229
3.06132
3.07015
3.07879
3.08724
3.09552
3.10362
3.11156
3.11932
3.12693
3.13437
3.14165
3.14878
3.15575
3.16257
3.16924
3.17575
3.1821
3.1883
3.19435
3.20024
3.20598
3.21156
3.21697
3.22223
3.22732
3.23225
3.237
3.24159
3.246
3.25023
3.25428
3.25815
3.26183
3.26532
3.26861
3.27171
3.27461
3.2773
3.27979
3.28208
3.28416
3.28604
3.28771
3.28917
3.29047
3.29156
0.861099
0.813133
0.76901
0.728261
0.690673
0.656203
0.624916
0.596953
0.57254
0.551996
0.535764
0.524447
0.518835
0.519919
0.528854
0.546863
0.575059
0.614217
0.66454
0.725513
0.795886
0.87382
0.957144
1.04364
1.13129
1.21842
1.30375
1.3864
1.4658
1.54163
1.61374
1.68211
1.74682
1.80798
1.86575
1.92031
1.97184
2.02055
2.0666
2.11018
2.15145
2.19057
2.22769
2.26294
2.29646
2.32837
2.35877
2.38777
2.41546
2.44193
2.46725
2.49151
2.51477
2.53709
2.55853
2.57916
2.59901
2.61814
2.63658
2.65439
2.6716
2.68825
2.70436
2.71997
2.73511
2.74981
2.76408
2.77795
2.79145
2.80459
2.81739
2.82987
2.84204
2.85391
2.8655
2.87682
2.88788
2.8987
2.90926
2.91959
2.92968
2.93954
2.94918
2.95861
2.96782
2.97683
2.98564
2.99425
3.00266
3.01089
3.01892
3.02676
3.03442
3.04189
3.04917
3.05627
3.06318
3.0699
3.07643
3.08277
3.08892
3.09487
3.10063
3.10618
3.11153
3.11667
3.1216
3.12632
3.13082
3.13509
3.13914
3.14296
3.14655
3.1499
3.15301
3.15589
3.15852
3.16091
3.16306
3.16497
3.16668
3.16816
0.861317
0.813942
0.770775
0.731184
0.694718
0.661081
0.630095
0.601662
0.575754
0.552397
0.531673
0.513721
0.498751
0.487049
0.478999
0.475087
0.475905
0.482135
0.494503
0.513717
0.540366
0.574817
0.61712
0.666952
0.72361
0.786067
0.853079
0.923306
0.995439
1.06829
1.14087
1.21238
1.28223
1.35001
1.41546
1.47841
1.53881
1.59663
1.6519
1.70469
1.75507
1.80315
1.84902
1.8928
1.93459
1.9745
2.01264
2.04911
2.08399
2.11739
2.14938
2.18006
2.20949
2.23774
2.2649
2.29101
2.31614
2.34035
2.36369
2.3862
2.40794
2.42894
2.44925
2.46891
2.48795
2.5064
2.5243
2.54167
2.55854
2.57494
2.59088
2.6064
2.62151
2.63623
2.65057
2.66456
2.6782
2.69151
2.70451
2.71719
2.72958
2.74168
2.75348
2.76501
2.77627
2.78726
2.79799
2.80848
2.81871
2.82871
2.83847
2.84799
2.85728
2.86634
2.87517
2.88377
2.89215
2.9003
2.90822
2.91591
2.92337
2.9306
2.9376
2.94435
2.95087
2.95713
2.96315
2.96892
2.97443
2.97968
2.98467
2.98939
2.99383
2.998
3.0019
3.00551
3.00884
3.01189
3.01465
3.01713
3.01938
3.02137
0.861389
0.814244
0.77153
0.732597
0.696917
0.664079
0.633769
0.605753
0.579862
0.555979
0.53403
0.513979
0.495828
0.479611
0.4654
0.453309
0.443493
0.436161
0.431574
0.430052
0.431968
0.437737
0.4478
0.462586
0.482476
0.507758
0.538577
0.574904
0.616511
0.662979
0.713717
0.768008
0.825061
0.884069
0.944259
1.00493
1.06548
1.12542
1.18435
1.242
1.29815
1.35266
1.40546
1.45649
1.50575
1.55324
1.59899
1.64303
1.68542
1.72621
1.76546
1.80324
1.8396
1.8746
1.90832
1.94081
1.97214
2.00235
2.0315
2.05964
2.08683
2.11311
2.13852
2.16311
2.18692
2.20999
2.23235
2.25405
2.2751
2.29554
2.31541
2.33472
2.3535
2.37178
2.38957
2.4069
2.42378
2.44024
2.45628
2.47193
2.48719
2.50209
2.51662
2.53081
2.54465
2.55815
2.57132
2.58417
2.59671
2.60894
2.62087
2.63251
2.64386
2.65492
2.66569
2.67619
2.68641
2.69634
2.706
2.71538
2.72448
2.7333
2.74184
2.75009
2.75805
2.76572
2.77309
2.78016
2.78693
2.79339
2.79954
2.80537
2.81088
2.81607
2.82094
2.82547
2.82968
2.83355
2.83709
2.84031
2.84324
2.84589
0.861406
0.814329
0.771776
0.733121
0.697834
0.665476
0.635686
0.608168
0.582682
0.559037
0.53708
0.516692
0.497782
0.480288
0.464168
0.449403
0.435996
0.423969
0.413369
0.404262
0.396745
0.390937
0.38699
0.385084
0.385432
0.38827
0.393857
0.402461
0.414344
0.429748
0.448872
0.471851
0.49874
0.5295
0.563987
0.601961
0.643088
0.68696
0.733121
0.781087
0.830373
0.880513
0.93108
0.981697
1.03204
1.08185
1.1309
1.17905
1.22616
1.27216
1.31699
1.36062
1.40302
1.4442
1.48416
1.52292
1.5605
1.59692
1.63222
1.66642
1.69956
1.73168
1.76282
1.79301
1.82229
1.8507
1.87827
1.90504
1.93104
1.9563
1.98085
2.00472
2.02793
2.05052
2.07251
2.09392
2.11477
2.13508
2.15488
2.17417
2.19299
2.21134
2.22925
2.24671
2.26375
2.28038
2.2966
2.31241
2.32783
2.34287
2.35752
2.37181
2.38573
2.39929
2.4125
2.42536
2.43788
2.45004
2.46187
2.47335
2.48449
2.49529
2.50574
2.51585
2.5256
2.535
2.54405
2.55274
2.56106
2.56901
2.5766
2.58381
2.59064
2.59709
2.60316
2.60884
2.61414
2.61905
2.62358
2.62772
2.63153
2.63502
0.861407
0.814342
0.77183
0.73326
0.698113
0.665954
0.636417
0.609191
0.584014
0.560665
0.538959
0.518737
0.499869
0.482247
0.46578
0.450397
0.43604
0.422666
0.410246
0.398762
0.388209
0.378592
0.36993
0.362255
0.355609
0.350053
0.345657
0.342512
0.340722
0.340409
0.341708
0.344772
0.349758
0.356833
0.366159
0.377891
0.392165
0.409092
0.428747
0.45116
0.476313
0.504137
0.534507
0.567251
0.602152
0.638956
0.677388
0.717154
0.757962
0.799522
0.841565
0.88384
0.926126
0.968229
1.00999
1.05127
1.09196
1.13199
1.17128
1.2098
1.24751
1.2844
1.32045
1.35565
1.39002
1.42356
1.45627
1.48816
1.51926
1.54958
1.57913
1.60794
1.63602
1.66339
1.69008
1.7161
1.74147
1.76622
1.79036
1.81391
1.83689
1.85932
1.88121
1.90257
1.92342
1.94377
1.96363
1.98302
2.00193
2.02039
2.03837
2.05589
2.07296
2.08958
2.10577
2.12153
2.13686
2.15177
2.16625
2.18031
2.19395
2.20717
2.21997
2.23234
2.24429
2.25581
2.2669
2.27756
2.28778
2.29756
2.3069
2.31579
2.32424
2.33224
2.33979
2.34689
2.35354
2.35974
2.3655
2.37081
2.37573
2.3803
0.861405
0.814337
0.771831
0.733277
0.698164
0.666062
0.636607
0.60949
0.584448
0.561253
0.53971
0.519653
0.500935
0.483431
0.467033
0.451647
0.437194
0.423603
0.410816
0.398785
0.387468
0.376832
0.366852
0.357508
0.348789
0.340687
0.333204
0.326348
0.32013
0.314572
0.309702
0.305553
0.30217
0.299604
0.297914
0.29717
0.297449
0.298836
0.301424
0.305311
0.3106
0.317392
0.325788
0.335883
0.347762
0.361495
0.377137
0.394719
0.41425
0.435711
0.459055
0.484211
0.511078
0.539534
0.569434
0.600619
0.632919
0.666157
0.700153
0.734734
0.76973
0.804983
0.84035
0.875701
0.91092
0.94591
0.980588
1.01488
1.04875
1.08213
1.11499
1.14732
1.17909
1.2103
1.24092
1.27097
1.30043
1.32932
1.35762
1.38534
1.41249
1.43907
1.46508
1.49054
1.51544
1.53979
1.5636
1.58688
1.60962
1.63184
1.65354
1.67473
1.6954
1.71555
1.73517
1.75428
1.77287
1.79096
1.80854
1.82561
1.84218
1.85824
1.87379
1.88884
1.90337
1.9174
1.9309
1.9439
1.95637
1.96833
1.97976
1.99068
2.00107
2.01094
2.0203
2.02913
2.03746
2.04527
2.05258
2.05939
2.06575
2.07172
0.861402
0.814329
0.77182
0.733266
0.698157
0.666065
0.636627
0.609537
0.584532
0.561385
0.539902
0.519913
0.50127
0.483846
0.467525
0.45221
0.437813
0.424257
0.411474
0.399403
0.387993
0.377196
0.366972
0.357284
0.348103
0.339402
0.331157
0.323351
0.315968
0.308997
0.302429
0.296259
0.290486
0.285112
0.28014
0.275581
0.271445
0.267749
0.264512
0.261758
0.259514
0.257813
0.256693
0.256195
0.256365
0.257255
0.25892
0.261418
0.264812
0.269165
0.274542
0.281005
0.288617
0.297435
0.307512
0.318891
0.33161
0.345691
0.361149
0.377983
0.396177
0.415704
0.436519
0.458567
0.481777
0.506068
0.531349
0.557523
0.584485
0.612127
0.640342
0.66902
0.698058
0.727353
0.756812
0.786345
0.815871
0.845317
0.874619
0.903717
0.932563
0.961114
0.989333
1.01719
1.04466
1.07172
1.09836
1.12455
1.1503
1.17557
1.20038
1.22471
1.24855
1.2719
1.29475
1.31708
1.33887
1.36011
1.38081
1.40096
1.42055
1.43958
1.45805
1.47595
1.49327
1.51002
1.5262
1.5418
1.55682
1.57126
1.58513
1.59843
1.61115
1.6233
1.6349
1.64593
1.65641
1.66635
1.67575
1.68462
1.69301
1.70097
0.8614
0.814321
0.77181
0.733253
0.698143
0.66605
0.636614
0.609527
0.584528
0.561391
0.53992
0.519948
0.501326
0.483926
0.467634
0.45235
0.437986
0.424462
0.411709
0.399665
0.388273
0.377484
0.367254
0.35754
0.348309
0.339526
0.331164
0.323195
0.315596
0.308347
0.301429
0.294824
0.288519
0.282502
0.27676
0.271286
0.266072
0.261112
0.256403
0.251941
0.247725
0.243758
0.24004
0.236576
0.233372
0.230436
0.227778
0.225408
0.223341
0.221593
0.220182
0.219128
0.218455
0.218189
0.218358
0.218993
0.220126
0.221792
0.22403
0.226878
0.230375
0.234562
0.239478
0.245164
0.251657
0.258994
0.267207
0.276325
0.286374
0.297371
0.309331
0.322259
0.336154
0.35101
0.366809
0.383528
0.401135
0.419592
0.438854
0.458868
0.479577
0.50092
0.522831
0.54524
0.568079
0.591275
0.614757
0.638456
0.662302
0.68623
0.710177
0.734084
0.757895
0.781559
0.80503
0.828266
0.851235
0.873898
0.896213
0.918147
0.939676
0.960778
0.981437
1.00164
1.02137
1.04062
1.05938
1.07765
1.09541
1.11267
1.12943
1.14568
1.16141
1.17664
1.19136
1.20557
1.21927
1.23247
1.24516
1.25736
1.26909
1.28035
0.861399
0.814317
0.771804
0.733245
0.698133
0.666039
0.636602
0.609515
0.584516
0.561379
0.53991
0.51994
0.501322
0.483926
0.46764
0.452363
0.438006
0.424492
0.411749
0.399716
0.388335
0.377557
0.367336
0.357631
0.348405
0.339624
0.331258
0.323279
0.315662
0.308383
0.301421
0.294758
0.288376
0.282259
0.276392
0.270762
0.265357
0.260167
0.25518
0.250389
0.245786
0.241362
0.237113
0.233033
0.229117
0.225362
0.221764
0.218323
0.215035
0.211901
0.208922
0.206097
0.20343
0.200923
0.198581
0.196407
0.194407
0.192589
0.19096
0.18953
0.188308
0.187306
0.186537
0.186015
0.185756
0.185776
0.186094
0.18673
0.187706
0.189043
0.190766
0.192899
0.19547
0.198504
0.202029
0.206072
0.210661
0.215824
0.221586
0.227974
0.23501
0.242717
0.251113
0.260216
0.270038
0.280588
0.291872
0.303891
0.316639
0.33011
0.344288
0.359155
0.374688
0.390859
0.407634
0.424977
0.442848
0.461204
0.480002
0.499194
0.518728
0.538548
0.558599
0.578827
0.599175
0.61959
0.640019
0.660411
0.680718
0.700891
0.720888
0.740667
0.76019
0.77942
0.798325
0.816876
0.835046
0.852812
0.870151
0.887047
0.903487
0.919428
0.861399
0.814317
0.771804
0.733245
0.698133
0.666039
0.636602
0.609515
0.584516
0.561379
0.53991
0.51994
0.501322
0.483926
0.46764
0.452363
0.438006
0.424492
0.411749
0.399716
0.388335
0.377557
0.367336
0.357631
0.348405
0.339624
0.331258
0.323279
0.315662
0.308383
0.301421
0.294758
0.288376
0.282259
0.276392
0.270762
0.265358
0.260167
0.255181
0.25039
0.245786
0.241363
0.237114
0.233034
0.229119
0.225364
0.221766
0.218325
0.215038
0.211904
0.208925
0.206101
0.203435
0.200929
0.198586
0.196413
0.194414
0.192597
0.19097
0.18954
0.188319
0.187319
0.186551
0.186031
0.185773
0.185794
0.186114
0.186752
0.18773
0.189069
0.190794
0.19293
0.195503
0.198539
0.202067
0.206113
0.210706
0.215872
0.221638
0.22803
0.23507
0.242782
0.251184
0.260293
0.270121
0.280679
0.291971
0.303999
0.316757
0.330238
0.344427
0.359306
0.374852
0.391035
0.407823
0.425179
0.443063
0.461431
0.480241
0.499444
0.518987
0.538814
0.55887
0.579098
0.599445
0.619855
0.640276
0.660656
0.680946
0.701099
0.721072
0.740823
0.760313
0.779507
0.798372
0.816879
0.835002
0.852716
0.870001
0.88684
0.90322
0.919099
0.8614
0.814321
0.77181
0.733253
0.698143
0.66605
0.636614
0.609527
0.584528
0.561391
0.53992
0.519948
0.501326
0.483926
0.467634
0.45235
0.437985
0.424462
0.411709
0.399665
0.388273
0.377484
0.367253
0.35754
0.348309
0.339526
0.331164
0.323195
0.315596
0.308347
0.301429
0.294825
0.288521
0.282504
0.276763
0.27129
0.266077
0.261118
0.25641
0.251949
0.247736
0.24377
0.240055
0.236594
0.233393
0.230461
0.227806
0.225441
0.223379
0.221637
0.220232
0.219186
0.218522
0.218265
0.218443
0.219089
0.220234
0.221914
0.224166
0.22703
0.230544
0.234749
0.239684
0.245391
0.251906
0.259266
0.267503
0.276647
0.286721
0.297745
0.309733
0.322689
0.336614
0.351499
0.367328
0.384077
0.401715
0.420204
0.439498
0.459545
0.480287
0.501664
0.523609
0.546053
0.568927
0.592159
0.615677
0.639412
0.663294
0.687258
0.711239
0.735179
0.759022
0.782716
0.806215
0.829477
0.852469
0.87515
0.897476
0.919417
0.940947
0.962045
0.982694
1.00288
1.02258
1.0418
1.06053
1.07875
1.09646
1.11366
1.13035
1.14652
1.16217
1.1773
1.19192
1.20602
1.21961
1.23268
1.24525
1.25731
1.26889
1.28001
0.861402
0.814329
0.77182
0.733266
0.698157
0.666065
0.636627
0.609537
0.584532
0.561385
0.539902
0.519912
0.50127
0.483845
0.467524
0.452209
0.437812
0.424256
0.411472
0.399402
0.387991
0.377195
0.366971
0.357284
0.348103
0.339402
0.331159
0.323354
0.315973
0.309004
0.302438
0.296272
0.290503
0.285133
0.280167
0.275614
0.271485
0.267797
0.264569
0.261826
0.259595
0.257908
0.256804
0.256324
0.256515
0.257428
0.259118
0.261646
0.265071
0.269459
0.274873
0.281377
0.289033
0.297898
0.308024
0.319455
0.332228
0.346365
0.36188
0.378772
0.397024
0.416609
0.437482
0.459585
0.48285
0.507193
0.532524
0.558746
0.585752
0.613437
0.64169
0.670406
0.699478
0.728806
0.758295
0.787857
0.81741
0.846883
0.87621
0.905333
0.934204
0.962779
0.991023
1.0189
1.0464
1.07348
1.10014
1.12636
1.15212
1.17742
1.20224
1.22659
1.25044
1.2738
1.29666
1.31899
1.34078
1.36202
1.38271
1.40284
1.4224
1.44141
1.45983
1.47769
1.49496
1.51165
1.52776
1.54328
1.55822
1.57257
1.58633
1.59952
1.61212
1.62414
1.6356
1.64649
1.65681
1.66658
1.67581
1.6845
1.69271
1.70047
0.861405
0.814337
0.771831
0.733277
0.698164
0.666062
0.636607
0.60949
0.584447
0.561251
0.539709
0.519651
0.500932
0.483428
0.467029
0.451643
0.437189
0.423599
0.410813
0.398782
0.387467
0.376833
0.366856
0.357515
0.3488
0.340704
0.333229
0.326381
0.320173
0.314628
0.309772
0.305641
0.302278
0.299735
0.298072
0.297359
0.297673
0.299101
0.301735
0.305674
0.31102
0.317876
0.326342
0.336513
0.348473
0.362292
0.378024
0.3957
0.415326
0.436884
0.460326
0.485577
0.512537
0.541082
0.571067
0.602331
0.634704
0.668007
0.702063
0.736695
0.771736
0.807027
0.842426
0.877803
0.913043
0.948049
0.982739
1.01705
1.05091
1.0843
1.11717
1.1495
1.18127
1.21248
1.24311
1.27316
1.30263
1.33151
1.35982
1.38755
1.41471
1.4413
1.46733
1.49279
1.5177
1.54207
1.56589
1.58917
1.61192
1.63415
1.65586
1.67705
1.69772
1.71786
1.73747
1.75656
1.77513
1.79319
1.81074
1.82778
1.8443
1.86031
1.8758
1.89078
1.90523
1.91917
1.93258
1.94547
1.95783
1.96966
1.98096
1.99173
2.00197
2.01168
2.02086
2.02952
2.03765
2.04526
2.05236
2.05896
2.06509
2.07083
0.861407
0.814342
0.77183
0.73326
0.698112
0.665953
0.636415
0.609187
0.584009
0.560659
0.538951
0.518729
0.49986
0.482238
0.465771
0.450389
0.436034
0.422664
0.410249
0.398772
0.388227
0.378622
0.369975
0.362317
0.355694
0.350164
0.3458
0.342693
0.340947
0.340687
0.342048
0.345182
0.350249
0.357414
0.366842
0.378686
0.393083
0.410141
0.429933
0.452489
0.477789
0.505759
0.536273
0.569156
0.604189
0.641117
0.679661
0.719528
0.760424
0.80206
0.844165
0.886492
0.928818
0.970952
1.01273
1.05402
1.09473
1.13475
1.17404
1.21255
1.25025
1.28712
1.32315
1.35834
1.39269
1.4262
1.45889
1.49077
1.52185
1.55215
1.58169
1.61048
1.63855
1.66591
1.69258
1.7186
1.74397
1.76871
1.79286
1.81641
1.83939
1.86182
1.88372
1.90509
1.92594
1.9463
1.96617
1.98556
2.00447
2.02292
2.0409
2.05841
2.07547
2.09208
2.10825
2.12397
2.13927
2.15413
2.16857
2.18257
2.19615
2.20929
2.22201
2.23429
2.24613
2.25754
2.26851
2.27904
2.28911
2.29874
2.30791
2.31663
2.32489
2.3327
2.34004
2.34692
2.35334
2.35931
2.36482
2.36989
2.37455
2.37885
0.861405
0.814329
0.771776
0.733119
0.69783
0.66547
0.635677
0.608156
0.582668
0.559021
0.537062
0.516674
0.497766
0.480275
0.464162
0.449406
0.436013
0.424004
0.413427
0.40435
0.39687
0.391108
0.387218
0.385381
0.385811
0.388747
0.394449
0.403184
0.415218
0.430789
0.450095
0.473269
0.500363
0.531331
0.566028
0.604204
0.645523
0.689574
0.735895
0.784001
0.833406
0.883644
0.934289
0.984965
1.03535
1.08518
1.13426
1.18241
1.22952
1.2755
1.32032
1.36392
1.4063
1.44744
1.48737
1.5261
1.56364
1.60002
1.63527
1.66944
1.70254
1.73462
1.76572
1.79587
1.82512
1.85349
1.88103
1.90777
1.93374
1.95898
1.98351
2.00736
2.03056
2.05314
2.07512
2.09652
2.11736
2.13767
2.15747
2.17677
2.19559
2.21395
2.23186
2.24933
2.26637
2.283
2.29923
2.31504
2.33046
2.34548
2.36013
2.3744
2.3883
2.40183
2.41501
2.42783
2.44029
2.45241
2.46417
2.47558
2.48663
2.49734
2.50768
2.51767
2.5273
2.53657
2.54546
2.55399
2.56214
2.56991
2.5773
2.58431
2.59092
2.59714
2.60297
2.60841
2.61345
2.61809
2.62234
2.6262
2.62972
2.63291
0.861388
0.814243
0.771526
0.73259
0.696905
0.664061
0.633746
0.605726
0.579833
0.55595
0.534004
0.513962
0.495824
0.479627
0.465445
0.453393
0.443628
0.436361
0.431857
0.430439
0.432481
0.438404
0.448649
0.463646
0.483775
0.509319
0.540418
0.577032
0.618928
0.665674
0.716671
0.771195
0.82845
0.887625
0.947949
1.00872
1.06934
1.12933
1.18829
1.24594
1.30208
1.35657
1.40934
1.46034
1.50955
1.55699
1.60269
1.64668
1.68902
1.72975
1.76895
1.80667
1.84297
1.87792
1.91158
1.94402
1.97529
2.00545
2.03455
2.06264
2.08978
2.11602
2.14139
2.16594
2.18971
2.21274
2.23507
2.25673
2.27776
2.29818
2.31803
2.33732
2.35609
2.37436
2.39215
2.40947
2.42636
2.44281
2.45886
2.47452
2.48979
2.50469
2.51924
2.53343
2.54728
2.56078
2.57395
2.5868
2.59933
2.61155
2.62346
2.63508
2.6464
2.65742
2.66815
2.6786
2.68875
2.69862
2.70819
2.71748
2.72648
2.73519
2.74359
2.75171
2.75952
2.76702
2.77422
2.78111
2.78768
2.79392
2.79985
2.80545
2.81071
2.81564
2.82024
2.8245
2.82841
2.83199
2.83523
2.83813
2.84075
2.84307
0.861316
0.813937
0.770764
0.731165
0.694689
0.661045
0.630052
0.601618
0.575716
0.552372
0.531671
0.513756
0.498837
0.487207
0.479253
0.475467
0.476447
0.482881
0.495498
0.515007
0.541992
0.576812
0.619504
0.669726
0.726757
0.789555
0.856863
0.927333
0.999656
1.07265
1.14531
1.21687
1.28674
1.35451
1.41993
1.48285
1.54319
1.60094
1.65615
1.70886
1.75917
1.80717
1.85297
1.89667
1.93838
1.97822
2.01629
2.05268
2.08749
2.12082
2.15275
2.18336
2.21273
2.24092
2.26802
2.29407
2.31915
2.3433
2.36659
2.38905
2.41074
2.4317
2.45197
2.47159
2.49059
2.50901
2.52688
2.54422
2.56107
2.57745
2.59339
2.6089
2.624
2.63871
2.65306
2.66705
2.6807
2.69402
2.70702
2.71972
2.73212
2.74423
2.75605
2.76758
2.77884
2.78984
2.80057
2.81105
2.82128
2.83126
2.84099
2.85049
2.85974
2.86875
2.87753
2.88607
2.89437
2.90243
2.91025
2.91783
2.92517
2.93227
2.93911
2.94571
2.95205
2.95813
2.96395
2.9695
2.97479
2.9798
2.98454
2.98899
2.99316
2.99705
3.00065
3.00395
3.00697
3.00969
3.01213
3.01428
3.01618
3.01783
0.861096
0.813121
0.768984
0.72822
0.69062
0.656144
0.62486
0.596913
0.572531
0.55204
0.535888
0.524686
0.519235
0.520534
0.529752
0.548115
0.576736
0.616374
0.667213
0.728704
0.799564
0.877928
0.961604
1.04837
1.1362
1.22344
1.30883
1.39148
1.47085
1.54662
1.61866
1.68694
1.75155
1.8126
1.87027
1.92472
1.97616
2.02476
2.07071
2.11419
2.15536
2.19439
2.23142
2.26659
2.30003
2.33186
2.36219
2.39111
2.41873
2.44513
2.47039
2.49458
2.51778
2.54004
2.56143
2.58199
2.60179
2.62087
2.63927
2.65704
2.6742
2.69081
2.70688
2.72246
2.73757
2.75224
2.76649
2.78034
2.79383
2.80696
2.81975
2.83222
2.84439
2.85627
2.86787
2.87921
2.89028
2.9011
2.91169
2.92203
2.93214
2.94201
2.95167
2.9611
2.97032
2.97933
2.98814
2.99674
3.00514
3.01335
3.02135
3.02916
3.03677
3.04418
3.05139
3.05841
3.06523
3.07185
3.07826
3.08448
3.09048
3.09628
3.10187
3.10724
3.11239
3.11732
3.12203
3.12651
3.13075
3.13477
3.13854
3.14207
3.14536
3.1484
3.1512
3.15374
3.15604
3.15808
3.15988
3.16144
3.16279
3.16391
0.860556
0.811383
0.765662
0.723372
0.684754
0.650177
0.620113
0.59517
0.576161
0.564196
0.560746
0.56765
0.586971
0.620647
0.669989
0.735153
0.814847
0.906433
1.0064
1.11104
1.21695
1.32148
1.42271
1.51944
1.61102
1.69718
1.7779
1.85333
1.92372
1.98937
2.05061
2.10776
2.16113
2.21104
2.25776
2.30155
2.34266
2.38131
2.41769
2.452
2.48439
2.51502
2.54403
2.57154
2.59766
2.62251
2.64617
2.66873
2.69027
2.71086
2.73056
2.74944
2.76756
2.78496
2.80169
2.81779
2.83331
2.84829
2.86275
2.87674
2.89028
2.9034
2.91612
2.92848
2.94049
2.95218
2.96355
2.97464
2.98545
2.99601
3.00632
3.0164
3.02625
3.03589
3.04532
3.05456
3.0636
3.07245
3.08111
3.08958
3.09788
3.106
3.11395
3.12173
3.12934
3.13678
3.14406
3.15118
3.15813
3.16492
3.17155
3.17801
3.18431
3.19045
3.19641
3.20221
3.20784
3.2133
3.21859
3.22369
3.22863
3.23338
3.23794
3.24233
3.24652
3.25052
3.25432
3.25793
3.26133
3.26454
3.26753
3.27032
3.27289
3.27526
3.27741
3.27935
3.28107
3.28258
3.28389
3.28498
3.28591
3.28662
0.859464
0.80833
0.760551
0.716886
0.678261
0.645727
0.620595
0.604638
0.600284
0.610661
0.639266
0.689119
0.761547
0.855222
0.966084
1.0883
1.21574
1.34312
1.46664
1.58393
1.69375
1.79567
1.88974
1.97629
2.05583
2.1289
2.19607
2.25789
2.31487
2.36747
2.41614
2.46125
2.50315
2.54215
2.57852
2.61251
2.64434
2.67421
2.70228
2.72872
2.75367
2.77725
2.79958
2.82075
2.84086
2.86
2.87823
2.89562
2.91225
2.92815
2.94339
2.95802
2.97207
2.98558
2.99859
3.01115
3.02327
3.03498
3.04633
3.05732
3.06798
3.07834
3.08842
3.09823
3.1078
3.11713
3.12624
3.13514
3.14385
3.15238
3.16074
3.16892
3.17695
3.18482
3.19255
3.20013
3.20756
3.21484
3.22199
3.229
3.23587
3.2426
3.2492
3.25567
3.262
3.26821
3.27427
3.28021
3.28601
3.29167
3.2972
3.30259
3.30783
3.31294
3.3179
3.32272
3.32739
3.33191
3.33628
3.34049
3.34455
3.34845
3.35219
3.35577
3.35918
3.36242
3.36549
3.36839
3.37111
3.37366
3.37602
3.37821
3.38021
3.38203
3.38367
3.38512
3.38639
3.38749
3.3884
3.38914
3.38975
3.39015
0.857582
0.803766
0.753927
0.709985
0.674001
0.648514
0.637038
0.644422
0.676518
0.738565
0.832541
0.955142
1.09823
1.25157
1.4059
1.55461
1.69386
1.82195
1.93853
2.04402
2.13923
2.22513
2.30268
2.37281
2.43637
2.49413
2.54676
2.59485
2.63891
2.67941
2.71673
2.75121
2.78317
2.81285
2.84049
2.86629
2.89044
2.91308
2.93437
2.95441
2.97333
2.99123
3.00818
3.02427
3.03957
3.05414
3.06805
3.08133
3.09405
3.10624
3.11794
3.12919
3.14001
3.15045
3.16053
3.17027
3.1797
3.18884
3.19772
3.20635
3.21474
3.22293
3.23092
3.23872
3.24635
3.25382
3.26115
3.26833
3.27539
3.28232
3.28913
3.29583
3.30241
3.30889
3.31527
3.32153
3.32769
3.33374
3.33969
3.34553
3.35127
3.35691
3.36244
3.36787
3.37319
3.3784
3.38349
3.38848
3.39335
3.39811
3.40275
3.40727
3.41167
3.41594
3.42009
3.42411
3.428
3.43176
3.43538
3.43886
3.44221
3.44542
3.44848
3.4514
3.45417
3.4568
3.45927
3.46159
3.46376
3.46577
3.46762
3.46932
3.47086
3.47224
3.47347
3.47454
3.47546
3.47623
3.47685
3.47733
3.47769
3.47787
0.854751
0.797826
0.746765
0.70534
0.678073
0.671377
0.694174
0.756253
0.863298
1.01155
1.18777
1.37509
1.55938
1.7319
1.88865
2.0287
2.15276
2.26229
2.35898
2.44445
2.52023
2.58765
2.64784
2.7018
2.75036
2.79423
2.83402
2.87024
2.90333
2.93366
2.96156
2.9873
3.01112
3.03323
3.05382
3.07303
3.09101
3.10787
3.12374
3.13869
3.15281
3.16619
3.17888
3.19094
3.20243
3.21339
3.22387
3.2339
3.24353
3.25278
3.26168
3.27026
3.27854
3.28654
3.2943
3.30182
3.30912
3.31623
3.32315
3.32991
3.33651
3.34298
3.34931
3.35553
3.36164
3.36765
3.37356
3.37938
3.38513
3.39079
3.39639
3.4019
3.40735
3.41273
3.41802
3.42325
3.4284
3.43347
3.43847
3.44339
3.44823
3.45299
3.45767
3.46226
3.46676
3.47117
3.47549
3.47971
3.48384
3.48786
3.49178
3.4956
3.4993
3.5029
3.50638
3.50975
3.513
3.51613
3.51914
3.52203
3.5248
3.52743
3.52994
3.53232
3.53457
3.53669
3.53867
3.54052
3.54223
3.54381
3.54525
3.54656
3.54773
3.54876
3.54967
3.55044
3.55108
3.5516
3.552
3.55228
3.55247
3.55249
0.850946
0.791039
0.741074
0.708546
0.704202
0.7434
0.841547
1.00216
1.20938
1.43613
1.65851
1.86259
2.04306
2.1997
2.33458
2.45052
2.55036
2.63665
2.71159
2.77701
2.83443
2.8851
2.93005
2.97012
3.00602
3.03833
3.06755
3.09407
3.11826
3.14039
3.16072
3.17945
3.19679
3.21287
3.22784
3.24182
3.25491
3.2672
3.27877
3.28969
3.30002
3.30982
3.31914
3.32801
3.33649
3.34459
3.35236
3.35983
3.36701
3.37393
3.38061
3.38708
3.39334
3.39942
3.40533
3.41109
3.41671
3.4222
3.42758
3.43285
3.43804
3.44314
3.44816
3.45312
3.45802
3.46286
3.46766
3.4724
3.47711
3.48177
3.4864
3.49098
3.49552
3.50001
3.50445
3.50885
3.51319
3.51749
3.52173
3.52591
3.53003
3.53409
3.53808
3.54199
3.54584
3.54961
3.55329
3.5569
3.56041
3.56384
3.56717
3.57041
3.57355
3.57659
3.57953
3.58236
3.58509
3.58771
3.59022
3.59261
3.5949
3.59707
3.59912
3.60106
3.60288
3.60458
3.60617
3.60763
3.60898
3.6102
3.61131
3.6123
3.61318
3.61394
3.61458
3.61512
3.61555
3.61588
3.61611
3.61625
3.61633
3.61623
0.846292
0.784482
0.740966
0.732137
0.78289
0.917939
1.13673
1.40461
1.67813
1.92885
2.1459
2.3288
2.48137
2.6085
2.7148
2.80421
2.87994
2.94455
3.00007
3.04813
3.09
3.12672
3.15913
3.18788
3.21355
3.23656
3.25731
3.2761
3.29319
3.30881
3.32313
3.33632
3.34852
3.35983
3.37036
3.3802
3.38942
3.39809
3.40627
3.414
3.42133
3.4283
3.43495
3.4413
3.44739
3.45323
3.45886
3.46428
3.46952
3.47459
3.47951
3.4843
3.48896
3.4935
3.49795
3.50231
3.50658
3.51079
3.51494
3.51904
3.52309
3.5271
3.53108
3.53504
3.53897
3.54289
3.54679
3.55068
3.55456
3.55842
3.56227
3.56611
3.56992
3.57371
3.57747
3.5812
3.58491
3.58858
3.59221
3.5958
3.59934
3.60283
3.60626
3.60963
3.61294
3.61619
3.61936
3.62246
3.62548
3.62842
3.63127
3.63404
3.63671
3.6393
3.64179
3.64418
3.64648
3.64867
3.65077
3.65276
3.65465
3.65644
3.65812
3.6597
3.66117
3.66254
3.66379
3.66495
3.666
3.66694
3.66778
3.66852
3.66916
3.66971
3.67016
3.67051
3.67078
3.67097
3.67108
3.67112
3.67112
3.67095
0.841078
0.780264
0.755504
0.803802
0.967329
1.24502
1.57667
1.89752
2.175
2.40285
2.5863
2.73353
2.85222
2.94869
3.02784
3.09342
3.14828
3.1946
3.23403
3.26789
3.29717
3.32267
3.34504
3.36477
3.38229
3.39793
3.41197
3.42464
3.43612
3.44659
3.45617
3.46497
3.4731
3.48064
3.48767
3.49423
3.50039
3.50619
3.51168
3.51688
3.52183
3.52656
3.53109
3.53544
3.53962
3.54367
3.54758
3.55138
3.55507
3.55867
3.56219
3.56563
3.56901
3.57233
3.57561
3.57885
3.58205
3.58523
3.5884
3.59155
3.59469
3.59784
3.60099
3.60414
3.60731
3.61048
3.61367
3.61688
3.62009
3.62331
3.62654
3.62977
3.633
3.63623
3.63944
3.64265
3.64584
3.649
3.65214
3.65525
3.65832
3.66135
3.66433
3.66726
3.67014
3.67296
3.67571
3.6784
3.68101
3.68355
3.68601
3.68839
3.69069
3.6929
3.69502
3.69706
3.699
3.70085
3.70261
3.70427
3.70584
3.70732
3.7087
3.70998
3.71117
3.71226
3.71326
3.71417
3.71498
3.7157
3.71633
3.71687
3.71733
3.71771
3.71801
3.71823
3.71838
3.71847
3.7185
3.71847
3.71842
3.7182
0.835835
0.782846
0.804872
0.972689
1.30328
1.70602
2.08215
2.39101
2.63171
2.81657
2.95888
3.0695
3.15657
3.22598
3.28202
3.32778
3.36557
3.39708
3.4236
3.44611
3.46538
3.48198
3.4964
3.509
3.52009
3.5299
3.53864
3.54646
3.55352
3.55991
3.56573
3.57106
3.57598
3.58053
3.58477
3.58873
3.59246
3.59599
3.59933
3.60252
3.60558
3.60852
3.61136
3.6141
3.61678
3.61938
3.62193
3.62443
3.62688
3.6293
3.63169
3.63406
3.63642
3.63876
3.64109
3.64343
3.64578
3.64813
3.6505
3.6529
3.65532
3.65776
3.66024
3.66275
3.6653
3.66788
3.6705
3.67315
3.67583
3.67854
3.68127
3.68401
3.68677
3.68954
3.69232
3.6951
3.69787
3.70062
3.70337
3.70608
3.70878
3.71143
3.71405
3.71662
3.71914
3.72161
3.72403
3.72637
3.72866
3.73087
3.73301
3.73508
3.73707
3.73897
3.7408
3.74254
3.7442
3.74577
3.74726
3.74866
3.74997
3.7512
3.75233
3.75338
3.75435
3.75523
3.75602
3.75673
3.75736
3.7579
3.75837
3.75877
3.75909
3.75934
3.75953
3.75966
3.75973
3.75975
3.75972
3.75965
3.75958
3.75933
0.831589
0.802127
0.9281
1.28649
1.77028
2.21974
2.57241
2.8326
3.02211
3.16115
3.26468
3.34305
3.40333
3.4504
3.48765
3.51748
3.54164
3.56138
3.57767
3.59122
3.60257
3.61214
3.62029
3.62725
3.63325
3.63846
3.643
3.647
3.65054
3.6537
3.65654
3.65912
3.66147
3.66365
3.66567
3.66756
3.66935
3.67106
3.6727
3.67428
3.67582
3.67733
3.67881
3.68028
3.68174
3.68319
3.68464
3.68609
3.68755
3.68903
3.69051
3.69202
3.69354
3.69509
3.69667
3.69829
3.69994
3.70163
3.70336
3.70514
3.70697
3.70886
3.7108
3.71279
3.71484
3.71694
3.71909
3.72129
3.72354
3.72583
3.72816
3.73051
3.7329
3.7353
3.73772
3.74015
3.74258
3.74501
3.74743
3.74983
3.75221
3.75457
3.75688
3.75917
3.7614
3.76359
3.76572
3.7678
3.76982
3.77177
3.77365
3.77546
3.7772
3.77887
3.78046
3.78197
3.7834
3.78475
3.78602
3.78721
3.78833
3.78935
3.7903
3.79117
3.79197
3.79268
3.79332
3.79388
3.79437
3.79479
3.79514
3.79543
3.79565
3.79582
3.79593
3.79599
3.79601
3.79599
3.79593
3.79584
3.79576
3.79551
0.83047
0.859252
1.17557
1.73833
2.29171
2.71247
3.00523
3.20563
3.34431
3.44216
3.51263
3.56434
3.6029
3.63205
3.65435
3.67155
3.68493
3.69539
3.7036
3.71007
3.71517
3.7192
3.72237
3.72488
3.72685
3.72841
3.72962
3.73058
3.73132
3.73191
3.73238
3.73276
3.73308
3.73335
3.7336
3.73384
3.73408
3.73433
3.73459
3.73489
3.73521
3.73557
3.73597
3.7364
3.73688
3.7374
3.73797
3.73858
3.73924
3.73995
3.7407
3.74151
3.74236
3.74328
3.74424
3.74527
3.74636
3.74751
3.74873
3.75001
3.75137
3.7528
3.7543
3.75587
3.75751
3.75922
3.761
3.76284
3.76474
3.76669
3.76868
3.77072
3.77279
3.7749
3.77703
3.77917
3.78133
3.78349
3.78565
3.78779
3.78993
3.79203
3.79411
3.79616
3.79816
3.80013
3.80204
3.8039
3.8057
3.80744
3.80912
3.81074
3.81228
3.81376
3.81516
3.81649
3.81775
3.81893
3.82004
3.82108
3.82204
3.82292
3.82373
3.82447
3.82514
3.82573
3.82626
3.82672
3.82712
3.82745
3.82772
3.82794
3.8281
3.82821
3.82828
3.82831
3.8283
3.82826
3.82819
3.82811
3.82804
3.82779
0.837083
0.991886
1.56879
2.26379
2.79675
3.14662
3.36902
3.51204
3.60619
3.66961
3.71316
3.74348
3.76477
3.77975
3.79024
3.79749
3.80237
3.8055
3.80733
3.80821
3.80837
3.808
3.80724
3.80621
3.80498
3.80363
3.80219
3.80072
3.79924
3.79777
3.79634
3.79496
3.79364
3.79239
3.79122
3.79013
3.78912
3.7882
3.78736
3.78662
3.78596
3.78539
3.78491
3.78451
3.7842
3.78397
3.78382
3.78375
3.78376
3.78385
3.78401
3.78425
3.78456
3.78496
3.78543
3.78598
3.78661
3.78732
3.78812
3.78901
3.78997
3.79103
3.79217
3.7934
3.79471
3.7961
3.79757
3.79911
3.80072
3.80239
3.80412
3.80589
3.80772
3.80958
3.81147
3.81338
3.81531
3.81725
3.8192
3.82114
3.82307
3.82498
3.82686
3.82872
3.83054
3.83232
3.83406
3.83575
3.83739
3.83897
3.84049
3.84196
3.84336
3.84469
3.84596
3.84716
3.84829
3.84935
3.85034
3.85127
3.85212
3.85291
3.85363
3.85428
3.85487
3.85539
3.85585
3.85625
3.85659
3.85687
3.85711
3.85729
3.85742
3.85751
3.85757
3.85759
3.85758
3.85754
3.85749
3.85742
3.85737
3.85715
0.861181
1.2442
2.07273
2.79223
3.24675
3.51205
3.66751
3.76086
3.81819
3.85383
3.87594
3.88935
3.89701
3.90082
3.90201
3.9014
3.89958
3.89692
3.89371
3.89015
3.88638
3.88252
3.87863
3.87478
3.871
3.86732
3.86376
3.86034
3.85708
3.85396
3.85101
3.84821
3.84558
3.8431
3.84078
3.83861
3.8366
3.83473
3.833
3.83142
3.82997
3.82865
3.82745
3.82638
3.82543
3.82459
3.82386
3.82324
3.82272
3.8223
3.82199
3.82176
3.82164
3.82161
3.82168
3.82184
3.8221
3.82245
3.82291
3.82346
3.82411
3.82486
3.82571
3.82665
3.82769
3.82881
3.83003
3.83132
3.8327
3.83414
3.83564
3.8372
3.83881
3.84047
3.84217
3.84389
3.84564
3.8474
3.84917
3.85094
3.8527
3.85445
3.85619
3.85789
3.85957
3.86122
3.86282
3.86438
3.86589
3.86736
3.86877
3.87012
3.87141
3.87265
3.87382
3.87494
3.87599
3.87697
3.87789
3.87875
3.87955
3.88028
3.88095
3.88156
3.88211
3.8826
3.88303
3.88341
3.88374
3.88401
3.88424
3.88442
3.88457
3.88467
3.88474
3.88478
3.8848
3.88479
3.88477
3.88474
3.88473
3.88456
0.921567
1.63494
2.62374
3.27799
3.62928
3.8127
3.91021
3.96269
3.99047
4.00408
4.00927
4.00936
4.00629
4.0013
3.99516
3.98835
3.98121
3.97396
3.96674
3.95965
3.95276
3.9461
3.93971
3.93359
3.92776
3.92222
3.91696
3.91198
3.90727
3.90283
3.89864
3.8947
3.89101
3.88754
3.88429
3.88125
3.87842
3.87579
3.87334
3.87107
3.86897
3.86704
3.86527
3.86365
3.86218
3.86084
3.85964
3.85857
3.85762
3.8568
3.85609
3.85549
3.855
3.85463
3.85436
3.85421
3.85416
3.85423
3.8544
3.85468
3.85507
3.85557
3.85617
3.85688
3.85769
3.85859
3.85959
3.86068
3.86185
3.8631
3.86441
3.86579
3.86723
3.86872
3.87025
3.87181
3.87341
3.87502
3.87665
3.87828
3.87991
3.88153
3.88314
3.88474
3.8863
3.88784
3.88935
3.89081
3.89224
3.89362
3.89495
3.89623
3.89746
3.89864
3.89976
3.90082
3.90183
3.90278
3.90367
3.90451
3.90528
3.906
3.90667
3.90728
3.90783
3.90833
3.90878
3.90918
3.90953
3.90983
3.9101
3.91032
3.9105
3.91065
3.91077
3.91087
3.91094
3.91099
3.91104
3.91107
3.91112
3.911
1.04783
2.14113
3.16618
3.70126
3.94668
4.05816
4.10789
4.12764
4.13203
4.12829
4.12018
4.10978
4.09826
4.08632
4.07436
4.06263
4.05126
4.04035
4.02993
4.02002
4.01062
4.00173
3.99332
3.98539
3.9779
3.97086
3.96422
3.95797
3.9521
3.94658
3.9414
3.93653
3.93197
3.92769
3.92369
3.91995
3.91645
3.91319
3.91015
3.90733
3.90471
3.90228
3.90004
3.89797
3.89607
3.89433
3.89274
3.89131
3.89001
3.88884
3.88781
3.88691
3.88613
3.88547
3.88494
3.88452
3.88423
3.88405
3.88399
3.88404
3.88421
3.8845
3.8849
3.88541
3.88602
3.88674
3.88756
3.88847
3.88947
3.89055
3.8917
3.89293
3.89421
3.89555
3.89694
3.89837
3.89984
3.90132
3.90283
3.90435
3.90587
3.90739
3.90891
3.91041
3.91189
3.91335
3.91479
3.91619
3.91756
3.91889
3.92017
3.92142
3.92262
3.92377
3.92487
3.92593
3.92693
3.92788
3.92879
3.92963
3.93043
3.93118
3.93188
3.93252
3.93312
3.93367
3.93418
3.93464
3.93506
3.93543
3.93577
3.93607
3.93633
3.93657
3.93678
3.93696
3.93712
3.93727
3.9374
3.93753
3.93766
3.93764
1.27351
2.71741
3.66587
4.05945
4.20804
4.25954
4.27093
4.26479
4.2508
4.23342
4.21483
4.19615
4.17794
4.16048
4.14389
4.12823
4.11348
4.09963
4.08664
4.07446
4.06303
4.05233
4.04229
4.03288
4.02406
4.01579
4.00803
4.00076
3.99394
3.98754
3.98154
3.97592
3.97065
3.96571
3.96109
3.95677
3.95273
3.94896
3.94544
3.94216
3.93911
3.93627
3.93364
3.93121
3.92896
3.92689
3.92498
3.92324
3.92166
3.92022
3.91892
3.91777
3.91675
3.91586
3.9151
3.91447
3.91397
3.91359
3.91334
3.9132
3.91319
3.9133
3.91353
3.91386
3.91432
3.91487
3.91553
3.91629
3.91714
3.91807
3.91908
3.92017
3.92132
3.92253
3.9238
3.92511
3.92646
3.92783
3.92924
3.93066
3.93209
3.93353
3.93497
3.9364
3.93782
3.93922
3.94061
3.94197
3.9433
3.94461
3.94588
3.94711
3.94831
3.94947
3.95059
3.95166
3.9527
3.95369
3.95463
3.95553
3.95639
3.95721
3.95798
3.9587
3.95939
3.96003
3.96063
3.96119
3.96172
3.96221
3.96266
3.96308
3.96347
3.96383
3.96417
3.96448
3.96477
3.96505
3.96532
3.96557
3.96583
3.96594
1.62357
3.31924
4.10848
4.35964
4.4251
4.42809
4.40914
4.38265
4.35419
4.32605
4.29917
4.27392
4.25037
4.22848
4.20818
4.18935
4.17187
4.15565
4.14056
4.12653
4.11346
4.10127
4.08991
4.07929
4.06937
4.06009
4.05142
4.04329
4.03569
4.02857
4.0219
4.01565
4.00979
4.00431
3.99918
3.99438
3.98989
3.98569
3.98177
3.97812
3.97471
3.97153
3.96858
3.96584
3.96331
3.96096
3.9588
3.95681
3.95498
3.95332
3.95181
3.95045
3.94923
3.94815
3.94721
3.9464
3.94572
3.94518
3.94476
3.94447
3.9443
3.94426
3.94433
3.94453
3.94483
3.94525
3.94577
3.94639
3.9471
3.9479
3.94878
3.94974
3.95077
3.95186
3.95302
3.95422
3.95546
3.95674
3.95805
3.95939
3.96074
3.96211
3.96348
3.96485
3.96622
3.96759
3.96894
3.97028
3.9716
3.9729
3.97417
3.97542
3.97664
3.97783
3.97899
3.98012
3.98121
3.98227
3.98329
3.98428
3.98523
3.98615
3.98703
3.98787
3.98868
3.98945
3.9902
3.9909
3.99158
3.99222
3.99284
3.99342
3.99398
3.99451
3.99502
3.99551
3.99598
3.99644
3.99688
3.99731
3.99774
3.99803
2.11223
3.91483
4.49453
4.61442
4.61117
4.57553
4.53268
4.49014
4.45023
4.41353
4.38001
4.34947
4.32159
4.29612
4.27279
4.25136
4.23164
4.21346
4.19665
4.18108
4.16664
4.15323
4.14075
4.12912
4.11828
4.10816
4.09871
4.08988
4.08162
4.07388
4.06665
4.05987
4.05353
4.04758
4.04202
4.03682
4.03195
4.02739
4.02313
4.01916
4.01544
4.01199
4.00876
4.00577
4.00299
4.00041
3.99803
3.99583
3.99381
3.99195
3.99026
3.98873
3.98734
3.9861
3.98501
3.98405
3.98323
3.98255
3.98199
3.98157
3.98127
3.98109
3.98104
3.9811
3.98128
3.98156
3.98196
3.98245
3.98304
3.98371
3.98448
3.98532
3.98623
3.98721
3.98826
3.98935
3.9905
3.99168
3.99291
3.99416
3.99544
3.99674
3.99806
3.99938
4.00071
4.00205
4.00338
4.0047
4.00602
4.00733
4.00863
4.00991
4.01117
4.01241
4.01363
4.01483
4.01601
4.01716
4.01828
4.01939
4.02046
4.02151
4.02254
4.02353
4.02451
4.02545
4.02637
4.02726
4.02813
4.02898
4.0298
4.03059
4.03137
4.03212
4.03286
4.03357
4.03427
4.03496
4.03563
4.03629
4.03695
4.03748
2.75671
4.49025
4.83644
4.84145
4.78254
4.71626
4.65444
4.59908
4.54993
4.50626
4.4673
4.43237
4.40091
4.37243
4.34654
4.32292
4.30129
4.28143
4.26313
4.24625
4.23063
4.21615
4.2027
4.1902
4.17855
4.1677
4.15757
4.14811
4.13927
4.131
4.12327
4.11602
4.10925
4.1029
4.09696
4.09139
4.08618
4.08131
4.07676
4.0725
4.06852
4.06481
4.06135
4.05813
4.05514
4.05236
4.04978
4.0474
4.04521
4.04319
4.04134
4.03966
4.03813
4.03676
4.03553
4.03445
4.03351
4.0327
4.03203
4.03149
4.03107
4.03078
4.03061
4.03056
4.03062
4.03079
4.03107
4.03144
4.03192
4.03248
4.03312
4.03385
4.03465
4.03553
4.03646
4.03746
4.03851
4.0396
4.04074
4.04192
4.04312
4.04436
4.04562
4.0469
4.04819
4.0495
4.05082
4.05214
4.05346
4.05479
4.05611
4.05743
4.05875
4.06006
4.06136
4.06265
4.06393
4.06519
4.06645
4.06769
4.06891
4.07013
4.07132
4.07251
4.07367
4.07482
4.07596
4.07708
4.07818
4.07927
4.08034
4.08139
4.08244
4.08346
4.08447
4.08547
4.08646
4.08743
4.08839
4.08934
4.09028
4.09111
3.60496
5.05607
5.16201
5.06896
4.96489
4.87383
4.79645
4.7304
4.67342
4.62376
4.58005
4.54126
4.50659
4.4754
4.44719
4.42155
4.39816
4.37674
4.35706
4.33894
4.3222
4.3067
4.29233
4.27899
4.26658
4.25501
4.24423
4.23417
4.22476
4.21597
4.20775
4.20006
4.19285
4.18611
4.1798
4.17388
4.16835
4.16317
4.15832
4.15379
4.14956
4.1456
4.14191
4.13848
4.13528
4.13231
4.12955
4.127
4.12464
4.12247
4.12047
4.11865
4.11699
4.1155
4.11415
4.11295
4.1119
4.11099
4.11021
4.10956
4.10905
4.10865
4.10838
4.10822
4.10818
4.10825
4.10842
4.10868
4.10905
4.1095
4.11004
4.11066
4.11135
4.11212
4.11296
4.11385
4.11481
4.11581
4.11687
4.11796
4.1191
4.12028
4.12148
4.12272
4.12398
4.12526
4.12657
4.12789
4.12923
4.13058
4.13194
4.13331
4.13469
4.13607
4.13747
4.13886
4.14026
4.14166
4.14306
4.14446
4.14586
4.14726
4.14865
4.15005
4.15144
4.15283
4.15422
4.1556
4.15697
4.15834
4.15971
4.16107
4.16242
4.16377
4.16511
4.16644
4.16777
4.16909
4.17041
4.17171
4.17299
4.1742
4.84955
5.68154
5.54072
5.36077
5.21733
5.1041
5.01232
4.93602
4.87132
4.8156
4.76698
4.72412
4.686
4.65185
4.62107
4.59319
4.5678
4.5446
4.52332
4.50375
4.48569
4.46901
4.45355
4.4392
4.42586
4.41344
4.40187
4.39107
4.38099
4.37156
4.36275
4.3545
4.34678
4.33956
4.33279
4.32645
4.32052
4.31496
4.30976
4.3049
4.30035
4.2961
4.29214
4.28844
4.285
4.2818
4.27882
4.27607
4.27352
4.27117
4.26901
4.26704
4.26523
4.2636
4.26212
4.2608
4.25963
4.25861
4.25772
4.25697
4.25636
4.25586
4.25549
4.25524
4.2551
4.25507
4.25514
4.25531
4.25557
4.25593
4.25637
4.25689
4.25749
4.25817
4.25891
4.25972
4.26059
4.26152
4.2625
4.26353
4.26461
4.26574
4.2669
4.26811
4.26935
4.27062
4.27193
4.27326
4.27463
4.27602
4.27743
4.27887
4.28033
4.28182
4.28332
4.28484
4.28638
4.28793
4.2895
4.29109
4.29269
4.29431
4.29594
4.29758
4.29923
4.3009
4.30257
4.30426
4.30595
4.30765
4.30936
4.31107
4.31279
4.31451
4.31624
4.31796
4.31969
4.32142
4.32315
4.32488
4.32657
4.32824
6.07794
5.55972
5.2474
5.04169
4.89423
4.78182
4.69214
4.61828
4.55605
4.50269
4.45629
4.41549
4.37928
4.3469
4.31775
4.29137
4.26737
4.24547
4.22539
4.20693
4.18991
4.17419
4.15963
4.14612
4.13357
4.12188
4.111
4.10084
4.09135
4.08249
4.0742
4.06645
4.05919
4.05239
4.04602
4.04006
4.03448
4.02925
4.02436
4.01978
4.0155
4.0115
4.00777
4.00429
4.00104
3.99802
3.99522
3.99262
3.99021
3.98799
3.98595
3.98408
3.98238
3.98082
3.97942
3.97817
3.97705
3.97607
3.97522
3.97449
3.97388
3.97339
3.973
3.97273
3.97255
3.97247
3.97249
3.97259
3.97278
3.97305
3.97339
3.97381
3.9743
3.97485
3.97547
3.97615
3.97688
3.97767
3.9785
3.97939
3.98032
3.98129
3.98231
3.98336
3.98445
3.98558
3.98674
3.98794
3.98917
3.99042
3.99171
3.99303
3.99438
3.99575
3.99715
3.99858
4.00003
4.00151
4.00301
4.00454
4.00609
4.00766
4.00926
4.01087
4.01251
4.01416
4.01584
4.01754
4.01925
4.02098
4.02272
4.02449
4.02626
4.02805
4.02985
4.03166
4.03348
4.03531
4.03714
4.03899
4.04078
4.04261
)
;

boundaryField
{
    lowerWall
    {
        type            kqRWallFunction;
        value           nonuniform List<scalar> 
122
(
6.07652
5.55942
5.24732
5.04165
4.8942
4.78178
4.69211
4.61825
4.55602
4.50265
4.45625
4.41545
4.37924
4.34686
4.31771
4.29132
4.26733
4.24542
4.22534
4.20689
4.18987
4.17415
4.15959
4.14608
4.13352
4.12184
4.11095
4.10079
4.09131
4.08244
4.07415
4.0664
4.05914
4.05234
4.04598
4.04002
4.03443
4.02921
4.02431
4.01974
4.01546
4.01146
4.00772
4.00424
4.00099
3.99797
3.99517
3.99257
3.99017
3.98795
3.98591
3.98404
3.98233
3.98078
3.97938
3.97812
3.977
3.97602
3.97516
3.97443
3.97382
3.97332
3.97293
3.97264
3.97246
3.97237
3.97238
3.97247
3.97265
3.97291
3.97325
3.97366
3.97414
3.97468
3.97529
3.97596
3.97669
3.97747
3.97831
3.97919
3.98013
3.9811
3.98213
3.98319
3.98429
3.98543
3.98661
3.98783
3.98908
3.99036
3.99168
3.99303
3.9944
3.99581
3.99725
3.99871
4.00021
4.00172
4.00327
4.00484
4.00643
4.00805
4.00969
4.01136
4.01304
4.01475
4.01647
4.01821
4.01997
4.02175
4.02354
4.02534
4.02715
4.02898
4.03082
4.03266
4.03451
4.03636
4.03822
4.04008
4.04189
4.04374
)
;
    }
    upperWall
    {
        type            kqRWallFunction;
        value           nonuniform List<scalar> 
122
(
6.07794
5.55972
5.2474
5.04169
4.89423
4.78182
4.69214
4.61828
4.55605
4.50269
4.45629
4.41549
4.37928
4.3469
4.31775
4.29137
4.26737
4.24547
4.22539
4.20693
4.18991
4.17419
4.15963
4.14612
4.13357
4.12188
4.111
4.10084
4.09135
4.08249
4.0742
4.06645
4.05919
4.05239
4.04602
4.04006
4.03448
4.02925
4.02436
4.01978
4.0155
4.0115
4.00777
4.00429
4.00104
3.99802
3.99522
3.99262
3.99021
3.98799
3.98595
3.98408
3.98238
3.98082
3.97942
3.97817
3.97705
3.97607
3.97522
3.97449
3.97388
3.97339
3.973
3.97273
3.97255
3.97247
3.97249
3.97259
3.97278
3.97305
3.97339
3.97381
3.9743
3.97485
3.97547
3.97615
3.97688
3.97767
3.9785
3.97939
3.98032
3.98129
3.98231
3.98336
3.98445
3.98558
3.98674
3.98794
3.98917
3.99042
3.99171
3.99303
3.99438
3.99575
3.99715
3.99858
4.00003
4.00151
4.00301
4.00454
4.00609
4.00766
4.00926
4.01087
4.01251
4.01416
4.01584
4.01754
4.01925
4.02098
4.02272
4.02449
4.02626
4.02805
4.02985
4.03166
4.03348
4.03531
4.03714
4.03899
4.04078
4.04261
)
;
    }
    inlet
    {
        type            turbulentIntensityKineticEnergyInlet;
        intensity       0.0223;
        value           uniform 0.91377;
    }
    outlet
    {
        type            zeroGradient;
    }
    frontAndBack
    {
        type            empty;
    }
}


// ************************************************************************* //
