/*--------------------------------*- C++ -*----------------------------------*\
  =========                 |
  \\      /  F ield         | OpenFOAM: The Open Source CFD Toolbox
   \\    /   O peration     | Website:  https://openfoam.org
    \\  /    A nd           | Version:  8
     \\/     M anipulation  |
\*---------------------------------------------------------------------------*/
FoamFile
{
    version     2.0;
    format      ascii;
    class       volScalarField;
    location    "950";
    object      epsilon;
}
// * * * * * * * * * * * * * * * * * * * * * * * * * * * * * * * * * * * * * //

dimensions      [0 2 -3 0 0 0 0];

internalField   nonuniform List<scalar> 
7320
(
11607.3
10157.7
9314.43
8772.21
8390.2
8102.79
7875.93
7690.7
7535.77
7403.76
7289.61
7189.73
7101.46
7022.84
6952.31
6888.69
6831
6778.46
6730.43
6686.38
6645.85
6608.48
6573.93
6541.93
6512.24
6484.64
6458.97
6435.04
6412.73
6391.9
6372.45
6354.26
6337.25
6321.34
6306.45
6292.52
6279.48
6267.29
6255.88
6245.21
6235.24
6225.93
6217.24
6209.14
6201.6
6194.58
6188.07
6182.04
6176.46
6171.32
6166.58
6162.25
6158.28
6154.68
6151.42
6148.48
6145.87
6143.55
6141.53
6139.79
6138.31
6137.09
6136.13
6135.4
6134.9
6134.62
6134.56
6134.7
6135.05
6135.58
6136.3
6137.19
6138.26
6139.48
6140.86
6142.39
6144.07
6145.87
6147.81
6149.88
6152.07
6154.38
6156.81
6159.36
6162.04
6164.83
6167.74
6170.78
6173.95
6177.24
6180.67
6184.24
6187.94
6191.78
6195.76
6199.88
6204.13
6208.52
6213.04
6217.69
6222.45
6227.32
6232.29
6237.35
6242.48
6247.67
6252.91
6258.18
6263.46
6268.73
6273.98
6279.19
6284.34
6289.42
6294.39
6299.25
6303.98
6308.56
6312.98
6317.21
6321.12
6324.96
3749.32
3919.37
3598.69
3368.86
3210.19
3093.2
3002.11
2928.43
2867.18
2815.25
2770.5
2731.45
2697.02
2666.41
2638.99
2614.29
2591.92
2571.56
2552.97
2535.93
2520.26
2505.82
2492.48
2480.12
2468.66
2458.02
2448.11
2438.89
2430.29
2422.26
2414.76
2407.75
2401.19
2395.06
2389.33
2383.96
2378.93
2374.23
2369.83
2365.72
2361.88
2358.29
2354.93
2351.81
2348.9
2346.19
2343.68
2341.34
2339.19
2337.19
2335.36
2333.68
2332.14
2330.74
2329.47
2328.33
2327.31
2326.4
2325.61
2324.92
2324.34
2323.85
2323.46
2323.16
2322.95
2322.82
2322.78
2322.81
2322.93
2323.11
2323.37
2323.69
2324.08
2324.53
2325.04
2325.61
2326.24
2326.91
2327.64
2328.42
2329.25
2330.12
2331.04
2332.01
2333.01
2334.06
2335.16
2336.3
2337.49
2338.72
2339.99
2341.32
2342.69
2344.1
2345.57
2347.08
2348.64
2350.25
2351.9
2353.59
2355.33
2357.11
2358.92
2360.77
2362.65
2364.55
2366.47
2368.42
2370.37
2372.33
2374.29
2376.24
2378.18
2380.11
2382.01
2383.89
2385.73
2387.53
2389.28
2390.98
2392.58
2394.16
1528.99
1989.05
1884.98
1770.23
1685.89
1623.05
1574.14
1534.67
1501.95
1474.25
1450.43
1429.67
1411.39
1395.16
1380.63
1367.55
1355.71
1344.94
1335.11
1326.11
1317.83
1310.2
1303.16
1296.64
1290.59
1284.98
1279.75
1274.89
1270.35
1266.12
1262.16
1258.47
1255.01
1251.78
1248.75
1245.92
1243.27
1240.79
1238.48
1236.31
1234.28
1232.38
1230.62
1228.97
1227.43
1226
1224.67
1223.44
1222.3
1221.25
1220.28
1219.39
1218.57
1217.83
1217.16
1216.55
1216.01
1215.53
1215.1
1214.73
1214.42
1214.16
1213.95
1213.78
1213.67
1213.59
1213.56
1213.58
1213.63
1213.72
1213.85
1214.02
1214.22
1214.45
1214.71
1215.01
1215.33
1215.68
1216.06
1216.46
1216.88
1217.33
1217.8
1218.29
1218.79
1219.32
1219.87
1220.44
1221.03
1221.64
1222.28
1222.94
1223.62
1224.33
1225.06
1225.82
1226.61
1227.43
1228.27
1229.15
1230.05
1230.98
1231.93
1232.91
1233.92
1234.95
1236
1237.07
1238.15
1239.24
1240.35
1241.46
1242.57
1243.68
1244.79
1245.88
1246.97
1248.03
1249.08
1250.1
1251.07
1252.02
720.941
1168.15
1165.72
1105.65
1054.38
1014.75
983.61
958.429
937.557
919.91
904.751
891.558
879.953
869.656
860.45
852.168
844.676
837.868
831.656
825.967
820.741
815.927
811.482
807.369
803.556
800.014
796.721
793.654
790.795
788.127
785.635
783.307
781.129
779.093
777.187
775.403
773.734
772.172
770.71
769.343
768.065
766.87
765.755
764.715
763.745
762.843
762.004
761.226
760.505
759.839
759.226
758.662
758.145
757.674
757.247
756.861
756.514
756.206
755.935
755.698
755.496
755.326
755.187
755.079
755
754.95
754.927
754.93
754.958
755.011
755.088
755.187
755.308
755.45
755.611
755.791
755.988
756.201
756.429
756.67
756.925
757.193
757.472
757.762
758.064
758.377
758.701
759.037
759.385
759.747
760.123
760.513
760.921
761.345
761.789
762.251
762.735
763.24
763.767
764.317
764.889
765.485
766.103
766.743
767.404
768.085
768.784
769.5
770.231
770.974
771.727
772.487
773.252
774.018
774.782
775.541
776.292
777.031
777.754
778.459
779.132
779.778
358.82
725.629
779.829
754.392
722.982
696.536
675.147
657.664
643.11
630.786
620.195
610.98
602.879
595.694
589.274
583.502
578.284
573.544
569.221
565.264
561.63
558.284
555.195
552.337
549.689
547.229
544.943
542.813
540.829
538.977
537.247
535.631
534.12
532.707
531.384
530.146
528.987
527.903
526.888
525.939
525.051
524.221
523.446
522.722
522.048
521.42
520.836
520.294
519.792
519.328
518.899
518.505
518.144
517.815
517.515
517.244
517
516.783
516.59
516.423
516.278
516.156
516.056
515.977
515.918
515.879
515.858
515.856
515.871
515.904
515.953
516.017
516.096
516.189
516.296
516.414
516.544
516.684
516.834
516.993
517.159
517.334
517.515
517.704
517.9
518.103
518.313
518.532
518.759
518.996
519.244
519.503
519.775
520.061
520.362
520.679
521.012
521.364
521.735
522.124
522.532
522.96
523.406
523.871
524.354
524.853
525.367
525.895
526.435
526.985
527.543
528.106
528.671
529.237
529.8
530.358
530.907
531.445
531.968
532.473
532.954
533.406
180.95
454.606
539.365
539.228
522.289
504.944
489.985
477.422
466.83
457.801
450.016
443.23
437.258
431.96
427.226
422.969
419.121
415.626
412.44
409.523
406.846
404.381
402.106
400.001
398.051
396.241
394.557
392.99
391.529
390.166
388.893
387.704
386.592
385.551
384.578
383.666
382.813
382.014
381.267
380.567
379.913
379.301
378.729
378.196
377.698
377.235
376.803
376.403
376.031
375.687
375.37
375.078
374.81
374.564
374.341
374.139
373.956
373.793
373.649
373.522
373.412
373.319
373.242
373.18
373.133
373.101
373.082
373.077
373.084
373.104
373.136
373.179
373.232
373.296
373.369
373.451
373.54
373.637
373.74
373.849
373.964
374.084
374.209
374.339
374.474
374.614
374.76
374.912
375.072
375.239
375.415
375.6
375.797
376.005
376.225
376.46
376.708
376.972
377.251
377.546
377.857
378.184
378.526
378.883
379.255
379.639
380.035
380.442
380.857
381.279
381.706
382.136
382.566
382.994
383.418
383.835
384.242
384.638
385.019
385.383
385.725
386.039
91.0616
278.177
374.321
393.387
388.302
378.207
368.135
359.167
351.387
344.653
338.793
333.658
329.123
325.091
321.482
318.234
315.297
312.628
310.193
307.964
305.918
304.034
302.295
300.686
299.195
297.811
296.524
295.326
294.209
293.167
292.194
291.284
290.434
289.638
288.893
288.195
287.542
286.931
286.359
285.823
285.322
284.853
284.414
284.005
283.623
283.267
282.936
282.628
282.342
282.077
281.832
281.607
281.4
281.21
281.037
280.879
280.737
280.61
280.497
280.397
280.311
280.237
280.175
280.124
280.085
280.057
280.04
280.032
280.034
280.046
280.066
280.095
280.132
280.177
280.228
280.286
280.349
280.418
280.491
280.569
280.651
280.736
280.826
280.919
281.016
281.118
281.224
281.336
281.453
281.578
281.709
281.849
281.999
282.158
282.328
282.51
282.703
282.91
283.129
283.361
283.606
283.864
284.134
284.416
284.709
285.011
285.323
285.642
285.966
286.295
286.626
286.958
287.288
287.614
287.935
288.247
288.55
288.841
289.117
289.377
289.617
289.832
46.0967
162.189
254.261
286.985
292.083
288.344
282.427
276.399
270.841
265.871
261.463
257.553
254.072
250.96
248.165
245.642
243.355
241.274
239.374
237.632
236.033
234.559
233.198
231.938
230.77
229.686
228.677
227.738
226.862
226.045
225.281
224.568
223.9
223.275
222.69
222.142
221.629
221.149
220.699
220.278
219.883
219.514
219.169
218.846
218.545
218.264
218.003
217.759
217.533
217.324
217.13
216.951
216.786
216.635
216.497
216.372
216.258
216.156
216.065
215.984
215.914
215.853
215.802
215.76
215.726
215.702
215.685
215.676
215.675
215.681
215.694
215.713
215.739
215.77
215.806
215.848
215.893
215.943
215.996
216.053
216.113
216.176
216.242
216.311
216.384
216.46
216.54
216.625
216.715
216.811
216.913
217.022
217.14
217.265
217.4
217.545
217.699
217.864
218.039
218.225
218.421
218.628
218.844
219.069
219.302
219.543
219.79
220.041
220.297
220.554
220.812
221.069
221.323
221.572
221.815
222.049
222.274
222.487
222.686
222.87
223.038
223.182
24.139
88.6484
164.986
205.253
218.887
220.976
218.885
215.492
211.862
208.378
205.161
202.236
199.59
197.197
195.031
193.064
191.273
189.637
188.14
186.765
185.499
184.331
183.251
182.251
181.323
180.461
179.658
178.91
178.212
177.561
176.952
176.382
175.849
175.35
174.883
174.445
174.035
173.65
173.29
172.953
172.637
172.341
172.064
171.805
171.563
171.338
171.127
170.931
170.749
170.58
170.423
170.279
170.146
170.023
169.911
169.809
169.716
169.632
169.557
169.491
169.432
169.382
169.339
169.303
169.274
169.252
169.236
169.227
169.223
169.225
169.233
169.245
169.263
169.285
169.311
169.341
169.374
169.411
169.45
169.492
169.537
169.584
169.634
169.687
169.742
169.801
169.863
169.929
170
170.075
170.156
170.243
170.337
170.438
170.546
170.663
170.787
170.92
171.062
171.212
171.37
171.536
171.709
171.89
172.076
172.268
172.464
172.663
172.864
173.066
173.267
173.467
173.662
173.853
174.037
174.213
174.38
174.536
174.68
174.81
174.926
175.022
13.5084
45.5623
99.8141
140.768
160.687
168.047
169.612
168.74
166.918
164.789
162.633
160.564
158.629
156.839
155.192
153.678
152.288
151.01
149.834
148.749
147.746
146.819
145.959
145.161
144.42
143.729
143.086
142.486
141.925
141.401
140.911
140.452
140.022
139.62
139.243
138.889
138.557
138.246
137.955
137.681
137.425
137.185
136.961
136.75
136.554
136.37
136.199
136.039
135.891
135.753
135.625
135.506
135.397
135.296
135.204
135.12
135.043
134.974
134.912
134.856
134.807
134.764
134.728
134.697
134.671
134.652
134.637
134.627
134.622
134.622
134.626
134.634
134.645
134.661
134.679
134.701
134.726
134.753
134.782
134.814
134.848
134.884
134.923
134.963
135.007
135.052
135.101
135.154
135.21
135.27
135.335
135.405
135.481
135.562
135.65
135.744
135.845
135.953
136.067
136.188
136.315
136.449
136.588
136.733
136.882
137.035
137.191
137.348
137.507
137.666
137.823
137.978
138.129
138.275
138.416
138.549
138.674
138.789
138.893
138.986
139.066
139.13
8.23297
22.8776
55.2867
90.2281
113.178
124.85
129.856
131.463
131.425
130.618
129.473
128.204
126.919
125.67
124.481
123.362
122.317
121.343
120.436
119.594
118.81
118.08
117.401
116.769
116.178
115.627
115.113
114.631
114.181
113.759
113.364
112.994
112.647
112.321
112.015
111.729
111.459
111.207
110.97
110.747
110.538
110.343
110.159
109.988
109.827
109.677
109.536
109.405
109.283
109.17
109.065
108.967
108.877
108.794
108.717
108.647
108.584
108.526
108.474
108.427
108.386
108.349
108.318
108.291
108.269
108.252
108.238
108.229
108.223
108.221
108.223
108.227
108.235
108.246
108.259
108.275
108.293
108.314
108.336
108.36
108.387
108.415
108.444
108.476
108.51
108.547
108.586
108.627
108.672
108.721
108.773
108.83
108.891
108.957
109.028
109.104
109.185
109.272
109.364
109.462
109.565
109.672
109.784
109.899
110.018
110.14
110.264
110.389
110.514
110.639
110.763
110.884
111.001
111.114
111.222
111.323
111.417
111.503
111.58
111.647
111.704
111.747
5.47937
11.9932
28.2309
52.6649
74.495
88.7635
96.7042
100.69
102.44
102.969
102.841
102.365
101.714
100.983
100.226
99.4735
98.7429
98.0428
97.3776
96.7488
96.1563
95.5991
95.0758
94.5845
94.1235
93.6908
93.2848
92.9036
92.5457
92.2096
91.8938
91.5971
91.3182
91.0561
90.8097
90.5781
90.3603
90.1556
89.9633
89.7825
89.6128
89.4534
89.3039
89.1638
89.0324
88.9095
88.7945
88.6871
88.5869
88.4937
88.407
88.3265
88.2521
88.1834
88.1201
88.0621
88.0091
87.9609
87.9174
87.8783
87.8435
87.8128
87.7861
87.7633
87.7441
87.7286
87.7164
87.7076
87.7019
87.6991
87.6991
87.7017
87.7068
87.7143
87.724
87.7358
87.7495
87.765
87.7822
87.801
87.8214
87.8433
87.8669
87.8921
87.9192
87.9482
87.9794
88.013
88.0492
88.0883
88.1306
88.1762
88.2255
88.2787
88.3359
88.3973
88.463
88.5329
88.6071
88.6855
88.7678
88.8539
88.9433
89.0358
89.1308
89.2278
89.3263
89.4255
89.5247
89.6233
89.7205
89.8155
89.9074
89.9956
90.0791
90.1572
90.2292
90.2943
90.3518
90.4011
90.442
90.4722
3.95841
6.92866
14.0447
27.7128
44.4801
58.7408
68.535
74.555
78.0226
79.9011
80.8188
81.1603
81.1575
80.9504
80.6246
80.2329
79.8081
79.3708
78.9339
78.5054
78.0901
77.6909
77.3093
76.9458
76.6006
76.2734
75.9636
75.6707
75.3939
75.1325
74.8858
74.6529
74.4332
74.2259
74.0305
73.8462
73.6725
73.5089
73.3548
73.2097
73.0732
72.9448
72.8241
72.7108
72.6044
72.5047
72.4114
72.324
72.2425
72.1664
72.0956
72.0299
71.9689
71.9125
71.8606
71.8129
71.7692
71.7294
71.6934
71.6609
71.632
71.6064
71.584
71.5647
71.5485
71.5351
71.5245
71.5166
71.5113
71.5084
71.5077
71.5091
71.5125
71.5179
71.5252
71.5341
71.5446
71.5566
71.57
71.5848
71.601
71.6184
71.6372
71.6575
71.6792
71.7026
71.7277
71.7549
71.7841
71.8157
71.8498
71.8867
71.9264
71.9693
72.0154
72.0648
72.1175
72.1737
72.2332
72.296
72.3619
72.4308
72.5022
72.576
72.6518
72.7291
72.8074
72.8862
72.965
73.0431
73.12
73.195
73.2675
73.3368
73.4022
73.4632
73.5191
73.5694
73.6135
73.6508
73.6815
73.7037
3.07723
4.48267
7.4297
13.6627
23.6765
35.0257
44.8492
52.0825
56.9685
60.1185
62.0853
63.271
63.946
64.2875
64.4108
64.3915
64.2795
64.1082
63.8999
63.6698
63.4282
63.1824
62.937
62.6954
62.4598
62.2316
62.0117
61.8007
61.5987
61.4059
61.2221
61.0473
60.8811
60.7234
60.5738
60.4321
60.2979
60.1709
60.0509
59.9375
59.8305
59.7296
59.6345
59.5449
59.4607
59.3816
59.3074
59.2379
59.1728
59.112
59.0554
59.0026
58.9537
58.9084
58.8666
58.8281
58.7929
58.7608
58.7316
58.7054
58.6819
58.6611
58.6429
58.6271
58.6138
58.6029
58.5942
58.5876
58.5831
58.5806
58.5799
58.5809
58.5835
58.5877
58.5934
58.6005
58.6088
58.6185
58.6293
58.6412
58.6543
58.6685
58.6837
58.7002
58.7179
58.7369
58.7574
58.7795
58.8032
58.8288
58.8565
58.8863
58.9184
58.9529
58.99
59.0297
59.072
59.117
59.1647
59.2149
59.2676
59.3226
59.3796
59.4385
59.4989
59.5604
59.6228
59.6855
59.7482
59.8104
59.8715
59.931
59.9885
60.0434
60.0952
60.1435
60.1876
60.2271
60.2617
60.2908
60.3145
60.3318
2.55068
3.21778
4.43832
6.94254
11.6103
18.4647
26.1707
33.1843
38.7612
42.8701
45.7762
47.7853
49.1524
50.0674
50.6656
51.0415
51.2609
51.37
51.4011
51.3772
51.3148
51.2258
51.1186
50.9996
50.8734
50.7434
50.6119
50.4809
50.3516
50.225
50.1018
49.9824
49.8673
49.7566
49.6503
49.5486
49.4515
49.3588
49.2707
49.1868
49.1073
49.0319
48.9605
48.893
48.8293
48.7692
48.7127
48.6597
48.6099
48.5633
48.5197
48.4792
48.4415
48.4065
48.3743
48.3446
48.3173
48.2925
48.27
48.2497
48.2316
48.2156
48.2016
48.1895
48.1794
48.1711
48.1646
48.1598
48.1567
48.1551
48.155
48.1563
48.1588
48.1626
48.1675
48.1736
48.1807
48.1889
48.198
48.2081
48.219
48.2309
48.2436
48.2573
48.2721
48.2878
48.3048
48.3229
48.3424
48.3634
48.386
48.4102
48.4362
48.4642
48.4941
48.526
48.56
48.5961
48.6343
48.6745
48.7166
48.7605
48.806
48.8529
48.9011
48.9502
48.9999
49.0499
49.0999
49.1495
49.1982
49.2457
49.2916
49.3355
49.3768
49.4153
49.4506
49.4821
49.5097
49.533
49.552
49.5661
2.23299
2.5213
3.02004
3.97831
5.81132
8.95327
13.4245
18.6064
23.6547
28.0086
31.4918
34.1618
36.1611
37.6393
38.7238
39.5144
40.0865
40.4959
40.7841
40.9815
41.1107
41.1886
41.2279
41.238
41.2264
41.1984
41.1584
41.1096
41.0547
40.9954
40.9335
40.87
40.806
40.7421
40.6789
40.6168
40.5563
40.4974
40.4405
40.3856
40.3328
40.2823
40.234
40.1879
40.1442
40.1026
40.0633
40.0262
39.9913
39.9585
39.9278
39.8991
39.8724
39.8476
39.8247
39.8037
39.7844
39.7669
39.751
39.7369
39.7243
39.7132
39.7037
39.6957
39.6891
39.6839
39.68
39.6775
39.6762
39.6761
39.6772
39.6794
39.6826
39.6866
39.6916
39.6975
39.7041
39.7116
39.7198
39.7288
39.7385
39.7489
39.76
39.7719
39.7845
39.798
39.8123
39.8277
39.844
39.8615
39.8801
39.9001
39.9215
39.9443
39.9686
39.9945
40.0219
40.051
40.0817
40.1139
40.1476
40.1828
40.2191
40.2567
40.2951
40.3343
40.3741
40.414
40.454
40.4936
40.5326
40.5707
40.6075
40.6426
40.6759
40.7069
40.7353
40.7607
40.7831
40.8019
40.8174
40.8294
2.04415
2.12289
2.29752
2.64296
3.30166
4.4877
6.42603
9.18516
12.5445
16.0848
19.4152
22.3108
24.7067
26.6315
28.1526
29.344
30.2729
30.9955
31.5567
31.9918
32.3282
32.5874
32.7857
32.936
33.0484
33.1307
33.1891
33.2286
33.2529
33.2653
33.2683
33.2638
33.2534
33.2386
33.2203
33.1994
33.1767
33.1528
33.128
33.1028
33.0776
33.0525
33.0278
33.0037
32.9803
32.9576
32.9359
32.9151
32.8953
32.8766
32.8589
32.8424
32.827
32.8127
32.7995
32.7874
32.7764
32.7666
32.7578
32.7501
32.7435
32.7379
32.7333
32.7298
32.7272
32.7256
32.725
32.7252
32.7264
32.7285
32.7314
32.7351
32.7396
32.7447
32.7505
32.7568
32.7638
32.7713
32.7794
32.7881
32.7973
32.807
32.8172
32.8281
32.8395
32.8515
32.8641
32.8775
32.8916
32.9066
32.9225
32.9393
32.9572
32.9762
32.9963
33.0175
33.04
33.0637
33.0885
33.1146
33.1418
33.1701
33.1993
33.2295
33.2603
33.2917
33.3236
33.3556
33.3877
33.4195
33.4508
33.4814
33.5109
33.5393
33.5661
33.5911
33.6141
33.6348
33.653
33.6685
33.6813
33.6915
1.93662
1.89378
1.9091
1.99887
2.20581
2.60135
3.28857
4.38475
5.96585
7.99812
10.3235
12.7231
15.0051
17.0512
18.8156
20.3
21.5307
22.5425
23.3709
24.0479
24.6009
25.053
25.4228
25.7255
25.9736
26.1769
26.3435
26.4799
26.5915
26.6825
26.7565
26.8165
26.8647
26.9033
26.9338
26.9576
26.9758
26.9895
26.9994
27.0062
27.0105
27.0127
27.0133
27.0126
27.0108
27.0083
27.0053
27.0019
26.9983
26.9947
26.991
26.9875
26.9842
26.9812
26.9785
26.9761
26.9742
26.9727
26.9717
26.9712
26.9712
26.9717
26.9728
26.9744
26.9766
26.9793
26.9826
26.9865
26.9908
26.9958
27.0012
27.0072
27.0136
27.0205
27.0278
27.0355
27.0435
27.0519
27.0606
27.0697
27.0792
27.089
27.0991
27.1097
27.1206
27.1319
27.1437
27.156
27.1688
27.1822
27.1963
27.211
27.2265
27.2427
27.2598
27.2777
27.2965
27.3161
27.3367
27.3581
27.3804
27.4034
27.4272
27.4516
27.4766
27.502
27.5277
27.5535
27.5794
27.605
27.6303
27.6549
27.6788
27.7017
27.7234
27.7437
27.7624
27.7793
27.7941
27.8068
27.8174
27.8263
1.87971
1.76618
1.6969
1.6702
1.69599
1.79455
1.99808
2.35263
2.91532
3.74022
4.85282
6.22679
7.78258
9.41177
11.0108
12.5043
13.8504
15.0348
16.0607
16.9406
17.6911
18.3291
18.8711
19.3314
19.7227
20.0558
20.3398
20.5824
20.79
20.968
21.121
21.2527
21.3662
21.4643
21.5492
21.6228
21.6867
21.7424
21.7908
21.8332
21.8703
21.9028
21.9314
21.9567
21.9791
21.9989
22.0167
22.0326
22.047
22.0601
22.072
22.083
22.0932
22.1028
22.1119
22.1205
22.1288
22.1368
22.1446
22.1524
22.16
22.1677
22.1754
22.1831
22.1909
22.1989
22.207
22.2153
22.2237
22.2324
22.2412
22.2503
22.2595
22.269
22.2787
22.2885
22.2984
22.3084
22.3186
22.3289
22.3394
22.3501
22.3609
22.3719
22.3831
22.3946
22.4063
22.4184
22.4307
22.4434
22.4565
22.4701
22.4841
22.4987
22.5138
22.5294
22.5457
22.5626
22.5801
22.5982
22.6168
22.636
22.6558
22.6759
22.6965
22.7173
22.7383
22.7594
22.7805
22.8014
22.8219
22.842
22.8614
22.88
22.8977
22.9142
22.9294
22.9432
22.9554
22.9658
22.9745
22.9821
1.85262
1.70013
1.58443
1.50014
1.44691
1.42874
1.45383
1.53512
1.69135
1.94726
2.33147
2.87025
3.57781
4.44717
5.44734
6.52935
7.63811
8.72432
9.75159
10.698
11.554
12.3183
12.995
13.5909
14.114
14.5724
14.974
15.3259
15.6346
15.9057
16.1442
16.3544
16.5401
16.7043
16.85
16.9795
17.0948
17.1977
17.2898
17.3725
17.4467
17.5137
17.5742
17.6291
17.6789
17.7243
17.7657
17.8037
17.8386
17.8709
17.9007
17.9283
17.9541
17.9782
18.0008
18.0221
18.0423
18.0614
18.0796
18.097
18.1138
18.1299
18.1454
18.1605
18.1752
18.1896
18.2037
18.2175
18.2311
18.2445
18.2578
18.2709
18.284
18.2969
18.3098
18.3226
18.3354
18.348
18.3605
18.373
18.3854
18.3977
18.41
18.4224
18.4347
18.4471
18.4596
18.4722
18.4849
18.4978
18.5108
18.5241
18.5377
18.5515
18.5656
18.5801
18.5949
18.6101
18.6256
18.6415
18.6578
18.6744
18.6913
18.7085
18.7259
18.7434
18.7611
18.7787
18.7962
18.8135
18.8304
18.847
18.863
18.8783
18.8928
18.9064
18.9189
18.9302
18.9402
18.9487
18.956
18.9624
1.84139
1.6697
1.52946
1.4157
1.32537
1.25752
1.21298
1.19428
1.2059
1.25453
1.3495
1.50277
1.72823
2.03963
2.44734
2.95456
3.55469
4.23102
4.95936
5.71237
6.46405
7.19312
7.88439
8.52869
9.1217
9.66265
10.153
10.5957
10.9943
11.3526
11.6744
11.9636
12.2235
12.4574
12.668
12.858
13.0296
13.1848
13.3256
13.4534
13.5697
13.6757
13.7725
13.8612
13.9424
14.0171
14.0859
14.1494
14.2082
14.2626
14.3132
14.3604
14.4043
14.4455
14.4841
14.5203
14.5545
14.5867
14.6173
14.6463
14.6738
14.7001
14.7252
14.7493
14.7724
14.7947
14.8161
14.8368
14.8569
14.8764
14.8954
14.9138
14.9318
14.9494
14.9666
14.9835
15.0001
15.0163
15.0322
15.0478
15.063
15.0781
15.0928
15.1074
15.1218
15.136
15.1501
15.1641
15.1781
15.192
15.2059
15.2198
15.2337
15.2478
15.2619
15.2761
15.2905
15.305
15.3197
15.3345
15.3495
15.3646
15.3798
15.3951
15.4105
15.4258
15.4412
15.4564
15.4714
15.4862
15.5007
15.5147
15.5282
15.5411
15.5533
15.5646
15.5751
15.5845
15.5928
15.5999
15.606
15.6114
1.83747
1.65774
1.50597
1.37779
1.26982
1.17973
1.10613
1.0485
1.0071
0.982967
0.978021
0.995182
1.03851
1.11327
1.22579
1.383
1.59157
1.8566
2.1803
2.56083
2.992
3.4637
3.96324
4.47698
4.99199
5.49723
5.98422
6.44713
6.88244
7.28853
7.66513
8.01289
8.33305
8.6272
8.89711
9.14461
9.37153
9.57963
9.77057
9.94592
10.1071
10.2554
10.392
10.5181
10.6345
10.7422
10.842
10.9346
11.0206
11.1007
11.1754
11.2451
11.3103
11.3714
11.4288
11.4827
11.5335
11.5814
11.6266
11.6695
11.7101
11.7487
11.7854
11.8203
11.8537
11.8856
11.9162
11.9455
11.9737
12.0008
12.027
12.0522
12.0766
12.1002
12.1231
12.1453
12.1668
12.1878
12.2082
12.2281
12.2474
12.2662
12.2845
12.3023
12.3198
12.3368
12.3536
12.37
12.3861
12.402
12.4177
12.4332
12.4485
12.4637
12.4787
12.4937
12.5086
12.5235
12.5383
12.553
12.5677
12.5823
12.5969
12.6114
12.6258
12.6401
12.6541
12.668
12.6816
12.6948
12.7077
12.7201
12.732
12.7433
12.7539
12.7637
12.7728
12.7809
12.788
12.7941
12.7993
12.804
1.83635
1.65389
1.49762
1.36332
1.24761
1.14783
1.062
0.988661
0.926848
0.875995
0.835924
0.806832
0.789309
0.784375
0.793528
0.818789
0.862716
0.928351
1.01906
1.13827
1.28904
1.47355
1.69265
1.94546
2.22922
2.53944
2.87029
3.21516
3.56728
3.92031
4.26872
4.60806
4.93502
5.24734
5.54368
5.8234
6.08641
6.33298
6.56365
6.7791
6.98012
7.16758
7.34232
7.50523
7.65714
7.79886
7.93116
8.05475
8.17031
8.27846
8.37977
8.47476
8.56392
8.64771
8.72654
8.80079
8.87081
8.93693
8.99943
9.05859
9.11466
9.16786
9.21841
9.26649
9.31229
9.35597
9.39767
9.43754
9.4757
9.51227
9.54736
9.58107
9.61348
9.64469
9.67477
9.70379
9.73181
9.7589
9.78511
9.81049
9.83509
9.85894
9.88203
9.90439
9.92608
9.94714
9.96761
9.98753
10.0069
10.0259
10.0444
10.0625
10.0802
10.0976
10.1146
10.1313
10.1478
10.164
10.1799
10.1956
10.2111
10.2263
10.2412
10.2559
10.2703
10.2845
10.2983
10.3117
10.3248
10.3375
10.3496
10.3613
10.3724
10.3828
10.3926
10.4017
10.4099
10.4173
10.4237
10.4292
10.4339
10.4382
1.8361
1.6529
1.49526
1.35888
1.24033
1.13688
1.04634
0.966998
0.8975
0.836801
0.784121
0.738903
0.700795
0.66963
0.645428
0.628393
0.618928
0.617651
0.625408
0.643286
0.672608
0.714903
0.771843
0.845141
0.936407
1.04697
1.17771
1.32885
1.49987
1.68946
1.89555
2.11545
2.34602
2.58391
2.82576
3.06842
3.30912
3.54551
3.77573
3.99839
4.21254
4.41758
4.61322
4.79937
4.97613
5.1437
5.30236
5.45246
5.59436
5.72846
5.85518
5.97492
6.08809
6.19508
6.29628
6.39206
6.48275
6.56869
6.65018
6.7275
6.80094
6.87073
6.93711
7.0003
7.06051
7.11792
7.17271
7.22506
7.27511
7.32302
7.3689
7.4129
7.45511
7.49566
7.53463
7.57212
7.60822
7.643
7.67653
7.70888
7.74013
7.77032
7.7995
7.82774
7.85504
7.88141
7.9069
7.93159
7.9555
7.97869
8.00118
8.02304
8.04427
8.06493
8.08503
8.10461
8.12368
8.14227
8.1604
8.17807
8.19529
8.21207
8.22842
8.24432
8.25977
8.27475
8.28926
8.30327
8.31676
8.3297
8.34206
8.3538
8.36489
8.37528
8.38494
8.39383
8.4019
8.40911
8.41541
8.4208
8.4254
8.4296
1.83605
1.6527
1.49473
1.35782
1.23848
1.13393
1.04192
0.960651
0.888632
0.82467
0.767793
0.717216
0.672311
0.632587
0.597667
0.567277
0.541239
0.519467
0.501959
0.488804
0.480185
0.476377
0.477764
0.484832
0.498176
0.518492
0.546563
0.583231
0.629359
0.685782
0.753241
0.832318
0.923369
1.02647
1.14136
1.26745
1.40383
1.54927
1.70234
1.86143
2.02486
2.19096
2.35813
2.52491
2.69003
2.85242
3.01119
3.16569
3.31544
3.46009
3.59948
3.73349
3.86214
3.98546
4.10357
4.21659
4.32467
4.42799
4.52673
4.62106
4.71118
4.79729
4.87958
4.95823
5.03343
5.10536
5.17419
5.2401
5.30323
5.36374
5.42176
5.47743
5.53087
5.5822
5.63153
5.67897
5.7246
5.76852
5.81083
5.85159
5.89089
5.9288
5.96539
6.00072
6.03484
6.06784
6.09972
6.1305
6.16021
6.18891
6.21666
6.2435
6.26946
6.29458
6.31891
6.34246
6.36527
6.38737
6.40876
6.42948
6.44953
6.46892
6.48767
6.50577
6.52322
6.54002
6.55616
6.57164
6.58642
6.60051
6.61387
6.62649
6.63835
6.64941
6.65965
6.66904
6.67755
6.68517
6.69185
6.69759
6.70253
6.707
1.83603
1.65264
1.49462
1.3576
1.23811
1.13332
1.04098
0.959246
0.886595
0.821781
0.76377
0.711705
0.664871
0.622675
0.584622
0.550304
0.519386
0.491594
0.466712
0.444572
0.425055
0.408081
0.393614
0.381659
0.372259
0.365503
0.36152
0.360489
0.362632
0.368221
0.377575
0.391057
0.409065
0.432026
0.460379
0.49456
0.534977
0.581988
0.635877
0.696829
0.764907
0.840041
0.922014
1.01047
1.1049
1.2047
1.30914
1.41744
1.52877
1.64228
1.75714
1.87258
1.98787
2.10236
2.2155
2.32681
2.43591
2.54251
2.64638
2.74736
2.84536
2.94033
3.03224
3.12112
3.20699
3.28991
3.36993
3.44714
3.5216
3.59339
3.6626
3.72932
3.79363
3.85561
3.91537
3.97298
4.02853
4.0821
4.13378
4.18365
4.23179
4.27825
4.32313
4.36647
4.40835
4.44882
4.48794
4.52577
4.56234
4.59768
4.63179
4.66471
4.69648
4.72715
4.75676
4.78534
4.81293
4.83955
4.86522
4.88998
4.91383
4.93678
4.95886
4.98008
5.00042
5.01991
5.03853
5.05628
5.07317
5.08917
5.10428
5.1185
5.1318
5.14418
5.15562
5.16611
5.17562
5.18416
5.19171
5.19827
5.20397
5.2091
1.83602
1.65261
1.49457
1.35754
1.23801
1.13319
1.0408
0.958995
0.886239
0.821274
0.763051
0.710688
0.663449
0.620708
0.581938
0.54669
0.514581
0.485287
0.45853
0.434076
0.411723
0.391305
0.372681
0.355736
0.340378
0.326535
0.314157
0.30321
0.293681
0.285572
0.278905
0.273723
0.270083
0.268068
0.267776
0.26933
0.272873
0.278569
0.2866
0.297167
0.310483
0.326773
0.346263
0.369176
0.395724
0.426099
0.460463
0.49894
0.541608
0.58849
0.63955
0.694692
0.753756
0.816522
0.882715
0.952011
1.02404
1.09842
1.17473
1.25255
1.33145
1.41104
1.49092
1.57074
1.65017
1.72892
1.80674
1.88342
1.95879
2.0327
2.10505
2.17576
2.24477
2.31206
2.3776
2.4414
2.50345
2.56378
2.62241
2.67935
2.73465
2.78832
2.8404
2.89091
2.9399
2.9874
3.03343
3.07803
3.12124
3.16307
3.20359
3.24281
3.28073
3.31734
3.35266
3.38674
3.41959
3.45126
3.48175
3.51109
3.53931
3.5664
3.59239
3.61729
3.6411
3.66383
3.68549
3.70608
3.7256
3.74405
3.76143
3.77775
3.793
3.80718
3.8203
3.83235
3.84334
3.85326
3.86212
3.86994
3.87684
3.88306
1.83602
1.65258
1.49453
1.35749
1.23795
1.13313
1.04073
0.958918
0.886153
0.821175
0.76293
0.710534
0.663244
0.620428
0.581551
0.546153
0.513841
0.484276
0.457165
0.432255
0.409327
0.388188
0.368672
0.350636
0.333951
0.31851
0.304216
0.290989
0.278758
0.267465
0.25706
0.247503
0.238763
0.230816
0.223648
0.217252
0.211627
0.206783
0.202736
0.199511
0.19714
0.195665
0.195138
0.195619
0.197177
0.199891
0.203849
0.209148
0.215891
0.224188
0.234154
0.245906
0.259562
0.275238
0.293041
0.313075
0.335427
0.36017
0.38736
0.41703
0.449189
0.483822
0.520885
0.560311
0.602002
0.645839
0.691675
0.739348
0.788673
0.839456
0.89149
0.944564
0.998462
1.05297
1.10789
1.16302
1.21817
1.27316
1.32785
1.38207
1.43571
1.48865
1.5408
1.59207
1.6424
1.69172
1.74
1.78719
1.83328
1.87823
1.92204
1.9647
2.00619
2.04653
2.0857
2.12368
2.16043
2.19594
2.23022
2.26326
2.29508
2.32567
2.35503
2.38316
2.41008
2.43578
2.46026
2.48354
2.50562
2.52652
2.54623
2.56477
2.58216
2.5984
2.61352
2.62752
2.64042
2.65225
2.66301
2.67275
2.68156
2.68961
1.83601
1.65256
1.4945
1.35744
1.2379
1.13307
1.04068
0.958862
0.886097
0.821119
0.762874
0.710479
0.663188
0.620369
0.581486
0.546077
0.513746
0.484154
0.457003
0.432037
0.409031
0.387791
0.368143
0.349936
0.333036
0.317326
0.302702
0.28907
0.276348
0.264464
0.253353
0.242957
0.233225
0.224112
0.215578
0.207589
0.200113
0.193125
0.186603
0.180527
0.174883
0.169658
0.164845
0.160438
0.156435
0.152837
0.149649
0.146879
0.144537
0.142639
0.141203
0.140252
0.139811
0.139911
0.140587
0.141877
0.143823
0.146472
0.149873
0.154082
0.159152
0.165144
0.172116
0.180131
0.189247
0.199525
0.211021
0.223788
0.237875
0.253324
0.270169
0.288437
0.308142
0.329293
0.351881
0.375891
0.401292
0.428041
0.456085
0.485358
0.515782
0.547271
0.579727
0.613046
0.647119
0.681828
0.717054
0.752677
0.788574
0.824625
0.860713
0.896722
0.932544
0.968077
1.00322
1.0379
1.07204
1.10556
1.13838
1.17041
1.20162
1.23195
1.26136
1.28983
1.31734
1.34386
1.3694
1.39393
1.41747
1.44001
1.46156
1.48214
1.50174
1.52039
1.5381
1.55489
1.57077
1.58576
1.59988
1.61315
1.62563
1.63739
1.83601
1.65254
1.49448
1.35742
1.23787
1.13304
1.04064
0.958826
0.886061
0.821083
0.762838
0.710444
0.663153
0.620336
0.581454
0.546046
0.513716
0.484124
0.456972
0.432004
0.408994
0.387747
0.368088
0.349865
0.332945
0.317207
0.302545
0.288866
0.276084
0.264125
0.25292
0.24241
0.232539
0.223258
0.214524
0.206295
0.198537
0.191216
0.184303
0.177772
0.171597
0.165758
0.160235
0.155011
0.150069
0.145397
0.140981
0.136812
0.132879
0.129176
0.125696
0.122433
0.119385
0.116549
0.113924
0.11151
0.109309
0.107324
0.105559
0.104021
0.102717
0.101657
0.10085
0.100309
0.100049
0.100085
0.100436
0.10112
0.10216
0.103578
0.105401
0.107653
0.110364
0.113563
0.117281
0.121547
0.126396
0.131857
0.137963
0.144743
0.152228
0.160445
0.169418
0.17917
0.189719
0.201079
0.213261
0.226268
0.240101
0.254752
0.27021
0.286455
0.303464
0.321206
0.339646
0.358741
0.378448
0.398717
0.4195
0.440744
0.462386
0.484361
0.506602
0.529041
0.551613
0.574251
0.596893
0.619476
0.64194
0.664231
0.686294
0.708082
0.729546
0.750647
0.771345
0.791607
0.8114
0.830698
0.849477
0.867717
0.885405
0.902503
1.83601
1.65254
1.49448
1.35742
1.23787
1.13304
1.04064
0.958826
0.886061
0.821083
0.762838
0.710444
0.663153
0.620336
0.581454
0.546046
0.513716
0.484124
0.456972
0.432004
0.408994
0.387747
0.368088
0.349865
0.332945
0.317207
0.302545
0.288866
0.276084
0.264125
0.25292
0.24241
0.232539
0.223258
0.214524
0.206296
0.198538
0.191217
0.184304
0.177773
0.171599
0.16576
0.160237
0.155013
0.150072
0.1454
0.140984
0.136815
0.132883
0.129181
0.125701
0.122439
0.119392
0.116557
0.113932
0.11152
0.10932
0.107336
0.105573
0.104037
0.102735
0.101676
0.100871
0.100333
0.100075
0.100114
0.100468
0.101155
0.102198
0.103621
0.105447
0.107703
0.110419
0.113622
0.117345
0.121617
0.12647
0.131936
0.138048
0.144834
0.152324
0.160547
0.169525
0.179283
0.189837
0.201202
0.213389
0.226401
0.240237
0.254892
0.270353
0.286601
0.303612
0.321355
0.339795
0.358891
0.378597
0.398863
0.419643
0.440883
0.462521
0.484491
0.506727
0.529161
0.551729
0.574364
0.597004
0.619586
0.642053
0.664348
0.686419
0.708217
0.729697
0.750817
0.771539
0.791828
0.811653
0.830988
0.849809
0.868094
0.885832
0.902982
1.83601
1.65256
1.4945
1.35744
1.2379
1.13307
1.04068
0.958862
0.886097
0.821119
0.762874
0.710479
0.663188
0.62037
0.581486
0.546077
0.513746
0.484154
0.457003
0.432037
0.409032
0.387791
0.368143
0.349936
0.333037
0.317327
0.302703
0.289071
0.27635
0.264467
0.253356
0.242961
0.23323
0.224118
0.215585
0.207597
0.200123
0.193138
0.186617
0.180544
0.174903
0.169682
0.164872
0.16047
0.156472
0.152879
0.149698
0.146934
0.144601
0.142712
0.141286
0.140346
0.139918
0.140032
0.140723
0.14203
0.143995
0.146665
0.150089
0.154323
0.159421
0.165442
0.172446
0.180495
0.189648
0.199965
0.211502
0.224313
0.238446
0.253942
0.270836
0.289155
0.308912
0.330115
0.352758
0.376821
0.402276
0.42908
0.457178
0.486503
0.516979
0.548519
0.581024
0.614391
0.648509
0.683262
0.71853
0.754191
0.790125
0.826209
0.862327
0.898363
0.934209
0.969763
1.00493
1.03962
1.07377
1.1073
1.14013
1.17217
1.20338
1.23372
1.26315
1.29163
1.31915
1.3457
1.37125
1.39582
1.4194
1.44199
1.4636
1.48424
1.50392
1.52265
1.54046
1.55735
1.57334
1.58845
1.60269
1.61609
1.62871
1.64061
1.83602
1.65258
1.49453
1.35749
1.23795
1.13313
1.04073
0.958918
0.886153
0.821175
0.76293
0.710535
0.663244
0.620429
0.581551
0.546154
0.513842
0.484277
0.457167
0.432258
0.40933
0.388192
0.368678
0.350643
0.33396
0.318521
0.30423
0.291006
0.27878
0.267491
0.257092
0.247542
0.238809
0.230871
0.223714
0.21733
0.211719
0.206891
0.202862
0.199657
0.197309
0.195862
0.195365
0.19588
0.197476
0.200234
0.204241
0.209594
0.216397
0.224761
0.2348
0.246632
0.260375
0.276144
0.294048
0.314188
0.336653
0.361515
0.388828
0.418625
0.450914
0.485679
0.522877
0.562436
0.60426
0.648227
0.694192
0.741988
0.791433
0.84233
0.894472
0.947646
1.00164
1.05624
1.11124
1.16644
1.22166
1.27671
1.33145
1.38572
1.4394
1.49238
1.54456
1.59585
1.6462
1.69553
1.74382
1.79102
1.83711
1.88206
1.92586
1.96851
2.00998
2.05031
2.08946
2.12743
2.16416
2.19965
2.23392
2.26696
2.29878
2.32937
2.35875
2.38691
2.41387
2.43962
2.46417
2.48754
2.50972
2.53073
2.55057
2.56926
2.58681
2.60323
2.61854
2.63274
2.64585
2.65789
2.66888
2.67884
2.68786
2.69613
1.83602
1.65261
1.49457
1.35754
1.23801
1.13319
1.0408
0.958996
0.88624
0.821275
0.763052
0.71069
0.663451
0.620712
0.581943
0.546697
0.514591
0.4853
0.458547
0.434097
0.411751
0.39134
0.372725
0.355791
0.340446
0.32662
0.31426
0.303335
0.293831
0.285752
0.279121
0.273979
0.270387
0.268426
0.268197
0.269824
0.27345
0.27924
0.287378
0.298066
0.311518
0.327959
0.347615
0.370711
0.397458
0.428047
0.462639
0.501357
0.544276
0.591416
0.642741
0.69815
0.75748
0.820509
0.886959
0.956503
1.02877
1.10337
1.17989
1.2579
1.33698
1.41672
1.49674
1.57668
1.65621
1.73505
1.81295
1.8897
1.96512
2.03907
2.11146
2.18219
2.25122
2.31852
2.38407
2.44787
2.50992
2.57024
2.62886
2.68579
2.74107
2.79472
2.84677
2.89727
2.94623
2.99369
3.03968
3.08424
3.12741
3.1692
3.20967
3.24884
3.28671
3.32327
3.35855
3.39258
3.4254
3.45704
3.48752
3.51686
3.54508
3.5722
3.59824
3.6232
3.6471
3.66994
3.69174
3.71248
3.73219
3.75085
3.76847
3.78504
3.80057
3.81505
3.82847
3.84084
3.85216
3.86241
3.8716
3.87974
3.88695
3.89345
1.83603
1.65264
1.49462
1.35761
1.23811
1.13332
1.04099
0.95925
0.8866
0.821788
0.763781
0.71172
0.664891
0.622702
0.584658
0.550352
0.519448
0.491674
0.466814
0.444702
0.425217
0.408283
0.393863
0.381964
0.372631
0.365954
0.362065
0.361143
0.363415
0.369155
0.378685
0.392369
0.41061
0.433835
0.462486
0.496998
0.53778
0.585189
0.639504
0.700907
0.769455
0.84507
0.927529
1.01646
1.11137
1.21162
1.3165
1.4252
1.5369
1.65074
1.7659
1.8816
1.99711
2.11178
2.22507
2.3365
2.4457
2.55237
2.65629
2.75731
2.85533
2.9503
3.04221
3.13108
3.21693
3.29982
3.37982
3.45698
3.5314
3.60316
3.67233
3.739
3.80326
3.8652
3.92491
3.98247
4.03797
4.09149
4.14312
4.19294
4.24102
4.28743
4.33225
4.37553
4.41735
4.45775
4.4968
4.53455
4.57105
4.60631
4.64034
4.67318
4.70488
4.73548
4.76504
4.79357
4.82112
4.84772
4.87339
4.89817
4.92206
4.9451
4.96728
4.98863
5.00915
5.02884
5.0477
5.06573
5.08293
5.09928
5.11478
5.1294
5.14314
5.15597
5.16787
5.17883
5.18883
5.19783
5.20584
5.21283
5.21893
5.22443
1.83605
1.6527
1.49473
1.35782
1.23849
1.13394
1.04194
0.960672
0.888663
0.824713
0.767852
0.717295
0.672418
0.632727
0.597848
0.567509
0.541536
0.519841
0.502429
0.48939
0.480911
0.477274
0.478865
0.486178
0.499814
0.520476
0.548952
0.58609
0.632756
0.689785
0.757917
0.837727
0.929562
1.03348
1.14921
1.27614
1.41334
1.55958
1.71338
1.87315
2.03718
2.20381
2.37143
2.53859
2.70401
2.86663
3.02559
3.18022
3.33005
3.47475
3.61415
3.74816
3.87678
4.00007
4.11812
4.23107
4.33908
4.44232
4.54097
4.63521
4.72525
4.81126
4.89345
4.97201
5.04712
5.11896
5.1877
5.25352
5.31657
5.37699
5.43493
5.49052
5.54389
5.59515
5.64441
5.69177
5.73733
5.78118
5.82341
5.8641
5.90333
5.94116
5.97766
6.01291
6.04695
6.07985
6.11163
6.14231
6.17192
6.20052
6.22816
6.2549
6.28077
6.30582
6.33009
6.3536
6.37639
6.39849
6.41993
6.44072
6.46089
6.48044
6.49939
6.51774
6.53549
6.55264
6.56919
6.58511
6.6004
6.61503
6.62898
6.64222
6.65471
6.66644
6.67735
6.68742
6.6966
6.70485
6.71214
6.71844
6.72389
6.7288
1.8361
1.65291
1.49527
1.3589
1.24036
1.13692
1.04641
0.967098
0.897637
0.836986
0.784367
0.739227
0.701217
0.670177
0.646129
0.629287
0.620063
0.619085
0.627212
0.645545
0.675421
0.718384
0.776119
0.850345
0.942674
1.05443
1.18646
1.33896
1.51139
1.70238
1.90983
2.131
2.36273
2.60162
2.84433
3.08771
3.32897
3.56578
3.7963
4.01916
4.23343
4.43852
4.63416
4.82026
4.99694
5.1644
5.32293
5.47287
5.61462
5.74856
5.87511
5.99468
6.10768
6.2145
6.31554
6.41115
6.50168
6.58746
6.6688
6.74599
6.81928
6.88893
6.95518
7.01825
7.07833
7.13563
7.19031
7.24255
7.2925
7.34031
7.3861
7.43001
7.47214
7.5126
7.55149
7.58891
7.62492
7.65962
7.69307
7.72534
7.75649
7.78659
7.81567
7.8438
7.87099
7.89723
7.9226
7.94716
7.97094
7.994
8.01638
8.03812
8.05926
8.07984
8.09989
8.11945
8.13854
8.15719
8.17542
8.19326
8.2107
8.22777
8.24447
8.26079
8.27674
8.29229
8.30743
8.32214
8.33639
8.35014
8.36336
8.376
8.38802
8.39935
8.40996
8.41977
8.42873
8.43679
8.44388
8.44996
8.45516
8.45985
1.83636
1.65391
1.49766
1.3634
1.24773
1.14801
1.06225
0.989009
0.927316
0.876617
0.836745
0.807909
0.790715
0.786204
0.795899
0.821852
0.866653
0.933377
1.02542
1.14622
1.29883
1.48541
1.70674
1.96185
2.24789
2.56029
2.89312
3.23972
3.59328
3.94745
4.29671
4.63666
4.964
5.27653
5.57294
5.85263
6.11552
6.36191
6.59234
6.80753
7.00828
7.19544
7.36989
7.53249
7.6841
7.82553
7.95755
8.08087
8.19616
8.30405
8.40511
8.49986
8.5888
8.67237
8.751
8.82505
8.89488
8.96081
9.02315
9.08214
9.13806
9.19111
9.24152
9.28947
9.33514
9.3787
9.42029
9.46005
9.4981
9.53458
9.56958
9.6032
9.63553
9.66665
9.69665
9.72559
9.75353
9.78054
9.80666
9.83195
9.85644
9.88017
9.90314
9.92536
9.94691
9.96781
9.98813
10.0079
10.0271
10.0459
10.0643
10.0823
10.0999
10.1172
10.1342
10.151
10.1675
10.1838
10.2
10.216
10.2318
10.2475
10.263
10.2784
10.2936
10.3085
10.3233
10.3378
10.352
10.3658
10.3792
10.3922
10.4046
10.4163
10.4274
10.4376
10.447
10.4555
10.4629
10.4692
10.4746
10.4794
1.8375
1.65781
1.50612
1.37805
1.2702
1.18027
1.10687
1.04951
1.00845
0.984782
0.980453
0.998438
1.04286
1.11906
1.23344
1.39298
1.60436
1.87266
2.19993
2.58419
3.019
3.49408
3.99655
4.51268
5.02952
5.53606
6.02388
6.48724
6.9227
7.32872
7.70509
8.0525
8.37224
8.66592
8.93532
9.1823
9.40871
9.6163
9.80675
9.98162
10.1423
10.2902
10.4264
10.5521
10.6681
10.7754
10.8749
10.9671
11.0529
11.1327
11.2071
11.2766
11.3416
11.4025
11.4596
11.5133
11.5639
11.6116
11.6567
11.6994
11.7398
11.7783
11.8148
11.8497
11.8829
11.9147
11.9452
11.9744
12.0025
12.0296
12.0556
12.0808
12.1051
12.1286
12.1514
12.1735
12.195
12.2159
12.2362
12.2559
12.2751
12.2938
12.3119
12.3296
12.3468
12.3637
12.3802
12.3965
12.4124
12.4281
12.4436
12.459
12.4742
12.4893
12.5044
12.5195
12.5346
12.5497
12.5649
12.5801
12.5954
12.6108
12.6263
12.6418
12.6573
12.6729
12.6883
12.7037
12.7188
12.7338
12.7483
12.7625
12.7761
12.7892
12.8015
12.8129
12.8234
12.8328
12.8411
12.8481
12.854
12.8591
1.84147
1.66992
1.52989
1.41637
1.32636
1.2589
1.21488
1.19691
1.20954
1.25958
1.35651
1.51247
1.74146
2.05731
2.47028
2.98331
3.58935
4.27125
5.00441
5.76123
6.51568
7.24653
7.93878
8.58342
9.17633
9.71685
10.2066
10.6485
11.0463
11.4037
11.7247
12.013
12.2721
12.5052
12.715
12.9043
13.0752
13.2299
13.3701
13.4973
13.6131
13.7186
13.815
13.9032
13.9841
14.0584
14.1269
14.1901
14.2485
14.3027
14.353
14.3999
14.4437
14.4846
14.523
14.559
14.593
14.6251
14.6555
14.6843
14.7117
14.7379
14.7629
14.7868
14.8098
14.832
14.8533
14.8739
14.8939
14.9134
14.9322
14.9506
14.9686
14.9861
15.0032
15.02
15.0365
15.0526
15.0684
15.0839
15.099
15.1138
15.1284
15.1427
15.1569
15.1709
15.1847
15.1985
15.2122
15.2259
15.2395
15.2533
15.2672
15.2812
15.2954
15.3099
15.3245
15.3395
15.3548
15.3704
15.3864
15.4026
15.4191
15.4359
15.453
15.4702
15.4874
15.5048
15.522
15.5391
15.5558
15.5722
15.5881
15.6032
15.6175
15.6309
15.6432
15.6542
15.6638
15.6718
15.6785
15.6841
1.85285
1.70072
1.58546
1.5017
1.44916
1.43197
1.45847
1.54185
1.70114
1.96146
2.3517
2.89816
3.61465
4.49336
5.50231
6.59165
7.70585
8.79557
9.82472
10.7718
11.6275
12.391
13.0665
13.6611
14.1827
14.6397
15.0399
15.3905
15.6979
15.9679
16.2053
16.4145
16.5991
16.7625
16.9074
17.0361
17.1507
17.253
17.3445
17.4266
17.5004
17.5669
17.627
17.6814
17.7308
17.7759
17.817
17.8547
17.8893
17.9213
17.9508
17.9783
18.0038
18.0277
18.0501
18.0713
18.0912
18.1102
18.1283
18.1455
18.1621
18.1781
18.1936
18.2086
18.2232
18.2374
18.2514
18.2652
18.2787
18.292
18.3053
18.3183
18.3313
18.3442
18.3571
18.3698
18.3825
18.395
18.4073
18.4196
18.4318
18.4439
18.456
18.4681
18.4801
18.4922
18.5043
18.5166
18.529
18.5416
18.5544
18.5675
18.581
18.5949
18.6092
18.6241
18.6394
18.6554
18.6719
18.689
18.7067
18.7249
18.7438
18.763
18.7828
18.8029
18.8232
18.8437
18.8641
18.8845
18.9046
18.9242
18.9432
18.9614
18.9787
18.9947
19.0094
19.0225
19.0338
19.0433
19.0509
19.0571
1.88026
1.76748
1.69908
1.67351
1.70095
1.80207
2.00961
2.37039
2.94219
3.77923
4.90608
6.29451
7.86286
9.50137
11.1062
12.6024
13.9491
15.1326
16.1567
17.0345
17.7826
18.4184
18.9581
19.4163
19.8056
20.1369
20.4192
20.6603
20.8665
21.0433
21.1951
21.3257
21.4383
21.5356
21.6196
21.6925
21.7558
21.8108
21.8587
21.9005
21.9371
21.9692
21.9974
22.0222
22.0443
22.0638
22.0813
22.0969
22.111
22.1238
22.1355
22.1463
22.1563
22.1657
22.1746
22.183
22.1911
22.199
22.2067
22.2143
22.2219
22.2294
22.237
22.2446
22.2524
22.2603
22.2683
22.2765
22.2849
22.2935
22.3023
22.3113
22.3205
22.3299
22.3395
22.3492
22.359
22.3689
22.3789
22.3891
22.3993
22.4096
22.4201
22.4308
22.4416
22.4526
22.4639
22.4755
22.4875
22.4999
22.5127
22.5261
22.5402
22.5549
22.5704
22.5867
22.6038
22.6218
22.6407
22.6605
22.6812
22.7028
22.7252
22.7483
22.7721
22.7964
22.8211
22.8461
22.8711
22.896
22.9206
22.9446
22.9679
22.9901
23.0111
23.0306
23.0483
23.0641
23.0776
23.0887
23.0974
23.1042
1.9378
1.89636
1.91341
2.00574
2.21689
2.61955
3.31844
4.43183
6.03458
8.0893
10.4335
12.8459
15.1344
17.1824
18.9456
20.4273
21.6544
22.6625
23.4872
24.1607
24.7106
25.1597
25.5269
25.8273
26.0733
26.2747
26.4396
26.5745
26.6847
26.7745
26.8474
26.9063
26.9536
26.9913
27.0211
27.0442
27.0618
27.0749
27.0842
27.0905
27.0943
27.0961
27.0963
27.0952
27.0931
27.0903
27.087
27.0833
27.0795
27.0755
27.0717
27.068
27.0645
27.0612
27.0583
27.0558
27.0538
27.0522
27.051
27.0504
27.0503
27.0507
27.0517
27.0532
27.0553
27.058
27.0612
27.065
27.0693
27.0742
27.0796
27.0856
27.092
27.0989
27.1061
27.1137
27.1216
27.1298
27.1383
27.1471
27.1562
27.1656
27.1753
27.1853
27.1957
27.2064
27.2177
27.2294
27.2418
27.2548
27.2686
27.2832
27.2988
27.3154
27.333
27.3519
27.372
27.3933
27.4159
27.4397
27.4649
27.4912
27.5186
27.5471
27.5764
27.6065
27.6371
27.6681
27.6991
27.73
27.7604
27.7901
27.8189
27.8462
27.872
27.8958
27.9173
27.9363
27.9524
27.9654
27.9753
27.9824
2.04645
2.12773
2.30595
2.65758
3.32772
4.53374
6.5018
9.29579
12.6862
16.2471
19.587
22.4842
24.877
26.7966
28.3117
29.4973
30.4207
31.1383
31.6951
32.1263
32.4594
32.7155
32.9112
33.0592
33.1695
33.25
33.3068
33.3447
33.3678
33.379
33.3808
33.3753
33.3641
33.3484
33.3294
33.3079
33.2845
33.26
33.2347
33.209
33.1833
33.1578
33.1328
33.1083
33.0845
33.0615
33.0395
33.0184
32.9984
32.9794
32.9616
32.9448
32.9292
32.9147
32.9014
32.8891
32.878
32.868
32.8591
32.8513
32.8446
32.8389
32.8342
32.8306
32.828
32.8263
32.8256
32.8259
32.8271
32.8291
32.832
32.8357
32.8402
32.8453
32.8509
32.8572
32.864
32.8713
32.8791
32.8874
32.8961
32.9053
32.9149
32.9251
32.9357
32.947
32.9589
32.9716
32.9852
32.9997
33.0153
33.0321
33.0502
33.0698
33.0908
33.1135
33.1378
33.1638
33.1916
33.221
33.2522
33.2849
33.3191
33.3546
33.3913
33.4289
33.4672
33.5059
33.5447
33.5832
33.6211
33.6581
33.6936
33.7275
33.7591
33.7882
33.8144
33.8373
33.8565
33.8718
33.883
33.8903
2.23713
2.53016
3.03691
4.01133
5.87533
9.06502
13.589
18.8108
23.8791
28.2371
31.7155
34.377
36.3669
37.8362
38.9126
39.6962
40.2622
40.6664
40.9501
41.1436
41.2695
41.3445
41.3812
41.3891
41.3754
41.3456
41.304
41.2538
41.1976
41.1372
41.0742
41.0097
40.9448
40.8801
40.8162
40.7534
40.6922
40.6328
40.5753
40.5199
40.4667
40.4157
40.367
40.3206
40.2765
40.2347
40.1951
40.1577
40.1225
40.0895
40.0585
40.0296
40.0027
39.9778
39.9547
39.9335
39.9141
39.8964
39.8805
39.8662
39.8535
39.8424
39.8328
39.8247
39.818
39.8128
39.8089
39.8064
39.8051
39.805
39.8061
39.8083
39.8115
39.8155
39.8204
39.8261
39.8326
39.8398
39.8476
39.8561
39.8651
39.8748
39.8851
39.8961
39.9078
39.9203
39.9337
39.9481
39.9638
39.9807
39.9991
40.0191
40.0409
40.0646
40.0903
40.1181
40.1482
40.1805
40.2151
40.252
40.291
40.3321
40.375
40.4197
40.4658
40.5131
40.5612
40.6098
40.6584
40.7066
40.7539
40.8
40.8442
40.8861
40.9251
40.9609
40.9929
41.0206
41.0436
41.0616
41.0743
41.0817
2.55791
3.23424
4.47415
7.02087
11.7607
18.6935
26.4515
33.4836
39.0574
43.1541
46.0457
48.041
49.396
50.3008
50.8904
51.259
51.4724
51.5763
51.603
51.5754
51.5097
51.4178
51.3082
51.187
51.0588
50.927
50.7939
50.6615
50.5309
50.4031
50.2788
50.1585
50.0425
49.9309
49.8239
49.7215
49.6237
49.5305
49.4417
49.3574
49.2774
49.2015
49.1297
49.0618
48.9977
48.9374
48.8805
48.8272
48.7771
48.7303
48.6865
48.6457
48.6078
48.5727
48.5402
48.5104
48.483
48.458
48.4354
48.415
48.3968
48.3807
48.3666
48.3545
48.3443
48.336
48.3295
48.3248
48.3216
48.3201
48.3201
48.3214
48.3239
48.3277
48.3325
48.3384
48.3453
48.3531
48.3616
48.371
48.3811
48.392
48.4037
48.4163
48.4298
48.4443
48.46
48.4771
48.4957
48.516
48.5382
48.5626
48.5893
48.6185
48.6504
48.685
48.7226
48.763
48.8064
48.8527
48.9018
48.9535
49.0077
49.064
49.1221
49.1816
49.2421
49.3032
49.3642
49.4246
49.4839
49.5414
49.5966
49.6487
49.6971
49.7413
49.7807
49.8146
49.8425
49.864
49.8789
49.8866
3.0897
4.51457
7.5105
13.8436
23.9762
35.3993
45.2416
52.4633
57.3279
60.4562
62.4041
63.5741
64.2364
64.5675
64.6822
64.6559
64.538
64.3617
64.1491
63.9153
63.6705
63.4218
63.1739
62.9301
62.6925
62.4625
62.241
62.0284
61.8251
61.631
61.4462
61.2703
61.1032
60.9446
60.7942
60.6517
60.5168
60.3892
60.2686
60.1546
60.0471
59.9457
59.8501
59.7601
59.6755
59.5961
59.5215
59.4516
59.3863
59.3252
59.2683
59.2153
59.1662
59.1207
59.0787
59.04
59.0047
58.9724
58.9431
58.9167
58.8931
58.8722
58.8539
58.8382
58.8249
58.8139
58.8052
58.7987
58.7943
58.7919
58.7913
58.7924
58.795
58.7992
58.8048
58.8116
58.8197
58.8288
58.8389
58.85
58.862
58.8749
58.8887
58.9036
58.9197
58.9371
58.956
58.9766
58.9992
59.024
59.0513
59.0813
59.1144
59.1506
59.1903
59.2336
59.2805
59.3313
59.3858
59.444
59.5057
59.5709
59.6391
59.7099
59.7831
59.8581
59.9343
60.0111
60.0878
60.1637
60.2382
60.3103
60.3794
60.4446
60.5052
60.5604
60.6095
60.6517
60.6864
60.713
60.7313
60.7401
3.9802
6.99437
14.2291
28.0769
44.9651
59.2527
69.0256
75.0123
78.4486
80.3017
81.1992
81.5248
81.5093
81.2921
80.9579
80.5593
80.1286
79.6864
79.2452
78.8129
78.3944
77.9922
77.6079
77.2421
76.8948
76.5657
76.2542
75.9596
75.6814
75.4186
75.1706
74.9366
74.7158
74.5076
74.3112
74.1261
73.9517
73.7873
73.6325
73.4868
73.3497
73.2207
73.0995
72.9857
72.8789
72.7788
72.685
72.5974
72.5155
72.4391
72.368
72.302
72.2407
72.1842
72.132
72.0841
72.0402
72.0003
71.9641
71.9315
71.9025
71.8768
71.8543
71.835
71.8188
71.8054
71.7949
71.7872
71.782
71.7792
71.7786
71.7802
71.7837
71.7891
71.7962
71.8049
71.815
71.8263
71.8389
71.8525
71.8673
71.8831
71.9001
71.9183
71.9379
71.9591
71.9822
72.0074
72.0351
72.0656
72.0993
72.1364
72.1773
72.2223
72.2717
72.3256
72.3843
72.4478
72.516
72.589
72.6666
72.7483
72.834
72.9232
73.0152
73.1095
73.2054
73.3021
73.3987
73.4944
73.5882
73.6792
73.7664
73.8488
73.9254
73.9954
74.0576
74.1114
74.1558
74.1902
74.2141
74.2259
5.51862
12.1358
28.618
53.2721
75.163
89.4015
97.2921
101.233
102.948
103.451
103.303
102.812
102.148
101.406
100.641
99.882
99.1454
98.4402
97.7705
97.1377
96.5417
95.9813
95.4551
94.9613
94.4979
94.0631
93.6551
93.2721
92.9126
92.5749
92.2577
91.9597
91.6796
91.4163
91.1688
90.9362
90.7175
90.512
90.3188
90.1374
89.9669
89.8069
89.6568
89.5161
89.3842
89.2607
89.1453
89.0375
88.937
88.8433
88.7563
88.6755
88.6008
88.5318
88.4683
88.4101
88.3569
88.3085
88.2648
88.2256
88.1907
88.1599
88.1331
88.1103
88.0912
88.0757
88.0637
88.055
88.0495
88.0469
88.0471
88.0499
88.0552
88.0628
88.0724
88.0839
88.0971
88.1118
88.1278
88.1452
88.1638
88.1836
88.2048
88.2274
88.2517
88.2779
88.3063
88.3374
88.3715
88.409
88.4505
88.4963
88.5468
88.6026
88.6638
88.7307
88.8037
88.8827
88.9678
89.0589
89.1558
89.2582
89.3655
89.4773
89.5928
89.7114
89.832
89.9538
90.0757
90.1967
90.3155
90.4309
90.5418
90.6469
90.7451
90.8351
90.9158
90.9861
91.045
91.0915
91.1251
91.1434
8.30684
23.1874
55.9835
91.0944
114.02
125.618
130.558
132.117
132.044
131.21
130.045
128.76
127.463
126.203
125.006
123.88
122.828
121.848
120.937
120.09
119.302
118.569
117.887
117.251
116.658
116.105
115.588
115.104
114.652
114.228
113.832
113.46
113.111
112.784
112.477
112.189
111.919
111.665
111.427
111.204
110.994
110.798
110.614
110.441
110.28
110.129
109.988
109.857
109.734
109.62
109.514
109.416
109.326
109.242
109.166
109.096
109.032
108.974
108.921
108.875
108.833
108.797
108.765
108.739
108.717
108.699
108.686
108.677
108.671
108.67
108.671
108.676
108.684
108.695
108.709
108.724
108.742
108.761
108.782
108.805
108.829
108.854
108.881
108.909
108.94
108.972
109.008
109.046
109.088
109.134
109.185
109.241
109.304
109.372
109.448
109.53
109.62
109.718
109.824
109.937
110.057
110.185
110.319
110.458
110.603
110.752
110.903
111.057
111.211
111.364
111.515
111.663
111.805
111.94
112.068
112.185
112.292
112.386
112.467
112.533
112.582
112.613
13.6539
46.1866
100.89
141.893
161.711
168.972
170.465
169.543
167.685
165.531
163.354
161.269
159.321
157.52
155.863
154.341
152.944
151.66
150.477
149.387
148.38
147.449
146.585
145.784
145.039
144.345
143.699
143.096
142.533
142.007
141.515
141.054
140.623
140.219
139.84
139.485
139.152
138.839
138.547
138.272
138.015
137.774
137.548
137.337
137.14
136.956
136.784
136.623
136.474
136.336
136.207
136.088
135.979
135.878
135.785
135.7
135.623
135.554
135.491
135.436
135.386
135.344
135.307
135.276
135.251
135.231
135.217
135.208
135.203
135.203
135.207
135.216
135.228
135.244
135.262
135.284
135.308
135.334
135.362
135.391
135.423
135.455
135.49
135.526
135.564
135.605
135.649
135.697
135.749
135.806
135.869
135.938
136.014
136.098
136.19
136.292
136.402
136.522
136.652
136.792
136.941
137.099
137.265
137.439
137.619
137.805
137.996
138.189
138.384
138.579
138.772
138.961
139.144
139.32
139.487
139.643
139.787
139.915
140.028
140.123
140.2
140.253
24.4338
89.7616
166.479
206.652
220.133
222.111
219.946
216.502
212.836
209.324
206.086
203.143
200.483
198.078
195.9
193.923
192.124
190.481
188.976
187.595
186.324
185.151
184.066
183.062
182.13
181.264
180.457
179.706
179.005
178.351
177.74
177.168
176.632
176.131
175.662
175.222
174.81
174.424
174.063
173.724
173.406
173.109
172.831
172.571
172.329
172.102
171.891
171.694
171.511
171.341
171.184
171.039
170.905
170.782
170.67
170.567
170.474
170.39
170.315
170.248
170.189
170.139
170.095
170.06
170.031
170.009
169.994
169.985
169.982
169.985
169.993
170.006
170.024
170.047
170.073
170.103
170.135
170.171
170.208
170.248
170.289
170.333
170.378
170.425
170.474
170.526
170.582
170.642
170.706
170.777
170.854
170.938
171.032
171.134
171.247
171.371
171.506
171.653
171.812
171.983
172.166
172.361
172.566
172.782
173.006
173.239
173.477
173.721
173.967
174.214
174.46
174.704
174.941
175.172
175.392
175.601
175.795
175.973
176.133
176.273
176.39
176.48
46.6901
163.957
256.213
288.718
293.63
289.774
283.781
277.7
272.104
267.103
262.671
258.74
255.242
252.116
249.307
246.772
244.475
242.385
240.476
238.727
237.12
235.639
234.272
233.007
231.834
230.745
229.732
228.789
227.909
227.088
226.321
225.604
224.934
224.306
223.719
223.169
222.654
222.171
221.719
221.296
220.9
220.529
220.183
219.859
219.556
219.274
219.012
218.767
218.54
218.33
218.135
217.955
217.79
217.638
217.5
217.374
217.26
217.157
217.066
216.985
216.914
216.853
216.802
216.76
216.726
216.702
216.686
216.678
216.677
216.684
216.698
216.718
216.745
216.777
216.814
216.855
216.901
216.949
217.001
217.054
217.11
217.168
217.229
217.291
217.356
217.424
217.495
217.572
217.654
217.742
217.838
217.943
218.057
218.183
218.321
218.472
218.637
218.817
219.011
219.22
219.445
219.684
219.937
220.203
220.481
220.77
221.069
221.374
221.685
221.999
222.313
222.626
222.934
223.236
223.527
223.807
224.071
224.318
224.545
224.749
224.928
225.075
92.208
280.768
376.825
395.574
390.283
380.065
369.912
360.886
353.062
346.293
340.404
335.243
330.687
326.636
323.011
319.748
316.797
314.116
311.67
309.431
307.376
305.483
303.736
302.12
300.623
299.232
297.94
296.736
295.614
294.567
293.59
292.676
291.822
291.022
290.274
289.573
288.918
288.303
287.729
287.19
286.687
286.216
285.776
285.365
284.981
284.623
284.29
283.981
283.694
283.428
283.182
282.956
282.748
282.557
282.383
282.225
282.083
281.955
281.841
281.741
281.654
281.58
281.517
281.467
281.428
281.401
281.384
281.377
281.38
281.393
281.415
281.445
281.484
281.53
281.582
281.64
281.703
281.771
281.843
281.917
281.995
282.075
282.157
282.242
282.33
282.422
282.517
282.618
282.724
282.838
282.96
283.093
283.237
283.394
283.565
283.751
283.954
284.174
284.413
284.669
284.945
285.238
285.55
285.879
286.223
286.582
286.954
287.337
287.728
288.126
288.527
288.928
289.327
289.721
290.106
290.479
290.837
291.178
291.497
291.791
292.058
292.289
183.056
458.245
542.617
542.087
524.925
507.445
492.394
479.763
469.116
460.043
452.22
445.402
439.403
434.08
429.323
425.046
421.181
417.67
414.468
411.538
408.848
406.372
404.086
401.972
400.013
398.194
396.503
394.928
393.46
392.091
390.812
389.617
388.5
387.455
386.476
385.561
384.704
383.901
383.15
382.447
381.79
381.175
380.601
380.065
379.565
379.099
378.666
378.264
377.89
377.545
377.226
376.933
376.663
376.417
376.192
375.989
375.806
375.642
375.497
375.37
375.26
375.166
375.089
375.027
374.98
374.948
374.93
374.926
374.935
374.956
374.989
375.034
375.09
375.156
375.23
375.313
375.403
375.499
375.601
375.707
375.818
375.932
376.049
376.169
376.293
376.421
376.554
376.692
376.837
376.991
377.154
377.328
377.515
377.717
377.936
378.172
378.428
378.704
379.001
379.321
379.663
380.028
380.415
380.823
381.252
381.7
382.166
382.646
383.139
383.642
384.153
384.667
385.182
385.694
386.199
386.695
387.176
387.64
388.082
388.499
388.885
389.233
362.553
730.72
784.22
758.32
726.657
700.051
678.548
660.977
646.352
633.968
623.326
614.067
605.927
598.708
592.258
586.458
581.215
576.452
572.108
568.132
564.48
561.118
558.014
555.143
552.481
550.01
547.712
545.573
543.578
541.718
539.98
538.356
536.837
535.417
534.088
532.844
531.68
530.59
529.57
528.616
527.724
526.89
526.111
525.384
524.707
524.076
523.489
522.945
522.44
521.973
521.543
521.147
520.784
520.453
520.152
519.879
519.635
519.416
519.223
519.055
518.909
518.787
518.686
518.607
518.548
518.51
518.49
518.489
518.506
518.54
518.591
518.658
518.74
518.835
518.944
519.065
519.196
519.336
519.485
519.641
519.803
519.972
520.145
520.324
520.508
520.697
520.892
521.094
521.304
521.524
521.756
522
522.26
522.536
522.831
523.146
523.484
523.846
524.233
524.646
525.086
525.552
526.045
526.565
527.109
527.678
528.268
528.879
529.506
530.148
530.801
531.462
532.127
532.793
533.454
534.107
534.748
535.372
535.975
536.553
537.096
537.601
727.535
1175.53
1172.05
1111.42
1059.84
1020
988.702
963.396
942.421
924.688
909.454
896.195
884.534
874.185
864.934
856.61
849.082
842.239
835.996
830.279
825.027
820.189
815.721
811.587
807.755
804.196
800.886
797.803
794.93
792.248
789.744
787.404
785.215
783.168
781.253
779.461
777.783
776.213
774.744
773.37
772.085
770.885
769.764
768.718
767.744
766.837
765.994
765.212
764.488
763.818
763.202
762.635
762.116
761.643
761.213
760.825
760.477
760.167
759.895
759.657
759.454
759.283
759.144
759.035
758.957
758.906
758.884
758.888
758.918
758.973
759.053
759.155
759.279
759.425
759.589
759.771
759.97
760.184
760.412
760.652
760.903
761.165
761.436
761.716
762.006
762.304
762.612
762.931
763.261
763.604
763.962
764.336
764.729
765.142
765.578
766.038
766.524
767.039
767.582
768.156
768.761
769.397
770.064
770.761
771.488
772.243
773.024
773.829
774.654
775.498
776.355
777.223
778.097
778.973
779.846
780.712
781.566
782.404
783.219
784.007
784.755
785.464
1541.16
2000.71
1895.11
1779.62
1694.82
1631.66
1582.51
1542.85
1509.96
1482.12
1458.17
1437.31
1418.94
1402.62
1388.01
1374.87
1362.96
1352.14
1342.26
1333.21
1324.89
1317.22
1310.14
1303.59
1297.51
1291.86
1286.61
1281.72
1277.16
1272.91
1268.93
1265.22
1261.74
1258.49
1255.45
1252.61
1249.94
1247.45
1245.12
1242.94
1240.9
1239
1237.22
1235.56
1234.02
1232.58
1231.25
1230.01
1228.86
1227.81
1226.83
1225.94
1225.12
1224.37
1223.69
1223.08
1222.54
1222.05
1221.63
1221.26
1220.94
1220.68
1220.47
1220.3
1220.18
1220.11
1220.08
1220.1
1220.15
1220.25
1220.38
1220.55
1220.75
1220.99
1221.26
1221.56
1221.88
1222.23
1222.61
1223.01
1223.43
1223.87
1224.33
1224.81
1225.31
1225.82
1226.36
1226.91
1227.48
1228.08
1228.7
1229.35
1230.02
1230.72
1231.45
1232.22
1233.01
1233.85
1234.72
1235.62
1236.56
1237.54
1238.56
1239.61
1240.69
1241.8
1242.94
1244.11
1245.29
1246.49
1247.71
1248.93
1250.15
1251.37
1252.59
1253.79
1254.97
1256.13
1257.26
1258.35
1259.38
1260.38
3775.04
3941.35
3618.18
3387.09
3227.6
3110.01
3018.46
2944.39
2882.83
2830.61
2785.63
2746.37
2711.76
2680.99
2653.43
2628.59
2606.1
2585.64
2566.94
2549.81
2534.06
2519.54
2506.12
2493.7
2482.18
2471.48
2461.52
2452.25
2443.6
2435.53
2427.99
2420.94
2414.35
2408.19
2402.42
2397.02
2391.97
2387.24
2382.82
2378.69
2374.82
2371.21
2367.84
2364.7
2361.77
2359.05
2356.52
2354.18
2352.01
2350.01
2348.16
2346.47
2344.93
2343.52
2342.24
2341.1
2340.07
2339.16
2338.36
2337.67
2337.08
2336.59
2336.2
2335.9
2335.69
2335.56
2335.52
2335.56
2335.67
2335.86
2336.12
2336.44
2336.84
2337.29
2337.81
2338.38
2339.01
2339.69
2340.41
2341.19
2342.01
2342.88
2343.79
2344.74
2345.74
2346.78
2347.86
2348.99
2350.17
2351.39
2352.67
2353.99
2355.37
2356.81
2358.3
2359.84
2361.44
2363.1
2364.82
2366.59
2368.41
2370.28
2372.2
2374.16
2376.15
2378.18
2380.23
2382.31
2384.39
2386.48
2388.57
2390.65
2392.71
2394.74
2396.74
2398.69
2400.6
2402.45
2404.23
2405.94
2407.52
2409.07
11676.1
10215.1
9366.55
8821.2
8437.04
8148.03
7919.9
7733.64
7577.86
7445.12
7330.33
7229.89
7141.14
7062.08
6991.16
6927.18
6869.17
6816.34
6768.04
6723.75
6683
6645.41
6610.67
6578.49
6548.64
6520.89
6495.07
6471.01
6448.58
6427.63
6408.07
6389.78
6372.68
6356.68
6341.71
6327.7
6314.59
6302.32
6290.85
6280.12
6270.1
6260.73
6252
6243.85
6236.27
6229.22
6222.67
6216.6
6210.99
6205.82
6201.06
6196.7
6192.71
6189.09
6185.81
6182.86
6180.23
6177.9
6175.87
6174.11
6172.63
6171.41
6170.44
6169.7
6169.21
6168.93
6168.87
6169.02
6169.37
6169.92
6170.65
6171.55
6172.63
6173.86
6175.25
6176.78
6178.45
6180.25
6182.18
6184.22
6186.39
6188.67
6191.07
6193.58
6196.21
6198.95
6201.83
6204.83
6207.97
6211.26
6214.69
6218.28
6222.03
6225.95
6230.03
6234.29
6238.71
6243.31
6248.07
6252.99
6258.06
6263.27
6268.6
6274.05
6279.6
6285.21
6290.89
6296.59
6302.3
6308
6313.66
6319.25
6324.75
6330.13
6335.36
6340.43
6345.3
6349.96
6354.38
6358.54
6362.29
6365.89
)
;

boundaryField
{
    lowerWall
    {
        type            epsilonWallFunction;
        value           nonuniform List<scalar> 
122
(
11607.3
10157.7
9314.43
8772.21
8390.2
8102.79
7875.93
7690.7
7535.77
7403.76
7289.61
7189.73
7101.46
7022.84
6952.31
6888.69
6831
6778.46
6730.43
6686.38
6645.85
6608.48
6573.93
6541.93
6512.24
6484.64
6458.97
6435.04
6412.73
6391.9
6372.45
6354.26
6337.25
6321.34
6306.45
6292.52
6279.48
6267.29
6255.88
6245.21
6235.24
6225.93
6217.24
6209.14
6201.6
6194.58
6188.07
6182.04
6176.46
6171.32
6166.58
6162.25
6158.28
6154.68
6151.42
6148.48
6145.87
6143.55
6141.53
6139.79
6138.31
6137.09
6136.13
6135.4
6134.9
6134.62
6134.56
6134.7
6135.05
6135.58
6136.3
6137.19
6138.26
6139.48
6140.86
6142.39
6144.07
6145.87
6147.81
6149.88
6152.07
6154.38
6156.81
6159.36
6162.04
6164.83
6167.74
6170.78
6173.95
6177.24
6180.67
6184.24
6187.94
6191.78
6195.76
6199.88
6204.13
6208.52
6213.04
6217.69
6222.45
6227.32
6232.29
6237.35
6242.48
6247.67
6252.91
6258.18
6263.46
6268.73
6273.98
6279.19
6284.34
6289.42
6294.39
6299.25
6303.98
6308.56
6312.98
6317.21
6321.12
6324.96
)
;
    }
    upperWall
    {
        type            epsilonWallFunction;
        value           nonuniform List<scalar> 
122
(
11676.1
10215.1
9366.55
8821.2
8437.04
8148.03
7919.9
7733.64
7577.86
7445.12
7330.33
7229.89
7141.14
7062.08
6991.16
6927.18
6869.17
6816.34
6768.04
6723.75
6683
6645.41
6610.67
6578.49
6548.64
6520.89
6495.07
6471.01
6448.58
6427.63
6408.07
6389.78
6372.68
6356.68
6341.71
6327.7
6314.59
6302.32
6290.85
6280.12
6270.1
6260.73
6252
6243.85
6236.27
6229.22
6222.67
6216.6
6210.99
6205.82
6201.06
6196.7
6192.71
6189.09
6185.81
6182.86
6180.23
6177.9
6175.87
6174.11
6172.63
6171.41
6170.44
6169.7
6169.21
6168.93
6168.87
6169.02
6169.37
6169.92
6170.65
6171.55
6172.63
6173.86
6175.25
6176.78
6178.45
6180.25
6182.18
6184.22
6186.39
6188.67
6191.07
6193.58
6196.21
6198.95
6201.83
6204.83
6207.97
6211.26
6214.69
6218.28
6222.03
6225.95
6230.03
6234.29
6238.71
6243.31
6248.07
6252.99
6258.06
6263.27
6268.6
6274.05
6279.6
6285.21
6290.89
6296.59
6302.3
6308
6313.66
6319.25
6324.75
6330.13
6335.36
6340.43
6345.3
6349.96
6354.38
6358.54
6362.29
6365.89
)
;
    }
    inlet
    {
        type            turbulentMixingLengthDissipationRateInlet;
        mixingLength    0.07;
        phi             phi;
        k               k;
        value           uniform 2.0504;
    }
    outlet
    {
        type            zeroGradient;
    }
    frontAndBack
    {
        type            empty;
    }
}


// ************************************************************************* //
