/*--------------------------------*- C++ -*----------------------------------*\
  =========                 |
  \\      /  F ield         | OpenFOAM: The Open Source CFD Toolbox
   \\    /   O peration     | Website:  https://openfoam.org
    \\  /    A nd           | Version:  8
     \\/     M anipulation  |
\*---------------------------------------------------------------------------*/
FoamFile
{
    version     2.0;
    format      ascii;
    class       volScalarField;
    location    "950";
    object      nut;
}
// * * * * * * * * * * * * * * * * * * * * * * * * * * * * * * * * * * * * * //

dimensions      [0 2 -1 0 0 0 0];

internalField   nonuniform List<scalar> 
7320
(
0.000286299
0.000273847
0.000266049
0.000260783
0.000256941
0.000253973
0.00025158
0.000249592
0.000247905
0.000246449
0.000245176
0.000244051
0.000243048
0.000242148
0.000241334
0.000240596
0.000239922
0.000239306
0.000238739
0.000238217
0.000237735
0.000237288
0.000236874
0.000236489
0.000236131
0.000235797
0.000235485
0.000235194
0.000234922
0.000234667
0.000234429
0.000234206
0.000233997
0.000233801
0.000233617
0.000233445
0.000233284
0.000233132
0.000232991
0.000232858
0.000232734
0.000232618
0.00023251
0.000232409
0.000232315
0.000232227
0.000232146
0.000232071
0.000232001
0.000231936
0.000231877
0.000231823
0.000231773
0.000231728
0.000231687
0.00023165
0.000231617
0.000231588
0.000231563
0.000231541
0.000231522
0.000231507
0.000231495
0.000231485
0.000231479
0.000231476
0.000231475
0.000231477
0.000231481
0.000231488
0.000231497
0.000231508
0.000231522
0.000231538
0.000231555
0.000231575
0.000231596
0.000231619
0.000231643
0.000231669
0.000231697
0.000231726
0.000231756
0.000231788
0.000231821
0.000231855
0.000231891
0.000231928
0.000231966
0.000232006
0.000232048
0.000232091
0.000232135
0.000232181
0.000232229
0.000232279
0.00023233
0.000232383
0.000232438
0.000232495
0.000232553
0.000232613
0.000232674
0.000232737
0.000232801
0.000232867
0.000232933
0.000233001
0.000233069
0.000233137
0.000233206
0.000233275
0.000233343
0.000233411
0.000233479
0.000233545
0.00023361
0.000233674
0.000233735
0.000233795
0.000233851
0.000233907
0.000562815
0.000740638
0.000767571
0.000767651
0.000763096
0.000757975
0.000753148
0.000748779
0.000744861
0.00074135
0.000738193
0.000735345
0.000732764
0.000730416
0.000728271
0.000726307
0.000724501
0.000722838
0.000721301
0.000719879
0.00071856
0.000717334
0.000716194
0.000715131
0.00071414
0.000713215
0.00071235
0.000711541
0.000710784
0.000710076
0.000709412
0.00070879
0.000708208
0.000707662
0.000707151
0.000706672
0.000706223
0.000705803
0.000705411
0.000705044
0.000704701
0.000704381
0.000704083
0.000703806
0.000703548
0.000703309
0.000703088
0.000702884
0.000702696
0.000702524
0.000702367
0.000702223
0.000702093
0.000701977
0.000701872
0.00070178
0.000701699
0.000701629
0.000701569
0.00070152
0.000701481
0.000701451
0.00070143
0.000701419
0.000701416
0.000701421
0.000701435
0.000701457
0.000701486
0.000701522
0.000701566
0.000701617
0.000701674
0.000701736
0.000701805
0.000701878
0.000701955
0.000702036
0.00070212
0.000702207
0.000702296
0.000702386
0.000702478
0.000702571
0.000702665
0.00070276
0.000702857
0.000702957
0.000703059
0.000703165
0.000703275
0.00070339
0.000703512
0.000703641
0.000703778
0.000703926
0.000704083
0.000704252
0.000704434
0.000704628
0.000704836
0.000705057
0.000705292
0.00070554
0.000705802
0.000706077
0.000706363
0.000706661
0.000706968
0.000707284
0.000707607
0.000707935
0.000708267
0.0007086
0.000708933
0.000709263
0.000709588
0.000709907
0.000710215
0.000710512
0.000710795
0.000711049
0.00076108
0.00115457
0.00127125
0.00130573
0.00131552
0.00131688
0.00131508
0.00131204
0.00130855
0.00130497
0.00130147
0.00129811
0.00129493
0.00129193
0.00128913
0.0012865
0.00128405
0.00128176
0.00127961
0.00127761
0.00127574
0.00127398
0.00127234
0.0012708
0.00126936
0.00126801
0.00126674
0.00126555
0.00126444
0.0012634
0.00126242
0.0012615
0.00126064
0.00125984
0.00125908
0.00125838
0.00125772
0.0012571
0.00125652
0.00125599
0.00125549
0.00125502
0.00125459
0.0012542
0.00125383
0.00125349
0.00125318
0.0012529
0.00125264
0.0012524
0.00125219
0.00125201
0.00125184
0.00125169
0.00125157
0.00125146
0.00125137
0.0012513
0.00125124
0.0012512
0.00125118
0.00125117
0.00125118
0.00125121
0.00125124
0.00125129
0.00125136
0.00125144
0.00125153
0.00125163
0.00125175
0.00125188
0.00125201
0.00125216
0.00125231
0.00125247
0.00125264
0.00125281
0.00125298
0.00125315
0.00125332
0.00125348
0.00125365
0.00125381
0.00125397
0.00125413
0.00125429
0.00125445
0.00125462
0.00125479
0.00125497
0.00125516
0.00125536
0.00125559
0.00125584
0.00125611
0.00125642
0.00125675
0.00125712
0.00125753
0.00125797
0.00125845
0.00125897
0.00125953
0.00126013
0.00126076
0.00126143
0.00126213
0.00126285
0.0012636
0.00126437
0.00126515
0.00126594
0.00126674
0.00126752
0.0012683
0.00126906
0.0012698
0.00127051
0.00127118
0.00127181
0.00127235
0.00094219
0.00154866
0.00180331
0.00190635
0.0019512
0.00197187
0.00198147
0.00198555
0.00198668
0.00198617
0.00198472
0.00198276
0.00198051
0.00197813
0.00197571
0.00197331
0.00197095
0.00196867
0.00196648
0.00196438
0.00196238
0.00196047
0.00195867
0.00195695
0.00195534
0.00195381
0.00195237
0.00195101
0.00194973
0.00194852
0.00194739
0.00194633
0.00194534
0.0019444
0.00194353
0.00194272
0.00194196
0.00194125
0.0019406
0.00193999
0.00193943
0.00193891
0.00193844
0.00193801
0.00193761
0.00193725
0.00193693
0.00193664
0.00193639
0.00193616
0.00193597
0.00193581
0.00193567
0.00193556
0.00193548
0.00193542
0.00193539
0.00193538
0.00193539
0.00193543
0.00193549
0.00193556
0.00193566
0.00193578
0.00193592
0.00193608
0.00193626
0.00193645
0.00193667
0.0019369
0.00193715
0.00193742
0.00193769
0.00193798
0.00193828
0.00193859
0.0019389
0.00193921
0.00193952
0.00193982
0.00194012
0.00194041
0.00194069
0.00194096
0.00194122
0.00194147
0.00194172
0.00194197
0.00194223
0.00194249
0.00194277
0.00194307
0.00194341
0.00194377
0.00194418
0.00194465
0.00194516
0.00194574
0.00194639
0.00194711
0.0019479
0.00194877
0.00194972
0.00195074
0.00195183
0.001953
0.00195423
0.00195552
0.00195686
0.00195825
0.00195966
0.00196111
0.00196256
0.00196401
0.00196545
0.00196687
0.00196825
0.00196957
0.00197083
0.001972
0.00197309
0.001974
0.00110978
0.00189233
0.00232606
0.0025368
0.00264438
0.00270313
0.00273713
0.00275765
0.00277031
0.00277817
0.00278296
0.00278574
0.00278718
0.00278769
0.00278758
0.00278703
0.00278618
0.00278514
0.00278397
0.00278273
0.00278144
0.00278014
0.00277885
0.00277758
0.00277634
0.00277515
0.002774
0.0027729
0.00277185
0.00277085
0.00276991
0.00276903
0.0027682
0.00276742
0.00276669
0.00276602
0.0027654
0.00276483
0.00276431
0.00276383
0.0027634
0.00276302
0.00276268
0.00276238
0.00276212
0.0027619
0.00276172
0.00276157
0.00276146
0.00276139
0.00276135
0.00276134
0.00276136
0.00276142
0.0027615
0.00276161
0.00276175
0.00276192
0.00276211
0.00276233
0.00276257
0.00276284
0.00276313
0.00276345
0.00276379
0.00276416
0.00276455
0.00276496
0.0027654
0.00276586
0.00276634
0.00276683
0.00276735
0.00276787
0.00276841
0.00276895
0.00276949
0.00277003
0.00277055
0.00277107
0.00277157
0.00277205
0.00277251
0.00277295
0.00277337
0.00277377
0.00277417
0.00277456
0.00277496
0.00277536
0.00277579
0.00277626
0.00277677
0.00277734
0.00277797
0.00277869
0.0027795
0.00278042
0.00278144
0.00278258
0.00278385
0.00278523
0.00278675
0.00278839
0.00279015
0.00279203
0.00279401
0.00279609
0.00279825
0.00280049
0.00280277
0.0028051
0.00280744
0.00280977
0.00281208
0.00281434
0.00281653
0.00281863
0.00282061
0.00282245
0.00282414
0.00282552
0.00129926
0.00216764
0.00280717
0.00316585
0.00336954
0.00349116
0.00356775
0.00361825
0.00365279
0.00367709
0.00369457
0.00370734
0.00371679
0.00372385
0.00372913
0.0037331
0.00373607
0.00373829
0.00373993
0.00374111
0.00374196
0.00374253
0.0037429
0.00374312
0.00374321
0.00374322
0.00374316
0.00374305
0.00374292
0.00374276
0.0037426
0.00374245
0.00374229
0.00374216
0.00374204
0.00374194
0.00374186
0.00374181
0.00374179
0.00374179
0.00374182
0.00374189
0.00374198
0.00374211
0.00374227
0.00374245
0.00374267
0.00374292
0.00374319
0.0037435
0.00374384
0.0037442
0.00374459
0.00374502
0.00374546
0.00374594
0.00374644
0.00374696
0.00374751
0.00374809
0.00374869
0.00374931
0.00374996
0.00375064
0.00375134
0.00375207
0.00375283
0.00375361
0.00375441
0.00375524
0.0037561
0.00375697
0.00375786
0.00375876
0.00375967
0.00376058
0.00376148
0.00376237
0.00376324
0.00376409
0.0037649
0.00376568
0.00376643
0.00376714
0.00376781
0.00376846
0.00376908
0.00376969
0.0037703
0.00377092
0.00377157
0.00377227
0.00377302
0.00377387
0.00377481
0.00377587
0.00377706
0.0037784
0.00377991
0.00378159
0.00378346
0.00378551
0.00378775
0.00379018
0.00379279
0.00379558
0.00379852
0.00380162
0.00380484
0.00380816
0.00381157
0.00381503
0.00381852
0.003822
0.00382545
0.00382882
0.00383208
0.0038352
0.00383815
0.00384087
0.00384338
0.00384541
0.00158937
0.00236976
0.00321596
0.00375923
0.00409609
0.00431112
0.00445413
0.00455312
0.00462407
0.00467641
0.00471597
0.00474649
0.00477044
0.00478951
0.00480489
0.00481744
0.00482777
0.00483636
0.00484356
0.00484964
0.00485482
0.00485926
0.00486309
0.00486643
0.00486936
0.00487194
0.00487424
0.0048763
0.00487817
0.00487987
0.00488143
0.00488288
0.00488423
0.00488551
0.00488673
0.00488789
0.00488901
0.0048901
0.00489116
0.0048922
0.00489323
0.00489425
0.00489526
0.00489627
0.00489729
0.00489831
0.00489933
0.00490036
0.00490141
0.00490246
0.00490353
0.0049046
0.0049057
0.0049068
0.00490792
0.00490906
0.00491021
0.00491138
0.00491256
0.00491377
0.00491498
0.00491622
0.00491748
0.00491876
0.00492006
0.00492139
0.00492274
0.00492411
0.00492551
0.00492693
0.00492837
0.00492983
0.0049313
0.00493278
0.00493426
0.00493574
0.00493719
0.00493863
0.00494002
0.00494138
0.00494268
0.00494393
0.00494511
0.00494624
0.00494731
0.00494832
0.0049493
0.00495025
0.00495118
0.00495212
0.00495309
0.00495412
0.00495522
0.00495643
0.00495778
0.00495928
0.00496096
0.00496285
0.00496497
0.00496733
0.00496995
0.00497283
0.00497597
0.00497939
0.00498306
0.00498699
0.00499114
0.00499551
0.00500007
0.00500479
0.00500963
0.00501455
0.00501951
0.00502448
0.0050294
0.00503422
0.0050389
0.00504339
0.00504763
0.00505156
0.00505519
0.00505813
0.00212976
0.00251869
0.00352583
0.00427893
0.00478634
0.00512981
0.00536872
0.00554022
0.00566706
0.00576335
0.00583815
0.00589739
0.00594512
0.00598413
0.00601645
0.00604352
0.00606643
0.00608601
0.00610287
0.00611753
0.00613035
0.00614164
0.00615166
0.00616061
0.00616864
0.00617589
0.00618248
0.00618849
0.00619402
0.00619912
0.00620384
0.00620825
0.00621238
0.00621626
0.00621993
0.00622341
0.00622673
0.0062299
0.00623295
0.00623588
0.00623872
0.00624147
0.00624415
0.00624676
0.00624931
0.00625181
0.00625426
0.00625668
0.00625907
0.00626142
0.00626375
0.00626606
0.00626836
0.00627063
0.0062729
0.00627515
0.00627739
0.00627963
0.00628186
0.00628409
0.00628632
0.00628856
0.00629079
0.00629304
0.00629529
0.00629756
0.00629985
0.00630215
0.00630446
0.00630679
0.00630913
0.00631149
0.00631384
0.0063162
0.00631855
0.00632087
0.00632317
0.00632541
0.0063276
0.00632972
0.00633176
0.00633371
0.00633557
0.00633733
0.00633901
0.00634059
0.00634211
0.00634357
0.006345
0.00634642
0.00634787
0.00634937
0.00635096
0.00635268
0.00635456
0.00635664
0.00635896
0.00636155
0.00636444
0.00636765
0.0063712
0.00637511
0.00637938
0.00638402
0.00638901
0.00639436
0.00640002
0.00640599
0.00641222
0.00641869
0.00642533
0.0064321
0.00643895
0.00644582
0.00645264
0.00645935
0.00646588
0.00647217
0.00647813
0.0064837
0.00648885
0.00649309
0.0031541
0.00268382
0.00372393
0.00468584
0.00539542
0.00590413
0.0062731
0.00654666
0.00675434
0.00691556
0.00704326
0.00714624
0.00723059
0.00730064
0.00735953
0.00740959
0.00745254
0.00748974
0.00752221
0.00755076
0.00757604
0.00759856
0.00761874
0.00763694
0.00765342
0.00766843
0.00768215
0.00769477
0.00770641
0.0077172
0.00772723
0.0077366
0.00774539
0.00775365
0.00776144
0.00776882
0.00777583
0.0077825
0.00778888
0.00779498
0.00780085
0.00780649
0.00781193
0.0078172
0.0078223
0.00782726
0.00783208
0.00783678
0.00784136
0.00784585
0.00785025
0.00785456
0.00785879
0.00786296
0.00786706
0.0078711
0.00787509
0.00787903
0.00788292
0.00788678
0.0078906
0.00789438
0.00789815
0.00790189
0.00790562
0.00790934
0.00791305
0.00791676
0.00792046
0.00792417
0.00792787
0.00793156
0.00793524
0.0079389
0.00794253
0.00794612
0.00794965
0.0079531
0.00795647
0.00795972
0.00796286
0.00796587
0.00796873
0.00797146
0.00797404
0.0079765
0.00797883
0.00798108
0.00798326
0.0079854
0.00798755
0.00798975
0.00799204
0.00799447
0.0079971
0.00799997
0.00800314
0.00800663
0.00801051
0.00801479
0.00801952
0.00802472
0.00803038
0.00803653
0.00804316
0.00805026
0.00805779
0.00806574
0.00807405
0.00808269
0.00809159
0.00810068
0.00810991
0.00811918
0.00812842
0.00813754
0.00814646
0.00815507
0.00816329
0.00817101
0.00817821
0.0081842
0.00493181
0.00302612
0.0038337
0.00494834
0.00587406
0.00658116
0.00711649
0.00752622
0.00784508
0.00809766
0.00830115
0.00846767
0.00860586
0.00872199
0.00882068
0.0089054
0.00897879
0.0090429
0.00909931
0.00914929
0.00919386
0.00923384
0.00926988
0.00930255
0.00933229
0.00935949
0.00938448
0.00940751
0.00942884
0.00944864
0.0094671
0.00948435
0.00950054
0.00951576
0.00953012
0.0095437
0.00955659
0.00956883
0.0095805
0.00959165
0.00960231
0.00961255
0.00962238
0.00963185
0.00964099
0.00964982
0.00965837
0.00966666
0.00967472
0.00968255
0.00969017
0.00969761
0.00970488
0.00971198
0.00971893
0.00972574
0.00973243
0.00973899
0.00974543
0.00975178
0.00975803
0.00976419
0.00977027
0.00977629
0.00978224
0.00978814
0.00979399
0.00979981
0.00980558
0.00981133
0.00981703
0.0098227
0.00982833
0.0098339
0.00983941
0.00984485
0.00985019
0.00985541
0.00986049
0.00986542
0.00987017
0.00987474
0.0098791
0.00988326
0.00988721
0.00989097
0.00989455
0.00989798
0.00990129
0.00990452
0.00990773
0.00991096
0.00991428
0.00991775
0.00992143
0.00992539
0.00992969
0.0099344
0.00993956
0.00994523
0.00995146
0.00995826
0.00996567
0.0099737
0.00998235
0.0099916
0.0100014
0.0100118
0.0100227
0.010034
0.0100457
0.0100576
0.0100698
0.0100821
0.0100943
0.0101065
0.0101184
0.01013
0.0101411
0.0101516
0.0101615
0.0101698
0.00765447
0.00384129
0.0039599
0.0050637
0.00617752
0.00710148
0.0078361
0.00841791
0.00888249
0.00925803
0.00956562
0.00982082
0.0100351
0.0102171
0.0103732
0.0105082
0.0106262
0.0107298
0.0108217
0.0109035
0.0109768
0.0110429
0.0111028
0.0111573
0.011207
0.0112527
0.0112948
0.0113337
0.0113697
0.0114033
0.0114346
0.0114639
0.0114914
0.0115173
0.0115417
0.0115648
0.0115867
0.0116075
0.0116273
0.0116462
0.0116642
0.0116815
0.0116981
0.011714
0.0117293
0.011744
0.0117583
0.0117721
0.0117854
0.0117983
0.0118109
0.0118231
0.0118349
0.0118465
0.0118577
0.0118687
0.0118795
0.01189
0.0119003
0.0119103
0.0119202
0.0119299
0.0119395
0.0119489
0.0119581
0.0119672
0.0119763
0.0119852
0.011994
0.0120027
0.0120114
0.0120199
0.0120284
0.0120367
0.012045
0.0120531
0.012061
0.0120688
0.0120764
0.0120838
0.0120909
0.0120977
0.0121043
0.0121105
0.0121165
0.0121222
0.0121277
0.0121329
0.0121379
0.0121428
0.0121476
0.0121523
0.0121572
0.0121621
0.0121673
0.0121728
0.0121787
0.012185
0.0121919
0.0121994
0.0122076
0.0122164
0.012226
0.0122364
0.0122475
0.0122594
0.0122721
0.0122854
0.0122994
0.012314
0.012329
0.0123445
0.0123603
0.0123762
0.0123922
0.0124081
0.0124237
0.012439
0.0124537
0.0124677
0.0124809
0.0124923
0.0113266
0.00551803
0.00435849
0.00510578
0.00628855
0.00740978
0.00836168
0.0091471
0.00979278
0.0103264
0.0107711
0.0111453
0.0114634
0.0117362
0.0119723
0.0121782
0.0123592
0.0125193
0.0126619
0.0127896
0.0129046
0.0130086
0.0131032
0.0131896
0.0132687
0.0133415
0.0134088
0.0134711
0.0135289
0.0135829
0.0136333
0.0136805
0.0137248
0.0137666
0.013806
0.0138433
0.0138786
0.0139122
0.0139441
0.0139745
0.0140036
0.0140313
0.014058
0.0140835
0.014108
0.0141316
0.0141544
0.0141763
0.0141975
0.014218
0.0142379
0.0142571
0.0142758
0.014294
0.0143117
0.0143288
0.0143456
0.0143619
0.0143779
0.0143935
0.0144087
0.0144236
0.0144382
0.0144526
0.0144667
0.0144805
0.0144942
0.0145076
0.0145208
0.0145339
0.0145468
0.0145595
0.014572
0.0145844
0.0145965
0.0146085
0.0146202
0.0146316
0.0146428
0.0146537
0.0146642
0.0146743
0.0146841
0.0146934
0.0147024
0.0147109
0.0147191
0.014727
0.0147346
0.0147419
0.014749
0.0147561
0.0147632
0.0147704
0.0147777
0.0147854
0.0147935
0.0148021
0.0148113
0.0148212
0.0148318
0.0148433
0.0148557
0.014869
0.0148832
0.0148984
0.0149145
0.0149314
0.0149492
0.0149677
0.0149869
0.0150066
0.0150267
0.015047
0.0150675
0.0150879
0.0151081
0.0151279
0.015147
0.0151653
0.0151828
0.0151979
0.0157248
0.0083437
0.00547916
0.00531275
0.00627167
0.00748282
0.00862975
0.00963244
0.0104877
0.0112134
0.0118305
0.0123582
0.0128125
0.0132064
0.0135503
0.0138528
0.0141205
0.0143588
0.0145721
0.0147641
0.0149377
0.0150955
0.0152394
0.0153712
0.0154923
0.0156041
0.0157075
0.0158035
0.0158929
0.0159763
0.0160543
0.0161275
0.0161964
0.0162612
0.0163225
0.0163804
0.0164354
0.0164876
0.0165372
0.0165845
0.0166296
0.0166728
0.0167141
0.0167537
0.0167917
0.0168283
0.0168635
0.0168974
0.0169301
0.0169617
0.0169923
0.0170218
0.0170505
0.0170783
0.0171053
0.0171315
0.017157
0.0171818
0.017206
0.0172296
0.0172526
0.0172751
0.0172971
0.0173186
0.0173397
0.0173604
0.0173806
0.0174006
0.0174202
0.0174394
0.0174584
0.017477
0.0174954
0.0175135
0.0175312
0.0175487
0.0175657
0.0175824
0.0175987
0.0176146
0.01763
0.0176449
0.0176592
0.017673
0.0176863
0.017699
0.0177112
0.017723
0.0177343
0.0177452
0.0177559
0.0177663
0.0177767
0.0177871
0.0177977
0.0178085
0.0178197
0.0178314
0.0178438
0.0178569
0.0178709
0.0178858
0.0179018
0.0179188
0.0179368
0.017956
0.0179763
0.0179977
0.01802
0.0180432
0.0180673
0.018092
0.0181173
0.018143
0.0181688
0.0181947
0.0182203
0.0182455
0.0182701
0.0182937
0.0183162
0.018336
0.0204365
0.0122987
0.00781877
0.0061763
0.00638132
0.00739745
0.00862145
0.00980678
0.0108762
0.0118169
0.0126375
0.0133529
0.0139782
0.0145273
0.0150118
0.0154416
0.0158248
0.0161683
0.0164775
0.0167573
0.0170115
0.0172433
0.0174556
0.0176506
0.0178304
0.0179968
0.018151
0.0182945
0.0184284
0.0185535
0.0186708
0.018781
0.0188847
0.0189825
0.0190749
0.0191625
0.0192455
0.0193243
0.0193994
0.0194709
0.0195392
0.0196044
0.0196669
0.0197267
0.0197842
0.0198393
0.0198924
0.0199436
0.0199928
0.0200404
0.0200864
0.0201308
0.0201738
0.0202155
0.0202559
0.0202951
0.0203332
0.0203703
0.0204063
0.0204414
0.0204755
0.0205089
0.0205414
0.0205732
0.0206043
0.0206347
0.0206645
0.0206937
0.0207223
0.0207504
0.020778
0.0208051
0.0208318
0.0208579
0.0208836
0.0209088
0.0209335
0.0209576
0.0209811
0.0210041
0.0210264
0.021048
0.0210689
0.0210891
0.0211086
0.0211274
0.0211454
0.0211628
0.0211795
0.0211958
0.0212115
0.0212269
0.0212421
0.0212572
0.0212723
0.0212876
0.0213033
0.0213194
0.0213362
0.0213537
0.0213722
0.0213916
0.0214122
0.0214339
0.0214569
0.0214811
0.0215066
0.0215333
0.0215612
0.0215901
0.0216201
0.0216509
0.0216823
0.0217143
0.0217465
0.0217788
0.021811
0.0218427
0.0218736
0.0219036
0.0219324
0.0219578
0.024966
0.017029
0.011559
0.0083344
0.00718515
0.00746836
0.008455
0.00967289
0.0108973
0.0120408
0.0130773
0.0140053
0.014833
0.0155712
0.0162309
0.0168222
0.0173542
0.0178345
0.01827
0.0186661
0.0190279
0.0193593
0.0196641
0.0199451
0.020205
0.0204461
0.0206704
0.0208795
0.0210749
0.021258
0.0214298
0.0215915
0.0217439
0.0218879
0.022024
0.0221531
0.0222755
0.022392
0.0225029
0.0226086
0.0227095
0.022806
0.0228984
0.0229869
0.0230718
0.0231535
0.0232319
0.0233075
0.0233803
0.0234505
0.0235184
0.0235839
0.0236473
0.0237087
0.0237682
0.0238259
0.0238818
0.0239362
0.023989
0.0240404
0.0240905
0.0241392
0.0241867
0.024233
0.0242783
0.0243225
0.0243657
0.024408
0.0244495
0.0244901
0.0245299
0.0245689
0.0246072
0.0246448
0.0246816
0.0247177
0.0247531
0.0247876
0.0248214
0.0248543
0.0248864
0.0249175
0.0249477
0.024977
0.0250053
0.0250326
0.025059
0.0250845
0.0251091
0.0251329
0.0251561
0.0251786
0.0252008
0.0252226
0.0252443
0.0252661
0.025288
0.0253104
0.0253333
0.0253569
0.0253814
0.025407
0.0254336
0.0254615
0.0254908
0.0255214
0.0255533
0.0255867
0.0256213
0.0256573
0.0256943
0.0257323
0.0257712
0.0258106
0.0258505
0.0258904
0.0259303
0.0259697
0.0260083
0.0260458
0.0260821
0.0261145
0.0288721
0.0219727
0.0163572
0.0121026
0.00944208
0.00839318
0.00856599
0.00943681
0.0106072
0.0118514
0.0130626
0.0141965
0.0152393
0.0161903
0.0170549
0.0178406
0.0185555
0.0192071
0.0198026
0.0203481
0.0208492
0.0213109
0.0217373
0.0221322
0.0224988
0.02284
0.0231583
0.0234559
0.0237348
0.0239966
0.024243
0.0244751
0.0246943
0.0249016
0.025098
0.0252843
0.0254614
0.0256298
0.0257904
0.0259436
0.0260899
0.0262299
0.026364
0.0264925
0.0266159
0.0267344
0.0268484
0.0269581
0.0270639
0.0271659
0.0272644
0.0273595
0.0274515
0.0275406
0.0276268
0.0277104
0.0277915
0.0278702
0.0279467
0.028021
0.0280933
0.0281636
0.0282321
0.0282989
0.0283641
0.0284277
0.0284898
0.0285505
0.0286099
0.028668
0.0287249
0.0287806
0.0288352
0.0288887
0.0289411
0.0289925
0.0290427
0.0290919
0.0291399
0.0291868
0.0292325
0.0292771
0.0293203
0.0293623
0.029403
0.0294425
0.0294806
0.0295176
0.0295534
0.0295881
0.0296218
0.0296546
0.0296867
0.0297182
0.0297493
0.0297802
0.0298112
0.0298423
0.0298737
0.0299058
0.0299386
0.0299724
0.0300073
0.0300434
0.0300808
0.0301196
0.0301599
0.0302016
0.0302447
0.0302892
0.0303349
0.0303817
0.0304295
0.0304779
0.0305268
0.0305759
0.0306249
0.0306735
0.0307213
0.0307678
0.030813
0.0308537
0.0318859
0.0265354
0.0215162
0.0170871
0.0134893
0.0110289
0.00983786
0.0097379
0.0103766
0.011418
0.0126294
0.0138773
0.0150935
0.0162465
0.0173241
0.0183239
0.0192482
0.0201018
0.0208901
0.0216189
0.0222936
0.0229193
0.0235006
0.0240417
0.0245463
0.025018
0.0254596
0.0258739
0.0262632
0.0266297
0.0269754
0.0273019
0.0276108
0.0279035
0.0281812
0.0284451
0.0286963
0.0289356
0.0291638
0.0293819
0.0295903
0.0297899
0.0299812
0.0301647
0.0303409
0.0305103
0.0306732
0.0308302
0.0309814
0.0311274
0.0312683
0.0314044
0.031536
0.0316634
0.0317868
0.0319063
0.0320223
0.0321348
0.0322441
0.0323502
0.0324534
0.0325539
0.0326516
0.0327468
0.0328397
0.0329302
0.0330186
0.0331048
0.0331892
0.0332716
0.0333523
0.0334312
0.0335084
0.0335841
0.0336581
0.0337306
0.0338016
0.033871
0.0339389
0.0340052
0.0340699
0.0341329
0.0341944
0.0342541
0.0343122
0.0343686
0.0344233
0.0344764
0.0345279
0.0345779
0.0346265
0.0346738
0.03472
0.0347653
0.0348097
0.0348536
0.0348972
0.0349406
0.0349841
0.0350279
0.0350723
0.0351174
0.0351634
0.0352105
0.0352588
0.0353085
0.0353595
0.0354119
0.0354658
0.035521
0.0355775
0.0356352
0.0356938
0.0357532
0.035813
0.0358731
0.0359331
0.0359926
0.0360513
0.0361086
0.0361645
0.0362153
0.0339568
0.0302574
0.0262964
0.0224018
0.0187493
0.0155657
0.0131348
0.01166
0.0111401
0.0113925
0.0121663
0.0132379
0.014448
0.0156984
0.0169334
0.0181236
0.0192548
0.0203216
0.0213231
0.0222613
0.0231394
0.0239613
0.0247308
0.0254521
0.0261288
0.0267645
0.0273626
0.027926
0.0284574
0.0289594
0.0294343
0.0298842
0.0303109
0.0307161
0.0311015
0.0314684
0.0318181
0.0321519
0.0324707
0.0327757
0.0330677
0.0333476
0.033616
0.0338738
0.0341216
0.0343599
0.0345894
0.0348105
0.0350237
0.0352295
0.0354283
0.0356204
0.0358062
0.0359861
0.0361603
0.0363292
0.0364929
0.0366518
0.0368061
0.0369561
0.0371018
0.0372436
0.0373816
0.0375159
0.0376469
0.0377745
0.037899
0.0380206
0.0381393
0.0382552
0.0383686
0.0384795
0.038588
0.0386941
0.038798
0.0388996
0.0389991
0.0390964
0.0391916
0.0392846
0.0393755
0.0394642
0.0395507
0.039635
0.0397171
0.039797
0.0398747
0.0399502
0.0400236
0.040095
0.0401644
0.0402321
0.0402981
0.0403626
0.0404258
0.0404879
0.0405492
0.0406099
0.0406703
0.0407305
0.0407908
0.0408515
0.0409128
0.0409749
0.0410379
0.041102
0.0411672
0.0412338
0.0413015
0.0413706
0.0414408
0.0415121
0.0415842
0.0416571
0.0417304
0.0418039
0.0418772
0.04195
0.0420218
0.0420921
0.0421608
0.0422239
0.0352156
0.0329264
0.0301548
0.0271692
0.0241079
0.0210828
0.0182539
0.0158401
0.0140585
0.0130304
0.012737
0.0130508
0.0138009
0.0148263
0.0160022
0.0172434
0.018496
0.0197278
0.0209204
0.0220639
0.0231539
0.024189
0.0251702
0.026099
0.026978
0.0278099
0.0285976
0.0293438
0.0300513
0.0307226
0.0313602
0.0319664
0.0325433
0.0330929
0.0336169
0.0341171
0.034595
0.035052
0.0354895
0.0359086
0.0363106
0.0366965
0.0370671
0.0374235
0.0377664
0.0380967
0.0384149
0.0387219
0.0390181
0.0393043
0.0395808
0.0398483
0.0401072
0.0403578
0.0406007
0.0408363
0.0410647
0.0412865
0.0415019
0.0417112
0.0419147
0.0421127
0.0423054
0.0424931
0.0426759
0.0428541
0.0430279
0.0431975
0.0433631
0.0435248
0.0436829
0.0438374
0.0439885
0.0441363
0.0442809
0.0444224
0.0445608
0.0446963
0.0448288
0.0449584
0.0450851
0.0452089
0.0453297
0.0454477
0.0455627
0.0456749
0.0457842
0.0458906
0.0459942
0.0460951
0.0461934
0.0462892
0.0463827
0.046474
0.0465633
0.0466508
0.0467368
0.0468216
0.0469053
0.0469883
0.0470708
0.0471531
0.0472354
0.047318
0.047401
0.0474846
0.047569
0.0476542
0.0477404
0.0478275
0.0479154
0.0480042
0.0480937
0.0481836
0.0482738
0.0483639
0.0484536
0.0485427
0.0486305
0.0487167
0.0488011
0.0488791
0.0358864
0.034593
0.0328633
0.0308401
0.0286213
0.0262674
0.0238358
0.0214144
0.0191386
0.0171788
0.0156958
0.0147878
0.0144645
0.0146594
0.0152639
0.0161609
0.0172464
0.01844
0.0196844
0.0209414
0.0221859
0.0234025
0.0245816
0.025718
0.0268092
0.0278544
0.0288542
0.0298096
0.0307222
0.0315939
0.0324266
0.0332223
0.0339831
0.0347108
0.0354074
0.0360745
0.0367138
0.037327
0.0379155
0.0384807
0.0390239
0.0395464
0.0400493
0.0405336
0.0410004
0.0414506
0.041885
0.0423046
0.04271
0.043102
0.0434813
0.0438484
0.044204
0.0445487
0.0448829
0.0452071
0.0455219
0.0458276
0.0461247
0.0464135
0.0466944
0.0469677
0.0472338
0.0474931
0.0477457
0.0479919
0.0482321
0.0484665
0.0486954
0.0489189
0.0491373
0.0493507
0.0495595
0.0497637
0.0499634
0.0501588
0.0503499
0.050537
0.0507201
0.0508993
0.0510745
0.0512459
0.0514134
0.051577
0.0517369
0.051893
0.0520452
0.0521938
0.0523387
0.05248
0.0526178
0.0527522
0.0528833
0.0530114
0.0531367
0.0532592
0.0533794
0.0534973
0.0536134
0.0537278
0.0538409
0.0539529
0.0540642
0.0541748
0.0542852
0.0543954
0.0545057
0.0546161
0.0547269
0.0548379
0.0549493
0.055061
0.0551729
0.0552848
0.0553965
0.0555077
0.0556182
0.0557276
0.0558354
0.0559412
0.0560449
0.0561414
0.0361963
0.0354884
0.0345011
0.0332718
0.0318469
0.0302605
0.0285351
0.0266917
0.024764
0.0228124
0.0209309
0.0192398
0.0178631
0.0168966
0.0163857
0.0163216
0.0166534
0.0173069
0.0182017
0.0192644
0.020434
0.0216643
0.0229216
0.0241827
0.0254314
0.0266568
0.0278519
0.0290123
0.0301354
0.0312203
0.0322666
0.0332747
0.0342455
0.03518
0.0360795
0.0369453
0.0377788
0.0385814
0.0393547
0.0400998
0.0408182
0.0415111
0.0421797
0.0428252
0.0434488
0.0440514
0.044634
0.0451977
0.0457433
0.0462716
0.0467835
0.0472797
0.047761
0.0482279
0.0486811
0.0491213
0.049549
0.0499648
0.0503691
0.0507625
0.0511454
0.0515183
0.0518815
0.0522354
0.0525805
0.052917
0.0532454
0.0535659
0.0538789
0.0541847
0.0544835
0.0547757
0.0550613
0.0553408
0.0556143
0.0558819
0.0561438
0.0564
0.0566508
0.0568964
0.0571367
0.057372
0.0576021
0.0578272
0.0580473
0.0582625
0.0584727
0.0586781
0.0588787
0.0590746
0.0592658
0.0594526
0.0596349
0.0598131
0.0599872
0.0601575
0.0603242
0.0604876
0.0606479
0.0608054
0.0609604
0.0611131
0.0612639
0.061413
0.0615606
0.0617071
0.0618525
0.0619971
0.062141
0.0622842
0.0624269
0.062569
0.0627104
0.062851
0.0629907
0.0631293
0.0632663
0.0634017
0.0635348
0.0636653
0.0637932
0.0639132
0.0363185
0.0358964
0.035342
0.0346443
0.0338099
0.0328502
0.0317745
0.0305881
0.0292942
0.0278982
0.0264145
0.0248739
0.0233287
0.0218531
0.0205352
0.0194615
0.0187
0.018288
0.0182293
0.0184992
0.0190539
0.0198402
0.020804
0.0218958
0.0230737
0.0243048
0.0255638
0.0268322
0.0280965
0.0293469
0.0305766
0.0317807
0.0329559
0.0341003
0.0352127
0.0362927
0.0373403
0.0383559
0.03934
0.0402934
0.041217
0.0421116
0.0429783
0.043818
0.0446317
0.0454205
0.0461854
0.0469272
0.0476469
0.0483454
0.0490236
0.0496821
0.050322
0.0509438
0.0515484
0.0521365
0.0527086
0.0532655
0.0538077
0.0543358
0.0548504
0.0553519
0.0558409
0.0563178
0.0567832
0.0572374
0.0576808
0.058114
0.0585371
0.0589507
0.0593551
0.0597506
0.0601375
0.0605161
0.0608866
0.0612494
0.0616047
0.0619525
0.0622931
0.0626266
0.0629532
0.063273
0.0635862
0.0638929
0.064193
0.0644868
0.0647742
0.0650553
0.0653302
0.0655989
0.0658617
0.0661185
0.0663695
0.0666148
0.0668547
0.0670893
0.0673188
0.0675435
0.0677636
0.0679793
0.068191
0.068399
0.0686034
0.0688047
0.0690029
0.0691984
0.0693915
0.0695822
0.0697708
0.0699573
0.0701419
0.0703245
0.0705053
0.070684
0.0708606
0.0710349
0.0712066
0.0713756
0.0715414
0.0717036
0.0718623
0.0720123
0.0363591
0.0360515
0.0357024
0.0352937
0.0348163
0.0342669
0.0336458
0.0329534
0.032189
0.0313505
0.0304344
0.0294384
0.0283636
0.0272185
0.0260225
0.0248094
0.0236274
0.0225355
0.0215963
0.0208663
0.020387
0.0201807
0.0202495
0.0205783
0.0211397
0.021899
0.0228189
0.0238634
0.0249997
0.0262001
0.0274421
0.0287078
0.0299836
0.0312592
0.0325266
0.0337799
0.0350148
0.0362278
0.0374167
0.0385799
0.0397164
0.0408257
0.0419076
0.0429622
0.0439899
0.044991
0.0459661
0.0469156
0.0478403
0.0487407
0.0496176
0.0504717
0.0513037
0.0521144
0.0529043
0.0536743
0.054425
0.0551571
0.0558711
0.0565678
0.0572476
0.0579111
0.0585589
0.0591916
0.0598096
0.0604135
0.0610037
0.0615808
0.0621451
0.0626971
0.0632372
0.0637658
0.0642833
0.06479
0.0652863
0.0657725
0.0662488
0.0667155
0.0671729
0.0676211
0.0680603
0.0684906
0.0689123
0.0693256
0.0697306
0.0701273
0.0705159
0.0708964
0.0712689
0.0716336
0.0719905
0.0723397
0.0726814
0.0730156
0.0733426
0.0736625
0.0739754
0.0742817
0.0745815
0.074875
0.0751626
0.0754444
0.0757207
0.0759919
0.076258
0.0765195
0.0767764
0.077029
0.0772775
0.077522
0.0777627
0.0779996
0.0782327
0.078462
0.0786874
0.0789089
0.0791262
0.0793392
0.0795476
0.079751
0.0799498
0.0801387
0.0363702
0.0360998
0.0358287
0.035546
0.0352425
0.0349115
0.0345487
0.0341513
0.0337177
0.0332458
0.0327334
0.0321771
0.0315728
0.0309161
0.0302028
0.0294306
0.0286007
0.02772
0.0268034
0.025875
0.0249679
0.0241225
0.023382
0.0227876
0.0223733
0.0221626
0.0221667
0.022385
0.0228072
0.023415
0.0241857
0.0250941
0.0261146
0.0272232
0.0283982
0.029621
0.0308761
0.0321509
0.0334354
0.0347217
0.0360038
0.0372768
0.0385369
0.039781
0.0410069
0.0422128
0.0433974
0.0445598
0.0456994
0.0468159
0.0479093
0.0489796
0.0500271
0.051052
0.0520546
0.0530354
0.0539948
0.0549331
0.0558509
0.0567486
0.0576267
0.0584857
0.0593262
0.0601486
0.0609535
0.0617413
0.0625126
0.0632679
0.0640075
0.064732
0.0654418
0.0661372
0.0668188
0.0674869
0.0681418
0.068784
0.0694138
0.0700314
0.0706372
0.0712315
0.0718145
0.0723864
0.0729473
0.0734974
0.0740369
0.074566
0.0750849
0.0755936
0.0760922
0.0765808
0.0770596
0.0775285
0.0779878
0.0784376
0.0788779
0.0793089
0.0797308
0.0801438
0.0805479
0.0809435
0.0813307
0.0817097
0.0820808
0.0824442
0.0828
0.0831486
0.0834902
0.0838248
0.0841528
0.0844743
0.0847893
0.0850981
0.0854006
0.0856969
0.085987
0.0862708
0.0865483
0.0868193
0.0870837
0.0873412
0.0875922
0.0878322
0.0363726
0.0361118
0.0358643
0.0356247
0.0353882
0.0351497
0.0349053
0.0346516
0.0343862
0.034107
0.0338124
0.0335008
0.0331704
0.032819
0.0324439
0.032042
0.0316095
0.0311425
0.0306372
0.0300908
0.0295024
0.0288739
0.0282116
0.0275273
0.0268383
0.0261678
0.0255434
0.0249948
0.0245508
0.0242373
0.0240743
0.0240748
0.0242446
0.0245827
0.0250818
0.0257305
0.0265136
0.0274144
0.028415
0.0294982
0.0306474
0.0318479
0.0330864
0.0343519
0.0356352
0.0369284
0.0382257
0.0395219
0.0408131
0.042096
0.0433682
0.0446274
0.0458718
0.0471001
0.048311
0.0495038
0.0506777
0.0518323
0.0529675
0.0540829
0.0551788
0.0562552
0.0573122
0.0583502
0.0593692
0.0603698
0.061352
0.0623162
0.0632628
0.0641921
0.0651043
0.0659998
0.066879
0.0677422
0.0685898
0.0694222
0.0702395
0.0710423
0.0718309
0.0726054
0.0733662
0.0741136
0.0748476
0.0755686
0.0762767
0.0769718
0.0776542
0.078324
0.0789813
0.0796263
0.080259
0.0808795
0.0814879
0.0820843
0.0826688
0.0832414
0.0838023
0.0843516
0.0848894
0.0854159
0.0859311
0.0864354
0.0869287
0.0874114
0.0878834
0.0883452
0.0887967
0.0892382
0.0896698
0.0900918
0.0905041
0.0909071
0.0913006
0.0916849
0.09206
0.0924259
0.0927827
0.0931302
0.0934684
0.0937972
0.0941174
0.0944251
0.036373
0.0361141
0.035872
0.0356439
0.0354272
0.0352191
0.0350173
0.0348192
0.0346229
0.0344266
0.0342287
0.034028
0.0338235
0.033614
0.0333987
0.0331765
0.0329461
0.0327063
0.0324551
0.0321905
0.0319101
0.031611
0.0312904
0.0309453
0.0305734
0.030173
0.0297441
0.0292888
0.0288122
0.0283227
0.0278324
0.0273568
0.0269145
0.0265254
0.0262099
0.025987
0.0258729
0.0258804
0.0260178
0.0262892
0.0266943
0.0272295
0.0278877
0.0286597
0.0295346
0.0305005
0.0315451
0.032656
0.0338218
0.0350315
0.0362753
0.0375449
0.0388326
0.0401323
0.0414387
0.0427476
0.0440554
0.0453593
0.046657
0.0479463
0.0492258
0.050494
0.0517497
0.052992
0.0542199
0.0554327
0.0566299
0.057811
0.0589757
0.0601237
0.061255
0.0623696
0.0634674
0.0645486
0.0656134
0.0666618
0.0676942
0.0687106
0.0697112
0.0706963
0.0716659
0.0726203
0.0735596
0.0744838
0.0753931
0.0762875
0.0771671
0.0780319
0.0788817
0.0797168
0.0805371
0.0813427
0.0821337
0.0829101
0.0836719
0.0844192
0.085152
0.0858703
0.0865743
0.0872638
0.0879391
0.0886002
0.089247
0.0898799
0.0904987
0.0911037
0.0916949
0.0922726
0.0928367
0.0933875
0.0939251
0.0944496
0.0949612
0.0954599
0.0959461
0.0964196
0.0968807
0.0973293
0.0977657
0.0981897
0.0986024
0.0990012
0.036373
0.0361144
0.0358731
0.0356473
0.035435
0.0352345
0.0350442
0.0348626
0.0346883
0.03452
0.0343566
0.0341972
0.0340406
0.0338863
0.0337335
0.0335815
0.03343
0.0332783
0.0331261
0.0329727
0.0328178
0.0326606
0.0325003
0.0323361
0.0321666
0.0319907
0.0318066
0.0316125
0.0314065
0.0311866
0.0309508
0.0306977
0.0304262
0.0301365
0.02983
0.0295099
0.0291814
0.0288519
0.0285313
0.0282311
0.0279644
0.0277452
0.0275872
0.0275034
0.0275052
0.0276018
0.0278001
0.0281042
0.0285156
0.0290335
0.0296551
0.0303753
0.0311881
0.0320859
0.0330607
0.0341038
0.0352067
0.0363606
0.0375575
0.0387895
0.0400497
0.0413315
0.0426295
0.0439387
0.045255
0.0465749
0.0478953
0.049214
0.0505288
0.0518381
0.0531405
0.0544348
0.05572
0.0569953
0.0582598
0.0595128
0.0607538
0.0619821
0.0631971
0.0643985
0.0655859
0.0667589
0.0679171
0.0690604
0.0701886
0.0713015
0.0723988
0.0734806
0.0745467
0.075597
0.0766312
0.0776493
0.0786511
0.0796362
0.0806047
0.0815566
0.0824918
0.0834101
0.0843115
0.0851959
0.0860632
0.0869134
0.0877463
0.0885621
0.0893606
0.090142
0.0909063
0.0916535
0.0923838
0.0930972
0.0937941
0.0944744
0.0951383
0.0957862
0.0964181
0.0970342
0.0976347
0.0982198
0.0987897
0.0993445
0.0998856
0.100411
0.0363729
0.0361143
0.0358731
0.0356476
0.035436
0.0352369
0.0350488
0.0348708
0.0347016
0.0345405
0.0343865
0.0342388
0.0340968
0.0339597
0.0338271
0.0336984
0.0335731
0.0334509
0.0333314
0.0332143
0.0330994
0.0329864
0.0328751
0.0327653
0.032657
0.0325498
0.0324436
0.0323381
0.032233
0.032128
0.0320224
0.0319158
0.0318073
0.0316962
0.0315812
0.0314614
0.0313355
0.0312021
0.03106
0.0309083
0.0307461
0.0305731
0.0303898
0.0301976
0.0299988
0.0297973
0.0295981
0.0294077
0.0292338
0.029085
0.0289706
0.0289003
0.0288832
0.0289281
0.0290428
0.0292336
0.0295054
0.0298618
0.0303044
0.0308337
0.0314485
0.0321464
0.0329242
0.0337774
0.034701
0.0356893
0.0367365
0.0378364
0.0389828
0.0401695
0.0413906
0.0426405
0.043914
0.0452062
0.0465128
0.0478297
0.0491537
0.0504816
0.0518108
0.0531393
0.0544651
0.0557866
0.0571025
0.0584116
0.059713
0.0610058
0.0622892
0.0635625
0.064825
0.066076
0.067315
0.0685412
0.0697541
0.070953
0.0721372
0.073306
0.0744585
0.0755944
0.0767134
0.0778152
0.0788994
0.0799659
0.0810144
0.0820448
0.0830569
0.0840508
0.0850263
0.0859836
0.0869227
0.0878436
0.0887465
0.0896315
0.0904988
0.0913486
0.092181
0.0929961
0.0937942
0.0945754
0.09534
0.096088
0.0968206
0.0975371
0.0363728
0.0361141
0.035873
0.0356475
0.0354359
0.0352369
0.0350492
0.0348717
0.0347034
0.0345435
0.0343913
0.0342461
0.0341073
0.0339743
0.0338467
0.0337239
0.0336057
0.0334917
0.0333814
0.0332747
0.0331712
0.0330707
0.032973
0.032878
0.0327854
0.0326952
0.0326072
0.0325214
0.0324377
0.032356
0.0322764
0.0321988
0.0321231
0.0320494
0.0319776
0.0319077
0.0318395
0.031773
0.031708
0.0316444
0.0315817
0.0315198
0.0314581
0.0313961
0.0313333
0.0312691
0.0312025
0.0311331
0.0310599
0.0309824
0.0309001
0.0308127
0.0307204
0.0306236
0.0305236
0.0304222
0.0303219
0.0302262
0.0301393
0.0300662
0.0300125
0.0299845
0.0299886
0.0300312
0.0301188
0.0302573
0.0304522
0.030708
0.0310285
0.0314168
0.0318746
0.032403
0.0330021
0.033671
0.0344084
0.0352119
0.0360786
0.0370054
0.0379884
0.0390236
0.0401067
0.0412333
0.0423988
0.0435989
0.0448291
0.0460852
0.0473632
0.0486593
0.0499698
0.0512916
0.0526216
0.0539572
0.055296
0.0566358
0.0579747
0.0593113
0.060644
0.0619715
0.0632925
0.0646058
0.0659109
0.067207
0.0684937
0.0697705
0.0710369
0.0722925
0.0735369
0.0747696
0.0759903
0.0771986
0.0783939
0.079576
0.0807443
0.0818985
0.0830381
0.0841626
0.0852718
0.0863652
0.0874424
0.0885031
0.0895476
0.0905737
0.0363728
0.0361141
0.0358729
0.0356474
0.0354358
0.0352368
0.0350491
0.0348716
0.0347034
0.0345437
0.0343917
0.0342468
0.0341085
0.0339761
0.0338494
0.0337277
0.0336109
0.0334984
0.0333901
0.0332856
0.0331847
0.0330872
0.0329928
0.0329013
0.0328125
0.0327264
0.0326427
0.0325613
0.0324821
0.0324051
0.0323301
0.032257
0.0321859
0.0321167
0.0320493
0.0319837
0.03192
0.0318582
0.0317983
0.0317403
0.0316844
0.0316305
0.0315788
0.0315294
0.0314822
0.0314375
0.0313953
0.0313557
0.0313187
0.0312844
0.0312528
0.0312239
0.0311978
0.0311742
0.0311532
0.0311346
0.0311181
0.0311036
0.0310909
0.0310797
0.0310697
0.0310607
0.0310527
0.0310456
0.0310396
0.0310351
0.0310329
0.0310339
0.0310398
0.0310524
0.0310743
0.0311084
0.0311582
0.0312276
0.0313209
0.0314427
0.0315978
0.031791
0.0320271
0.0323105
0.0326457
0.0330363
0.0334858
0.0339971
0.0345722
0.035213
0.0359204
0.0366949
0.0375364
0.0384441
0.0394168
0.0404529
0.0415502
0.0427062
0.0439179
0.0451822
0.0464957
0.0478546
0.0492552
0.0506934
0.0521651
0.0536663
0.0551929
0.0567407
0.0583059
0.0598845
0.0614728
0.0630671
0.0646642
0.0662607
0.0678535
0.06944
0.0710174
0.0725833
0.0741356
0.0756723
0.0771915
0.0786918
0.0801717
0.0816299
0.0830657
0.0844742
0.0363728
0.0361141
0.0358729
0.0356474
0.0354358
0.0352368
0.0350491
0.0348716
0.0347034
0.0345437
0.0343917
0.0342468
0.0341085
0.0339761
0.0338494
0.0337277
0.0336109
0.0334984
0.0333901
0.0332856
0.0331847
0.0330872
0.0329927
0.0329012
0.0328125
0.0327264
0.0326427
0.0325613
0.0324821
0.0324051
0.0323301
0.032257
0.0321859
0.0321166
0.0320492
0.0319837
0.03192
0.0318582
0.0317982
0.0317403
0.0316843
0.0316305
0.0315788
0.0315293
0.0314821
0.0314374
0.0313952
0.0313555
0.0313185
0.0312841
0.0312525
0.0312236
0.0311973
0.0311737
0.0311526
0.0311338
0.0311172
0.0311026
0.0310897
0.0310783
0.0310681
0.031059
0.0310507
0.0310433
0.0310371
0.0310323
0.0310298
0.0310306
0.0310362
0.0310486
0.0310702
0.0311041
0.0311537
0.0312229
0.0313161
0.0314379
0.0315929
0.0317861
0.0320222
0.0323057
0.032641
0.0330317
0.0334814
0.0339928
0.0345681
0.0352091
0.0359167
0.0366914
0.037533
0.0384409
0.0394138
0.04045
0.0415474
0.0427034
0.0439152
0.0451794
0.0464927
0.0478514
0.0492515
0.0506892
0.0521602
0.0536605
0.055186
0.0567327
0.0582965
0.0598735
0.0614601
0.0630527
0.0646478
0.0662424
0.0678334
0.069418
0.0709938
0.0725583
0.0741095
0.0756454
0.0771644
0.0786649
0.0801456
0.0816054
0.0830435
0.0844552
0.0363728
0.0361141
0.035873
0.0356475
0.0354359
0.0352369
0.0350492
0.0348717
0.0347034
0.0345435
0.0343913
0.0342461
0.0341073
0.0339743
0.0338466
0.0337239
0.0336057
0.0334916
0.0333814
0.0332746
0.0331711
0.0330706
0.0329729
0.0328778
0.0327853
0.032695
0.032607
0.0325212
0.0324375
0.0323558
0.0322761
0.0321985
0.0321228
0.032049
0.0319772
0.0319072
0.031839
0.0317724
0.0317073
0.0316436
0.0315808
0.0315187
0.0314568
0.0313947
0.0313317
0.0312671
0.0312003
0.0311305
0.0310569
0.030979
0.0308963
0.0308084
0.0307156
0.0306184
0.030518
0.0304161
0.0303155
0.0302196
0.0301326
0.0300596
0.0300061
0.0299785
0.0299832
0.0300266
0.0301152
0.0302549
0.030451
0.0307082
0.0310304
0.0314202
0.0318797
0.0324099
0.0330107
0.0336814
0.0344205
0.0352256
0.036094
0.0370224
0.0380069
0.0390435
0.0401279
0.0412557
0.0424225
0.0436237
0.0448549
0.046112
0.0473909
0.0486877
0.049999
0.0513213
0.0526518
0.0539877
0.0553265
0.0566662
0.0580049
0.0593408
0.0606727
0.061999
0.0633184
0.0646299
0.0659328
0.0672263
0.06851
0.0697835
0.0710463
0.0722981
0.0735385
0.0747672
0.0759839
0.0771882
0.0783799
0.0795587
0.0807243
0.0818764
0.0830148
0.0841392
0.0852494
0.0863451
0.0874261
0.0884923
0.0895441
0.0905793
0.0363729
0.0361143
0.0358731
0.0356476
0.035436
0.0352369
0.0350488
0.0348708
0.0347016
0.0345405
0.0343864
0.0342387
0.0340967
0.0339596
0.033827
0.0336982
0.0335729
0.0334506
0.0333311
0.0332139
0.0330989
0.0329858
0.0328744
0.0327646
0.0326561
0.0325488
0.0324424
0.0323368
0.0322315
0.0321263
0.0320205
0.0319136
0.0318048
0.0316932
0.0315779
0.0314575
0.031331
0.031197
0.0310543
0.0309018
0.0307387
0.0305649
0.0303808
0.0301878
0.0299883
0.0297862
0.0295867
0.0293962
0.0292224
0.0290741
0.0289607
0.0288916
0.0288761
0.0289231
0.02904
0.0292333
0.0295079
0.0298672
0.0303128
0.0308451
0.0314629
0.0321638
0.0329445
0.0338004
0.0347265
0.0357173
0.0367667
0.0378686
0.0390167
0.0402051
0.0414276
0.0426788
0.0439533
0.0452464
0.0465536
0.0478712
0.0491956
0.0505239
0.0518534
0.0531821
0.0545081
0.0558297
0.0571457
0.0584549
0.0597563
0.061049
0.0623323
0.0636054
0.0648677
0.0661183
0.0673568
0.0685823
0.0697942
0.0709919
0.0721745
0.0733415
0.0744918
0.0756251
0.0767412
0.0778396
0.0789202
0.0799827
0.0810269
0.0820527
0.0830602
0.0840493
0.0850203
0.0859731
0.0869081
0.0878254
0.0887254
0.0896083
0.0904745
0.0913244
0.0921583
0.0929766
0.0937796
0.0945675
0.0953408
0.0960998
0.0968457
0.0975777
0.036373
0.0361144
0.0358731
0.0356473
0.035435
0.0352345
0.0350441
0.0348625
0.0346881
0.0345198
0.0343564
0.0341968
0.0340401
0.0338856
0.0337326
0.0335805
0.0334287
0.0332768
0.0331243
0.0329707
0.0328154
0.0326578
0.0324971
0.0323323
0.0321623
0.0319857
0.0318008
0.0316059
0.0313989
0.0311779
0.030941
0.0306865
0.0304137
0.0301226
0.0298147
0.0294934
0.0291639
0.0288337
0.0285128
0.0282129
0.0279471
0.0277293
0.0275734
0.0274923
0.0274972
0.0275975
0.0277997
0.0281079
0.0285235
0.0290458
0.0296715
0.0303958
0.0312124
0.0321137
0.0330918
0.0341378
0.0352433
0.0363995
0.0375982
0.0388319
0.0400933
0.0413762
0.042675
0.0439848
0.0453015
0.0466215
0.0479421
0.0492606
0.0505753
0.0518843
0.0531863
0.0544803
0.055765
0.0570398
0.0583038
0.0595562
0.0607966
0.0620243
0.0632388
0.0644397
0.0656265
0.0667989
0.0679566
0.0690994
0.070227
0.0713392
0.0724359
0.0735169
0.074582
0.0756311
0.076664
0.0776804
0.0786802
0.0796631
0.0806289
0.0815778
0.0825095
0.0834239
0.0843211
0.0852009
0.0860633
0.0869083
0.087736
0.0885464
0.0893397
0.090116
0.0908756
0.0916187
0.0923455
0.0930565
0.0937519
0.0944321
0.0950975
0.0957484
0.0963853
0.0970084
0.0976181
0.0982148
0.0987986
0.0993699
0.09993
0.100477
0.036373
0.0361141
0.035872
0.0356439
0.0354271
0.035219
0.0350169
0.0348187
0.0346222
0.0344255
0.0342273
0.0340263
0.0338212
0.0336112
0.0333953
0.0331724
0.0329413
0.0327006
0.0324484
0.0321827
0.0319009
0.0316004
0.0312782
0.0309313
0.0305574
0.0301549
0.0297239
0.0292666
0.0287882
0.0282972
0.027806
0.0273302
0.0268885
0.026501
0.026188
0.0259685
0.0258587
0.025871
0.0260137
0.0262905
0.0267013
0.0272419
0.0279053
0.0286823
0.0295617
0.0305316
0.0315796
0.0326936
0.0338618
0.0350736
0.0363191
0.0375898
0.0388784
0.0401787
0.0414854
0.0427944
0.0441021
0.0454058
0.046703
0.0479919
0.0492707
0.0505382
0.0517932
0.0530345
0.0542615
0.0554733
0.0566695
0.0578495
0.0590131
0.06016
0.0612902
0.0624037
0.0635004
0.0645805
0.0656441
0.0666915
0.0677228
0.0687383
0.069738
0.0707222
0.071691
0.0726445
0.073583
0.0745063
0.0754147
0.0763082
0.0771866
0.0780501
0.0788985
0.0797318
0.08055
0.0813532
0.0821414
0.0829146
0.0836728
0.084416
0.0851443
0.0858578
0.0865565
0.0872405
0.0879101
0.0885653
0.0892064
0.0898335
0.0904471
0.0910472
0.0916343
0.0922087
0.0927706
0.0933206
0.0938588
0.0943857
0.0949016
0.0954067
0.0959015
0.096386
0.0968606
0.0973254
0.0977805
0.098226
0.0986628
0.0990882
0.0363726
0.0361118
0.0358641
0.0356245
0.0353876
0.0351488
0.0349038
0.0346496
0.0343834
0.0341033
0.0338076
0.0334948
0.033163
0.03281
0.0324332
0.0320293
0.0315946
0.0311251
0.0306171
0.0300679
0.0294764
0.0288449
0.02818
0.0274934
0.026803
0.0261322
0.0255088
0.0249624
0.0245221
0.0242135
0.0240563
0.0240634
0.0242401
0.0245851
0.0250911
0.0257461
0.026535
0.0274409
0.0284459
0.0295328
0.030685
0.0318877
0.033128
0.0343948
0.0356788
0.0369725
0.0382698
0.0395659
0.0408567
0.0421391
0.0434105
0.0446688
0.0459123
0.0471395
0.0483492
0.0495408
0.0507134
0.0518667
0.0530004
0.0541145
0.0552089
0.0562839
0.0573394
0.0583759
0.0593935
0.0603926
0.0613733
0.0623361
0.0632812
0.064209
0.0651199
0.066014
0.0668919
0.0677538
0.0686002
0.0694313
0.0702476
0.0710493
0.0718368
0.0726104
0.0733703
0.0741167
0.0748499
0.0755699
0.0762769
0.0769708
0.0776518
0.0783199
0.0789753
0.0796181
0.0802482
0.0808657
0.0814706
0.082063
0.0826431
0.0832109
0.0837665
0.0843102
0.0848421
0.0853625
0.0858716
0.0863697
0.0868572
0.0873344
0.0878016
0.0882592
0.0887077
0.0891473
0.0895785
0.0900016
0.090417
0.090825
0.0912259
0.0916199
0.0920072
0.0923879
0.0927621
0.0931298
0.0934909
0.0938453
0.0941935
0.0945316
0.0363701
0.0360996
0.0358282
0.0355449
0.0352404
0.0349082
0.0345439
0.0341448
0.0337091
0.033235
0.0327199
0.0321608
0.0315533
0.0308931
0.0301759
0.0293997
0.0285656
0.0276812
0.0267614
0.0258308
0.0249231
0.0240788
0.0233415
0.022752
0.0223444
0.0221414
0.0221539
0.0223807
0.0228111
0.0234266
0.024204
0.0251181
0.0261434
0.0272558
0.0284336
0.0296585
0.030915
0.0321905
0.0334754
0.0347616
0.0360433
0.0373156
0.0385748
0.0398179
0.0410426
0.0422471
0.0434303
0.0445911
0.0457291
0.046844
0.0479357
0.0490043
0.0500501
0.0510733
0.0520742
0.0530533
0.0540109
0.0549475
0.0558636
0.0567595
0.057636
0.0584933
0.0593321
0.0601529
0.0609562
0.0617424
0.0625122
0.0632659
0.064004
0.064727
0.0654353
0.0661294
0.0668097
0.0674765
0.0681302
0.0687713
0.0694
0.0700166
0.0706215
0.0712149
0.071797
0.072368
0.072928
0.0734771
0.0740154
0.0745432
0.0750604
0.0755672
0.0760636
0.0765496
0.0770253
0.0774907
0.077946
0.0783912
0.0788266
0.0792522
0.0796684
0.0800752
0.0804732
0.0808625
0.0812435
0.0816166
0.0819822
0.0823407
0.0826926
0.0830382
0.0833781
0.0837126
0.0840421
0.084367
0.0846876
0.0850041
0.0853169
0.0856259
0.0859314
0.0862333
0.0865316
0.086826
0.0871164
0.0874023
0.0876842
0.0879571
0.0363589
0.0360506
0.0357003
0.0352898
0.03481
0.0342577
0.0336332
0.032937
0.0321685
0.0313253
0.0304043
0.0294031
0.028323
0.0271727
0.0259725
0.0247565
0.0235737
0.0224835
0.0215488
0.0208257
0.0203552
0.0201589
0.0202379
0.0205765
0.0211468
0.0219138
0.0228401
0.0238895
0.0250295
0.0262325
0.0274761
0.0287427
0.0300187
0.031294
0.0325608
0.0338131
0.0350467
0.0362583
0.0374457
0.0386071
0.0397418
0.0408492
0.0419292
0.0429819
0.0440077
0.0450068
0.0459799
0.0469274
0.0478501
0.0487486
0.0496235
0.0504757
0.0513058
0.0521146
0.0529027
0.0536709
0.0544199
0.0551502
0.0558625
0.0565574
0.0572355
0.0578974
0.0585436
0.0591747
0.0597911
0.0603935
0.0609822
0.0615578
0.0621207
0.0626713
0.0632101
0.0637374
0.0642537
0.0647593
0.0652545
0.0657397
0.0662151
0.066681
0.0671376
0.0675851
0.0680235
0.068453
0.0688738
0.0692861
0.0696898
0.070085
0.0704718
0.0708502
0.0712203
0.071582
0.0719354
0.0722807
0.072618
0.0729473
0.073269
0.0735832
0.0738902
0.0741903
0.0744838
0.0747713
0.075053
0.0753294
0.075601
0.0758682
0.0761315
0.0763914
0.0766482
0.0769025
0.0771546
0.0774048
0.0776533
0.0779005
0.0781464
0.078391
0.0786345
0.0788765
0.079117
0.0793557
0.0795921
0.0798257
0.0800567
0.0802795
0.0363178
0.0358937
0.0353361
0.0346341
0.0337946
0.0328293
0.0317475
0.0305547
0.029254
0.0278511
0.0263611
0.0248153
0.0232671
0.0217916
0.0204772
0.0194107
0.0186592
0.0182589
0.0182122
0.0184936
0.0190584
0.0198531
0.0208233
0.0219197
0.0231008
0.0243337
0.0255936
0.0268621
0.0281259
0.0293754
0.0306037
0.0318062
0.0329796
0.034122
0.0352323
0.0363102
0.0373556
0.038369
0.0393509
0.0403021
0.0412234
0.0421158
0.0429803
0.0438179
0.0446295
0.0454162
0.046179
0.0469188
0.0476366
0.0483332
0.0490094
0.0496661
0.0503041
0.0509242
0.0515271
0.0521134
0.0526839
0.0532391
0.0537797
0.0543062
0.0548192
0.0553193
0.0558068
0.0562823
0.0567462
0.057199
0.0576411
0.058073
0.0584949
0.0589073
0.0593105
0.0597049
0.0600908
0.0604684
0.0608382
0.0612002
0.0615547
0.0619019
0.0622419
0.0625747
0.0629006
0.0632198
0.0635321
0.0638377
0.0641366
0.0644288
0.0647143
0.0649931
0.0652652
0.0655308
0.0657898
0.0660424
0.0662888
0.066529
0.0667635
0.0669923
0.0672159
0.0674345
0.0676487
0.0678588
0.0680653
0.0682686
0.0684692
0.0686677
0.0688644
0.0690599
0.0692545
0.0694487
0.0696427
0.0698369
0.0700314
0.0702264
0.070422
0.070618
0.0708143
0.0710108
0.0712072
0.0714029
0.0715976
0.0717905
0.0719816
0.0721652
0.036194
0.0354812
0.034487
0.0332498
0.0318164
0.0302214
0.0284873
0.0266356
0.0247008
0.0227445
0.0208618
0.0191743
0.0178058
0.0168513
0.0163543
0.0163042
0.0166487
0.0173125
0.0182152
0.0192834
0.0204565
0.0216886
0.0229467
0.0242075
0.0254552
0.0266792
0.0278725
0.0290308
0.0301517
0.0312342
0.0322781
0.0332838
0.0342521
0.0351841
0.0360812
0.0369445
0.0377756
0.038576
0.0393469
0.0400898
0.040806
0.0414967
0.0421632
0.0428067
0.0434282
0.0440289
0.0446097
0.0451715
0.0457153
0.0462419
0.046752
0.0472466
0.0477262
0.0481915
0.0486432
0.0490819
0.0495081
0.0499225
0.0503254
0.0507174
0.0510989
0.0514705
0.0518324
0.0521851
0.0525289
0.0528643
0.0531915
0.0535109
0.0538229
0.0541276
0.0544255
0.0547168
0.0550016
0.0552804
0.0555532
0.0558202
0.0560816
0.0563373
0.0565877
0.0568328
0.0570726
0.0573071
0.0575364
0.0577605
0.0579793
0.0581928
0.0584011
0.058604
0.0588017
0.0589942
0.0591817
0.0593641
0.0595417
0.0597148
0.0598835
0.0600482
0.0602092
0.060367
0.0605218
0.0606743
0.0608248
0.0609739
0.0611219
0.0612695
0.0614169
0.0615648
0.0617133
0.061863
0.0620139
0.0621664
0.0623206
0.0624765
0.062634
0.0627932
0.0629536
0.0631151
0.0632772
0.0634394
0.0636012
0.0637619
0.0639211
0.0640732
0.0358805
0.034577
0.0328355
0.0308006
0.0285705
0.0262063
0.0237664
0.0213399
0.0190641
0.0171105
0.0156395
0.0147471
0.0144401
0.0146497
0.0152661
0.0161715
0.0172625
0.0184591
0.0197048
0.0209616
0.0222052
0.0234202
0.0245972
0.0257313
0.0268199
0.0278625
0.0288596
0.0298122
0.0307222
0.0315912
0.0324213
0.0332145
0.0339727
0.034698
0.0353921
0.0360569
0.036694
0.037305
0.0378914
0.0384545
0.0389958
0.0395163
0.0400173
0.0404998
0.0409648
0.0414133
0.0418461
0.0422641
0.0426679
0.0430584
0.0434362
0.0438019
0.0441561
0.0444994
0.0448323
0.0451553
0.0454688
0.0457733
0.0460692
0.0463568
0.0466366
0.0469088
0.0471739
0.047432
0.0476836
0.0479289
0.0481682
0.0484016
0.0486296
0.0488523
0.04907
0.0492828
0.0494909
0.0496946
0.0498938
0.0500888
0.0502796
0.0504664
0.0506491
0.0508279
0.0510027
0.0511734
0.0513401
0.0515027
0.0516613
0.0518156
0.0519658
0.0521119
0.0522538
0.0523917
0.0525256
0.0526557
0.0527823
0.0529054
0.0530254
0.0531427
0.0532576
0.0533704
0.0534817
0.0535919
0.0537014
0.0538108
0.0539204
0.0540307
0.0541421
0.054255
0.0543697
0.0544864
0.0546055
0.054727
0.0548509
0.0549772
0.0551059
0.0552367
0.0553693
0.0555034
0.0556385
0.055774
0.0559093
0.0560437
0.0561768
0.0563032
0.0352026
0.0328963
0.0301085
0.0271089
0.0240365
0.0210044
0.0181744
0.0157675
0.0140001
0.0129902
0.0127151
0.0130442
0.0138053
0.0148377
0.0160172
0.0172597
0.018512
0.0197425
0.020933
0.0220741
0.0231613
0.0241936
0.0251718
0.0260977
0.0269738
0.0278028
0.0285877
0.0293312
0.0300361
0.0307049
0.03134
0.0319438
0.0325184
0.0330658
0.0335877
0.0340858
0.0345617
0.0350168
0.0354525
0.0358699
0.0362702
0.0366544
0.0370234
0.0373783
0.0377197
0.0380485
0.0383654
0.038671
0.0389659
0.0392508
0.0395262
0.0397924
0.0400501
0.0402997
0.0405415
0.040776
0.0410034
0.0412242
0.0414386
0.041647
0.0418496
0.0420467
0.0422385
0.0424253
0.0426072
0.0427847
0.0429577
0.0431266
0.0432915
0.0434526
0.0436101
0.0437642
0.0439149
0.0440623
0.0442066
0.0443478
0.044486
0.0446213
0.0447536
0.0448828
0.0450091
0.0451323
0.0452524
0.0453693
0.045483
0.0455935
0.0457006
0.0458045
0.0459052
0.0460028
0.0460973
0.0461889
0.0462779
0.0463645
0.046449
0.0465317
0.046613
0.0466933
0.046773
0.0468526
0.0469324
0.047013
0.0470947
0.0471779
0.0472631
0.0473504
0.0474402
0.0475326
0.0476279
0.047726
0.0478269
0.0479306
0.0480369
0.0481455
0.048256
0.0483681
0.0484813
0.0485949
0.0487084
0.048821
0.0489323
0.0490373
0.0339322
0.0302091
0.0262302
0.0223236
0.0186661
0.0154863
0.0130691
0.0116143
0.0111152
0.0113844
0.0121697
0.0132476
0.0144605
0.0157111
0.0169448
0.0181328
0.0192614
0.0203251
0.0213235
0.0222585
0.0231335
0.0239523
0.0247188
0.0254372
0.0261111
0.0267442
0.0273397
0.0279007
0.0284298
0.0289296
0.0294023
0.0298501
0.0302748
0.0306782
0.0310618
0.0314269
0.031775
0.0321072
0.0324246
0.0327281
0.0330187
0.0332972
0.0335643
0.0338208
0.0340674
0.0343045
0.0345329
0.0347529
0.0349651
0.0351699
0.0353676
0.0355588
0.0357437
0.0359227
0.036096
0.0362641
0.036427
0.0365851
0.0367386
0.0368878
0.0370328
0.0371739
0.0373111
0.0374448
0.0375751
0.0377021
0.037826
0.037947
0.0380652
0.0381807
0.0382937
0.0384043
0.0385125
0.0386184
0.038722
0.0388236
0.0389229
0.0390201
0.0391151
0.0392079
0.0392984
0.0393866
0.0394723
0.0395556
0.0396363
0.0397145
0.0397901
0.0398632
0.0399337
0.0400019
0.0400677
0.0401314
0.0401933
0.0402535
0.0403123
0.0403702
0.0404274
0.0404843
0.0405414
0.040599
0.0406575
0.0407174
0.040779
0.0408426
0.0409085
0.040977
0.0410483
0.0411225
0.0411997
0.04128
0.0413631
0.041449
0.0415374
0.0416281
0.0417207
0.0418147
0.0419097
0.042005
0.0421001
0.0421942
0.0422869
0.0423737
0.0318454
0.0264681
0.0214346
0.0170017
0.0134119
0.0109706
0.00980315
0.00972374
0.0103762
0.0114249
0.012639
0.0138867
0.0151011
0.0162514
0.0173258
0.0183222
0.0192431
0.0200934
0.0208785
0.0216042
0.0222759
0.0228987
0.0234773
0.0240159
0.0245181
0.0249875
0.0254269
0.0258391
0.0262264
0.0265911
0.026935
0.0272598
0.0275671
0.0278582
0.0281345
0.0283971
0.0286469
0.0288849
0.0291119
0.0293288
0.0295361
0.0297346
0.0299249
0.0301073
0.0302826
0.030451
0.0306131
0.0307692
0.0309196
0.0310648
0.0312049
0.0313403
0.0314712
0.0315979
0.0317206
0.0318395
0.0319548
0.0320667
0.0321753
0.0322809
0.0323835
0.0324834
0.0325806
0.0326753
0.0327676
0.0328576
0.0329455
0.0330314
0.0331154
0.0331975
0.0332779
0.0333566
0.0334337
0.0335092
0.0335832
0.0336556
0.0337266
0.0337959
0.0338637
0.0339297
0.0339941
0.0340566
0.0341173
0.034176
0.0342328
0.0342875
0.0343403
0.034391
0.0344398
0.0344867
0.034532
0.0345757
0.0346182
0.0346596
0.0347002
0.0347404
0.0347805
0.0348208
0.0348618
0.0349038
0.0349471
0.034992
0.035039
0.0350883
0.0351401
0.0351946
0.0352519
0.0353122
0.0353754
0.0354416
0.0355105
0.035582
0.0356559
0.0357318
0.0358093
0.0358881
0.0359676
0.0360473
0.0361266
0.0362048
0.0362815
0.0363528
0.0288132
0.0218907
0.0162707
0.0120265
0.00938884
0.00836569
0.00855793
0.00943949
0.0106139
0.0118583
0.0130675
0.0141984
0.0152377
0.0161851
0.0170462
0.0178285
0.0185401
0.0191886
0.0197811
0.0203239
0.0208224
0.0212816
0.0217057
0.0220985
0.0224631
0.0228024
0.023119
0.0234149
0.0236922
0.0239525
0.0241974
0.0244282
0.0246461
0.0248522
0.0250474
0.0252327
0.0254087
0.0255762
0.0257357
0.025888
0.0260335
0.0261726
0.0263059
0.0264337
0.0265563
0.0266741
0.0267874
0.0268965
0.0270016
0.027103
0.0272009
0.0272955
0.0273869
0.0274754
0.0275611
0.0276442
0.0277248
0.0278031
0.027879
0.0279529
0.0280247
0.0280947
0.0281628
0.0282292
0.0282939
0.0283571
0.0284189
0.0284793
0.0285384
0.0285963
0.0286531
0.0287087
0.0287632
0.0288167
0.0288691
0.0289204
0.0289707
0.0290199
0.0290678
0.0291145
0.0291599
0.0292039
0.0292464
0.0292875
0.0293269
0.0293648
0.0294011
0.0294358
0.0294691
0.029501
0.0295317
0.0295613
0.0295901
0.0296182
0.0296461
0.0296739
0.0297019
0.0297306
0.0297602
0.0297911
0.0298235
0.0298577
0.029894
0.0299327
0.0299739
0.0300177
0.0300643
0.0301136
0.0301657
0.0302204
0.0302777
0.0303373
0.0303989
0.0304623
0.0305271
0.0305928
0.030659
0.0307251
0.0307908
0.0308552
0.0309181
0.0309761
0.0248902
0.0169415
0.0114817
0.00828227
0.00716077
0.00746284
0.00845808
0.0096779
0.0109008
0.0120413
0.0130741
0.0139984
0.0148224
0.015557
0.0162134
0.0168016
0.0173307
0.0178084
0.0182413
0.0186352
0.0189948
0.0193243
0.0196272
0.0199065
0.0201648
0.0204044
0.0206273
0.020835
0.0210292
0.0212111
0.0213819
0.0215426
0.021694
0.021837
0.0219723
0.0221005
0.0222221
0.0223378
0.022448
0.022553
0.0226532
0.0227491
0.0228409
0.0229288
0.0230132
0.0230943
0.0231722
0.0232473
0.0233196
0.0233894
0.0234568
0.0235219
0.0235849
0.0236459
0.023705
0.0237623
0.0238179
0.0238719
0.0239243
0.0239754
0.0240251
0.0240735
0.0241207
0.0241667
0.0242117
0.0242556
0.0242986
0.0243407
0.024382
0.0244225
0.0244622
0.0245012
0.0245394
0.024577
0.0246139
0.02465
0.0246854
0.02472
0.0247537
0.0247864
0.0248182
0.0248489
0.0248784
0.0249067
0.0249339
0.0249597
0.0249844
0.0250079
0.0250302
0.0250516
0.025072
0.0250918
0.0251111
0.0251301
0.025149
0.0251682
0.0251879
0.0252084
0.02523
0.0252529
0.0252775
0.0253039
0.0253323
0.025363
0.025396
0.0254315
0.0254695
0.0255101
0.025553
0.0255983
0.0256458
0.0256953
0.0257464
0.025799
0.0258527
0.0259071
0.0259617
0.0260161
0.0260699
0.0261224
0.0261734
0.02622
0.0203501
0.0122174
0.00776295
0.00615095
0.00637583
0.00739972
0.00862442
0.0098073
0.0108731
0.0118098
0.0126265
0.0133382
0.0139602
0.0145062
0.0149878
0.015415
0.0157959
0.0161371
0.0164444
0.0167223
0.0169748
0.0172051
0.017416
0.0176097
0.0177883
0.0179535
0.0181067
0.0182492
0.0183821
0.0185063
0.0186228
0.0187322
0.0188351
0.0189322
0.019024
0.0191109
0.0191933
0.0192716
0.0193461
0.0194171
0.0194849
0.0195497
0.0196117
0.0196711
0.0197282
0.0197829
0.0198357
0.0198864
0.0199353
0.0199826
0.0200282
0.0200723
0.020115
0.0201564
0.0201965
0.0202355
0.0202733
0.02031
0.0203458
0.0203806
0.0204146
0.0204477
0.02048
0.0205115
0.0205424
0.0205726
0.0206022
0.0206313
0.0206598
0.0206879
0.0207154
0.0207425
0.0207692
0.0207954
0.0208212
0.0208464
0.0208711
0.0208953
0.0209187
0.0209415
0.0209635
0.0209847
0.021005
0.0210244
0.0210428
0.0210602
0.0210767
0.0210923
0.0211071
0.0211212
0.0211346
0.0211476
0.0211604
0.0211731
0.021186
0.0211993
0.0212132
0.021228
0.0212439
0.0212612
0.02128
0.0213006
0.021323
0.0213475
0.0213742
0.021403
0.021434
0.0214673
0.0215026
0.0215399
0.021579
0.0216198
0.0216619
0.0217052
0.0217492
0.0217937
0.0218382
0.0218825
0.021926
0.0219682
0.022009
0.022046
0.015637
0.00827904
0.00544824
0.00530522
0.00627267
0.00748408
0.00862803
0.00962674
0.010478
0.0111998
0.0118133
0.0123378
0.0127892
0.0131806
0.0135223
0.0138226
0.0140884
0.0143251
0.0145369
0.0147275
0.0148998
0.0150564
0.0151992
0.0153301
0.0154503
0.0155612
0.0156638
0.0157591
0.0158477
0.0159305
0.0160079
0.0160806
0.0161489
0.0162132
0.016274
0.0163315
0.016386
0.0164378
0.016487
0.0165339
0.0165787
0.0166215
0.0166625
0.0167018
0.0167396
0.0167758
0.0168107
0.0168444
0.0168768
0.0169082
0.0169385
0.0169679
0.0169963
0.0170239
0.0170507
0.0170767
0.017102
0.0171266
0.0171506
0.017174
0.0171969
0.0172192
0.017241
0.0172624
0.0172833
0.0173038
0.017324
0.0173438
0.0173633
0.0173826
0.0174015
0.0174202
0.0174386
0.0174568
0.0174746
0.0174921
0.0175092
0.0175259
0.0175422
0.0175579
0.017573
0.0175875
0.0176012
0.0176143
0.0176266
0.0176382
0.0176491
0.0176593
0.0176689
0.017678
0.0176868
0.0176952
0.0177036
0.0177121
0.0177208
0.0177301
0.01774
0.0177508
0.0177627
0.0177758
0.0177904
0.0178066
0.0178244
0.017844
0.0178655
0.0178889
0.0179142
0.0179412
0.0179701
0.0180005
0.0180325
0.0180657
0.0181
0.0181351
0.0181708
0.0182067
0.0182426
0.018278
0.0183127
0.0183462
0.0183783
0.0184071
0.0112476
0.00547539
0.00434611
0.00510513
0.00628867
0.00740674
0.00835449
0.00913579
0.00977769
0.0103079
0.0107497
0.0111214
0.0114371
0.011708
0.0119423
0.0121466
0.0123262
0.012485
0.0126265
0.0127532
0.0128672
0.0129704
0.0130642
0.0131498
0.0132283
0.0133005
0.0133672
0.013429
0.0134863
0.0135398
0.0135898
0.0136366
0.0136806
0.013722
0.0137611
0.013798
0.013833
0.0138663
0.0138979
0.0139281
0.0139569
0.0139844
0.0140108
0.0140361
0.0140604
0.0140839
0.0141064
0.0141282
0.0141492
0.0141695
0.0141892
0.0142083
0.0142268
0.0142449
0.0142624
0.0142794
0.014296
0.0143122
0.014328
0.0143435
0.0143586
0.0143734
0.0143879
0.0144021
0.0144161
0.0144299
0.0144434
0.0144568
0.01447
0.014483
0.0144959
0.0145087
0.0145213
0.0145337
0.014546
0.014558
0.0145697
0.0145812
0.0145923
0.014603
0.0146133
0.0146231
0.0146323
0.0146411
0.0146492
0.0146568
0.0146638
0.0146704
0.0146766
0.0146824
0.0146879
0.0146934
0.0146989
0.0147045
0.0147105
0.014717
0.0147242
0.0147322
0.0147411
0.0147512
0.0147626
0.0147753
0.0147895
0.0148052
0.0148225
0.0148413
0.0148617
0.0148836
0.0149069
0.0149315
0.0149572
0.0149839
0.0150115
0.0150396
0.015068
0.0150966
0.015125
0.0151529
0.0151801
0.0152062
0.015231
0.0152531
0.00759178
0.00381868
0.0039565
0.00506317
0.00617406
0.0070938
0.00782429
0.00840243
0.00886384
0.00923667
0.00954195
0.00979516
0.0100077
0.0101882
0.010343
0.0104769
0.0105938
0.0106966
0.0107876
0.0108687
0.0109414
0.0110069
0.0110662
0.0111202
0.0111695
0.0112147
0.0112564
0.0112949
0.0113306
0.0113639
0.0113949
0.0114239
0.0114512
0.0114768
0.011501
0.0115239
0.0115456
0.0115662
0.0115858
0.0116045
0.0116223
0.0116394
0.0116558
0.0116716
0.0116868
0.0117014
0.0117155
0.0117292
0.0117424
0.0117552
0.0117676
0.0117797
0.0117914
0.0118029
0.011814
0.0118249
0.0118356
0.011846
0.0118562
0.0118662
0.011876
0.0118856
0.0118951
0.0119044
0.0119135
0.0119226
0.0119316
0.0119405
0.0119493
0.011958
0.0119667
0.0119753
0.0119838
0.0119922
0.0120005
0.0120087
0.0120167
0.0120245
0.012032
0.0120392
0.0120461
0.0120527
0.0120588
0.0120645
0.0120698
0.0120747
0.0120792
0.0120834
0.0120872
0.0120909
0.0120944
0.0120979
0.0121015
0.0121053
0.0121095
0.0121141
0.0121193
0.0121253
0.0121322
0.01214
0.0121489
0.0121589
0.0121701
0.0121826
0.0121964
0.0122114
0.0122277
0.0122451
0.0122637
0.0122832
0.0123037
0.0123248
0.0123466
0.0123687
0.0123911
0.0124134
0.0124355
0.0124571
0.012478
0.0124979
0.0125168
0.0125333
0.00488849
0.00301652
0.00383246
0.00494522
0.00586678
0.00656975
0.00710149
0.00750823
0.00782461
0.00807513
0.00827691
0.00844198
0.00857893
0.008694
0.00879177
0.00887569
0.00894838
0.00901186
0.00906771
0.0091172
0.00916132
0.00920088
0.00923655
0.00926888
0.00929831
0.00932523
0.00934995
0.00937274
0.00939383
0.00941343
0.00943168
0.00944875
0.00946477
0.00947983
0.00949403
0.00950747
0.00952021
0.00953232
0.00954387
0.0095549
0.00956545
0.00957558
0.00958531
0.00959468
0.00960372
0.00961246
0.00962092
0.00962913
0.0096371
0.00964485
0.0096524
0.00965977
0.00966696
0.009674
0.00968088
0.00968762
0.00969424
0.00970074
0.00970712
0.0097134
0.00971959
0.00972569
0.00973172
0.00973768
0.00974359
0.00974945
0.00975528
0.00976108
0.00976685
0.00977261
0.00977834
0.00978405
0.00978973
0.00979537
0.00980094
0.00980642
0.00981179
0.00981701
0.00982205
0.00982687
0.00983145
0.00983575
0.00983976
0.00984347
0.00984687
0.00984997
0.0098528
0.00985539
0.0098578
0.00986007
0.00986229
0.00986455
0.00986692
0.00986952
0.00987244
0.0098758
0.00987968
0.0098842
0.00988944
0.00989549
0.00990242
0.00991028
0.00991912
0.00992896
0.0099398
0.00995163
0.00996443
0.00997814
0.00999268
0.010008
0.0100239
0.0100404
0.0100573
0.0100744
0.0100916
0.0101087
0.0101255
0.0101419
0.0101577
0.0101727
0.0101867
0.0101988
0.00312828
0.00268014
0.00372157
0.0046797
0.00538514
0.00589032
0.00625644
0.00652772
0.00673357
0.00689332
0.00701982
0.00712179
0.00720529
0.00727462
0.0073329
0.00738242
0.00742491
0.00746169
0.0074938
0.00752202
0.007547
0.00756926
0.00758921
0.00760718
0.00762346
0.00763829
0.00765185
0.00766431
0.0076758
0.00768645
0.00769636
0.00770562
0.00771429
0.00772245
0.00773015
0.00773743
0.00774435
0.00775094
0.00775724
0.00776327
0.00776906
0.00777463
0.00778001
0.00778522
0.00779026
0.00779515
0.00779992
0.00780456
0.0078091
0.00781354
0.00781788
0.00782215
0.00782634
0.00783046
0.00783451
0.00783851
0.00784246
0.00784635
0.00785021
0.00785402
0.0078578
0.00786155
0.00786528
0.00786899
0.00787269
0.00787638
0.00788008
0.00788378
0.00788749
0.00789121
0.00789494
0.00789867
0.0079024
0.00790611
0.00790979
0.00791341
0.00791696
0.00792041
0.00792373
0.0079269
0.00792989
0.00793269
0.00793527
0.00793763
0.00793978
0.00794172
0.00794347
0.00794507
0.00794655
0.00794796
0.00794936
0.00795083
0.00795243
0.00795423
0.00795633
0.00795879
0.0079617
0.00796512
0.00796914
0.0079738
0.00797917
0.00798526
0.00799212
0.00799976
0.00800817
0.00801734
0.00802723
0.0080378
0.008049
0.00806074
0.00807294
0.00808551
0.00809833
0.00811129
0.00812426
0.00813712
0.00814972
0.00816192
0.00817358
0.00818455
0.00819475
0.00820345
0.00211639
0.00251651
0.00352139
0.00427039
0.00477425
0.00511496
0.00535176
0.00552165
0.00564723
0.00574253
0.00581652
0.00587511
0.00592229
0.00596084
0.00599277
0.0060195
0.00604212
0.00606144
0.00607808
0.00609253
0.00610518
0.00611631
0.00612619
0.006135
0.00614291
0.00615005
0.00615654
0.00616246
0.0061679
0.00617291
0.00617757
0.0061819
0.00618596
0.00618979
0.0061934
0.00619682
0.00620009
0.00620321
0.00620621
0.0062091
0.0062119
0.00621461
0.00621724
0.00621981
0.00622233
0.0062248
0.00622722
0.0062296
0.00623196
0.00623428
0.00623658
0.00623886
0.00624113
0.00624338
0.00624561
0.00624784
0.00625006
0.00625227
0.00625447
0.00625668
0.00625888
0.00626109
0.0062633
0.00626553
0.00626777
0.00627002
0.0062723
0.0062746
0.00627692
0.00627927
0.00628164
0.00628402
0.00628642
0.00628882
0.0062912
0.00629355
0.00629586
0.0062981
0.00630025
0.0063023
0.00630422
0.00630601
0.00630764
0.00630913
0.00631046
0.00631166
0.00631273
0.0063137
0.00631461
0.00631549
0.00631639
0.00631736
0.00631845
0.00631972
0.00632124
0.00632306
0.00632524
0.00632783
0.00633088
0.00633443
0.00633852
0.00634317
0.0063484
0.00635421
0.0063606
0.00636756
0.00637504
0.00638302
0.00639144
0.00640026
0.00640939
0.00641876
0.0064283
0.0064379
0.00644747
0.00645692
0.00646614
0.00647502
0.00648346
0.00649133
0.0064986
0.00650471
0.001583
0.00236704
0.00320964
0.00374928
0.00408339
0.00429644
0.00443801
0.00453595
0.00460609
0.00465781
0.00469688
0.004727
0.00475062
0.00476942
0.00478457
0.00479691
0.00480708
0.00481552
0.00482259
0.00482856
0.00483364
0.00483799
0.00484174
0.004845
0.00484786
0.00485039
0.00485263
0.00485464
0.00485646
0.00485812
0.00485964
0.00486105
0.00486237
0.00486361
0.0048648
0.00486593
0.00486702
0.00486808
0.00486912
0.00487013
0.00487114
0.00487214
0.00487313
0.00487412
0.00487512
0.00487611
0.00487712
0.00487813
0.00487916
0.0048802
0.00488124
0.00488231
0.00488338
0.00488447
0.00488558
0.0048867
0.00488783
0.00488899
0.00489015
0.00489134
0.00489254
0.00489377
0.00489501
0.00489628
0.00489757
0.00489889
0.00490024
0.00490161
0.00490302
0.00490446
0.00490592
0.0049074
0.0049089
0.00491041
0.00491192
0.00491342
0.00491489
0.00491631
0.00491768
0.00491897
0.00492019
0.00492131
0.00492233
0.00492324
0.00492406
0.00492479
0.00492544
0.00492603
0.00492659
0.00492714
0.00492772
0.00492837
0.00492913
0.00493004
0.00493114
0.00493247
0.00493408
0.004936
0.00493827
0.00494092
0.00494397
0.00494743
0.00495131
0.00495561
0.00496034
0.00496547
0.00497097
0.00497683
0.004983
0.00498943
0.00499608
0.00500289
0.0050098
0.00501673
0.00502362
0.0050304
0.00503698
0.0050433
0.00504927
0.00505481
0.00505989
0.00506411
0.00129599
0.00216382
0.0027997
0.00315555
0.00335732
0.00347765
0.00355334
0.00360321
0.00363728
0.00366123
0.00367843
0.00369099
0.00370026
0.00370717
0.00371233
0.0037162
0.00371909
0.00372123
0.0037228
0.00372393
0.00372473
0.00372526
0.00372559
0.00372577
0.00372583
0.00372581
0.00372572
0.00372559
0.00372543
0.00372526
0.00372508
0.00372491
0.00372474
0.00372459
0.00372445
0.00372434
0.00372425
0.00372419
0.00372415
0.00372414
0.00372417
0.00372422
0.0037243
0.00372442
0.00372457
0.00372474
0.00372495
0.00372519
0.00372546
0.00372576
0.00372608
0.00372644
0.00372682
0.00372724
0.00372768
0.00372814
0.00372863
0.00372915
0.00372969
0.00373026
0.00373085
0.00373147
0.00373211
0.00373278
0.00373348
0.0037342
0.00373496
0.00373574
0.00373656
0.0037374
0.00373827
0.00373916
0.00374007
0.003741
0.00374192
0.00374285
0.00374376
0.00374464
0.00374549
0.00374629
0.00374704
0.00374773
0.00374836
0.00374892
0.00374942
0.00374986
0.00375025
0.00375061
0.00375096
0.00375131
0.00375169
0.00375213
0.00375266
0.00375329
0.00375407
0.00375503
0.00375619
0.00375757
0.0037592
0.0037611
0.00376328
0.00376576
0.00376853
0.0037716
0.00377496
0.0037786
0.0037825
0.00378664
0.00379099
0.00379552
0.0038002
0.00380497
0.00380981
0.00381465
0.00381946
0.00382417
0.00382874
0.00383312
0.00383724
0.00384105
0.00384453
0.00384741
0.00110753
0.00188763
0.00231832
0.00252711
0.00263351
0.00269151
0.00272503
0.00274521
0.00275765
0.00276533
0.00276999
0.00277267
0.00277402
0.00277447
0.00277431
0.00277371
0.00277284
0.00277176
0.00277057
0.0027693
0.002768
0.00276668
0.00276538
0.0027641
0.00276285
0.00276164
0.00276048
0.00275938
0.00275832
0.00275732
0.00275637
0.00275548
0.00275465
0.00275386
0.00275313
0.00275246
0.00275183
0.00275126
0.00275073
0.00275025
0.00274982
0.00274943
0.00274909
0.00274878
0.00274852
0.0027483
0.00274811
0.00274796
0.00274785
0.00274777
0.00274773
0.00274772
0.00274774
0.00274779
0.00274787
0.00274797
0.00274811
0.00274827
0.00274846
0.00274867
0.00274891
0.00274918
0.00274946
0.00274978
0.00275012
0.00275048
0.00275088
0.0027513
0.00275174
0.00275221
0.0027527
0.00275321
0.00275374
0.00275428
0.00275483
0.00275538
0.00275592
0.00275645
0.00275697
0.00275745
0.00275791
0.00275833
0.00275871
0.00275905
0.00275935
0.00275962
0.00275987
0.00276009
0.00276032
0.00276055
0.0027608
0.0027611
0.00276145
0.00276189
0.00276242
0.00276308
0.00276387
0.00276481
0.00276592
0.00276721
0.00276868
0.00277035
0.00277222
0.00277428
0.00277654
0.00277898
0.00278159
0.00278436
0.00278727
0.00279029
0.00279341
0.0027966
0.00279982
0.00280304
0.00280624
0.00280938
0.00281243
0.00281534
0.00281809
0.00282063
0.00282296
0.00282489
0.000940091
0.00154366
0.00179618
0.00189808
0.00194231
0.00196263
0.00197202
0.00197596
0.001977
0.00197642
0.00197493
0.00197293
0.00197066
0.00196827
0.00196583
0.00196342
0.00196106
0.00195877
0.00195657
0.00195447
0.00195247
0.00195056
0.00194876
0.00194704
0.00194543
0.0019439
0.00194246
0.0019411
0.00193982
0.00193862
0.00193749
0.00193643
0.00193543
0.0019345
0.00193363
0.00193282
0.00193206
0.00193135
0.0019307
0.00193009
0.00192953
0.00192901
0.00192854
0.0019281
0.00192771
0.00192735
0.00192703
0.00192674
0.00192648
0.00192626
0.00192607
0.0019259
0.00192576
0.00192566
0.00192557
0.00192551
0.00192548
0.00192547
0.00192548
0.00192551
0.00192557
0.00192564
0.00192574
0.00192586
0.001926
0.00192616
0.00192634
0.00192654
0.00192675
0.00192699
0.00192725
0.00192752
0.00192781
0.00192811
0.00192842
0.00192873
0.00192905
0.00192935
0.00192965
0.00192994
0.00193021
0.00193046
0.0019307
0.00193091
0.0019311
0.00193127
0.00193143
0.00193158
0.00193173
0.00193189
0.00193206
0.00193226
0.0019325
0.00193279
0.00193314
0.00193356
0.00193406
0.00193465
0.00193535
0.00193615
0.00193706
0.0019381
0.00193925
0.00194052
0.0019419
0.0019434
0.001945
0.00194669
0.00194848
0.00195033
0.00195224
0.00195419
0.00195617
0.00195816
0.00196013
0.00196207
0.00196396
0.00196577
0.00196749
0.00196909
0.00197057
0.00197182
0.00075892
0.00114997
0.00126545
0.00129943
0.00130899
0.00131025
0.00130839
0.00130531
0.00130181
0.00129822
0.00129471
0.00129136
0.00128818
0.00128519
0.00128239
0.00127977
0.00127732
0.00127503
0.0012729
0.0012709
0.00126903
0.00126728
0.00126564
0.00126411
0.00126267
0.00126133
0.00126006
0.00125888
0.00125777
0.00125673
0.00125575
0.00125484
0.00125398
0.00125318
0.00125243
0.00125172
0.00125107
0.00125045
0.00124988
0.00124934
0.00124885
0.00124838
0.00124796
0.00124756
0.00124719
0.00124686
0.00124655
0.00124626
0.00124601
0.00124577
0.00124556
0.00124537
0.00124521
0.00124506
0.00124493
0.00124483
0.00124474
0.00124467
0.00124461
0.00124457
0.00124455
0.00124454
0.00124455
0.00124457
0.00124461
0.00124466
0.00124473
0.00124481
0.0012449
0.00124501
0.00124513
0.00124526
0.0012454
0.00124555
0.00124571
0.00124587
0.00124604
0.00124621
0.00124638
0.00124654
0.0012467
0.00124685
0.00124699
0.00124712
0.00124725
0.00124737
0.00124748
0.00124759
0.0012477
0.00124782
0.00124794
0.00124808
0.00124824
0.00124843
0.00124864
0.00124889
0.00124918
0.00124952
0.00124991
0.00125035
0.00125085
0.0012514
0.00125202
0.0012527
0.00125343
0.00125423
0.00125507
0.00125597
0.00125691
0.00125789
0.0012589
0.00125993
0.00126098
0.00126203
0.00126309
0.00126413
0.00126515
0.00126613
0.00126708
0.00126797
0.0012688
0.00126952
0.000560691
0.000737105
0.000763632
0.000763607
0.000759028
0.000753908
0.000749091
0.000744734
0.000740829
0.00073733
0.000734186
0.000731348
0.000728778
0.00072644
0.000724305
0.000722349
0.000720551
0.000718895
0.000717366
0.00071595
0.000714637
0.000713417
0.000712282
0.000711224
0.000710238
0.000709317
0.000708456
0.000707651
0.000706898
0.000706192
0.000705532
0.000704913
0.000704333
0.00070379
0.000703281
0.000702804
0.000702358
0.00070194
0.000701549
0.000701184
0.000700843
0.000700524
0.000700228
0.000699952
0.000699695
0.000699457
0.000699237
0.000699034
0.000698847
0.000698676
0.000698519
0.000698376
0.000698247
0.000698131
0.000698027
0.000697934
0.000697854
0.000697784
0.000697725
0.000697676
0.000697636
0.000697606
0.000697586
0.000697574
0.000697571
0.000697577
0.000697591
0.000697613
0.000697643
0.000697681
0.000697726
0.000697778
0.000697837
0.000697902
0.000697972
0.000698046
0.000698124
0.000698205
0.000698288
0.000698372
0.000698457
0.000698542
0.000698626
0.000698709
0.000698792
0.000698874
0.000698956
0.000699039
0.000699124
0.000699211
0.000699302
0.0006994
0.000699504
0.000699618
0.000699743
0.000699881
0.000700033
0.000700201
0.000700387
0.000700591
0.000700815
0.000701059
0.000701323
0.000701608
0.000701913
0.000702238
0.000702581
0.000702942
0.000703318
0.000703707
0.000704108
0.000704518
0.000704934
0.000705354
0.000705774
0.000706191
0.000706602
0.000707003
0.000707392
0.000707763
0.000708115
0.000708431
0.000284746
0.000272336
0.000264576
0.000259339
0.000255518
0.000252566
0.000250187
0.00024821
0.000246532
0.000245084
0.000243818
0.000242699
0.000241702
0.000240807
0.000239998
0.000239264
0.000238594
0.000237981
0.000237417
0.000236898
0.000236419
0.000235975
0.000235563
0.00023518
0.000234824
0.000234491
0.000234182
0.000233892
0.000233621
0.000233368
0.000233131
0.000232909
0.000232701
0.000232506
0.000232324
0.000232152
0.000231992
0.000231842
0.000231701
0.000231569
0.000231446
0.000231331
0.000231223
0.000231123
0.000231029
0.000230942
0.000230861
0.000230786
0.000230716
0.000230652
0.000230593
0.000230539
0.00023049
0.000230445
0.000230404
0.000230367
0.000230335
0.000230306
0.000230281
0.000230259
0.00023024
0.000230225
0.000230213
0.000230204
0.000230198
0.000230194
0.000230194
0.000230196
0.0002302
0.000230207
0.000230216
0.000230228
0.000230241
0.000230257
0.000230274
0.000230294
0.000230315
0.000230338
0.000230362
0.000230387
0.000230414
0.000230443
0.000230472
0.000230503
0.000230535
0.000230568
0.000230603
0.000230638
0.000230675
0.000230714
0.000230754
0.000230796
0.00023084
0.000230885
0.000230933
0.000230983
0.000231034
0.000231088
0.000231145
0.000231203
0.000231264
0.000231327
0.000231392
0.000231459
0.000231527
0.000231598
0.000231669
0.000231742
0.000231816
0.000231891
0.000231965
0.00023204
0.000232115
0.000232189
0.000232261
0.000232333
0.000232402
0.00023247
0.000232535
0.000232598
0.000232656
0.000232712
)
;

boundaryField
{
    lowerWall
    {
        type            nutkWallFunction;
        Cmu             0.09;
        kappa           0.41;
        E               9.8;
        value           nonuniform List<scalar> 
122
(
3.38542e-05
3.22344e-05
3.12155e-05
3.05252e-05
3.00205e-05
2.96299e-05
2.93146e-05
2.90524e-05
2.88296e-05
2.86371e-05
2.84688e-05
2.83199e-05
2.81871e-05
2.80679e-05
2.79601e-05
2.78622e-05
2.77729e-05
2.76911e-05
2.76159e-05
2.75466e-05
2.74825e-05
2.74232e-05
2.73682e-05
2.7317e-05
2.72694e-05
2.7225e-05
2.71836e-05
2.71449e-05
2.71087e-05
2.70748e-05
2.70431e-05
2.70134e-05
2.69856e-05
2.69595e-05
2.6935e-05
2.69121e-05
2.68906e-05
2.68705e-05
2.68517e-05
2.6834e-05
2.68175e-05
2.68021e-05
2.67877e-05
2.67742e-05
2.67617e-05
2.675e-05
2.67392e-05
2.67291e-05
2.67198e-05
2.67112e-05
2.67033e-05
2.66961e-05
2.66895e-05
2.66834e-05
2.6678e-05
2.66731e-05
2.66687e-05
2.66648e-05
2.66614e-05
2.66585e-05
2.6656e-05
2.6654e-05
2.66524e-05
2.66511e-05
2.66503e-05
2.66498e-05
2.66497e-05
2.665e-05
2.66506e-05
2.66515e-05
2.66527e-05
2.66542e-05
2.6656e-05
2.6658e-05
2.66603e-05
2.66629e-05
2.66657e-05
2.66688e-05
2.6672e-05
2.66755e-05
2.66791e-05
2.6683e-05
2.66871e-05
2.66913e-05
2.66958e-05
2.67004e-05
2.67052e-05
2.67103e-05
2.67155e-05
2.6721e-05
2.67266e-05
2.67325e-05
2.67386e-05
2.6745e-05
2.67515e-05
2.67583e-05
2.67653e-05
2.67726e-05
2.678e-05
2.67877e-05
2.67956e-05
2.68036e-05
2.68119e-05
2.68202e-05
2.68288e-05
2.68374e-05
2.68461e-05
2.68549e-05
2.68637e-05
2.68725e-05
2.68813e-05
2.689e-05
2.68986e-05
2.69072e-05
2.69156e-05
2.69238e-05
2.69318e-05
2.69395e-05
2.6947e-05
2.69542e-05
2.69609e-05
2.69675e-05
)
;
    }
    upperWall
    {
        type            nutkWallFunction;
        Cmu             0.09;
        kappa           0.41;
        E               9.8;
        value           nonuniform List<scalar> 
122
(
3.36526e-05
3.20374e-05
3.10226e-05
3.03355e-05
2.98333e-05
2.94446e-05
2.91308e-05
2.88699e-05
2.86481e-05
2.84567e-05
2.82891e-05
2.8141e-05
2.80089e-05
2.78902e-05
2.77829e-05
2.76855e-05
2.75966e-05
2.75152e-05
2.74404e-05
2.73714e-05
2.73077e-05
2.72486e-05
2.71939e-05
2.7143e-05
2.70956e-05
2.70514e-05
2.70102e-05
2.69716e-05
2.69356e-05
2.69019e-05
2.68704e-05
2.68408e-05
2.68131e-05
2.67872e-05
2.67628e-05
2.674e-05
2.67186e-05
2.66986e-05
2.66799e-05
2.66623e-05
2.66459e-05
2.66305e-05
2.66162e-05
2.66028e-05
2.65903e-05
2.65787e-05
2.65679e-05
2.65579e-05
2.65486e-05
2.65401e-05
2.65322e-05
2.6525e-05
2.65184e-05
2.65124e-05
2.6507e-05
2.65021e-05
2.64978e-05
2.64939e-05
2.64905e-05
2.64876e-05
2.64852e-05
2.64831e-05
2.64815e-05
2.64803e-05
2.64795e-05
2.6479e-05
2.64789e-05
2.64792e-05
2.64798e-05
2.64807e-05
2.64819e-05
2.64834e-05
2.64852e-05
2.64872e-05
2.64896e-05
2.64921e-05
2.64949e-05
2.64979e-05
2.65011e-05
2.65045e-05
2.65081e-05
2.65118e-05
2.65158e-05
2.65199e-05
2.65243e-05
2.65288e-05
2.65335e-05
2.65384e-05
2.65435e-05
2.65489e-05
2.65545e-05
2.65603e-05
2.65664e-05
2.65728e-05
2.65794e-05
2.65863e-05
2.65935e-05
2.6601e-05
2.66087e-05
2.66167e-05
2.6625e-05
2.66335e-05
2.66422e-05
2.66512e-05
2.66603e-05
2.66695e-05
2.66789e-05
2.66883e-05
2.66978e-05
2.67072e-05
2.67166e-05
2.6726e-05
2.67352e-05
2.67442e-05
2.6753e-05
2.67616e-05
2.67698e-05
2.67778e-05
2.67853e-05
2.67925e-05
2.6799e-05
2.68052e-05
)
;
    }
    inlet
    {
        type            calculated;
        value           uniform 0.0366503;
    }
    outlet
    {
        type            calculated;
        value           nonuniform List<scalar> 
60
(
0.000233907
0.000711049
0.00127235
0.001974
0.00282552
0.00384541
0.00505813
0.00649309
0.0081842
0.0101698
0.0124923
0.0151979
0.018336
0.0219578
0.0261145
0.0308537
0.0362153
0.0422239
0.0488791
0.0561414
0.0639132
0.0720123
0.0801387
0.0878322
0.0944251
0.0990012
0.100411
0.0975371
0.0905737
0.0844742
0.0844552
0.0905793
0.0975777
0.100477
0.0990882
0.0945316
0.0879571
0.0802795
0.0721652
0.0640732
0.0563032
0.0490373
0.0423737
0.0363528
0.0309761
0.02622
0.022046
0.0184071
0.0152531
0.0125333
0.0101988
0.00820345
0.00650471
0.00506411
0.00384741
0.00282489
0.00197182
0.00126952
0.000708431
0.000232712
)
;
    }
    frontAndBack
    {
        type            empty;
    }
}


// ************************************************************************* //
