/*--------------------------------*- C++ -*----------------------------------*\
  =========                 |
  \\      /  F ield         | OpenFOAM: The Open Source CFD Toolbox
   \\    /   O peration     | Website:  https://openfoam.org
    \\  /    A nd           | Version:  8
     \\/     M anipulation  |
\*---------------------------------------------------------------------------*/
FoamFile
{
    version     2.0;
    format      ascii;
    class       volScalarField;
    location    "150";
    object      epsilon;
}
// * * * * * * * * * * * * * * * * * * * * * * * * * * * * * * * * * * * * * //

dimensions      [0 2 -3 0 0 0 0];

internalField   nonuniform List<scalar> 
7320
(
11589.5
10055.5
9415.8
10324.3
12249.7
13728.7
14869.3
15866.6
16796
17682.9
18540.8
19376.5
20193.1
20992.2
21775.7
22541.7
23286.7
24005.8
24697.7
25354.7
25970.1
26538.3
27058.9
27529
27947.9
28315.3
28640.6
28923.7
29167
29373.4
29551.2
29702.6
29829.8
29933.2
30025.6
30104.1
30168.3
30218.3
30262.5
30299.5
30328.8
30348.1
30370.7
30390.4
30404.9
30412.1
30421.6
30429.6
30434.2
30432.4
30438.8
30445.2
30448.3
30445.7
30447.9
30450
30449.9
30444
30447.8
30452.2
30453.4
30449
30450.1
30451.3
30450.7
30445
30449.1
30453.3
30454.3
30449.7
30450.8
30452
30451.6
30446.9
30451.6
30456.1
30457.2
30453.7
30455.4
30456.7
30456.3
30452.7
30457.2
30461.3
30462.3
30459.6
30462.1
30463.5
30463.4
30460.9
30465.3
30468.9
30469.7
30467.9
30470.1
30471.6
30471.8
30470.3
30474
30476.8
30477.6
30476.7
30478.4
30479.9
30480.4
30479.8
30482.1
30484.1
30485
30485.1
30486
30486.9
30487.6
30488.1
30488.2
30488.6
30489.3
30490
30489.6
30489.2
30489.6
30487.5
3743.12
3881.62
3479.91
3392.47
4109.15
4683.26
5114.19
5484.29
5826.05
6150.31
6462.85
6766.2
7061.79
7350.35
7632.82
7908.47
8176.17
8434.12
8682.22
8917.41
9137.32
9339.98
9525.57
9692.79
9841.52
9971.67
10087.1
10187.3
10273.2
10345.8
10408.6
10461.8
10506.4
10542.4
10575.2
10602.7
10625.2
10642.4
10658.1
10670.9
10681
10687.3
10695.7
10702.7
10707.7
10709.8
10713.3
10716
10717.5
10716.4
10719.1
10721.5
10722.6
10721.2
10722.2
10722.9
10722.7
10720.2
10722.1
10723.8
10724.2
10722.2
10722.9
10723.2
10722.9
10720.5
10722.4
10724.1
10724.4
10722.3
10723
10723.3
10723.1
10721.1
10723.3
10725
10725.3
10723.7
10724.6
10725
10724.7
10723
10725.2
10726.7
10727
10725.7
10726.9
10727.3
10727.1
10726
10728
10729.3
10729.5
10728.6
10729.6
10730.1
10730.1
10729.3
10731
10732
10732.2
10731.7
10732.5
10732.9
10733
10732.7
10733.7
10734.4
10734.7
10734.6
10735
10735.3
10735.5
10735.6
10735.6
10735.7
10735.9
10736.1
10735.9
10735.7
10736.1
10735
1526.47
1970.7
1799.37
1978.48
2540.89
2937.19
3223.83
3466.92
3690.29
3901.55
4104.76
4301.54
4492.92
4679.43
4861.81
5039.47
5211.72
5377.38
5536.57
5687.04
5827.39
5956.34
6074.24
6180.12
6274.04
6355.94
6428.71
6491.59
6545.34
6590.6
6629.83
6662.92
6690.6
6712.74
6733.28
6750.4
6764.26
6774.68
6784.43
6792.31
6798.43
6802.02
6807.45
6811.81
6814.86
6815.9
6818.18
6819.82
6820.6
6819.6
6821.62
6823.18
6823.78
6822.69
6823.47
6823.88
6823.67
6821.77
6823.3
6824.5
6824.69
6823.2
6823.76
6823.97
6823.7
6821.9
6823.49
6824.64
6824.78
6823.25
6823.79
6824.01
6823.77
6822.27
6824.01
6825.2
6825.38
6824.15
6824.82
6825.04
6824.77
6823.56
6825.22
6826.28
6826.39
6825.43
6826.3
6826.55
6826.34
6825.48
6827.03
6827.93
6828
6827.3
6828.08
6828.35
6828.26
6827.67
6828.94
6829.62
6829.72
6829.29
6829.86
6830.14
6830.16
6829.87
6830.62
6831.08
6831.24
6831.13
6831.39
6831.57
6831.69
6831.73
6831.69
6831.76
6831.92
6832.05
6831.85
6831.71
6832
6831.26
719.857
1158.01
1127.46
1462.01
1944.37
2254.42
2473.9
2659.73
2830.84
2992.85
3148.8
3299.79
3446.61
3589.62
3729.43
3865.5
3997.3
4123.88
4245.42
4360.06
4466.75
4564.55
4653.84
4733.82
4804.61
4866.16
4920.92
4968.07
5008.29
5042.03
5071.35
5095.98
5116.53
5132.85
5148.24
5160.94
5171.18
5178.77
5186.03
5191.82
5196.28
5198.76
5202.93
5206.18
5208.39
5209.01
5210.76
5211.96
5212.46
5211.53
5213.22
5214.43
5214.84
5213.87
5214.54
5214.84
5214.63
5213.04
5214.39
5215.35
5215.46
5214.2
5214.72
5214.87
5214.62
5213.12
5214.52
5215.45
5215.52
5214.22
5214.72
5214.88
5214.66
5213.4
5214.92
5215.87
5215.98
5214.93
5215.53
5215.68
5215.43
5214.41
5215.85
5216.69
5216.75
5215.92
5216.67
5216.85
5216.64
5215.92
5217.25
5217.96
5217.99
5217.37
5218.04
5218.24
5218.13
5217.63
5218.72
5219.25
5219.3
5218.92
5219.41
5219.6
5219.6
5219.34
5219.98
5220.34
5220.45
5220.34
5220.55
5220.68
5220.77
5220.79
5220.74
5220.79
5220.92
5221.02
5220.84
5220.73
5220.99
5220.4
358.397
719.886
789.251
1206.14
1632.85
1887.07
2064.1
2214.6
2354.03
2486.57
2614.49
2738.47
2859.13
2976.7
3091.69
3203.58
3311.91
3415.86
3515.66
3609.65
3697.01
3776.97
3849.94
3915.18
3972.85
4022.91
4067.5
4105.8
4138.42
4165.73
4189.5
4209.4
4225.99
4239.09
4251.6
4261.86
4270.09
4276.12
4282
4286.64
4290.19
4292.07
4295.54
4298.18
4299.94
4300.34
4301.8
4302.75
4303.11
4302.24
4303.73
4304.74
4305.06
4304.17
4304.78
4305.02
4304.81
4303.41
4304.64
4305.47
4305.54
4304.42
4304.9
4305.02
4304.79
4303.47
4304.75
4305.54
4305.58
4304.42
4304.9
4305.02
4304.81
4303.7
4305.08
4305.9
4305.96
4305.01
4305.57
4305.68
4305.44
4304.55
4305.85
4306.56
4306.58
4305.83
4306.52
4306.65
4306.45
4305.8
4307.01
4307.6
4307.6
4307.05
4307.65
4307.8
4307.68
4307.24
4308.22
4308.66
4308.68
4308.33
4308.76
4308.92
4308.9
4308.66
4309.24
4309.53
4309.61
4309.5
4309.69
4309.79
4309.86
4309.86
4309.82
4309.86
4309.97
4310.05
4309.88
4309.79
4310.02
4309.54
180.836
451.582
589.975
1053.91
1439.82
1653.14
1799.08
1924.07
2040.97
2152.78
2261.15
2366.42
2469.04
2569.14
2667.13
2762.5
2854.86
2943.47
3028.57
3108.67
3183.1
3251.18
3313.33
3368.87
3417.96
3460.54
3498.53
3531.13
3558.86
3582.05
3602.28
3619.19
3633.26
3644.33
3655.02
3663.73
3670.7
3675.77
3680.79
3684.72
3687.71
3689.24
3692.27
3694.53
3696
3696.28
3697.57
3698.37
3698.65
3697.84
3699.2
3700.09
3700.34
3699.52
3700.09
3700.29
3700.09
3698.82
3699.98
3700.7
3700.75
3699.73
3700.19
3700.29
3700.06
3698.87
3700.06
3700.77
3700.78
3699.73
3700.18
3700.28
3700.08
3699.07
3700.35
3701.06
3701.09
3700.23
3700.75
3700.84
3700.61
3699.79
3701
3701.62
3701.61
3700.93
3701.56
3701.66
3701.46
3700.87
3701.98
3702.5
3702.48
3701.96
3702.52
3702.64
3702.52
3702.11
3703.01
3703.38
3703.38
3703.06
3703.46
3703.58
3703.55
3703.33
3703.85
3704.1
3704.16
3704.05
3704.22
3704.31
3704.36
3704.35
3704.31
3704.34
3704.44
3704.5
3704.35
3704.26
3704.48
3704.07
91.0768
276.978
456.528
949.801
1306.14
1487.67
1608.9
1713.7
1812.97
1908.75
2002.09
2093.09
2182
2268.87
2354.04
2437.01
2517.4
2594.58
2668.77
2738.63
2803.57
2863.02
2917.36
2965.95
3008.93
3046.24
3079.61
3108.23
3132.58
3152.94
3170.75
3185.61
3197.98
3207.69
3217.15
3224.82
3230.95
3235.39
3239.84
3243.3
3245.92
3247.25
3249.98
3251.99
3253.28
3253.5
3254.67
3255.38
3255.61
3254.87
3256.14
3256.93
3257.15
3256.39
3256.92
3257.1
3256.91
3255.76
3256.84
3257.5
3257.52
3256.58
3257.02
3257.11
3256.89
3255.8
3256.92
3257.55
3257.55
3256.58
3257
3257.09
3256.89
3255.97
3257.16
3257.8
3257.81
3257.01
3257.5
3257.57
3257.34
3256.59
3257.71
3258.26
3258.24
3257.6
3258.19
3258.27
3258.08
3257.53
3258.56
3259.02
3258.98
3258.5
3259.01
3259.11
3258.99
3258.6
3259.43
3259.76
3259.75
3259.44
3259.81
3259.91
3259.87
3259.66
3260.14
3260.36
3260.41
3260.3
3260.45
3260.52
3260.56
3260.54
3260.5
3260.52
3260.61
3260.66
3260.51
3260.44
3260.64
3260.28
46.1482
162.236
356.858
868.56
1205.09
1361.59
1462.31
1550.21
1634.83
1717.38
1798.44
1877.82
1955.64
2031.85
2106.73
2179.76
2250.62
2318.72
2384.3
2446.12
2503.68
2556.46
2604.83
2648.16
2686.56
2719.95
2749.91
2775.62
2797.53
2815.87
2831.94
2845.35
2856.52
2865.3
2873.89
2880.84
2886.4
2890.42
2894.48
2897.63
2900.01
2901.22
2903.74
2905.58
2906.76
2906.96
2908.04
2908.69
2908.91
2908.23
2909.42
2910.15
2910.35
2909.65
2910.16
2910.32
2910.14
2909.08
2910.1
2910.7
2910.72
2909.85
2910.26
2910.34
2910.14
2909.13
2910.17
2910.75
2910.74
2909.84
2910.24
2910.31
2910.12
2909.27
2910.38
2910.96
2910.95
2910.21
2910.66
2910.72
2910.5
2909.81
2910.84
2911.34
2911.31
2910.71
2911.26
2911.31
2911.13
2910.62
2911.57
2911.98
2911.94
2911.49
2911.96
2912.03
2911.91
2911.55
2912.32
2912.62
2912.59
2912.3
2912.64
2912.72
2912.67
2912.47
2912.92
2913.11
2913.14
2913.03
2913.17
2913.22
2913.25
2913.23
2913.19
2913.2
2913.28
2913.32
2913.18
2913.12
2913.3
2912.98
24.1871
89.4478
275.897
796.264
1122.22
1259.68
1343.14
1416.43
1488.38
1559.57
1630.15
1699.67
1768.11
1835.34
1901.56
1966.29
2029.2
2089.77
2148.24
2203.48
2255.04
2302.45
2346.04
2385.21
2420.03
2450.41
2477.76
2501.28
2521.36
2538.21
2553
2565.37
2575.68
2583.81
2591.78
2598.23
2603.39
2607.14
2610.93
2613.86
2616.1
2617.25
2619.62
2621.34
2622.45
2622.65
2623.68
2624.3
2624.52
2623.91
2625.03
2625.72
2625.9
2625.26
2625.74
2625.9
2625.73
2624.77
2625.72
2626.27
2626.29
2625.48
2625.87
2625.94
2625.75
2624.82
2625.79
2626.32
2626.3
2625.47
2625.84
2625.9
2625.72
2624.93
2625.96
2626.49
2626.47
2625.78
2626.2
2626.24
2626.03
2625.38
2626.35
2626.8
2626.76
2626.2
2626.7
2626.74
2626.56
2626.09
2626.96
2627.34
2627.29
2626.86
2627.3
2627.36
2627.24
2626.9
2627.61
2627.87
2627.84
2627.56
2627.87
2627.94
2627.88
2627.69
2628.1
2628.27
2628.29
2628.18
2628.3
2628.35
2628.37
2628.34
2628.3
2628.31
2628.37
2628.4
2628.27
2628.21
2628.38
2628.09
13.5432
46.6182
206.925
724.144
1048.36
1172.88
1242.04
1302.57
1363.31
1424.48
1485.83
1546.73
1606.98
1666.41
1725.14
1782.68
1838.76
1892.88
1945.28
1994.92
2041.43
2084.35
2123.99
2159.76
2191.7
2219.68
2244.96
2266.78
2285.47
2301.19
2315.04
2326.63
2336.33
2344
2351.52
2357.61
2362.5
2366.08
2369.69
2372.49
2374.64
2375.78
2378.04
2379.68
2380.75
2380.98
2381.97
2382.57
2382.8
2382.27
2383.33
2383.98
2384.16
2383.59
2384.04
2384.19
2384.04
2383.16
2384.05
2384.56
2384.58
2383.84
2384.2
2384.26
2384.08
2383.22
2384.12
2384.61
2384.59
2383.81
2384.16
2384.21
2384.03
2383.31
2384.25
2384.74
2384.72
2384.07
2384.45
2384.49
2384.29
2383.68
2384.57
2384.98
2384.94
2384.41
2384.87
2384.9
2384.73
2384.28
2385.09
2385.43
2385.38
2384.98
2385.38
2385.42
2385.3
2384.98
2385.63
2385.87
2385.83
2385.57
2385.85
2385.9
2385.85
2385.66
2386.03
2386.18
2386.2
2386.09
2386.2
2386.23
2386.24
2386.21
2386.16
2386.17
2386.22
2386.25
2386.12
2386.06
2386.23
2385.95
8.25616
23.7893
147.846
646.498
976.775
1095.06
1153.06
1202.53
1253.29
1305.47
1358.56
1411.75
1464.72
1517.21
1569.29
1620.49
1670.53
1718.98
1766.06
1810.83
1852.95
1892.01
1928.28
1961.17
1990.7
2016.7
2040.31
2060.76
2078.36
2093.23
2106.35
2117.37
2126.62
2133.98
2141.16
2147.01
2151.72
2155.2
2158.68
2161.41
2163.5
2164.67
2166.84
2168.44
2169.49
2169.77
2170.73
2171.33
2171.57
2171.12
2172.12
2172.75
2172.94
2172.42
2172.85
2173
2172.87
2172.07
2172.89
2173.37
2173.39
2172.71
2173.04
2173.1
2172.93
2172.15
2172.97
2173.42
2173.4
2172.69
2173
2173.04
2172.87
2172.2
2173.06
2173.51
2173.49
2172.89
2173.24
2173.26
2173.07
2172.51
2173.32
2173.7
2173.65
2173.16
2173.58
2173.6
2173.43
2173.02
2173.75
2174.06
2174.01
2173.63
2173.99
2174.03
2173.91
2173.61
2174.2
2174.42
2174.38
2174.13
2174.38
2174.42
2174.36
2174.19
2174.52
2174.65
2174.66
2174.55
2174.64
2174.67
2174.67
2174.64
2174.59
2174.59
2174.63
2174.65
2174.53
2174.47
2174.63
2174.37
5.49458
12.6123
98.984
560.253
901.968
1021.5
1072.02
1112.25
1154.17
1198.25
1243.88
1290.09
1336.48
1382.71
1428.8
1474.28
1518.91
1562.27
1604.58
1645
1683.22
1718.87
1752.16
1782.54
1809.99
1834.32
1856.5
1875.84
1892.55
1906.74
1919.29
1929.88
1938.79
1945.94
1952.88
1958.55
1963.15
1966.59
1969.99
1972.67
1974.75
1975.96
1978.06
1979.63
1980.7
1981.03
1981.97
1982.57
1982.84
1982.47
1983.41
1984.02
1984.22
1983.78
1984.17
1984.32
1984.22
1983.5
1984.24
1984.7
1984.72
1984.11
1984.4
1984.45
1984.3
1983.59
1984.33
1984.75
1984.73
1984.08
1984.35
1984.39
1984.24
1983.62
1984.4
1984.81
1984.79
1984.24
1984.54
1984.56
1984.38
1983.87
1984.59
1984.94
1984.89
1984.44
1984.81
1984.83
1984.67
1984.28
1984.94
1985.23
1985.17
1984.83
1985.14
1985.17
1985.06
1984.78
1985.31
1985.51
1985.47
1985.23
1985.45
1985.49
1985.43
1985.26
1985.56
1985.67
1985.67
1985.57
1985.65
1985.66
1985.66
1985.62
1985.57
1985.56
1985.6
1985.61
1985.5
1985.44
1985.59
1985.34
3.96845
7.30275
61.2966
465.222
819.312
948.116
995.615
1028.77
1063.07
1099.92
1138.78
1178.66
1219.05
1259.57
1300.2
1340.48
1380.16
1418.9
1456.87
1493.33
1528.01
1560.56
1591.15
1619.28
1644.86
1667.71
1688.64
1707
1722.97
1736.59
1748.68
1758.92
1767.59
1774.6
1781.33
1786.89
1791.42
1794.84
1798.19
1800.85
1802.94
1804.22
1806.26
1807.82
1808.9
1809.3
1810.22
1810.83
1811.14
1810.86
1811.74
1812.33
1812.54
1812.17
1812.54
1812.69
1812.6
1811.97
1812.64
1813.06
1813.1
1812.55
1812.81
1812.86
1812.72
1812.08
1812.74
1813.12
1813.11
1812.52
1812.76
1812.79
1812.65
1812.09
1812.78
1813.15
1813.14
1812.64
1812.9
1812.91
1812.74
1812.28
1812.92
1813.23
1813.19
1812.78
1813.1
1813.11
1812.96
1812.61
1813.19
1813.45
1813.4
1813.09
1813.36
1813.39
1813.28
1813.02
1813.49
1813.66
1813.62
1813.41
1813.59
1813.62
1813.56
1813.41
1813.67
1813.77
1813.76
1813.66
1813.73
1813.74
1813.73
1813.69
1813.64
1813.62
1813.65
1813.65
1813.55
1813.49
1813.63
1813.39
3.0839
4.7013
34.953
364.523
725.291
871.023
920.898
949.686
977.823
1008.37
1041.16
1075.28
1110.21
1145.51
1181.12
1216.63
1251.78
1286.26
1320.23
1353.03
1384.43
1414.1
1442.19
1468.21
1492.07
1513.55
1533.33
1550.81
1566.1
1579.24
1590.91
1600.87
1609.33
1616.23
1622.8
1628.27
1632.75
1636.19
1639.5
1642.16
1644.27
1645.62
1647.62
1649.17
1650.27
1650.74
1651.65
1652.28
1652.61
1652.42
1653.24
1653.82
1654.05
1653.75
1654.09
1654.24
1654.18
1653.63
1654.22
1654.62
1654.66
1654.19
1654.41
1654.45
1654.33
1653.76
1654.33
1654.68
1654.68
1654.16
1654.36
1654.38
1654.25
1653.75
1654.35
1654.69
1654.68
1654.23
1654.45
1654.46
1654.31
1653.89
1654.44
1654.73
1654.7
1654.33
1654.6
1654.61
1654.47
1654.14
1654.65
1654.89
1654.84
1654.56
1654.79
1654.81
1654.71
1654.47
1654.88
1655.04
1655
1654.8
1654.96
1654.98
1654.92
1654.78
1655
1655.09
1655.08
1654.99
1655.03
1655.04
1655.03
1654.98
1654.93
1654.91
1654.93
1654.93
1654.84
1654.78
1654.9
1654.67
2.5551
3.34569
18.6115
264.558
618.25
786.513
844.975
872.837
896.642
921.985
949.466
978.435
1008.4
1038.94
1069.95
1101.05
1132.02
1162.55
1192.8
1222.19
1250.5
1277.46
1303.17
1327.18
1349.38
1369.54
1388.21
1404.84
1419.48
1432.16
1443.45
1453.13
1461.41
1468.22
1474.64
1480.02
1484.47
1487.93
1491.21
1493.87
1496.01
1497.44
1499.39
1500.94
1502.06
1502.61
1503.5
1504.15
1504.52
1504.42
1505.18
1505.74
1505.99
1505.76
1506.08
1506.23
1506.2
1505.73
1506.24
1506.61
1506.67
1506.26
1506.44
1506.48
1506.38
1505.88
1506.37
1506.68
1506.69
1506.24
1506.39
1506.42
1506.3
1505.86
1506.36
1506.67
1506.67
1506.28
1506.45
1506.46
1506.32
1505.94
1506.41
1506.67
1506.65
1506.32
1506.54
1506.55
1506.42
1506.13
1506.56
1506.77
1506.74
1506.49
1506.68
1506.69
1506.6
1506.39
1506.73
1506.87
1506.84
1506.66
1506.79
1506.81
1506.75
1506.62
1506.8
1506.88
1506.87
1506.78
1506.82
1506.81
1506.8
1506.75
1506.7
1506.68
1506.69
1506.68
1506.6
1506.54
1506.65
1506.42
2.23586
2.59637
9.66712
173.964
499.543
691.378
764.846
796.044
817.877
839.39
862.468
886.946
912.486
938.716
965.528
992.585
1019.68
1046.56
1073.32
1099.5
1124.89
1149.25
1172.66
1194.71
1215.28
1234.12
1251.67
1267.44
1281.43
1293.63
1304.52
1313.92
1322
1328.71
1334.97
1340.27
1344.68
1348.16
1351.4
1354.07
1356.22
1357.73
1359.63
1361.17
1362.32
1362.94
1363.83
1364.48
1364.89
1364.88
1365.58
1366.12
1366.39
1366.24
1366.52
1366.68
1366.67
1366.28
1366.72
1367.06
1367.13
1366.79
1366.93
1366.98
1366.89
1366.46
1366.86
1367.15
1367.17
1366.78
1366.89
1366.91
1366.81
1366.43
1366.84
1367.11
1367.12
1366.79
1366.92
1366.92
1366.8
1366.47
1366.86
1367.08
1367.07
1366.79
1366.96
1366.97
1366.86
1366.6
1366.95
1367.14
1367.12
1366.9
1367.05
1367.06
1366.98
1366.79
1367.07
1367.2
1367.17
1367.01
1367.11
1367.12
1367.07
1366.95
1367.1
1367.17
1367.16
1367.08
1367.1
1367.09
1367.07
1367.03
1366.98
1366.95
1366.96
1366.94
1366.87
1366.81
1366.9
1366.68
2.04594
2.16651
5.25679
101.17
374.692
583.744
677.48
716.954
739.829
759.289
779.092
799.869
821.584
844
867.029
890.404
913.945
937.434
960.947
984.101
1006.71
1028.57
1049.73
1069.84
1088.76
1106.26
1122.65
1137.51
1150.79
1162.47
1172.92
1182.01
1189.85
1196.43
1202.51
1207.7
1212.05
1215.54
1218.73
1221.39
1223.55
1225.13
1226.97
1228.5
1229.67
1230.36
1231.23
1231.9
1232.34
1232.41
1233.05
1233.57
1233.86
1233.78
1234.04
1234.2
1234.21
1233.9
1234.27
1234.57
1234.65
1234.38
1234.5
1234.54
1234.46
1234.11
1234.43
1234.68
1234.71
1234.39
1234.46
1234.48
1234.39
1234.06
1234.39
1234.63
1234.65
1234.37
1234.46
1234.46
1234.36
1234.07
1234.38
1234.58
1234.58
1234.34
1234.47
1234.47
1234.37
1234.16
1234.43
1234.6
1234.59
1234.4
1234.51
1234.52
1234.45
1234.28
1234.51
1234.62
1234.6
1234.46
1234.53
1234.54
1234.49
1234.39
1234.5
1234.56
1234.55
1234.48
1234.49
1234.48
1234.45
1234.41
1234.36
1234.33
1234.33
1234.32
1234.25
1234.19
1234.27
1234.06
1.93766
1.91833
3.20436
51.0289
253.735
464.481
580.272
633.025
660.608
680.301
698.28
716.341
734.952
754.123
773.835
793.916
814.234
834.616
855.116
875.432
895.403
914.853
933.804
951.98
969.226
985.329
1000.49
1014.37
1026.87
1037.95
1047.9
1056.6
1064.16
1070.57
1076.43
1081.47
1085.73
1089.19
1092.32
1094.94
1097.1
1098.72
1100.5
1102.01
1103.19
1103.94
1104.79
1105.47
1105.93
1106.08
1106.66
1107.16
1107.47
1107.45
1107.69
1107.85
1107.88
1107.65
1107.94
1108.21
1108.31
1108.1
1108.19
1108.22
1108.17
1107.88
1108.12
1108.33
1108.37
1108.12
1108.17
1108.17
1108.1
1107.83
1108.08
1108.28
1108.31
1108.09
1108.15
1108.14
1108.05
1107.81
1108.04
1108.21
1108.22
1108.03
1108.12
1108.12
1108.04
1107.85
1108.06
1108.2
1108.2
1108.05
1108.12
1108.13
1108.07
1107.93
1108.1
1108.19
1108.18
1108.07
1108.11
1108.12
1108.07
1107.98
1108.06
1108.11
1108.1
1108.04
1108.04
1108.03
1108
1107.96
1107.92
1107.89
1107.88
1107.86
1107.8
1107.75
1107.81
1107.61
1.88026
1.7792
2.25925
22.423
149.607
338.952
472.098
541.777
578.088
600.846
618.864
635.467
651.876
668.483
685.428
702.661
720.127
737.71
755.456
773.14
790.626
807.767
824.572
840.819
856.362
871.007
884.875
897.672
909.301
919.689
929.044
937.289
944.489
950.644
956.235
961.077
965.199
968.592
971.624
974.187
976.319
977.967
979.671
981.136
982.309
983.108
983.936
984.609
985.099
985.315
985.839
986.31
986.623
986.669
986.884
987.043
987.098
986.937
987.167
987.401
987.501
987.357
987.42
987.451
987.411
987.185
987.361
987.537
987.582
987.388
987.411
987.412
987.35
987.137
987.316
987.483
987.517
987.344
987.377
987.368
987.292
987.101
987.265
987.403
987.418
987.27
987.326
987.324
987.255
987.103
987.255
987.369
987.373
987.253
987.303
987.305
987.253
987.138
987.259
987.336
987.332
987.242
987.269
987.266
987.229
987.151
987.208
987.242
987.236
987.184
987.177
987.16
987.138
987.099
987.057
987.025
987.012
986.991
986.943
986.892
986.936
986.745
1.85287
1.70643
1.82184
9.14221
73.6689
218.151
355.11
441.565
490.08
519.094
539.458
556.207
571.557
586.444
601.299
616.221
631.269
646.412
661.705
676.997
692.183
707.149
721.891
736.24
750.066
763.199
775.697
787.322
797.968
807.555
816.219
823.903
830.654
836.476
841.731
846.311
850.239
853.513
856.412
858.88
860.95
862.591
864.208
865.614
866.762
867.588
868.388
869.049
869.549
869.821
870.293
870.731
871.045
871.142
871.341
871.496
871.567
871.468
871.646
871.844
871.946
871.857
871.903
871.93
871.902
871.734
871.854
871.994
872.041
871.902
871.908
871.903
871.853
871.689
871.81
871.94
871.977
871.852
871.864
871.852
871.79
871.64
871.748
871.856
871.876
871.766
871.797
871.792
871.736
871.615
871.717
871.806
871.815
871.726
871.753
871.751
871.709
871.617
871.698
871.758
871.759
871.689
871.701
871.695
871.663
871.599
871.633
871.657
871.652
871.609
871.597
871.58
871.557
871.522
871.483
871.452
871.436
871.413
871.372
871.326
871.355
871.18
1.84149
1.67239
1.6235
3.98902
29.531
117.262
236.94
333.186
394.977
433.132
458.433
477.289
493.019
507.259
520.848
534.127
547.291
560.427
573.628
586.822
599.943
612.91
625.714
638.233
650.359
661.951
673.023
683.39
692.949
701.62
709.482
716.498
722.698
728.09
732.935
737.18
740.849
743.944
746.666
748.997
750.968
752.566
754.079
755.403
756.505
757.334
758.099
758.737
759.234
759.545
759.972
760.372
760.678
760.815
761
761.149
761.232
761.186
761.323
761.485
761.584
761.54
761.576
761.599
761.582
761.464
761.54
761.646
761.691
761.599
761.595
761.586
761.546
761.425
761.498
761.595
761.631
761.546
761.546
761.531
761.481
761.368
761.432
761.511
761.532
761.456
761.469
761.461
761.417
761.325
761.386
761.451
761.463
761.4
761.412
761.407
761.373
761.303
761.351
761.394
761.398
761.347
761.348
761.339
761.313
761.262
761.278
761.293
761.289
761.255
761.24
761.222
761.2
761.168
761.134
761.104
761.086
761.062
761.029
760.987
761.002
760.84
1.8375
1.65874
1.53978
2.20116
10.1583
49.4111
131.661
222.351
293.262
341.599
374.118
397.22
415.044
429.962
443.304
455.772
467.719
479.385
490.94
502.401
513.756
524.961
536.01
546.822
557.315
567.378
577
586.046
594.427
602.075
609.029
615.267
620.81
625.67
630.023
633.858
637.197
640.045
642.542
644.692
646.524
648.038
649.429
650.65
651.682
652.489
653.208
653.811
654.294
654.627
655.011
655.371
655.66
655.823
655.996
656.137
656.227
656.223
656.329
656.459
656.55
656.541
656.571
656.591
656.583
656.506
656.551
656.625
656.666
656.611
656.602
656.591
656.56
656.475
656.514
656.58
656.612
656.56
656.553
656.537
656.498
656.416
656.449
656.5
656.52
656.471
656.473
656.463
656.429
656.362
656.394
656.437
656.449
656.408
656.409
656.402
656.376
656.323
656.348
656.376
656.38
656.346
656.34
656.33
656.308
656.268
656.273
656.279
656.275
656.249
656.233
656.215
656.196
656.168
656.138
656.11
656.091
656.068
656.04
656.005
656.007
655.865
1.83635
1.65424
1.5087
1.61241
3.67105
16.0326
55.8913
121.833
190.123
245.265
285.542
314.578
336.252
353.356
367.686
380.32
391.891
402.761
413.226
423.415
433.384
443.139
452.688
461.985
470.974
479.578
487.776
495.478
502.623
509.162
515.117
520.477
525.265
529.494
533.28
536.631
539.571
542.107
544.331
546.256
547.91
549.3
550.552
551.65
552.591
553.351
554.014
554.572
555.027
555.365
555.709
556.027
556.293
556.467
556.63
556.761
556.853
556.88
556.965
557.066
557.146
557.16
557.189
557.206
557.206
557.16
557.185
557.234
557.267
557.239
557.231
557.219
557.195
557.138
557.156
557.195
557.22
557.192
557.184
557.168
557.139
557.082
557.094
557.123
557.139
557.111
557.107
557.096
557.071
557.024
557.036
557.061
557.07
557.045
557.042
557.033
557.013
556.976
556.985
557.001
557.004
556.981
556.974
556.962
556.944
556.915
556.912
556.912
556.907
556.888
556.873
556.856
556.838
556.815
556.79
556.765
556.746
556.725
556.701
556.672
556.666
556.538
1.8361
1.65306
1.49905
1.42861
1.84996
4.72567
17.1137
49.1255
98.1525
149.878
194.252
228.983
255.558
276.207
292.822
306.75
318.896
329.803
339.869
349.359
358.424
367.132
375.52
383.575
391.268
398.554
405.416
411.81
417.711
423.098
427.995
432.409
436.367
439.887
443.044
445.854
448.341
450.514
452.426
454.093
455.539
456.774
457.873
458.837
459.671
460.364
460.963
461.467
461.886
462.215
462.523
462.8
463.038
463.212
463.364
463.486
463.576
463.623
463.695
463.772
463.84
463.868
463.896
463.913
463.917
463.895
463.909
463.938
463.962
463.951
463.946
463.936
463.919
463.883
463.887
463.908
463.924
463.912
463.905
463.891
463.87
463.833
463.833
463.846
463.855
463.841
463.836
463.825
463.806
463.775
463.777
463.787
463.793
463.78
463.775
463.765
463.75
463.726
463.726
463.731
463.733
463.719
463.711
463.701
463.686
463.665
463.658
463.654
463.648
463.634
463.622
463.607
463.592
463.572
463.552
463.531
463.513
463.494
463.475
463.452
463.44
463.333
1.83605
1.65283
1.49665
1.37746
1.38282
1.89217
4.44124
13.5218
35.1565
69.0702
107.557
143.369
173.539
197.996
217.762
233.999
247.681
259.53
270.013
279.498
288.25
296.414
304.072
311.246
317.936
324.126
329.821
335.019
339.737
343.997
347.839
351.294
354.399
357.181
359.688
361.939
363.954
365.742
367.33
368.73
369.959
371.027
371.973
372.805
373.532
374.15
374.684
375.136
375.516
375.827
376.105
376.348
376.559
376.726
376.867
376.98
377.069
377.127
377.191
377.253
377.308
377.342
377.371
377.388
377.397
377.39
377.4
377.416
377.432
377.431
377.43
377.422
377.41
377.389
377.388
377.395
377.405
377.4
377.396
377.385
377.37
377.347
377.343
377.345
377.349
377.342
377.338
377.328
377.315
377.296
377.292
377.294
377.296
377.289
377.284
377.276
377.265
377.249
377.246
377.245
377.244
377.236
377.23
377.221
377.21
377.195
377.187
377.181
377.175
377.165
377.155
377.143
377.13
377.115
377.099
377.083
377.067
377.051
377.035
377.017
377.003
376.912
1.83604
1.65279
1.49617
1.36561
1.27412
1.28579
1.64624
3.20661
8.25907
20.35
41.0825
67.6856
95.406
120.919
143.019
161.721
177.515
190.992
202.681
212.913
222.018
230.225
237.666
244.402
250.462
255.865
260.646
264.853
268.552
271.813
274.708
277.293
279.62
281.725
283.644
285.391
286.983
288.425
289.728
290.895
291.937
292.861
293.684
294.411
295.052
295.609
296.093
296.507
296.859
297.156
297.415
297.637
297.83
297.99
298.125
298.234
298.321
298.389
298.45
298.504
298.552
298.588
298.617
298.636
298.648
298.652
298.662
298.671
298.681
298.685
298.687
298.682
298.675
298.664
298.662
298.663
298.666
298.664
298.662
298.655
298.645
298.632
298.627
298.624
298.624
298.62
298.617
298.61
298.601
298.59
298.586
298.583
298.582
298.578
298.574
298.568
298.56
298.551
298.547
298.543
298.541
298.536
298.531
298.524
298.516
298.507
298.5
298.494
298.488
298.481
298.473
298.464
298.454
298.443
298.432
298.419
298.407
298.394
298.382
298.369
298.355
298.283
1.83604
1.65279
1.49609
1.36339
1.25287
1.17065
1.14898
1.29815
1.96152
4.04771
9.27336
19.4297
34.8191
53.7078
73.5312
92.3547
109.316
124.266
137.362
148.851
158.882
167.691
175.439
182.212
188.066
193.061
197.28
200.826
203.821
206.381
208.611
210.592
212.386
214.034
215.565
216.989
218.316
219.548
220.685
221.724
222.67
223.523
224.292
224.977
225.586
226.123
226.595
227.002
227.353
227.655
227.916
228.139
228.331
228.494
228.633
228.747
228.84
228.917
228.983
229.037
229.084
229.122
229.154
229.177
229.193
229.205
229.217
229.225
229.233
229.238
229.242
229.241
229.238
229.234
229.234
229.232
229.231
229.231
229.23
229.226
229.22
229.213
229.209
229.205
229.203
229.2
229.198
229.193
229.188
229.182
229.178
229.174
229.172
229.169
229.167
229.162
229.158
229.152
229.149
229.145
229.142
229.139
229.136
229.132
229.126
229.121
229.116
229.111
229.106
229.101
229.096
229.09
229.083
229.075
229.068
229.059
229.051
229.041
229.033
229.023
229.012
228.956
1.83604
1.65278
1.49606
1.36301
1.24955
1.15262
1.07345
1.02241
1.03356
1.20599
1.80091
3.39311
6.91626
13.3203
22.9558
35.2389
48.9373
62.7843
75.9215
87.9589
98.8149
108.388
116.729
123.882
129.915
134.933
139.075
142.498
145.362
147.808
149.95
151.87
153.63
155.266
156.802
158.245
159.601
160.87
162.051
163.14
164.138
165.047
165.868
166.605
167.262
167.844
168.358
168.806
169.196
169.534
169.826
170.076
170.29
170.473
170.63
170.76
170.869
170.961
171.039
171.102
171.155
171.199
171.237
171.266
171.288
171.307
171.322
171.333
171.342
171.349
171.355
171.358
171.358
171.358
171.359
171.358
171.357
171.357
171.357
171.355
171.352
171.349
171.347
171.343
171.34
171.339
171.337
171.334
171.331
171.328
171.326
171.323
171.32
171.318
171.317
171.314
171.311
171.309
171.307
171.304
171.302
171.3
171.298
171.295
171.292
171.289
171.287
171.283
171.28
171.277
171.274
171.27
171.266
171.262
171.257
171.252
171.247
171.241
171.236
171.23
171.222
171.181
1.83603
1.65278
1.49604
1.3629
1.24904
1.15034
1.06432
0.989992
0.928677
0.886892
0.883782
0.969612
1.26509
2.02074
3.65345
6.67258
11.483
18.1711
26.4222
35.6205
45.069
54.1945
62.5284
69.9089
76.3438
81.9263
86.777
91.0133
94.7411
98.0492
101.01
103.682
106.11
108.329
110.367
112.239
113.961
115.542
116.99
118.31
119.509
120.592
121.565
122.435
123.208
123.892
124.494
125.021
125.48
125.878
126.223
126.518
126.772
126.988
127.173
127.33
127.461
127.573
127.666
127.744
127.808
127.862
127.908
127.944
127.974
127.998
128.019
128.034
128.046
128.056
128.064
128.069
128.073
128.076
128.079
128.079
128.079
128.079
128.08
128.079
128.078
128.077
128.076
128.074
128.072
128.07
128.069
128.068
128.066
128.064
128.063
128.061
128.06
128.058
128.057
128.056
128.055
128.054
128.053
128.051
128.05
128.049
128.048
128.047
128.045
128.044
128.043
128.041
128.04
128.038
128.037
128.035
128.033
128.031
128.028
128.026
128.023
128.02
128.017
128.014
128.009
127.979
1.83603
1.65278
1.49603
1.36285
1.24894
1.15007
1.06345
0.987151
0.919734
0.860343
0.809037
0.767694
0.742136
0.747146
0.817698
1.02848
1.51801
2.49957
4.23465
6.96471
10.8304
15.826
21.7886
28.3786
35.2242
41.9954
48.4457
54.4208
59.8475
64.713
69.0436
72.8867
76.2978
79.3318
82.0387
84.4607
86.6334
88.5854
90.3397
91.9152
93.3276
94.5908
95.7169
96.7171
97.602
98.3821
99.0669
99.6653
100.186
100.638
101.028
101.364
101.652
101.898
102.108
102.286
102.437
102.564
102.671
102.761
102.835
102.898
102.95
102.993
103.028
103.057
103.081
103.1
103.115
103.127
103.137
103.145
103.15
103.155
103.158
103.16
103.162
103.163
103.163
103.163
103.163
103.163
103.162
103.161
103.16
103.159
103.158
103.157
103.156
103.155
103.154
103.153
103.152
103.151
103.15
103.15
103.149
103.148
103.148
103.147
103.147
103.146
103.146
103.145
103.145
103.144
103.144
103.143
103.142
103.142
103.141
103.14
103.14
103.139
103.138
103.136
103.135
103.133
103.132
103.13
103.127
103.104
1.83603
1.65278
1.49603
1.36286
1.24894
1.15007
1.06346
0.987158
0.919745
0.860361
0.809059
0.76771
0.742096
0.746877
0.81667
1.02532
1.50938
2.4784
4.1892
6.88041
10.6934
15.6314
21.5303
28.0605
34.856
41.5896
48.0142
53.9738
59.3931
64.257
68.59
72.4384
75.8565
78.8984
81.6135
84.044
86.2249
88.1847
89.9462
91.5285
92.9473
94.2161
95.3473
96.3522
97.2414
98.0252
98.7133
99.3149
99.8388
100.293
100.686
101.023
101.313
101.561
101.772
101.952
102.104
102.232
102.34
102.431
102.506
102.569
102.622
102.666
102.702
102.731
102.755
102.775
102.791
102.803
102.813
102.821
102.828
102.832
102.836
102.838
102.839
102.84
102.841
102.841
102.841
102.84
102.839
102.838
102.837
102.836
102.835
102.833
102.832
102.831
102.83
102.829
102.828
102.826
102.825
102.825
102.824
102.823
102.822
102.822
102.821
102.82
102.819
102.819
102.818
102.817
102.817
102.816
102.815
102.814
102.814
102.813
102.812
102.811
102.81
102.808
102.807
102.806
102.804
102.802
102.799
102.776
1.83603
1.65278
1.49604
1.36291
1.24905
1.15035
1.06435
0.990074
0.928873
0.887333
0.884696
0.971395
1.26811
2.02406
3.65128
6.65036
11.4156
18.0269
26.1727
35.25
44.5775
53.5781
61.799
69.0817
75.4338
80.9471
85.7421
89.9373
93.6366
96.9268
99.8789
102.55
104.982
107.211
109.259
111.144
112.88
114.475
115.936
117.27
118.482
119.576
120.56
121.439
122.222
122.914
123.523
124.058
124.524
124.928
125.277
125.578
125.836
126.057
126.245
126.405
126.54
126.654
126.75
126.83
126.897
126.953
127
127.038
127.07
127.096
127.117
127.134
127.147
127.158
127.167
127.173
127.179
127.182
127.184
127.185
127.186
127.186
127.185
127.185
127.184
127.182
127.181
127.179
127.176
127.174
127.172
127.17
127.168
127.166
127.164
127.162
127.16
127.158
127.156
127.154
127.153
127.151
127.149
127.147
127.146
127.144
127.142
127.141
127.139
127.137
127.136
127.134
127.132
127.13
127.128
127.125
127.123
127.121
127.119
127.116
127.114
127.111
127.108
127.104
127.098
127.068
1.83604
1.65278
1.49606
1.36302
1.24958
1.15273
1.0738
1.02339
1.0362
1.21262
1.81597
3.42217
6.95734
13.3506
22.929
35.1022
48.6514
62.3314
75.3034
87.189
97.9048
107.353
115.586
122.648
128.605
133.556
137.642
141.019
143.846
146.263
148.383
150.291
152.045
153.681
155.218
156.667
158.031
159.309
160.499
161.599
162.609
163.529
164.359
165.105
165.771
166.362
166.882
167.339
167.737
168.082
168.379
168.635
168.855
169.042
169.202
169.337
169.452
169.548
169.628
169.694
169.751
169.797
169.836
169.868
169.895
169.915
169.931
169.944
169.955
169.963
169.969
169.974
169.978
169.979
169.979
169.978
169.977
169.976
169.975
169.973
169.971
169.968
169.964
169.96
169.957
169.953
169.95
169.947
169.944
169.94
169.936
169.932
169.929
169.926
169.923
169.92
169.917
169.914
169.911
169.907
169.904
169.901
169.898
169.895
169.892
169.888
169.885
169.881
169.877
169.873
169.869
169.865
169.861
169.857
169.852
169.847
169.842
169.837
169.831
169.824
169.814
169.773
1.83604
1.65278
1.49609
1.36343
1.25311
1.17154
1.15199
1.30741
1.988
4.11299
9.39639
19.5907
34.9412
53.6928
73.3097
91.9035
108.642
123.39
136.308
147.642
157.536
166.231
173.883
180.576
186.365
191.305
195.477
198.985
201.948
204.482
206.693
208.66
210.447
212.091
213.619
215.043
216.372
217.605
218.746
219.792
220.746
221.608
222.383
223.074
223.688
224.229
224.705
225.12
225.481
225.791
226.057
226.285
226.48
226.646
226.788
226.907
227.008
227.091
227.16
227.217
227.265
227.305
227.339
227.366
227.389
227.405
227.417
227.426
227.434
227.44
227.445
227.448
227.45
227.449
227.446
227.443
227.44
227.437
227.435
227.432
227.429
227.423
227.417
227.411
227.406
227.401
227.397
227.392
227.388
227.382
227.376
227.37
227.366
227.361
227.357
227.353
227.349
227.344
227.339
227.333
227.329
227.324
227.319
227.314
227.309
227.304
227.298
227.291
227.285
227.279
227.273
227.267
227.26
227.253
227.246
227.239
227.23
227.222
227.213
227.202
227.187
227.13
1.83604
1.65279
1.49619
1.36585
1.27558
1.29174
1.66769
3.27654
8.4421
20.6816
41.4721
67.9555
95.4145
120.611
142.401
160.828
176.387
189.665
201.185
211.266
220.247
228.348
235.7
242.363
248.364
253.721
258.463
262.638
266.314
269.558
272.442
275.022
277.35
279.458
281.376
283.122
284.712
286.154
287.458
288.631
289.682
290.615
291.442
292.169
292.81
293.369
293.857
294.277
294.641
294.95
295.214
295.437
295.629
295.791
295.929
296.044
296.142
296.22
296.285
296.337
296.384
296.421
296.453
296.478
296.499
296.512
296.521
296.527
296.534
296.539
296.543
296.545
296.546
296.541
296.536
296.529
296.526
296.522
296.519
296.515
296.51
296.502
296.493
296.484
296.478
296.472
296.467
296.461
296.455
296.446
296.438
296.43
296.425
296.42
296.416
296.41
296.405
296.397
296.39
296.382
296.376
296.37
296.364
296.357
296.35
296.342
296.333
296.324
296.316
296.308
296.3
296.291
296.282
296.272
296.262
296.252
296.24
296.228
296.215
296.2
296.181
296.107
1.83605
1.65283
1.49671
1.37869
1.39041
1.92577
4.57059
13.8927
35.8199
69.7992
108.04
143.441
173.175
197.242
216.68
232.65
246.113
257.779
268.097
277.442
286.074
294.137
301.707
308.809
315.443
321.594
327.255
332.425
337.127
341.381
345.224
348.686
351.804
354.603
357.115
359.364
361.377
363.169
364.762
366.168
367.41
368.494
369.443
370.268
370.989
371.61
372.148
372.608
373.004
373.335
373.616
373.853
374.058
374.228
374.374
374.493
374.596
374.675
374.741
374.793
374.842
374.879
374.913
374.937
374.959
374.968
374.975
374.978
374.987
374.991
374.995
374.995
374.995
374.986
374.978
374.968
374.966
374.961
374.958
374.952
374.946
374.934
374.922
374.911
374.905
374.898
374.892
374.885
374.878
374.866
374.856
374.846
374.842
374.836
374.831
374.824
374.818
374.807
374.798
374.788
374.782
374.775
374.768
374.759
374.75
374.739
374.728
374.717
374.707
374.697
374.687
374.675
374.664
374.652
374.639
374.624
374.609
374.593
374.578
374.558
374.535
374.439
1.8361
1.65307
1.49934
1.43388
1.88438
4.89351
17.6878
50.2199
99.3494
150.688
194.473
228.632
254.727
274.996
291.308
304.991
316.935
327.666
337.574
346.923
355.866
364.472
372.771
380.752
388.394
395.648
402.48
408.849
414.741
420.137
425.047
429.479
433.466
437.021
440.188
442.994
445.482
447.666
449.588
451.264
452.731
453.995
455.094
456.04
456.865
457.567
458.172
458.684
459.125
459.486
459.796
460.053
460.28
460.463
460.621
460.748
460.861
460.941
461.01
461.063
461.119
461.157
461.193
461.217
461.241
461.245
461.25
461.251
461.264
461.267
461.272
461.27
461.27
461.254
461.243
461.232
461.233
461.227
461.224
461.215
461.209
461.19
461.176
461.163
461.16
461.151
461.147
461.137
461.13
461.113
461.102
461.092
461.09
461.083
461.079
461.07
461.063
461.048
461.038
461.027
461.022
461.013
461.006
460.995
460.985
460.97
460.958
460.944
460.934
460.922
460.91
460.897
460.883
460.868
460.852
460.834
460.816
460.796
460.778
460.754
460.727
460.612
1.83636
1.65428
1.50979
1.63197
3.81448
16.7034
57.4446
123.666
191.437
245.778
285.315
313.764
334.99
351.752
365.805
378.21
389.582
400.286
410.591
420.627
430.468
440.119
449.577
458.799
467.744
476.33
484.501
492.178
499.325
505.889
511.87
517.26
522.093
526.378
530.177
533.518
536.463
539.024
541.263
543.2
544.885
546.321
547.567
548.633
549.562
550.342
551.015
551.578
552.066
552.455
552.792
553.071
553.323
553.517
553.688
553.823
553.946
554.023
554.097
554.153
554.217
554.255
554.293
554.316
554.343
554.338
554.342
554.343
554.363
554.363
554.369
554.364
554.364
554.339
554.326
554.315
554.323
554.314
554.312
554.3
554.294
554.266
554.252
554.239
554.241
554.229
554.226
554.214
554.207
554.184
554.173
554.164
554.167
554.158
554.155
554.145
554.137
554.117
554.107
554.097
554.095
554.083
554.076
554.064
554.053
554.034
554.021
554.007
553.997
553.983
553.97
553.954
553.939
553.921
553.903
553.882
553.86
553.838
553.817
553.788
553.758
553.621
1.83752
1.6589
1.54332
2.26788
10.6874
51.2437
134.294
224.44
294.278
341.653
373.445
396.01
413.436
428.043
441.124
453.359
465.113
476.614
487.996
499.29
510.51
521.611
532.569
543.307
553.767
563.831
573.428
582.449
590.846
598.539
605.533
611.808
617.416
622.356
626.721
630.536
633.886
636.775
639.293
641.454
643.332
644.913
646.287
647.456
648.478
649.321
650.053
650.658
651.186
651.593
651.955
652.252
652.527
652.726
652.909
653.047
653.181
653.251
653.329
653.387
653.463
653.495
653.537
653.557
653.588
653.571
653.575
653.576
653.606
653.6
653.608
653.599
653.602
653.564
653.551
653.541
653.559
653.545
653.544
653.529
653.524
653.485
653.472
653.461
653.471
653.455
653.454
653.44
653.434
653.402
653.395
653.388
653.398
653.385
653.385
653.373
653.366
653.34
653.332
653.323
653.325
653.311
653.306
653.291
653.281
653.258
653.245
653.23
653.222
653.206
653.193
653.175
653.159
653.139
653.118
653.094
653.07
653.045
653.022
652.988
652.955
652.801
1.84157
1.67287
1.63356
4.20555
31.0781
120.647
240.172
335.039
395.519
432.751
457.405
475.783
491.149
505.098
518.426
531.463
544.43
557.398
570.409
583.416
596.399
609.267
621.981
634.429
646.54
658.156
669.205
679.547
689.139
697.879
705.792
712.853
719.139
724.638
729.484
733.697
737.386
740.541
743.288
745.629
747.663
749.353
750.831
752.08
753.177
754.063
754.841
755.474
756.034
756.446
756.828
757.137
757.432
757.628
757.82
757.959
758.102
758.158
758.242
758.301
758.389
758.412
758.458
758.473
758.509
758.475
758.483
758.485
758.527
758.512
758.523
758.508
758.515
758.46
758.452
758.445
758.475
758.452
758.455
758.436
758.434
758.381
758.372
758.365
758.385
758.362
758.365
758.349
758.345
758.303
758.302
758.3
758.318
758.301
758.305
758.291
758.286
758.251
758.249
758.243
758.251
758.233
758.23
758.214
758.204
758.176
758.166
758.152
758.147
758.13
758.117
758.097
758.081
758.059
758.036
758.009
757.983
757.956
757.931
757.893
757.858
757.686
1.85311
1.70759
1.84787
9.7903
77.0101
222.815
358.327
442.936
490.174
518.391
538.189
554.498
569.502
584.1
598.681
613.349
628.193
643.162
658.242
673.33
688.377
703.254
717.909
732.193
746.025
759.211
771.686
783.287
793.987
803.669
812.393
820.128
826.987
832.944
838.186
842.717
846.678
850.035
852.959
855.434
857.585
859.347
860.903
862.208
863.361
864.269
865.079
865.727
866.309
866.713
867.11
867.425
867.737
867.921
868.121
868.255
868.406
868.442
868.532
868.591
868.694
868.702
868.752
868.763
868.805
868.748
868.763
868.767
868.824
868.796
868.81
868.791
868.803
868.728
868.727
868.725
868.77
868.736
868.743
868.72
868.722
868.653
868.653
868.65
868.683
868.651
868.66
868.641
868.642
868.587
868.597
868.6
868.628
868.604
868.614
868.599
868.596
868.553
868.559
868.557
868.572
868.549
868.55
868.534
868.526
868.493
868.487
868.475
868.473
868.454
868.443
868.422
868.406
868.384
868.358
868.329
868.302
868.274
868.248
868.206
868.166
867.983
1.88085
1.78167
2.32366
24.0959
155.101
344.222
474.895
542.654
577.857
599.95
617.458
633.635
649.698
666.009
682.66
699.62
716.869
734.272
751.782
769.243
786.594
803.66
820.383
836.574
852.151
866.881
880.725
893.497
905.204
915.714
925.137
933.436
940.769
947.088
952.645
957.42
961.59
965.09
968.145
970.71
972.944
974.743
976.354
977.691
978.884
979.793
980.623
981.272
981.868
982.25
982.66
982.974
983.3
983.464
983.67
983.795
983.955
983.964
984.063
984.121
984.238
984.226
984.283
984.287
984.336
984.253
984.278
984.285
984.359
984.313
984.334
984.308
984.328
984.229
984.241
984.245
984.307
984.258
984.272
984.244
984.252
984.164
984.177
984.181
984.229
984.183
984.202
984.181
984.186
984.118
984.142
984.153
984.192
984.158
984.178
984.161
984.162
984.109
984.128
984.131
984.153
984.125
984.132
984.115
984.11
984.071
984.072
984.063
984.067
984.046
984.037
984.016
984.001
983.978
983.951
983.92
983.893
983.865
983.837
983.793
983.748
983.555
1.93889
1.92309
3.36176
54.5671
261.102
469.702
582.52
633.53
660.201
679.332
696.824
714.45
732.705
751.562
770.955
790.738
810.827
831.02
851.258
871.336
891.182
910.572
929.449
947.581
964.892
981.115
996.252
1010.1
1022.71
1033.94
1043.96
1052.72
1060.44
1067.03
1072.84
1077.79
1082.12
1085.71
1088.85
1091.47
1093.76
1095.57
1097.21
1098.56
1099.78
1100.67
1101.51
1102.15
1102.75
1103.1
1103.52
1103.83
1104.17
1104.3
1104.52
1104.63
1104.8
1104.77
1104.88
1104.94
1105.07
1105.04
1105.1
1105.1
1105.16
1105.04
1105.08
1105.09
1105.18
1105.12
1105.15
1105.11
1105.14
1105.02
1105.05
1105.06
1105.14
1105.07
1105.09
1105.06
1105.08
1104.97
1105
1105.01
1105.07
1105.01
1105.05
1105.02
1105.03
1104.95
1104.99
1105.01
1105.06
1105.02
1105.05
1105.03
1105.04
1104.97
1105.01
1105.02
1105.05
1105.01
1105.03
1105.01
1105.01
1104.97
1104.98
1104.97
1104.98
1104.96
1104.95
1104.93
1104.92
1104.9
1104.87
1104.84
1104.81
1104.78
1104.75
1104.71
1104.66
1104.46
2.0483
2.17522
5.63615
107.294
383.242
588.514
679.249
717.255
739.383
758.343
777.655
797.974
819.312
841.389
864.069
887.116
910.414
933.707
956.931
979.834
1002.33
1024.15
1045.24
1065.32
1084.34
1102
1118.35
1133.19
1146.6
1158.46
1168.98
1178.13
1186.15
1192.96
1198.95
1204.03
1208.47
1212.11
1215.32
1217.96
1220.28
1222.07
1223.73
1225.08
1226.31
1227.17
1228.02
1228.64
1229.24
1229.55
1229.98
1230.27
1230.62
1230.72
1230.94
1231.04
1231.21
1231.15
1231.28
1231.33
1231.48
1231.42
1231.49
1231.48
1231.55
1231.4
1231.46
1231.47
1231.58
1231.49
1231.53
1231.49
1231.53
1231.38
1231.43
1231.45
1231.55
1231.46
1231.5
1231.46
1231.48
1231.35
1231.4
1231.42
1231.5
1231.43
1231.47
1231.45
1231.47
1231.37
1231.43
1231.46
1231.53
1231.47
1231.51
1231.49
1231.51
1231.43
1231.49
1231.5
1231.54
1231.5
1231.53
1231.51
1231.51
1231.47
1231.49
1231.49
1231.5
1231.48
1231.48
1231.46
1231.45
1231.43
1231.4
1231.37
1231.34
1231.32
1231.29
1231.24
1231.18
1230.98
2.24009
2.61194
10.5364
182.919
508.534
695.574
766.306
796.307
817.51
838.549
861.109
885.092
910.222
936.086
962.512
989.21
1016.05
1042.72
1069.17
1095.08
1120.37
1144.72
1168.07
1190.11
1210.81
1229.85
1247.35
1263.09
1277.24
1289.64
1300.61
1310.07
1318.35
1325.32
1331.46
1336.63
1341.15
1344.81
1348.05
1350.7
1353.03
1354.78
1356.46
1357.79
1359.03
1359.85
1360.69
1361.29
1361.89
1362.15
1362.59
1362.87
1363.23
1363.29
1363.51
1363.6
1363.78
1363.68
1363.82
1363.87
1364.03
1363.94
1364.03
1364
1364.08
1363.9
1363.98
1364
1364.13
1364.01
1364.06
1364.02
1364.07
1363.89
1363.96
1363.99
1364.11
1364
1364.05
1364.01
1364.04
1363.89
1363.96
1363.99
1364.09
1364
1364.06
1364.03
1364.06
1363.95
1364.04
1364.07
1364.15
1364.09
1364.15
1364.13
1364.15
1364.06
1364.14
1364.16
1364.21
1364.16
1364.2
1364.18
1364.19
1364.14
1364.17
1364.18
1364.2
1364.18
1364.19
1364.17
1364.16
1364.14
1364.11
1364.08
1364.06
1364.04
1364
1363.96
1363.89
1363.7
2.56242
3.37365
20.4157
276.059
627.128
790.213
846.325
873.207
896.447
921.314
948.233
976.66
1006.18
1036.31
1066.9
1097.6
1128.29
1158.62
1188.52
1217.63
1245.86
1272.82
1298.49
1322.5
1344.87
1365.27
1383.88
1400.48
1415.32
1428.22
1439.58
1449.32
1457.83
1464.92
1471.18
1476.43
1481
1484.67
1487.93
1490.57
1492.9
1494.62
1496.3
1497.61
1498.84
1499.62
1500.46
1501.02
1501.62
1501.83
1502.27
1502.55
1502.91
1502.93
1503.16
1503.23
1503.41
1503.27
1503.43
1503.48
1503.66
1503.54
1503.63
1503.6
1503.69
1503.47
1503.58
1503.6
1503.75
1503.6
1503.67
1503.62
1503.68
1503.47
1503.57
1503.61
1503.75
1503.62
1503.68
1503.64
1503.69
1503.51
1503.61
1503.65
1503.77
1503.66
1503.74
1503.71
1503.75
1503.62
1503.73
1503.78
1503.88
1503.8
1503.87
1503.85
1503.88
1503.79
1503.88
1503.91
1503.98
1503.92
1503.98
1503.96
1503.98
1503.92
1503.97
1503.98
1504.01
1503.99
1504
1503.99
1503.99
1503.97
1503.94
1503.91
1503.89
1503.88
1503.84
1503.79
1503.72
1503.53
3.09644
4.75299
38.2401
377.953
733.781
874.419
922.327
950.284
977.878
1007.92
1040.09
1073.62
1108.05
1142.91
1178.05
1213.11
1247.97
1282.23
1315.82
1348.34
1379.67
1409.37
1437.43
1463.46
1487.53
1509.27
1528.99
1546.44
1561.95
1575.34
1587.08
1597.09
1605.81
1613.02
1619.4
1624.71
1629.34
1633.01
1636.29
1638.91
1641.25
1642.92
1644.6
1645.89
1647.12
1647.85
1648.68
1649.22
1649.81
1649.97
1650.42
1650.68
1651.04
1651.03
1651.26
1651.31
1651.51
1651.32
1651.5
1651.54
1651.74
1651.58
1651.7
1651.65
1651.76
1651.5
1651.63
1651.65
1651.83
1651.65
1651.74
1651.68
1651.76
1651.51
1651.64
1651.69
1651.86
1651.7
1651.78
1651.73
1651.79
1651.59
1651.72
1651.77
1651.91
1651.78
1651.88
1651.85
1651.9
1651.76
1651.9
1651.96
1652.07
1651.98
1652.08
1652.06
1652.1
1651.99
1652.11
1652.15
1652.23
1652.17
1652.23
1652.22
1652.25
1652.19
1652.25
1652.27
1652.31
1652.29
1652.31
1652.3
1652.3
1652.29
1652.26
1652.24
1652.22
1652.21
1652.17
1652.13
1652.04
1651.85
3.99021
7.40223
66.5315
479.891
827.385
951.441
997.289
1029.7
1063.44
1099.74
1137.91
1177.12
1216.97
1257.01
1297.1
1336.9
1376.27
1414.77
1452.34
1488.5
1523.12
1555.72
1586.3
1614.45
1640.27
1663.42
1684.28
1702.62
1718.82
1732.72
1744.87
1755.17
1764.11
1771.46
1777.97
1783.35
1788.05
1791.72
1795.03
1797.65
1799.99
1801.62
1803.3
1804.58
1805.8
1806.49
1807.32
1807.82
1808.41
1808.52
1808.98
1809.22
1809.59
1809.54
1809.78
1809.81
1810.01
1809.79
1809.99
1810.03
1810.24
1810.05
1810.18
1810.12
1810.24
1809.95
1810.1
1810.13
1810.33
1810.13
1810.23
1810.16
1810.25
1809.98
1810.14
1810.2
1810.38
1810.2
1810.3
1810.25
1810.32
1810.1
1810.26
1810.32
1810.48
1810.33
1810.46
1810.43
1810.49
1810.33
1810.51
1810.58
1810.7
1810.6
1810.72
1810.7
1810.75
1810.64
1810.78
1810.83
1810.92
1810.86
1810.94
1810.93
1810.97
1810.9
1810.98
1811.01
1811.06
1811.04
1811.07
1811.06
1811.07
1811.07
1811.04
1811.02
1811
1811
1810.96
1810.92
1810.82
1810.64
5.53353
12.8094
106.372
575.593
909.765
1024.99
1074.08
1113.59
1154.91
1198.39
1243.24
1288.72
1334.5
1380.19
1425.69
1470.64
1514.91
1558.02
1599.9
1640.01
1678.19
1713.91
1747.18
1777.61
1805.33
1830
1852.1
1871.4
1888.38
1902.85
1915.47
1926.11
1935.32
1942.85
1949.52
1955.01
1959.79
1963.5
1966.85
1969.47
1971.83
1973.43
1975.13
1976.39
1977.62
1978.26
1979.09
1979.58
1980.16
1980.22
1980.69
1980.92
1981.3
1981.21
1981.46
1981.47
1981.68
1981.41
1981.63
1981.67
1981.9
1981.68
1981.82
1981.76
1981.88
1981.56
1981.74
1981.77
1981.99
1981.76
1981.88
1981.81
1981.91
1981.61
1981.8
1981.87
1982.08
1981.88
1982
1981.94
1982.03
1981.78
1981.98
1982.05
1982.22
1982.06
1982.21
1982.18
1982.25
1982.08
1982.29
1982.37
1982.52
1982.4
1982.54
1982.53
1982.59
1982.47
1982.64
1982.7
1982.8
1982.73
1982.83
1982.83
1982.87
1982.81
1982.91
1982.94
1983.01
1982.99
1983.02
1983.02
1983.04
1983.04
1983.02
1983
1982.99
1982.99
1982.95
1982.91
1982.79
1982.62
8.329
24.1741
157.265
662.148
984.536
1098.91
1155.63
1204.36
1254.46
1305.95
1358.18
1410.55
1462.85
1514.73
1566.16
1616.76
1666.42
1714.59
1761.2
1805.64
1847.73
1886.88
1923.14
1956.09
1985.92
2012.3
2035.81
2056.24
2074.12
2089.29
2102.47
2113.54
2123.11
2130.88
2137.77
2143.41
2148.33
2152.1
2155.53
2158.18
2160.58
2162.16
2163.89
2165.15
2166.4
2167.01
2167.85
2168.31
2168.9
2168.92
2169.4
2169.62
2170
2169.88
2170.13
2170.13
2170.35
2170.05
2170.28
2170.32
2170.57
2170.31
2170.47
2170.4
2170.54
2170.18
2170.38
2170.42
2170.66
2170.41
2170.54
2170.47
2170.58
2170.26
2170.47
2170.55
2170.78
2170.56
2170.7
2170.65
2170.74
2170.48
2170.7
2170.79
2170.98
2170.81
2170.98
2170.95
2171.03
2170.85
2171.09
2171.19
2171.35
2171.23
2171.39
2171.38
2171.45
2171.32
2171.52
2171.59
2171.71
2171.64
2171.75
2171.75
2171.81
2171.75
2171.86
2171.9
2171.98
2171.97
2172.01
2172.02
2172.04
2172.05
2172.03
2172.02
2172.01
2172.01
2171.97
2171.94
2171.81
2171.63
13.6859
47.3178
217.972
739.955
1056.36
1177.3
1245.23
1304.96
1364.96
1425.36
1485.75
1545.72
1605.23
1663.97
1721.97
1778.85
1834.5
1888.32
1940.21
1989.49
2035.97
2079
2118.65
2154.48
2186.75
2215.14
2240.32
2262.1
2281.1
2297.15
2311.06
2322.7
2332.74
2340.86
2348.05
2353.92
2359.03
2362.92
2366.46
2369.19
2371.65
2373.25
2375.02
2376.31
2377.58
2378.18
2379.03
2379.49
2380.08
2380.06
2380.56
2380.77
2381.17
2381.01
2381.27
2381.26
2381.49
2381.15
2381.4
2381.44
2381.7
2381.42
2381.59
2381.51
2381.66
2381.27
2381.49
2381.54
2381.8
2381.53
2381.67
2381.6
2381.73
2381.37
2381.61
2381.71
2381.96
2381.73
2381.88
2381.83
2381.94
2381.66
2381.9
2382
2382.22
2382.04
2382.22
2382.2
2382.3
2382.11
2382.37
2382.49
2382.67
2382.54
2382.72
2382.71
2382.8
2382.67
2382.89
2382.98
2383.11
2383.04
2383.17
2383.18
2383.24
2383.18
2383.31
2383.37
2383.46
2383.45
2383.5
2383.51
2383.55
2383.56
2383.54
2383.54
2383.53
2383.55
2383.5
2383.47
2383.33
2383.14
24.4749
90.5958
287.996
812.269
1130.77
1264.86
1347.08
1419.48
1490.58
1560.9
1630.4
1698.89
1766.48
1832.93
1898.34
1962.33
2024.75
2084.99
2142.91
2197.75
2249.28
2296.81
2340.41
2379.65
2414.84
2445.67
2472.9
2496.38
2516.79
2533.99
2548.85
2561.26
2571.94
2580.55
2588.17
2594.37
2599.76
2603.85
2607.57
2610.42
2613
2614.65
2616.5
2617.82
2619.15
2619.75
2620.63
2621.09
2621.7
2621.65
2622.16
2622.38
2622.79
2622.6
2622.88
2622.86
2623.09
2622.72
2622.99
2623.02
2623.31
2623
2623.18
2623.1
2623.26
2622.84
2623.08
2623.13
2623.41
2623.12
2623.28
2623.2
2623.34
2622.96
2623.23
2623.34
2623.62
2623.36
2623.53
2623.48
2623.6
2623.31
2623.58
2623.7
2623.94
2623.74
2623.95
2623.93
2624.04
2623.85
2624.14
2624.27
2624.47
2624.34
2624.54
2624.54
2624.63
2624.5
2624.75
2624.85
2625
2624.93
2625.07
2625.09
2625.17
2625.11
2625.26
2625.32
2625.43
2625.42
2625.49
2625.51
2625.55
2625.57
2625.56
2625.56
2625.56
2625.58
2625.54
2625.51
2625.36
2625.15
46.7263
163.953
369.354
884.928
1214.5
1367.73
1467.13
1554.02
1637.67
1719.23
1799.08
1877.31
1954.16
2029.49
2103.45
2175.65
2245.95
2313.67
2378.64
2440.03
2497.56
2550.47
2598.85
2642.25
2681.03
2714.92
2744.77
2770.43
2792.69
2811.4
2827.54
2840.99
2852.55
2861.86
2870.08
2876.76
2882.56
2886.95
2890.93
2893.98
2896.73
2898.49
2900.45
2901.86
2903.27
2903.89
2904.82
2905.29
2905.93
2905.87
2906.41
2906.63
2907.06
2906.85
2907.14
2907.11
2907.35
2906.95
2907.24
2907.27
2907.58
2907.24
2907.43
2907.35
2907.52
2907.06
2907.32
2907.38
2907.69
2907.38
2907.55
2907.47
2907.63
2907.22
2907.51
2907.63
2907.94
2907.67
2907.86
2907.81
2907.94
2907.63
2907.93
2908.06
2908.32
2908.12
2908.35
2908.34
2908.47
2908.26
2908.58
2908.73
2908.95
2908.82
2909.04
2909.05
2909.16
2909.02
2909.29
2909.41
2909.58
2909.51
2909.67
2909.7
2909.79
2909.73
2909.9
2909.98
2910.09
2910.1
2910.18
2910.2
2910.25
2910.28
2910.27
2910.28
2910.29
2910.31
2910.27
2910.24
2910.08
2909.85
92.1934
279.391
468.731
966.809
1316.77
1495
1614.78
1718.42
1816.59
1911.23
2003.21
2092.9
2180.71
2266.58
2350.71
2432.73
2512.48
2589.22
2662.73
2732.09
2796.99
2856.57
2910.92
2959.59
3002.99
3040.84
3074.09
3102.66
3127.38
3148.15
3166.03
3180.93
3193.72
3204
3213.07
3220.44
3226.84
3231.67
3236.04
3239.39
3242.41
3244.33
3246.47
3248.01
3249.54
3250.22
3251.22
3251.74
3252.43
3252.36
3252.93
3253.16
3253.63
3253.4
3253.7
3253.67
3253.93
3253.49
3253.8
3253.84
3254.16
3253.81
3254.01
3253.91
3254.1
3253.61
3253.89
3253.96
3254.29
3253.95
3254.14
3254.06
3254.23
3253.8
3254.11
3254.25
3254.58
3254.3
3254.5
3254.46
3254.61
3254.27
3254.6
3254.75
3255.04
3254.83
3255.08
3255.07
3255.22
3255
3255.35
3255.52
3255.77
3255.64
3255.88
3255.9
3256.02
3255.88
3256.18
3256.31
3256.51
3256.44
3256.62
3256.66
3256.76
3256.71
3256.89
3256.98
3257.12
3257.13
3257.22
3257.26
3257.32
3257.35
3257.35
3257.36
3257.37
3257.41
3257.37
3257.34
3257.17
3256.9
182.89
454.875
601.138
1071.94
1452.11
1662
1806.3
1929.95
2045.58
2156.09
2262.9
2366.68
2468.03
2566.97
2663.77
2758.05
2849.65
2937.75
3022.07
3101.61
3175.96
3244.17
3306.34
3361.96
3411.49
3454.67
3492.55
3525.09
3553.21
3576.85
3597.17
3614.12
3628.64
3640.35
3650.63
3659.01
3666.25
3671.75
3676.7
3680.5
3683.91
3686.11
3688.51
3690.25
3691.97
3692.75
3693.87
3694.45
3695.22
3695.15
3695.78
3696.04
3696.56
3696.31
3696.64
3696.6
3696.89
3696.41
3696.73
3696.78
3697.14
3696.75
3696.96
3696.87
3697.07
3696.54
3696.83
3696.91
3697.28
3696.92
3697.12
3697.03
3697.22
3696.76
3697.09
3697.25
3697.62
3697.32
3697.54
3697.5
3697.66
3697.31
3697.65
3697.83
3698.15
3697.94
3698.21
3698.21
3698.38
3698.15
3698.53
3698.73
3699
3698.87
3699.14
3699.17
3699.31
3699.17
3699.49
3699.65
3699.86
3699.8
3700
3700.05
3700.17
3700.12
3700.32
3700.44
3700.59
3700.61
3700.72
3700.76
3700.84
3700.88
3700.88
3700.9
3700.92
3700.96
3700.92
3700.9
3700.71
3700.39
362.05
724.412
798.533
1225.69
1647.43
1897.99
2073.12
2222.06
2360
2491.01
2617.15
2739.39
2858.57
2974.78
3088.39
3198.99
3306.42
3409.75
3508.65
3601.98
3689.22
3769.3
3842.27
3907.59
3965.75
4016.49
4060.97
4099.2
4132.25
4160.06
4183.94
4203.89
4220.97
4234.79
4246.87
4256.75
4265.27
4271.78
4277.59
4282.1
4286.1
4288.73
4291.53
4293.59
4295.59
4296.55
4297.84
4298.54
4299.43
4299.4
4300.1
4300.42
4301
4300.75
4301.11
4301.08
4301.4
4300.88
4301.22
4301.28
4301.68
4301.26
4301.49
4301.38
4301.6
4301.03
4301.33
4301.43
4301.84
4301.45
4301.66
4301.58
4301.78
4301.28
4301.63
4301.81
4302.23
4301.92
4302.15
4302.12
4302.3
4301.92
4302.29
4302.5
4302.86
4302.64
4302.93
4302.95
4303.14
4302.9
4303.31
4303.54
4303.86
4303.73
4304.02
4304.07
4304.23
4304.08
4304.44
4304.62
4304.87
4304.82
4305.04
4305.11
4305.25
4305.2
4305.42
4305.56
4305.74
4305.77
4305.89
4305.95
4306.04
4306.1
4306.11
4306.13
4306.15
4306.2
4306.17
4306.14
4305.94
4305.55
726.333
1164.51
1133.99
1483.8
1962.3
2268.3
2485.54
2669.51
2838.83
2999.03
3152.88
3301.79
3446.82
3588.19
3726.34
3860.86
3991.55
4117.34
4237.82
4351.64
4458.14
4556.05
4645.35
4725.4
4796.74
4859.07
4913.74
4960.82
5001.5
5035.84
5065.3
5089.98
5111.09
5128.24
5143.19
5155.46
5166
5174.14
5181.34
5186.97
5191.93
5195.28
5198.73
5201.31
5203.77
5205.03
5206.61
5207.51
5208.6
5208.64
5209.46
5209.87
5210.56
5210.31
5210.72
5210.71
5211.08
5210.51
5210.88
5210.95
5211.41
5210.95
5211.19
5211.08
5211.33
5210.69
5211.01
5211.12
5211.59
5211.17
5211.4
5211.31
5211.54
5210.98
5211.36
5211.58
5212.05
5211.72
5211.98
5211.95
5212.16
5211.74
5212.15
5212.4
5212.82
5212.59
5212.92
5212.95
5213.17
5212.91
5213.37
5213.65
5214.02
5213.9
5214.22
5214.29
5214.48
5214.33
5214.73
5214.96
5215.25
5215.21
5215.46
5215.55
5215.72
5215.68
5215.93
5216.1
5216.31
5216.36
5216.5
5216.58
5216.69
5216.76
5216.78
5216.81
5216.85
5216.91
5216.88
5216.85
5216.63
5216.13
1538.47
1980.95
1802.93
2003.56
2564.17
2955.88
3239.79
3480.56
3701.7
3910.68
4111.26
4305.41
4494.5
4678.91
4859.17
5034.83
5205.62
5370.23
5528.07
5677.47
5817.51
5946.55
6064.45
6170.41
6264.98
6347.84
6420.57
6483.37
6537.68
6583.66
6623.11
6656.27
6684.62
6707.78
6727.87
6744.44
6758.65
6769.74
6779.45
6787.13
6793.83
6798.49
6803.11
6806.66
6809.96
6811.78
6813.87
6815.16
6816.61
6816.79
6817.84
6818.42
6819.31
6819.07
6819.57
6819.6
6820.06
6819.41
6819.83
6819.94
6820.49
6819.97
6820.24
6820.12
6820.41
6819.66
6820.01
6820.16
6820.72
6820.24
6820.5
6820.4
6820.68
6820.02
6820.45
6820.73
6821.3
6820.93
6821.23
6821.22
6821.47
6820.99
6821.45
6821.77
6822.29
6822.04
6822.43
6822.5
6822.76
6822.48
6823.02
6823.38
6823.84
6823.72
6824.11
6824.22
6824.46
6824.31
6824.77
6825.07
6825.44
6825.42
6825.72
6825.86
6826.07
6826.04
6826.34
6826.56
6826.83
6826.92
6827.09
6827.21
6827.34
6827.45
6827.48
6827.53
6827.58
6827.66
6827.64
6827.61
6827.36
6826.7
3768.61
3900.97
3484.16
3423.75
4142.93
4711.49
5138.74
5505.56
5844.09
6165.02
6473.73
6773.2
7065.33
7350.71
7629.99
7902.6
8167.98
8424.27
8670.38
8903.91
9123.24
9325.97
9511.56
9678.89
9828.51
9960.06
10075.6
10175.8
10262.4
10336.1
10399.3
10452.6
10498.1
10535.6
10567.9
10594.7
10617.6
10635.8
10651.4
10664
10674.9
10682.7
10690.1
10695.9
10701.2
10704.4
10707.7
10709.9
10712.2
10712.8
10714.4
10715.4
10716.7
10716.5
10717.2
10717.4
10718
10717.2
10717.7
10717.9
10718.7
10718
10718.4
10718.2
10718.6
10717.6
10718
10718.3
10719
10718.4
10718.8
10718.7
10719
10718.2
10718.7
10719.1
10719.9
10719.5
10719.9
10719.9
10720.3
10719.7
10720.3
10720.8
10721.5
10721.2
10721.7
10721.9
10722.3
10722
10722.7
10723.2
10723.9
10723.8
10724.3
10724.6
10724.9
10724.8
10725.4
10725.9
10726.4
10726.5
10726.9
10727.1
10727.4
10727.5
10727.9
10728.2
10728.6
10728.8
10729.1
10729.3
10729.5
10729.7
10729.7
10729.8
10729.9
10730.1
10730.1
10730.1
10729.7
10728.8
11657.9
10106.3
9469.99
10413.9
12333.7
13799.3
14931.1
15920.1
16841.2
17719.2
18567.2
19392.6
20199.9
20990.3
21765.1
22522.8
23261.3
23975.7
24662.4
25315
25928.5
26496.7
27017.4
27487.9
27908.9
28280.1
28606.3
28889.6
29134.9
29344
29523.2
29675
29804.4
29911.5
30003.4
30080.2
30145.4
30197.5
30242.2
30278.5
30309.3
30332.2
30353.3
30370.2
30385.1
30394.6
30404
30410.6
30417
30419.2
30423.5
30426.5
30430
30430
30431.8
30432.4
30433.9
30432.2
30433.4
30434.1
30435.9
30434.5
30435.1
30434.9
30435.8
30433.5
30434.4
30435.2
30437
30435.7
30436.3
30436.2
30437.1
30435.2
30436.4
30437.6
30439.6
30438.7
30439.6
30439.9
30440.8
30439.5
30440.9
30442.3
30444.2
30443.8
30445.1
30445.7
30446.6
30446.1
30447.8
30449.5
30451.2
30451.2
30452.5
30453.3
30454.3
30454.1
30455.7
30457.1
30458.5
30458.8
30460
30460.8
30461.6
30461.9
30463
30464.1
30465.1
30465.8
30466.5
30467.2
30467.8
30468.5
30468.7
30469.1
30469.5
30470
30470
30470.2
30469.3
30467.3
)
;

boundaryField
{
    lowerWall
    {
        type            epsilonWallFunction;
        value           nonuniform List<scalar> 
122
(
11589.5
10055.5
9415.8
10324.3
12249.7
13728.7
14869.3
15866.6
16796
17682.9
18540.8
19376.5
20193.1
20992.2
21775.7
22541.7
23286.7
24005.8
24697.7
25354.7
25970.1
26538.3
27058.9
27529
27947.9
28315.3
28640.6
28923.7
29167
29373.4
29551.2
29702.6
29829.8
29933.2
30025.6
30104.1
30168.3
30218.3
30262.5
30299.5
30328.8
30348.1
30370.7
30390.4
30404.9
30412.1
30421.6
30429.6
30434.2
30432.4
30438.8
30445.2
30448.3
30445.7
30447.9
30450
30449.9
30444
30447.8
30452.2
30453.4
30449
30450.1
30451.3
30450.7
30445
30449.1
30453.3
30454.3
30449.7
30450.8
30452
30451.6
30446.9
30451.6
30456.1
30457.2
30453.7
30455.4
30456.7
30456.3
30452.7
30457.2
30461.3
30462.3
30459.6
30462.1
30463.5
30463.4
30460.9
30465.3
30468.9
30469.7
30467.9
30470.1
30471.6
30471.8
30470.3
30474
30476.8
30477.6
30476.7
30478.4
30479.9
30480.4
30479.8
30482.1
30484.1
30485
30485.1
30486
30486.9
30487.6
30488.1
30488.2
30488.6
30489.3
30490
30489.6
30489.2
30489.6
30487.5
)
;
    }
    upperWall
    {
        type            epsilonWallFunction;
        value           nonuniform List<scalar> 
122
(
11657.9
10106.3
9469.99
10413.9
12333.7
13799.3
14931.1
15920.1
16841.2
17719.2
18567.2
19392.6
20199.9
20990.3
21765.1
22522.8
23261.3
23975.7
24662.4
25315
25928.5
26496.7
27017.4
27487.9
27908.9
28280.1
28606.3
28889.6
29134.9
29344
29523.2
29675
29804.4
29911.5
30003.4
30080.2
30145.4
30197.5
30242.2
30278.5
30309.3
30332.2
30353.3
30370.2
30385.1
30394.6
30404
30410.6
30417
30419.2
30423.5
30426.5
30430
30430
30431.8
30432.4
30433.9
30432.2
30433.4
30434.1
30435.9
30434.5
30435.1
30434.9
30435.8
30433.5
30434.4
30435.2
30437
30435.7
30436.3
30436.2
30437.1
30435.2
30436.4
30437.6
30439.6
30438.7
30439.6
30439.9
30440.8
30439.5
30440.9
30442.3
30444.2
30443.8
30445.1
30445.7
30446.6
30446.1
30447.8
30449.5
30451.2
30451.2
30452.5
30453.3
30454.3
30454.1
30455.7
30457.1
30458.5
30458.8
30460
30460.8
30461.6
30461.9
30463
30464.1
30465.1
30465.8
30466.5
30467.2
30467.8
30468.5
30468.7
30469.1
30469.5
30470
30470
30470.2
30469.3
30467.3
)
;
    }
    inlet
    {
        type            turbulentMixingLengthDissipationRateInlet;
        mixingLength    0.07;
        phi             phi;
        k               k;
        value           uniform 2.0504;
    }
    outlet
    {
        type            zeroGradient;
    }
    frontAndBack
    {
        type            empty;
    }
}


// ************************************************************************* //
