/*--------------------------------*- C++ -*----------------------------------*\
  =========                 |
  \\      /  F ield         | OpenFOAM: The Open Source CFD Toolbox
   \\    /   O peration     | Website:  https://openfoam.org
    \\  /    A nd           | Version:  8
     \\/     M anipulation  |
\*---------------------------------------------------------------------------*/
FoamFile
{
    version     2.0;
    format      ascii;
    class       volScalarField;
    location    "150";
    object      nut;
}
// * * * * * * * * * * * * * * * * * * * * * * * * * * * * * * * * * * * * * //

dimensions      [0 2 -1 0 0 0 0];

internalField   nonuniform List<scalar> 
7320
(
0.000286191
0.000273097
0.000266495
0.000271419
0.000285808
0.000296605
0.000304429
0.000310944
0.000316789
0.000322185
0.000327249
0.000332045
0.00033661
0.000340968
0.000345144
0.000349143
0.00035296
0.000356583
0.00036002
0.000363247
0.000366242
0.00036899
0.000371495
0.00037375
0.000375756
0.000377515
0.000379069
0.000380422
0.000381587
0.000382577
0.00038343
0.000384158
0.000384772
0.000385276
0.000385721
0.000386101
0.000386415
0.000386663
0.00038688
0.000387063
0.00038721
0.000387312
0.000387422
0.000387519
0.000387592
0.000387633
0.000387681
0.000387722
0.000387748
0.000387747
0.000387776
0.000387805
0.000387822
0.000387814
0.000387825
0.000387835
0.000387836
0.000387814
0.000387828
0.000387847
0.000387852
0.000387836
0.00038784
0.000387844
0.000387843
0.00038782
0.000387835
0.000387852
0.000387856
0.000387838
0.000387842
0.000387846
0.000387845
0.000387826
0.000387843
0.000387861
0.000387866
0.000387852
0.000387858
0.000387863
0.000387861
0.000387846
0.000387863
0.000387879
0.000387883
0.000387873
0.000387882
0.000387887
0.000387887
0.000387876
0.000387893
0.000387907
0.00038791
0.000387903
0.000387911
0.000387917
0.000387918
0.000387911
0.000387925
0.000387936
0.00038794
0.000387936
0.000387942
0.000387948
0.000387949
0.000387947
0.000387955
0.000387963
0.000387966
0.000387966
0.00038797
0.000387973
0.000387976
0.000387977
0.000387977
0.000387979
0.000387981
0.000387983
0.000387982
0.00038798
0.000387982
0.000387972
0.000562333
0.000738116
0.000808361
0.00141295
0.00200734
0.00230968
0.00248398
0.00260661
0.00270462
0.00278804
0.00286186
0.00292842
0.00298939
0.00304577
0.00309859
0.00314809
0.00319461
0.00323821
0.00327951
0.00331796
0.00335352
0.00338598
0.00341574
0.00344241
0.00346614
0.00348685
0.00350555
0.00352169
0.00353555
0.00354723
0.00355754
0.0035662
0.00357351
0.00357932
0.00358499
0.00358965
0.00359344
0.00359624
0.00359901
0.00360119
0.0036029
0.00360385
0.00360555
0.00360683
0.00360774
0.00360798
0.00360873
0.0036092
0.00360942
0.00360906
0.00360981
0.0036103
0.0036105
0.00361011
0.00361041
0.00361051
0.00361043
0.00360979
0.00361038
0.00361075
0.0036108
0.00361028
0.0036105
0.00361052
0.00361041
0.00360978
0.00361037
0.0036107
0.00361071
0.00361016
0.00361037
0.00361037
0.00361025
0.00360971
0.00361032
0.00361065
0.00361066
0.00361018
0.00361042
0.0036104
0.00361026
0.0036098
0.00361037
0.00361064
0.00361062
0.00361023
0.00361052
0.0036105
0.00361037
0.00361002
0.00361054
0.00361075
0.00361071
0.00361041
0.00361066
0.00361066
0.00361056
0.00361031
0.00361072
0.00361086
0.00361083
0.00361061
0.00361078
0.00361078
0.00361073
0.00361057
0.00361079
0.00361087
0.00361086
0.00361075
0.0036108
0.00361079
0.00361078
0.00361072
0.00361066
0.00361064
0.00361065
0.00361063
0.00361055
0.00361044
0.00361065
0.00361017
0.000760413
0.00115051
0.00147509
0.00347701
0.00508185
0.0058578
0.00630256
0.00661405
0.00686183
0.0070721
0.00725784
0.00742525
0.00757862
0.00772056
0.00785361
0.00797851
0.00809616
0.00820677
0.0083118
0.00841004
0.00850134
0.00858519
0.00866236
0.00873195
0.00879418
0.00884884
0.0088982
0.00894105
0.00897806
0.00900943
0.00903708
0.00906046
0.00908027
0.00909623
0.00911146
0.00912407
0.00913444
0.00914228
0.00914982
0.00915584
0.00916062
0.00916352
0.00916797
0.00917143
0.00917394
0.00917488
0.00917685
0.00917816
0.00917887
0.00917824
0.00918002
0.00918125
0.00918181
0.00918102
0.00918174
0.00918201
0.00918186
0.00918044
0.00918175
0.0091826
0.00918276
0.0091816
0.00918209
0.00918214
0.00918189
0.00918047
0.00918176
0.00918251
0.00918256
0.00918132
0.00918176
0.00918177
0.0091815
0.00918027
0.00918162
0.00918236
0.00918239
0.00918134
0.00918184
0.00918181
0.00918149
0.00918045
0.0091817
0.00918231
0.00918229
0.00918141
0.00918203
0.00918201
0.00918173
0.00918093
0.00918206
0.00918254
0.00918248
0.00918181
0.00918234
0.00918235
0.00918215
0.00918156
0.00918248
0.00918279
0.00918274
0.00918226
0.00918262
0.00918264
0.00918252
0.00918215
0.00918264
0.00918281
0.0091828
0.00918256
0.00918266
0.00918264
0.00918261
0.00918248
0.00918235
0.00918228
0.00918231
0.00918226
0.00918207
0.00918182
0.00918229
0.00918112
0.000941463
0.00154324
0.00231686
0.00614726
0.00893711
0.0102957
0.011081
0.0116302
0.0120655
0.0124341
0.0127593
0.0130523
0.0133209
0.0135697
0.0138032
0.0140227
0.01423
0.0144256
0.0146118
0.0147868
0.0149503
0.0151014
0.015241
0.0153677
0.0154816
0.0155823
0.0156731
0.0157525
0.0158214
0.0158801
0.0159318
0.0159758
0.0160132
0.0160437
0.0160721
0.016096
0.0161157
0.016131
0.0161453
0.0161568
0.0161661
0.0161722
0.0161803
0.0161868
0.0161916
0.0161939
0.0161975
0.0162001
0.0162016
0.016201
0.0162039
0.0162061
0.0162072
0.0162062
0.0162073
0.0162078
0.0162077
0.0162056
0.0162075
0.0162089
0.0162092
0.0162075
0.0162082
0.0162083
0.0162079
0.0162057
0.0162076
0.0162088
0.0162089
0.016207
0.0162076
0.0162076
0.0162072
0.0162053
0.0162073
0.0162084
0.0162086
0.016207
0.0162076
0.0162076
0.0162071
0.0162055
0.0162073
0.0162083
0.0162083
0.016207
0.0162079
0.0162079
0.0162075
0.0162062
0.0162079
0.0162086
0.0162086
0.0162076
0.0162083
0.0162084
0.0162081
0.0162072
0.0162085
0.016209
0.016209
0.0162082
0.0162087
0.0162088
0.0162086
0.016208
0.0162088
0.016209
0.016209
0.0162087
0.0162088
0.0162088
0.0162087
0.0162085
0.0162083
0.0162082
0.0162082
0.0162081
0.0162078
0.0162074
0.0162082
0.0162061
0.00110912
0.00188602
0.00329335
0.00918182
0.0133314
0.0154092
0.0166229
0.0174692
0.0181361
0.0186987
0.0191936
0.019639
0.020047
0.0204251
0.0207797
0.0211137
0.0214296
0.0217284
0.0220135
0.0222828
0.0225355
0.0227702
0.022988
0.0231866
0.0233661
0.0235255
0.0236695
0.0237959
0.0239061
0.0240006
0.0240836
0.0241546
0.0242152
0.0242651
0.0243109
0.0243495
0.0243818
0.0244072
0.0244303
0.0244493
0.0244648
0.0244755
0.0244882
0.0244987
0.0245068
0.0245111
0.0245168
0.0245211
0.0245239
0.0245236
0.0245278
0.0245311
0.024533
0.0245319
0.0245336
0.0245344
0.0245344
0.0245316
0.0245341
0.024536
0.0245366
0.0245344
0.0245352
0.0245353
0.0245349
0.024532
0.0245343
0.0245359
0.0245361
0.0245337
0.0245343
0.0245343
0.0245339
0.0245313
0.0245337
0.0245353
0.0245355
0.0245335
0.0245342
0.0245342
0.0245336
0.0245315
0.0245337
0.024535
0.0245351
0.0245334
0.0245344
0.0245344
0.0245339
0.0245322
0.0245343
0.0245353
0.0245353
0.024534
0.0245349
0.024535
0.0245347
0.0245334
0.0245351
0.0245358
0.0245358
0.0245348
0.0245354
0.0245355
0.0245353
0.0245345
0.0245354
0.0245358
0.0245358
0.0245353
0.0245354
0.0245354
0.0245353
0.024535
0.0245347
0.0245346
0.0245346
0.0245344
0.0245341
0.0245334
0.0245345
0.0245314
0.00129872
0.00216136
0.00434095
0.0124155
0.0181369
0.0211074
0.022862
0.0240806
0.0250341
0.0258338
0.0265345
0.0271636
0.0277389
0.0282715
0.0287708
0.0292413
0.0296869
0.0301092
0.0305128
0.0308954
0.0312559
0.0315923
0.0319053
0.0321923
0.0324526
0.0326851
0.032895
0.0330803
0.0332424
0.0333821
0.0335047
0.03361
0.0337002
0.0337751
0.0338429
0.0339005
0.0339489
0.0339876
0.0340222
0.0340508
0.0340744
0.0340912
0.0341098
0.0341254
0.0341378
0.034145
0.0341534
0.03416
0.0341645
0.034165
0.0341705
0.0341752
0.0341782
0.0341773
0.0341794
0.0341807
0.0341809
0.0341777
0.0341805
0.034183
0.0341839
0.0341814
0.0341822
0.0341824
0.034182
0.0341784
0.0341809
0.0341829
0.0341834
0.0341805
0.034181
0.034181
0.0341805
0.0341774
0.03418
0.0341819
0.0341824
0.0341799
0.0341807
0.0341807
0.03418
0.0341773
0.0341797
0.0341814
0.0341817
0.0341796
0.0341807
0.0341807
0.0341802
0.0341781
0.0341803
0.0341817
0.0341818
0.0341802
0.0341812
0.0341813
0.0341809
0.0341794
0.0341813
0.0341822
0.0341822
0.0341811
0.0341817
0.0341818
0.0341816
0.0341806
0.0341816
0.034182
0.0341821
0.0341815
0.0341816
0.0341815
0.0341814
0.0341811
0.0341807
0.0341804
0.0341804
0.0341802
0.0341798
0.0341788
0.0341803
0.0341759
0.00158869
0.00236489
0.00538275
0.0157138
0.0232522
0.0273268
0.0297636
0.0314495
0.0327578
0.0338476
0.0347974
0.0356471
0.0364224
0.037139
0.0378099
0.0384419
0.0390408
0.0396094
0.0401532
0.0406701
0.0411589
0.0416167
0.0420441
0.0424374
0.0427956
0.0431169
0.0434073
0.0436646
0.0438906
0.0440862
0.0442577
0.0444057
0.0445329
0.0446393
0.0447344
0.0448159
0.0448847
0.0449402
0.0449892
0.0450302
0.0450641
0.0450891
0.0451149
0.045137
0.0451548
0.045166
0.0451777
0.0451872
0.0451941
0.045196
0.0452029
0.0452092
0.0452136
0.0452133
0.0452159
0.0452177
0.0452184
0.0452149
0.0452178
0.0452208
0.0452223
0.0452196
0.0452203
0.0452206
0.0452202
0.0452161
0.0452185
0.0452209
0.0452217
0.0452184
0.0452187
0.0452187
0.0452182
0.0452146
0.0452171
0.0452195
0.0452202
0.0452175
0.0452181
0.045218
0.0452173
0.0452142
0.0452166
0.0452185
0.045219
0.0452168
0.0452178
0.0452179
0.0452173
0.0452148
0.045217
0.0452186
0.045219
0.0452172
0.0452181
0.0452183
0.045218
0.0452162
0.045218
0.0452191
0.0452193
0.0452181
0.0452187
0.0452188
0.0452185
0.0452174
0.0452183
0.0452189
0.045219
0.0452183
0.0452184
0.0452182
0.0452181
0.0452177
0.0452172
0.0452168
0.0452167
0.0452163
0.045216
0.0452147
0.0452165
0.0452106
0.00212797
0.00251645
0.00633765
0.018949
0.0285726
0.0340005
0.0372938
0.0395658
0.041314
0.042759
0.0440104
0.045125
0.0461388
0.0470735
0.047947
0.0487693
0.0495484
0.0502885
0.0509967
0.0516714
0.0523111
0.0529121
0.0534745
0.053994
0.0544689
0.0548966
0.0552834
0.0556276
0.0559308
0.0561945
0.0564256
0.0566259
0.0567984
0.0569437
0.0570725
0.0571833
0.0572773
0.0573541
0.057421
0.0574773
0.0575242
0.0575598
0.0575944
0.0576246
0.0576492
0.0576657
0.0576816
0.0576948
0.0577048
0.0577086
0.0577172
0.0577255
0.0577317
0.0577324
0.0577355
0.057738
0.0577393
0.0577357
0.0577385
0.0577422
0.0577443
0.0577416
0.0577421
0.0577424
0.0577422
0.0577377
0.0577397
0.0577424
0.0577437
0.0577402
0.0577402
0.0577401
0.0577396
0.0577356
0.0577378
0.0577405
0.0577416
0.0577387
0.057739
0.0577389
0.0577383
0.0577348
0.0577368
0.0577391
0.0577399
0.0577375
0.0577383
0.0577384
0.0577379
0.0577351
0.0577371
0.0577389
0.0577396
0.0577377
0.0577384
0.0577387
0.0577384
0.0577364
0.057738
0.0577394
0.0577398
0.0577384
0.0577388
0.057739
0.0577388
0.0577375
0.0577383
0.0577389
0.0577391
0.0577384
0.0577383
0.0577381
0.0577379
0.0577374
0.0577368
0.0577363
0.0577361
0.0577356
0.0577353
0.0577336
0.0577358
0.057728
0.00314909
0.00268253
0.00712822
0.0219871
0.0339743
0.0410421
0.045404
0.04841
0.0507044
0.0525849
0.0542021
0.0556349
0.0569326
0.0581257
0.0592378
0.0602833
0.061273
0.0622133
0.0631129
0.0639712
0.0647865
0.0655545
0.0662747
0.0669422
0.0675543
0.0681077
0.0686085
0.069056
0.0694516
0.0697969
0.0700998
0.070363
0.0705906
0.0707833
0.0709529
0.0710996
0.0712246
0.0713276
0.0714165
0.0714918
0.0715549
0.0716038
0.0716492
0.0716893
0.0717225
0.0717458
0.0717669
0.0717847
0.0717986
0.0718053
0.0718157
0.0718264
0.0718349
0.071837
0.0718409
0.0718442
0.0718463
0.0718429
0.0718455
0.0718498
0.0718527
0.0718502
0.0718504
0.0718508
0.0718508
0.071846
0.0718474
0.0718504
0.0718521
0.0718487
0.0718481
0.071848
0.0718476
0.0718433
0.0718449
0.0718478
0.0718494
0.0718466
0.0718463
0.0718463
0.0718457
0.0718419
0.0718434
0.0718458
0.0718471
0.0718447
0.071845
0.0718453
0.0718448
0.0718419
0.0718433
0.0718454
0.0718463
0.0718445
0.0718449
0.0718452
0.071845
0.0718429
0.0718441
0.0718456
0.0718463
0.071845
0.0718451
0.0718453
0.0718451
0.0718438
0.0718443
0.071845
0.0718452
0.0718445
0.0718442
0.071844
0.0718438
0.0718432
0.0718425
0.0718418
0.0718415
0.0718409
0.0718406
0.0718385
0.0718411
0.0718311
0.00492062
0.00301304
0.00769072
0.02468
0.0393054
0.0483337
0.0540181
0.0579414
0.0609145
0.0633306
0.0653924
0.0672079
0.0688445
0.0703436
0.0717364
0.0730432
0.0742785
0.0754513
0.0765724
0.077643
0.0786611
0.0796222
0.0805248
0.0813639
0.0821355
0.0828356
0.0834701
0.0840389
0.0845435
0.0849856
0.0853738
0.0857124
0.0860059
0.0862559
0.0864746
0.0866646
0.0868272
0.0869622
0.087078
0.0871766
0.0872596
0.087325
0.0873837
0.087436
0.0874798
0.0875117
0.0875392
0.0875629
0.0875818
0.0875922
0.0876048
0.0876184
0.0876297
0.0876339
0.0876386
0.0876431
0.0876462
0.0876434
0.0876454
0.0876503
0.0876543
0.0876524
0.0876522
0.0876527
0.0876529
0.0876481
0.0876485
0.0876517
0.087654
0.0876508
0.0876495
0.0876493
0.0876491
0.0876446
0.0876452
0.0876483
0.0876505
0.0876479
0.087647
0.0876469
0.0876465
0.0876425
0.0876431
0.0876457
0.0876475
0.0876453
0.087645
0.0876453
0.0876451
0.0876419
0.0876426
0.0876448
0.0876462
0.0876445
0.0876444
0.0876449
0.0876448
0.0876426
0.0876433
0.0876449
0.0876459
0.0876446
0.0876445
0.0876447
0.0876446
0.0876432
0.0876433
0.087644
0.0876444
0.0876436
0.0876432
0.0876429
0.0876426
0.0876419
0.0876411
0.0876402
0.0876398
0.087639
0.0876388
0.0876362
0.0876392
0.0876267
0.00763437
0.00377841
0.00799024
0.0268608
0.0443768
0.055715
0.0630202
0.0680855
0.0719029
0.0749797
0.0775839
0.0798616
0.0819035
0.0837655
0.0854891
0.0871017
0.0886229
0.0900653
0.0914421
0.0927567
0.0940078
0.0951903
0.0963023
0.0973385
0.0982939
0.0991637
0.0999528
0.100663
0.101295
0.101851
0.102339
0.102767
0.103139
0.103457
0.103735
0.103976
0.104184
0.104358
0.104507
0.104634
0.104741
0.104827
0.104901
0.104969
0.105025
0.105068
0.105104
0.105135
0.10516
0.105175
0.10519
0.105207
0.105222
0.105229
0.105235
0.105241
0.105246
0.105244
0.105245
0.105251
0.105256
0.105255
0.105254
0.105255
0.105255
0.105251
0.10525
0.105253
0.105256
0.105253
0.105251
0.105251
0.105251
0.105246
0.105246
0.105249
0.105252
0.105249
0.105248
0.105248
0.105247
0.105243
0.105243
0.105245
0.105248
0.105246
0.105245
0.105245
0.105245
0.105242
0.105242
0.105244
0.105246
0.105244
0.105244
0.105244
0.105245
0.105242
0.105242
0.105244
0.105245
0.105244
0.105244
0.105244
0.105244
0.105242
0.105242
0.105243
0.105243
0.105243
0.105242
0.105242
0.105241
0.10524
0.105239
0.105238
0.105238
0.105237
0.105237
0.105234
0.105237
0.105222
0.0112966
0.00534058
0.00804191
0.0283459
0.0489537
0.0629716
0.072241
0.0787206
0.0835882
0.0874822
0.0907512
0.0935897
0.0961185
0.098413
0.100527
0.102499
0.104353
0.106108
0.107779
0.109374
0.110891
0.112327
0.113678
0.114939
0.116104
0.117168
0.118135
0.119008
0.119787
0.120475
0.121081
0.121613
0.122078
0.122477
0.122824
0.123128
0.12339
0.12361
0.123798
0.123959
0.124096
0.124207
0.124301
0.124387
0.124459
0.124515
0.124561
0.124601
0.124634
0.124655
0.124674
0.124695
0.124714
0.124725
0.124732
0.12474
0.124746
0.124746
0.124747
0.124753
0.124759
0.124759
0.124758
0.124759
0.12476
0.124756
0.124753
0.124757
0.12476
0.124759
0.124755
0.124755
0.124755
0.124751
0.124749
0.124752
0.124755
0.124754
0.124751
0.124751
0.124751
0.124747
0.124745
0.124748
0.124751
0.124749
0.124747
0.124748
0.124748
0.124745
0.124743
0.124746
0.124748
0.124747
0.124746
0.124746
0.124747
0.124745
0.124743
0.124745
0.124747
0.124746
0.124745
0.124745
0.124746
0.124744
0.124743
0.124744
0.124745
0.124744
0.124743
0.124743
0.124742
0.124741
0.12474
0.124739
0.124738
0.124737
0.124737
0.124733
0.124737
0.124718
0.0156863
0.00799455
0.00794012
0.0289459
0.0527482
0.069823
0.0814422
0.0896606
0.0958324
0.10074
0.104828
0.108351
0.111468
0.11428
0.116859
0.119253
0.121497
0.123615
0.125626
0.127542
0.129364
0.131087
0.132709
0.134225
0.135629
0.136914
0.138083
0.139142
0.140091
0.140931
0.141673
0.142327
0.142899
0.143394
0.143823
0.1442
0.144526
0.144803
0.145038
0.14524
0.145413
0.145554
0.145673
0.14578
0.145872
0.145945
0.146003
0.146053
0.146096
0.146126
0.146149
0.146175
0.146199
0.146215
0.146224
0.146234
0.146243
0.146244
0.146244
0.146251
0.146259
0.146261
0.146259
0.14626
0.146262
0.146258
0.146254
0.146257
0.146262
0.146261
0.146257
0.146256
0.146257
0.146253
0.146248
0.146251
0.146256
0.146255
0.146252
0.146251
0.146252
0.146248
0.146244
0.146246
0.14625
0.14625
0.146247
0.146247
0.146248
0.146245
0.146242
0.146244
0.146247
0.146246
0.146244
0.146245
0.146246
0.146244
0.146241
0.146243
0.146246
0.146245
0.146244
0.146244
0.146244
0.146243
0.146241
0.146242
0.146243
0.146242
0.146241
0.14624
0.14624
0.146239
0.146238
0.146236
0.146235
0.146234
0.146234
0.14623
0.146234
0.146212
0.0203937
0.0117747
0.0079034
0.028492
0.0554145
0.0759093
0.090299
0.100635
0.10842
0.114586
0.119687
0.124051
0.127885
0.131322
0.134456
0.137351
0.140054
0.142595
0.145001
0.147287
0.149457
0.151507
0.153437
0.155241
0.156915
0.15845
0.159848
0.161118
0.162259
0.163275
0.164173
0.164967
0.165665
0.166271
0.166797
0.16726
0.167662
0.168006
0.168297
0.168549
0.168764
0.168943
0.169091
0.169224
0.16934
0.169433
0.169506
0.169571
0.169625
0.169665
0.169694
0.169726
0.169757
0.169778
0.16979
0.169803
0.169814
0.169819
0.169818
0.169825
0.169835
0.169839
0.169837
0.169839
0.169841
0.169839
0.169832
0.169835
0.16984
0.169841
0.169836
0.169835
0.169836
0.169833
0.169826
0.169828
0.169833
0.169834
0.16983
0.169829
0.16983
0.169827
0.169821
0.169823
0.169827
0.169827
0.169824
0.169824
0.169825
0.169823
0.169818
0.169819
0.169823
0.169823
0.169821
0.169821
0.169822
0.169821
0.169817
0.169819
0.169821
0.169822
0.169819
0.16982
0.16982
0.169819
0.169817
0.169817
0.169818
0.169818
0.169816
0.169816
0.169815
0.169814
0.169813
0.169811
0.16981
0.169808
0.169809
0.169804
0.169808
0.169782
0.024924
0.0163927
0.00833818
0.0268853
0.0565526
0.0807772
0.0983809
0.111264
0.121034
0.128761
0.135119
0.140523
0.145236
0.149434
0.153238
0.156733
0.15998
0.16302
0.165885
0.168599
0.171169
0.173595
0.175873
0.178004
0.179982
0.181798
0.183456
0.184964
0.186323
0.187537
0.188614
0.18957
0.190412
0.191148
0.191787
0.19235
0.192842
0.193265
0.193624
0.193935
0.194202
0.194425
0.19461
0.194775
0.194918
0.195036
0.195129
0.19521
0.195279
0.195332
0.195369
0.195408
0.195446
0.195475
0.195491
0.195507
0.195522
0.19553
0.195529
0.195537
0.195549
0.195556
0.195554
0.195556
0.195559
0.195558
0.19555
0.195551
0.195558
0.19556
0.195554
0.195553
0.195554
0.195551
0.195543
0.195544
0.19555
0.195552
0.195547
0.195546
0.195547
0.195545
0.195537
0.195538
0.195543
0.195544
0.19554
0.19554
0.195542
0.195539
0.195533
0.195534
0.195538
0.195539
0.195536
0.195536
0.195538
0.195537
0.195532
0.195533
0.195536
0.195537
0.195534
0.195534
0.195535
0.195534
0.195531
0.195531
0.195532
0.195532
0.195531
0.19553
0.195529
0.195528
0.195527
0.195525
0.195524
0.195521
0.195522
0.195516
0.195521
0.195491
0.0288357
0.0213247
0.0098773
0.0241711
0.0557347
0.0838689
0.105131
0.121035
0.133222
0.14288
0.150801
0.157495
0.163294
0.168427
0.173048
0.177268
0.181167
0.1848
0.188208
0.191423
0.194457
0.197313
0.199991
0.202493
0.204814
0.206949
0.208897
0.210673
0.212278
0.213717
0.214997
0.216137
0.217145
0.218031
0.218801
0.219482
0.22008
0.220596
0.221035
0.221417
0.221746
0.222024
0.222253
0.222456
0.222634
0.222782
0.222899
0.223001
0.223088
0.223156
0.223203
0.223252
0.223299
0.223336
0.223358
0.223379
0.223398
0.223411
0.22341
0.223419
0.223433
0.223443
0.223442
0.223444
0.223448
0.223449
0.223439
0.22344
0.223447
0.223451
0.223444
0.223443
0.223444
0.223443
0.223432
0.223432
0.223439
0.223442
0.223436
0.223435
0.223437
0.223435
0.223425
0.223425
0.223431
0.223433
0.223428
0.223428
0.22343
0.223429
0.22342
0.223421
0.223425
0.223427
0.223423
0.223424
0.223426
0.223425
0.223419
0.22342
0.223423
0.223425
0.223422
0.223422
0.223423
0.223422
0.223418
0.223418
0.223419
0.22342
0.223418
0.223417
0.223416
0.223415
0.223414
0.223411
0.22341
0.223407
0.223408
0.223402
0.223406
0.223372
0.0318581
0.0259711
0.0131905
0.020638
0.0525732
0.0845207
0.109845
0.129269
0.144364
0.156392
0.166251
0.174552
0.181704
0.187993
0.19362
0.198727
0.203417
0.207763
0.21182
0.215628
0.219207
0.222565
0.225705
0.228633
0.231344
0.233838
0.236114
0.238191
0.240072
0.241764
0.243274
0.244624
0.245823
0.24688
0.247804
0.248623
0.249343
0.24997
0.250506
0.250972
0.251376
0.251719
0.252002
0.252253
0.252472
0.252657
0.252804
0.252931
0.253041
0.253129
0.25319
0.25325
0.253308
0.253356
0.253385
0.253412
0.253437
0.253454
0.253455
0.253466
0.253482
0.253495
0.253495
0.253498
0.253504
0.253506
0.253495
0.253495
0.253502
0.253508
0.253502
0.2535
0.253502
0.253501
0.253489
0.253488
0.253494
0.253499
0.253493
0.253492
0.253494
0.253492
0.253481
0.25348
0.253485
0.253489
0.253484
0.253484
0.253486
0.253485
0.253475
0.253475
0.25348
0.253483
0.253478
0.253479
0.253481
0.253481
0.253473
0.253474
0.253477
0.25348
0.253476
0.253476
0.253477
0.253477
0.253473
0.253472
0.253473
0.253474
0.253472
0.253471
0.25347
0.253469
0.253468
0.253466
0.253464
0.253461
0.253462
0.253455
0.253459
0.253421
0.0339379
0.0298335
0.0183327
0.0169337
0.0468653
0.0819962
0.111657
0.135096
0.153631
0.168536
0.180786
0.191086
0.199927
0.207658
0.214535
0.220738
0.226401
0.231618
0.236461
0.240982
0.245211
0.249164
0.252845
0.256266
0.259428
0.262331
0.26498
0.267397
0.269589
0.271566
0.273336
0.274923
0.276339
0.277595
0.278697
0.279676
0.280541
0.281298
0.28195
0.282518
0.283011
0.283434
0.283784
0.284093
0.284363
0.284593
0.284778
0.284937
0.285074
0.285186
0.285266
0.285341
0.285413
0.285473
0.285512
0.285546
0.285578
0.285602
0.285607
0.285619
0.285638
0.285655
0.285657
0.285662
0.285669
0.285673
0.285661
0.28566
0.285668
0.285675
0.285669
0.285667
0.285669
0.28567
0.285656
0.285653
0.28566
0.285666
0.28566
0.285659
0.285661
0.28566
0.285647
0.285645
0.28565
0.285655
0.28565
0.28565
0.285652
0.285652
0.285641
0.28564
0.285644
0.285648
0.285644
0.285644
0.285646
0.285647
0.285639
0.285638
0.285642
0.285645
0.285642
0.285642
0.285643
0.285643
0.285638
0.285637
0.285638
0.285639
0.285637
0.285636
0.285636
0.285635
0.285633
0.285631
0.285629
0.285625
0.285626
0.285619
0.285623
0.285581
0.0352043
0.0326512
0.0242298
0.0141732
0.0388515
0.0755983
0.109542
0.137425
0.159947
0.178289
0.193459
0.206232
0.21718
0.226718
0.235158
0.24273
0.249603
0.255898
0.261707
0.2671
0.272119
0.276787
0.281116
0.285122
0.28881
0.292189
0.295266
0.29807
0.300615
0.302914
0.30498
0.306838
0.308504
0.309988
0.311298
0.312465
0.313502
0.314414
0.315204
0.315894
0.316497
0.317016
0.31745
0.31783
0.318163
0.318449
0.318681
0.318881
0.319052
0.319195
0.319299
0.319393
0.319482
0.319558
0.319609
0.319654
0.319695
0.319727
0.319737
0.319752
0.319774
0.319795
0.319801
0.319807
0.319816
0.319823
0.319811
0.319809
0.319817
0.319826
0.319821
0.319819
0.319821
0.319822
0.319808
0.319804
0.319809
0.319817
0.319812
0.31981
0.319812
0.319813
0.319799
0.319795
0.3198
0.319806
0.319801
0.3198
0.319803
0.319804
0.319792
0.319789
0.319794
0.319799
0.319794
0.319794
0.319797
0.319798
0.31979
0.319788
0.319792
0.319795
0.319792
0.319792
0.319793
0.319794
0.319789
0.319787
0.319789
0.31979
0.319788
0.319787
0.319786
0.319785
0.319784
0.319782
0.319779
0.319776
0.319777
0.31977
0.319773
0.319726
0.0358805
0.0344392
0.0293377
0.0139388
0.0295865
0.0649533
0.102401
0.134941
0.161955
0.184318
0.202997
0.2188
0.232361
0.244161
0.254563
0.263855
0.272245
0.27989
0.286906
0.293383
0.299378
0.304926
0.310046
0.314759
0.319079
0.323021
0.326601
0.329854
0.332805
0.335476
0.337881
0.340051
0.342005
0.343756
0.34531
0.346701
0.34794
0.349039
0.349997
0.350838
0.351574
0.352212
0.352751
0.353221
0.353632
0.353988
0.354281
0.354532
0.354747
0.354929
0.355065
0.355185
0.355295
0.35539
0.355459
0.355517
0.355569
0.355612
0.35563
0.355649
0.355676
0.355701
0.355711
0.35572
0.355732
0.355741
0.355731
0.355729
0.355736
0.355746
0.355743
0.355741
0.355744
0.355746
0.355732
0.355726
0.35573
0.355738
0.355734
0.355733
0.355735
0.355736
0.355723
0.355717
0.355721
0.355727
0.355723
0.355722
0.355725
0.355727
0.355715
0.355711
0.355715
0.35572
0.355716
0.355716
0.355719
0.355721
0.355712
0.35571
0.355713
0.355717
0.355715
0.355714
0.355716
0.355717
0.355712
0.35571
0.355711
0.355713
0.355711
0.35571
0.355709
0.355709
0.355708
0.355705
0.355703
0.355699
0.3557
0.355693
0.355696
0.355644
0.0361935
0.0354151
0.0327864
0.0177631
0.0212716
0.0505965
0.0893258
0.126172
0.158007
0.184938
0.20774
0.227193
0.243958
0.258566
0.271431
0.282887
0.293193
0.302542
0.31108
0.318922
0.326144
0.332794
0.3389
0.344491
0.349589
0.354217
0.358404
0.362194
0.365626
0.368732
0.371537
0.374075
0.376368
0.378436
0.380284
0.381944
0.383431
0.384757
0.385923
0.386951
0.387854
0.388643
0.389315
0.3899
0.390412
0.390856
0.391227
0.391544
0.391817
0.392048
0.392227
0.392382
0.39252
0.392641
0.392732
0.392808
0.392875
0.392931
0.39296
0.392987
0.393018
0.39305
0.393066
0.393079
0.393093
0.393106
0.393099
0.393097
0.393104
0.393115
0.393113
0.393113
0.393115
0.393118
0.393105
0.393098
0.393101
0.393109
0.393106
0.393105
0.393107
0.393109
0.393096
0.39309
0.393092
0.393099
0.393095
0.393095
0.393097
0.393099
0.393089
0.393084
0.393086
0.393092
0.393089
0.393089
0.393091
0.393094
0.393086
0.393083
0.393085
0.39309
0.393088
0.393088
0.39309
0.393091
0.393087
0.393085
0.393085
0.393087
0.393086
0.393085
0.393084
0.393084
0.393083
0.393081
0.393078
0.393075
0.393075
0.393068
0.393071
0.393014
0.0363174
0.0358672
0.0346536
0.0248651
0.0170473
0.0349232
0.0703098
0.109764
0.146239
0.178108
0.205602
0.229343
0.249963
0.26801
0.283935
0.298105
0.310827
0.322334
0.332806
0.342384
0.351166
0.359217
0.366578
0.373282
0.379361
0.384852
0.389795
0.394251
0.398275
0.401914
0.405206
0.408192
0.410902
0.413358
0.41557
0.417566
0.419364
0.420977
0.422406
0.423672
0.424791
0.425773
0.426618
0.427354
0.427998
0.428558
0.429032
0.429438
0.429786
0.430083
0.43032
0.430521
0.430698
0.430852
0.430973
0.431074
0.431161
0.431235
0.431279
0.431318
0.431357
0.431395
0.431419
0.431438
0.431456
0.431473
0.431471
0.43147
0.431477
0.431489
0.43149
0.43149
0.431493
0.431497
0.431486
0.431478
0.43148
0.431487
0.431486
0.431485
0.431487
0.43149
0.431478
0.431471
0.431472
0.431478
0.431475
0.431475
0.431477
0.43148
0.431471
0.431465
0.431466
0.431471
0.43147
0.43147
0.431472
0.431475
0.431469
0.431465
0.431467
0.431471
0.431471
0.431471
0.431472
0.431474
0.431471
0.431469
0.431469
0.431471
0.43147
0.43147
0.431469
0.431469
0.431469
0.431467
0.431465
0.431461
0.431462
0.431455
0.431458
0.431396
0.0363587
0.0360423
0.0354781
0.0311102
0.0195734
0.0228802
0.0477905
0.0853584
0.124922
0.161548
0.194082
0.222675
0.247802
0.269965
0.289622
0.30716
0.322905
0.337135
0.350061
0.361852
0.372631
0.382482
0.391455
0.399595
0.406943
0.413547
0.419468
0.424784
0.42957
0.433896
0.437814
0.441378
0.444625
0.447584
0.450267
0.452702
0.454907
0.456895
0.458672
0.460254
0.461659
0.462898
0.463975
0.464916
0.465738
0.466455
0.467068
0.467593
0.468046
0.468432
0.468748
0.469015
0.469245
0.469445
0.469608
0.469743
0.469858
0.469956
0.470022
0.470077
0.470128
0.470177
0.47021
0.470237
0.470262
0.470284
0.470288
0.47029
0.470298
0.470311
0.470315
0.470317
0.470321
0.470326
0.470317
0.47031
0.47031
0.470316
0.470315
0.470315
0.470317
0.470321
0.470311
0.470304
0.470303
0.470308
0.470307
0.470307
0.470309
0.470312
0.470305
0.470299
0.470299
0.470304
0.470303
0.470303
0.470306
0.470309
0.470304
0.470301
0.470302
0.470306
0.470306
0.470307
0.470309
0.470311
0.470309
0.470307
0.470307
0.470309
0.470309
0.470309
0.470309
0.470309
0.470309
0.470308
0.470307
0.470304
0.470304
0.470298
0.4703
0.470234
0.0363701
0.0360981
0.0357763
0.0342714
0.0272101
0.0199737
0.0286907
0.0558809
0.093666
0.133258
0.170481
0.204177
0.234326
0.261245
0.285324
0.306938
0.326411
0.344033
0.360049
0.374648
0.387977
0.400139
0.411199
0.421208
0.430218
0.438294
0.445518
0.45199
0.457811
0.463074
0.467851
0.47221
0.476197
0.479849
0.483182
0.486222
0.488989
0.491496
0.493751
0.495771
0.497571
0.499168
0.500567
0.501791
0.502864
0.5038
0.504607
0.505301
0.505899
0.506411
0.506838
0.507198
0.507506
0.507771
0.507991
0.508174
0.50833
0.508462
0.508559
0.508639
0.508708
0.508771
0.508819
0.508857
0.508891
0.50892
0.508933
0.508941
0.508951
0.508965
0.508972
0.508977
0.508983
0.508989
0.508983
0.508977
0.508976
0.508981
0.508981
0.508982
0.508984
0.508988
0.508981
0.508974
0.508973
0.508976
0.508975
0.508976
0.508978
0.508982
0.508976
0.508971
0.508971
0.508974
0.508974
0.508975
0.508978
0.508981
0.508978
0.508976
0.508976
0.50898
0.508981
0.508982
0.508984
0.508987
0.508987
0.508986
0.508986
0.508988
0.508989
0.50899
0.508991
0.508991
0.508992
0.508992
0.508991
0.508989
0.50899
0.508985
0.508986
0.508917
0.0363726
0.0361125
0.0358639
0.0353587
0.0329694
0.0264471
0.0219986
0.0313202
0.0570317
0.0934384
0.132804
0.170825
0.206013
0.238075
0.267154
0.293512
0.317436
0.339195
0.359026
0.377135
0.393684
0.408791
0.422535
0.434975
0.446177
0.456227
0.465232
0.473318
0.480612
0.487229
0.493264
0.498792
0.503873
0.508546
0.512834
0.516762
0.52035
0.523613
0.526562
0.529213
0.531585
0.533696
0.535557
0.537191
0.538624
0.539877
0.540962
0.541898
0.542706
0.5434
0.543985
0.54448
0.544902
0.545263
0.545565
0.545819
0.546033
0.546214
0.546356
0.546472
0.546569
0.546654
0.546722
0.546777
0.546824
0.546865
0.546888
0.546905
0.546921
0.546938
0.546949
0.546958
0.546966
0.546974
0.546972
0.546968
0.546967
0.546971
0.546972
0.546973
0.546976
0.54698
0.546975
0.54697
0.546968
0.54697
0.54697
0.54697
0.546973
0.546977
0.546973
0.54697
0.546969
0.546971
0.546972
0.546973
0.546976
0.546981
0.546979
0.546978
0.546979
0.546982
0.546984
0.546986
0.546989
0.546993
0.546994
0.546994
0.546995
0.546998
0.547
0.547001
0.547003
0.547005
0.547007
0.547008
0.547008
0.547007
0.547009
0.547005
0.547007
0.546933
0.0363731
0.0361154
0.0358843
0.035639
0.0350087
0.0329021
0.0280109
0.0241391
0.0303366
0.0508459
0.0833028
0.12136
0.159878
0.196582
0.230758
0.262263
0.291211
0.317794
0.342193
0.364569
0.385087
0.403874
0.421018
0.436589
0.450677
0.463398
0.474892
0.485309
0.494794
0.503475
0.511454
0.518809
0.5256
0.531869
0.537639
0.542936
0.54778
0.552192
0.556185
0.559781
0.563003
0.565875
0.568416
0.570653
0.572615
0.574332
0.575823
0.577113
0.578227
0.579186
0.58
0.580692
0.581281
0.581783
0.582205
0.582561
0.582862
0.583115
0.583321
0.583489
0.583629
0.583748
0.583845
0.583925
0.583992
0.584049
0.584088
0.584118
0.584142
0.584165
0.584182
0.584196
0.584208
0.584219
0.58422
0.58422
0.584221
0.584224
0.584226
0.584227
0.584231
0.584235
0.584233
0.584229
0.584228
0.584229
0.584229
0.58423
0.584233
0.584237
0.584236
0.584234
0.584233
0.584236
0.584237
0.584239
0.584242
0.584247
0.584248
0.584248
0.58425
0.584253
0.584256
0.584259
0.584263
0.584268
0.58427
0.584272
0.584275
0.584278
0.584281
0.584284
0.584287
0.58429
0.584294
0.584297
0.584299
0.5843
0.584303
0.584301
0.584303
0.584226
0.0363731
0.036116
0.0358879
0.0356941
0.0354659
0.0349873
0.0337079
0.0307341
0.0269773
0.0281875
0.0401115
0.064187
0.0974816
0.134911
0.17254
0.208591
0.24255
0.274282
0.303774
0.331095
0.356314
0.379547
0.400886
0.420431
0.438318
0.454714
0.469791
0.483707
0.496596
0.508562
0.519677
0.529995
0.539555
0.54839
0.55652
0.563972
0.570772
0.576949
0.58253
0.587548
0.592037
0.596034
0.599571
0.602686
0.605418
0.607806
0.609882
0.61168
0.613233
0.61457
0.615711
0.616684
0.617511
0.618215
0.618809
0.61931
0.619734
0.620091
0.620385
0.620628
0.62083
0.621
0.621138
0.621253
0.621349
0.621429
0.621489
0.621537
0.621575
0.621608
0.621634
0.621654
0.621671
0.621687
0.621693
0.621698
0.621701
0.621705
0.621708
0.621711
0.621714
0.621719
0.621719
0.621718
0.621717
0.621719
0.621719
0.62172
0.621723
0.621728
0.621728
0.621728
0.621729
0.621731
0.621733
0.621736
0.62174
0.621745
0.621748
0.62175
0.621753
0.621757
0.621761
0.621766
0.621771
0.621777
0.621781
0.621786
0.62179
0.621794
0.621799
0.621804
0.621809
0.621814
0.621819
0.621824
0.621828
0.621831
0.621836
0.621837
0.62184
0.621759
0.0363731
0.0361161
0.0358882
0.0357015
0.0355382
0.0353588
0.0350858
0.0345264
0.0332612
0.0308972
0.0288499
0.0315969
0.0432542
0.0651392
0.0956089
0.131029
0.167799
0.203706
0.237905
0.270222
0.300613
0.328945
0.355312
0.379895
0.402933
0.42465
0.445207
0.464683
0.483099
0.500438
0.516674
0.531784
0.545766
0.55863
0.570402
0.581119
0.590832
0.599596
0.607466
0.614504
0.62077
0.626327
0.631229
0.635538
0.639309
0.642598
0.645454
0.647925
0.650058
0.651893
0.653461
0.654799
0.655939
0.656907
0.657725
0.658416
0.658999
0.65949
0.659899
0.660238
0.660521
0.660757
0.660951
0.661111
0.661245
0.661356
0.661442
0.661512
0.661569
0.661616
0.661653
0.661682
0.661707
0.661728
0.66174
0.66175
0.661757
0.661764
0.661768
0.661772
0.661777
0.661782
0.661783
0.661783
0.661785
0.661787
0.661788
0.661789
0.661793
0.661797
0.661798
0.6618
0.661803
0.661806
0.661809
0.661812
0.661817
0.661823
0.661827
0.661831
0.661836
0.661842
0.661847
0.661853
0.661859
0.661867
0.661873
0.661879
0.661885
0.661892
0.661899
0.661905
0.661912
0.661919
0.661926
0.661933
0.66194
0.661946
0.661953
0.661956
0.661961
0.661877
0.0363731
0.0361161
0.035888
0.0357013
0.0355448
0.0354012
0.0352597
0.0351035
0.0348923
0.034528
0.0338069
0.0325108
0.03119
0.0323603
0.0394373
0.0545399
0.077903
0.107966
0.142055
0.177497
0.21248
0.246234
0.278681
0.31024
0.341224
0.371677
0.401408
0.430101
0.457433
0.483141
0.507051
0.529079
0.549217
0.567513
0.584048
0.598926
0.612262
0.624174
0.634778
0.644185
0.652504
0.659835
0.666273
0.671906
0.67682
0.681091
0.684792
0.687987
0.690739
0.693102
0.695122
0.696845
0.698311
0.699555
0.700608
0.701496
0.702246
0.702876
0.703402
0.703841
0.704207
0.704511
0.704763
0.704971
0.705143
0.705285
0.705399
0.705492
0.705568
0.705629
0.705678
0.705717
0.70575
0.705776
0.705794
0.705808
0.705819
0.705829
0.705835
0.705841
0.705846
0.705851
0.705853
0.705855
0.705857
0.70586
0.705862
0.705864
0.705868
0.705871
0.705874
0.705877
0.70588
0.705884
0.705888
0.705893
0.705898
0.705904
0.705909
0.705915
0.705921
0.705928
0.705934
0.705941
0.705949
0.705957
0.705965
0.705973
0.705981
0.705989
0.705997
0.706005
0.706014
0.706022
0.706031
0.70604
0.706048
0.706056
0.706065
0.706071
0.706076
0.705988
0.0363731
0.0361161
0.0358878
0.0357008
0.0355444
0.0354034
0.0352723
0.0351493
0.0350322
0.0349167
0.0347939
0.0346434
0.03442
0.0340454
0.0335076
0.0333514
0.0353544
0.0420505
0.0554755
0.0766907
0.105731
0.141654
0.182765
0.226951
0.272211
0.316909
0.359861
0.4003
0.437802
0.472191
0.503461
0.531715
0.557123
0.579884
0.600211
0.618315
0.634401
0.648659
0.661266
0.672386
0.682168
0.69075
0.698257
0.704805
0.710499
0.715436
0.719703
0.723381
0.726542
0.729252
0.731567
0.73354
0.735218
0.73664
0.737843
0.738858
0.739712
0.740431
0.741032
0.741534
0.741952
0.742299
0.742587
0.742825
0.743021
0.743183
0.743314
0.743421
0.743508
0.743579
0.743635
0.743681
0.743717
0.743746
0.743768
0.743785
0.743799
0.743809
0.743817
0.743824
0.743829
0.743833
0.743836
0.743839
0.743841
0.743844
0.743846
0.743849
0.743852
0.743855
0.743858
0.743861
0.743865
0.743869
0.743874
0.743878
0.743884
0.74389
0.743895
0.743902
0.743908
0.743915
0.743922
0.74393
0.743938
0.743946
0.743954
0.743963
0.743971
0.74398
0.743989
0.743998
0.744007
0.744016
0.744025
0.744034
0.744043
0.744052
0.744061
0.744069
0.744074
0.743981
0.0363731
0.0361161
0.0358878
0.0357008
0.0355444
0.0354034
0.0352724
0.0351494
0.0350322
0.0349169
0.0347947
0.034646
0.0344271
0.0340624
0.0335428
0.0334054
0.0354035
0.0420451
0.0553509
0.0763854
0.105206
0.140911
0.181824
0.225858
0.271013
0.315647
0.358566
0.398997
0.436509
0.470921
0.502224
0.530518
0.555968
0.578772
0.599142
0.617287
0.633411
0.647705
0.660344
0.671494
0.681302
0.689908
0.697437
0.704004
0.709716
0.714668
0.718949
0.72264
0.725811
0.728529
0.730853
0.732834
0.734517
0.735945
0.737153
0.738172
0.739029
0.73975
0.740354
0.740858
0.741279
0.741628
0.741917
0.742156
0.742353
0.742515
0.742648
0.742756
0.742843
0.742914
0.742971
0.743016
0.743052
0.743081
0.743104
0.743122
0.743135
0.743146
0.743154
0.74316
0.743164
0.743168
0.743172
0.743175
0.743177
0.74318
0.743182
0.743184
0.743186
0.743189
0.743192
0.743195
0.743199
0.743203
0.743207
0.743211
0.743216
0.743221
0.743227
0.743233
0.74324
0.743246
0.743253
0.743261
0.743268
0.743276
0.743284
0.743292
0.743301
0.743309
0.743317
0.743326
0.743335
0.743343
0.743352
0.743361
0.74337
0.743378
0.743387
0.743395
0.7434
0.743308
0.0363731
0.0361161
0.035888
0.0357014
0.0355448
0.0354012
0.0352594
0.0351027
0.0348906
0.0345255
0.0338061
0.0325214
0.0312325
0.0324492
0.0395499
0.0546127
0.0778442
0.107682
0.141475
0.176588
0.211232
0.244624
0.276723
0.307957
0.338645
0.368844
0.398373
0.426924
0.454171
0.479845
0.503761
0.525827
0.546024
0.564391
0.581006
0.595968
0.609386
0.621377
0.632055
0.641533
0.649915
0.657305
0.663798
0.669482
0.67444
0.678751
0.682487
0.685714
0.688492
0.690878
0.692921
0.694664
0.696147
0.697406
0.698471
0.699371
0.700128
0.700765
0.7013
0.701747
0.702118
0.702427
0.702683
0.702894
0.703068
0.703212
0.70333
0.703427
0.703504
0.703566
0.703616
0.703656
0.703687
0.703713
0.703734
0.703751
0.703762
0.703771
0.703777
0.703782
0.703786
0.703789
0.703793
0.703796
0.703797
0.703798
0.7038
0.703801
0.703802
0.703805
0.703807
0.70381
0.703813
0.703815
0.703818
0.703822
0.703826
0.70383
0.703836
0.703841
0.703846
0.703852
0.703857
0.703864
0.70387
0.703877
0.703884
0.703891
0.703898
0.703905
0.703912
0.70392
0.703927
0.703934
0.703942
0.70395
0.703958
0.703965
0.703973
0.70398
0.703985
0.703896
0.0363731
0.0361161
0.0358883
0.0357016
0.0355378
0.0353568
0.03508
0.034512
0.0332334
0.0308694
0.0288822
0.0317446
0.0435028
0.0654005
0.0957497
0.130928
0.167379
0.20293
0.23676
0.268707
0.298725
0.326697
0.352725
0.376988
0.399727
0.421171
0.441488
0.460766
0.479032
0.496267
0.512443
0.527533
0.541524
0.55442
0.566242
0.577022
0.586804
0.595639
0.603581
0.610688
0.617021
0.622639
0.627602
0.631966
0.635788
0.639122
0.642019
0.644527
0.646691
0.648553
0.650148
0.651512
0.652672
0.653658
0.654492
0.655197
0.65579
0.65629
0.656709
0.657059
0.65735
0.657591
0.657791
0.657956
0.658092
0.658204
0.658297
0.658372
0.658432
0.65848
0.658518
0.658548
0.658573
0.658593
0.65861
0.658622
0.65863
0.658636
0.65864
0.658643
0.658645
0.658647
0.65865
0.658651
0.658651
0.658651
0.658651
0.658651
0.658651
0.658653
0.658655
0.658656
0.658657
0.658658
0.65866
0.658662
0.658664
0.658668
0.658672
0.658675
0.658679
0.658682
0.658686
0.65869
0.658695
0.6587
0.658705
0.658711
0.658715
0.65872
0.658725
0.65873
0.658736
0.658741
0.658747
0.658752
0.658758
0.658763
0.658769
0.658773
0.658778
0.658695
0.0363731
0.036116
0.035888
0.0356935
0.0354612
0.0349701
0.0336611
0.0306521
0.0269455
0.0283394
0.0404697
0.0646487
0.0978633
0.135048
0.172339
0.208015
0.241588
0.272939
0.302063
0.32903
0.353915
0.376836
0.397888
0.417168
0.434809
0.450977
0.465848
0.479587
0.492329
0.504179
0.515212
0.525479
0.535016
0.543848
0.551996
0.559481
0.566322
0.572545
0.578176
0.583245
0.587784
0.591829
0.595414
0.598576
0.601351
0.603777
0.605887
0.607717
0.609296
0.610657
0.611823
0.612819
0.613666
0.614385
0.614994
0.615508
0.61594
0.616305
0.61661
0.616864
0.617075
0.617249
0.617393
0.617513
0.617611
0.617693
0.617759
0.617813
0.617854
0.617888
0.617914
0.617936
0.617953
0.617968
0.617979
0.617987
0.617991
0.617994
0.617995
0.617996
0.617997
0.617999
0.618
0.618
0.617998
0.617997
0.617995
0.617994
0.617993
0.617994
0.617995
0.617995
0.617994
0.617994
0.617994
0.617994
0.617995
0.617998
0.618
0.618002
0.618004
0.618005
0.618007
0.61801
0.618012
0.618016
0.618019
0.618022
0.618025
0.618027
0.61803
0.618033
0.618036
0.618039
0.618043
0.618046
0.61805
0.618052
0.618056
0.618057
0.61806
0.61798
0.0363731
0.0361154
0.0358842
0.035634
0.0349794
0.03281
0.027868
0.0241495
0.0306517
0.0514163
0.0839128
0.121779
0.159972
0.196296
0.230077
0.261195
0.289772
0.316003
0.340072
0.362141
0.382376
0.400904
0.417809
0.433163
0.447053
0.459593
0.470924
0.481199
0.490562
0.499144
0.507047
0.51435
0.521109
0.527362
0.533135
0.538447
0.543313
0.547751
0.551775
0.555406
0.558662
0.561567
0.564144
0.566417
0.568411
0.570155
0.571671
0.572985
0.574119
0.575095
0.575931
0.576644
0.577248
0.577761
0.578195
0.578561
0.578868
0.579128
0.579344
0.579524
0.579671
0.579794
0.579895
0.579978
0.580047
0.580105
0.580151
0.580188
0.580215
0.580237
0.580254
0.580269
0.58028
0.580291
0.580298
0.580302
0.580302
0.580303
0.580302
0.580302
0.580302
0.580303
0.580303
0.580302
0.580298
0.580296
0.580293
0.580292
0.58029
0.580291
0.58029
0.580289
0.580286
0.580285
0.580284
0.580284
0.580284
0.580286
0.580287
0.580287
0.580287
0.580287
0.580288
0.580289
0.58029
0.580292
0.580294
0.580295
0.580295
0.580296
0.580297
0.580298
0.580299
0.580301
0.580303
0.580304
0.580306
0.580307
0.580309
0.580307
0.58031
0.580232
0.0363726
0.0361124
0.0358624
0.0353328
0.0328449
0.0262364
0.0220305
0.0317561
0.0577466
0.0941341
0.133247
0.170907
0.2057
0.23737
0.266072
0.292077
0.315671
0.337122
0.356669
0.374516
0.390826
0.405714
0.419259
0.431521
0.442561
0.452467
0.461345
0.469321
0.47652
0.483059
0.489032
0.494517
0.499568
0.504225
0.508512
0.512448
0.516048
0.519326
0.522295
0.524969
0.527363
0.529497
0.531385
0.533047
0.534502
0.535772
0.536875
0.537829
0.53865
0.539358
0.539961
0.540473
0.540906
0.541274
0.541585
0.541846
0.542065
0.542251
0.542405
0.542531
0.542633
0.542719
0.54279
0.542848
0.542896
0.542938
0.54297
0.542993
0.54301
0.543025
0.543036
0.543046
0.543053
0.543061
0.543065
0.543065
0.543063
0.543062
0.543061
0.54306
0.543059
0.543061
0.543059
0.543056
0.543051
0.543048
0.543045
0.543044
0.543042
0.543042
0.543041
0.543038
0.543034
0.543033
0.543031
0.543031
0.543031
0.543032
0.543032
0.543031
0.543029
0.543029
0.543028
0.543028
0.543029
0.54303
0.54303
0.54303
0.543029
0.543028
0.543028
0.543028
0.543028
0.543028
0.543029
0.543029
0.543029
0.543028
0.543029
0.543026
0.543028
0.542953
0.03637
0.0360976
0.0357694
0.0341715
0.0269198
0.0199419
0.0291552
0.056673
0.0944299
0.133748
0.1706
0.203902
0.233668
0.260225
0.283969
0.305271
0.324456
0.341813
0.357585
0.371961
0.385086
0.397062
0.407955
0.417815
0.426692
0.434653
0.441778
0.448165
0.453913
0.459115
0.463847
0.468172
0.472136
0.475775
0.479108
0.482155
0.484928
0.487444
0.489712
0.491747
0.493563
0.495176
0.496597
0.497842
0.498929
0.499876
0.500695
0.501402
0.502009
0.502532
0.502975
0.50335
0.503665
0.503934
0.504159
0.504349
0.504507
0.504643
0.504753
0.504842
0.504914
0.504975
0.505025
0.505067
0.505101
0.505131
0.505153
0.505167
0.505177
0.505187
0.505194
0.505201
0.505206
0.505212
0.505213
0.505211
0.505206
0.505205
0.505203
0.505202
0.505202
0.505203
0.5052
0.505196
0.50519
0.505187
0.505184
0.505182
0.505181
0.505181
0.505179
0.505175
0.505171
0.505169
0.505168
0.505167
0.505167
0.505168
0.505167
0.505164
0.505162
0.505161
0.50516
0.50516
0.50516
0.50516
0.505159
0.505158
0.505156
0.505155
0.505154
0.505153
0.505152
0.505151
0.505151
0.505151
0.50515
0.505148
0.505148
0.505144
0.505146
0.505075
0.0363585
0.0360405
0.0354534
0.0308337
0.0193507
0.0232506
0.0485948
0.08619
0.125492
0.161748
0.193896
0.222117
0.246896
0.268738
0.2881
0.305366
0.320862
0.334863
0.347581
0.359181
0.369784
0.379476
0.388308
0.396324
0.403561
0.410072
0.415917
0.421167
0.425896
0.430176
0.434061
0.437601
0.440831
0.443782
0.446468
0.448909
0.451117
0.45311
0.454896
0.45649
0.457905
0.459157
0.460253
0.461209
0.46204
0.462763
0.463385
0.46392
0.464379
0.464773
0.465105
0.465384
0.465617
0.465818
0.465985
0.466125
0.466242
0.466343
0.466423
0.466486
0.466537
0.466582
0.466618
0.466648
0.466672
0.466695
0.466709
0.466718
0.466722
0.46673
0.466735
0.466739
0.466743
0.466748
0.466746
0.466742
0.466736
0.466735
0.466734
0.466733
0.466732
0.466733
0.46673
0.466724
0.466717
0.466716
0.466713
0.466711
0.466709
0.46671
0.466707
0.466702
0.466697
0.466697
0.466695
0.466695
0.466694
0.466695
0.466693
0.46669
0.466687
0.466686
0.466685
0.466684
0.466684
0.466684
0.466682
0.46668
0.466677
0.466676
0.466674
0.466673
0.466672
0.466671
0.46667
0.466669
0.466668
0.466665
0.466665
0.46666
0.466663
0.466595
0.0363166
0.0358617
0.0345815
0.0243976
0.0171653
0.0356413
0.0711955
0.110438
0.146555
0.178046
0.205178
0.228583
0.248895
0.266659
0.282327
0.296262
0.308768
0.320079
0.330372
0.339786
0.348416
0.356331
0.363572
0.370171
0.376159
0.381574
0.386458
0.390864
0.394843
0.398447
0.401716
0.404685
0.407384
0.409836
0.412053
0.414054
0.415854
0.417469
0.418906
0.420182
0.421307
0.422299
0.423161
0.42391
0.424557
0.42512
0.425601
0.426014
0.426367
0.426671
0.426923
0.427134
0.42731
0.427463
0.427589
0.427694
0.427781
0.427858
0.427917
0.427962
0.427999
0.428033
0.428059
0.428081
0.428099
0.428116
0.428125
0.428129
0.42813
0.428137
0.42814
0.428143
0.428145
0.428149
0.428146
0.42814
0.428134
0.428134
0.428132
0.428131
0.42813
0.428132
0.428127
0.42812
0.428114
0.428114
0.428111
0.428109
0.428108
0.428109
0.428104
0.428099
0.428095
0.428095
0.428093
0.428093
0.428092
0.428093
0.42809
0.428086
0.428083
0.428083
0.428082
0.428081
0.42808
0.42808
0.428078
0.428075
0.428072
0.428071
0.428069
0.428068
0.428066
0.428065
0.428064
0.428062
0.428061
0.428057
0.428057
0.428052
0.428055
0.427992
0.036191
0.0354011
0.0326141
0.017382
0.0217367
0.0514742
0.0901122
0.126629
0.158091
0.184668
0.207144
0.226299
0.242793
0.257155
0.269797
0.28105
0.291171
0.300351
0.308736
0.316436
0.323527
0.33006
0.336065
0.341568
0.34659
0.351157
0.355298
0.359049
0.362446
0.365526
0.368315
0.370841
0.373127
0.375193
0.377049
0.378714
0.380201
0.381528
0.382701
0.383736
0.384644
0.385441
0.386129
0.386723
0.387235
0.38768
0.388058
0.388381
0.388656
0.388893
0.389088
0.389249
0.389385
0.389503
0.389598
0.389679
0.389745
0.389805
0.389848
0.38988
0.389907
0.389933
0.389953
0.389969
0.389982
0.389996
0.39
0.390001
0.390001
0.390006
0.390009
0.390011
0.390012
0.390015
0.39001
0.390004
0.389998
0.389999
0.389997
0.389996
0.389995
0.389996
0.389991
0.389984
0.389978
0.389978
0.389976
0.389974
0.389973
0.389974
0.389969
0.389963
0.389959
0.38996
0.389959
0.389958
0.389958
0.389959
0.389955
0.389951
0.389948
0.389948
0.389947
0.389946
0.389945
0.389945
0.389942
0.389939
0.389936
0.389935
0.389933
0.389932
0.38993
0.389929
0.389928
0.389926
0.389924
0.389921
0.38992
0.389915
0.389919
0.389859
0.0358742
0.0344096
0.0290058
0.01388
0.0302954
0.0658219
0.103015
0.135191
0.161852
0.183894
0.202284
0.217826
0.231151
0.242738
0.252949
0.262067
0.270297
0.277797
0.284682
0.291036
0.296918
0.302366
0.307401
0.31204
0.316297
0.32019
0.323735
0.326957
0.32988
0.332531
0.334926
0.33709
0.339038
0.34079
0.342353
0.343747
0.344985
0.346084
0.347049
0.347896
0.348635
0.349281
0.349835
0.350311
0.35072
0.351075
0.351374
0.35163
0.351847
0.352034
0.352185
0.35231
0.352415
0.352507
0.352581
0.352642
0.352694
0.35274
0.352771
0.352795
0.352814
0.352835
0.35285
0.352862
0.352871
0.352882
0.352884
0.352882
0.352882
0.352887
0.352888
0.352889
0.35289
0.352892
0.352887
0.35288
0.352875
0.352876
0.352874
0.352873
0.352872
0.352874
0.352867
0.352861
0.352856
0.352857
0.352854
0.352853
0.352852
0.352852
0.352847
0.352841
0.352838
0.35284
0.352838
0.352838
0.352837
0.352838
0.352834
0.35283
0.352827
0.352828
0.352827
0.352826
0.352825
0.352824
0.352821
0.352818
0.352816
0.352815
0.352813
0.352812
0.35281
0.352808
0.352807
0.352805
0.352804
0.3528
0.3528
0.352794
0.352799
0.352744
0.0351908
0.0325976
0.0237339
0.0144185
0.0396723
0.0763597
0.109972
0.137499
0.1597
0.177757
0.192674
0.205221
0.215966
0.225321
0.233598
0.24102
0.247755
0.253926
0.259623
0.264911
0.269832
0.274415
0.278672
0.282616
0.286252
0.289592
0.292643
0.295422
0.297944
0.300229
0.30229
0.304143
0.305805
0.307292
0.308611
0.309781
0.310814
0.311727
0.312523
0.313219
0.313824
0.31435
0.314797
0.315181
0.31551
0.315794
0.316033
0.316237
0.316409
0.316557
0.316675
0.316772
0.316854
0.316927
0.316984
0.317032
0.317072
0.317108
0.317131
0.317148
0.317162
0.317179
0.31719
0.317198
0.317206
0.317214
0.317213
0.317211
0.31721
0.317215
0.317216
0.317216
0.317216
0.317218
0.317212
0.317205
0.317201
0.317203
0.317201
0.3172
0.317199
0.3172
0.317193
0.317187
0.317183
0.317184
0.317182
0.317181
0.31718
0.317181
0.317175
0.31717
0.317167
0.317169
0.317168
0.317167
0.317167
0.317167
0.317163
0.317159
0.317157
0.317158
0.317157
0.317156
0.317155
0.317154
0.317151
0.317148
0.317146
0.317145
0.317144
0.317142
0.317141
0.317139
0.317138
0.317136
0.317134
0.317131
0.317131
0.317125
0.31713
0.317079
0.0339126
0.0297501
0.0177893
0.0173952
0.0476884
0.082612
0.111922
0.135031
0.153279
0.167935
0.179967
0.190072
0.198739
0.206315
0.213052
0.219127
0.224672
0.229784
0.23453
0.23896
0.243106
0.246986
0.250608
0.253977
0.257096
0.259969
0.262598
0.264994
0.267169
0.269135
0.270902
0.272487
0.273901
0.275161
0.276271
0.277251
0.278113
0.278871
0.279529
0.280101
0.280596
0.281025
0.281387
0.281697
0.281962
0.282191
0.282383
0.282545
0.282682
0.2828
0.282892
0.282968
0.283032
0.28309
0.283134
0.283171
0.283203
0.283231
0.283247
0.283259
0.28327
0.283284
0.283292
0.283298
0.283304
0.283311
0.283308
0.283305
0.283304
0.283309
0.283309
0.283309
0.283309
0.28331
0.283304
0.283297
0.283294
0.283296
0.283295
0.283293
0.283293
0.283293
0.283286
0.283281
0.283278
0.283279
0.283277
0.283276
0.283275
0.283276
0.28327
0.283265
0.283264
0.283266
0.283264
0.283264
0.283263
0.283264
0.283259
0.283256
0.283255
0.283256
0.283254
0.283253
0.283252
0.283252
0.283249
0.283246
0.283244
0.283243
0.283242
0.28324
0.283239
0.283238
0.283236
0.283234
0.283233
0.283229
0.28323
0.283225
0.28323
0.283183
0.0318166
0.0258587
0.0127842
0.0212308
0.053328
0.0849874
0.109972
0.129097
0.143941
0.155755
0.165428
0.173562
0.180566
0.186724
0.192232
0.197229
0.201819
0.206076
0.21005
0.21378
0.217287
0.220585
0.223675
0.22656
0.229237
0.231707
0.233968
0.236028
0.237896
0.23958
0.241089
0.242437
0.243635
0.244697
0.245628
0.246447
0.247164
0.247791
0.248333
0.248803
0.249207
0.249557
0.24985
0.250101
0.250315
0.2505
0.250652
0.250782
0.250891
0.250985
0.251057
0.251117
0.251168
0.251214
0.251248
0.251276
0.251301
0.251323
0.251334
0.251343
0.251352
0.251363
0.251368
0.251373
0.251377
0.251382
0.251379
0.251376
0.251375
0.25138
0.251379
0.251379
0.251379
0.25138
0.251373
0.251367
0.251365
0.251367
0.251365
0.251364
0.251364
0.251364
0.251357
0.251352
0.25135
0.251352
0.25135
0.251349
0.251348
0.251348
0.251343
0.251339
0.251338
0.25134
0.251339
0.251338
0.251338
0.251338
0.251334
0.251331
0.25133
0.251331
0.251329
0.251329
0.251328
0.251327
0.251324
0.251322
0.25132
0.25132
0.251318
0.251317
0.251316
0.251314
0.251313
0.251311
0.25131
0.251307
0.251307
0.251302
0.251307
0.251265
0.0287759
0.021193
0.00970688
0.0248232
0.0563862
0.0841995
0.105146
0.120786
0.132757
0.142234
0.149996
0.156549
0.162224
0.167245
0.171765
0.175893
0.179706
0.183263
0.186601
0.189749
0.192723
0.195529
0.198166
0.200633
0.202926
0.205042
0.206979
0.208741
0.210335
0.211769
0.213049
0.214188
0.215197
0.216086
0.216864
0.217544
0.218138
0.218655
0.2191
0.219484
0.219814
0.220098
0.220335
0.220537
0.22071
0.220858
0.220981
0.221084
0.221171
0.221246
0.221302
0.221348
0.221389
0.221425
0.221451
0.221474
0.221493
0.22151
0.221518
0.221524
0.221531
0.22154
0.221544
0.221547
0.22155
0.221554
0.22155
0.221547
0.221547
0.221551
0.22155
0.22155
0.221549
0.22155
0.221543
0.221538
0.221537
0.221539
0.221537
0.221536
0.221536
0.221536
0.22153
0.221525
0.221524
0.221525
0.221523
0.221523
0.221522
0.221522
0.221517
0.221514
0.221513
0.221515
0.221514
0.221514
0.221513
0.221513
0.221509
0.221507
0.221506
0.221507
0.221506
0.221505
0.221504
0.221504
0.221501
0.221499
0.221498
0.221497
0.221496
0.221495
0.221494
0.221493
0.221491
0.22149
0.221488
0.221486
0.221486
0.221482
0.221486
0.221449
0.0248477
0.0162588
0.00837674
0.0275404
0.0570898
0.0809912
0.0983103
0.110965
0.120551
0.128126
0.134352
0.139636
0.144244
0.148349
0.152068
0.155484
0.158659
0.161635
0.164442
0.167099
0.169618
0.172002
0.174247
0.176349
0.178304
0.180108
0.181756
0.183253
0.184604
0.185815
0.186893
0.187847
0.18869
0.189431
0.190075
0.190637
0.191126
0.19155
0.191913
0.192226
0.192494
0.192724
0.192915
0.193077
0.193216
0.193335
0.193432
0.193514
0.193584
0.193642
0.193686
0.193722
0.193755
0.193783
0.193803
0.193821
0.193836
0.193849
0.193854
0.193858
0.193864
0.193871
0.193874
0.193876
0.193879
0.193881
0.193877
0.193875
0.193875
0.193878
0.193877
0.193877
0.193876
0.193876
0.19387
0.193866
0.193865
0.193867
0.193866
0.193865
0.193864
0.193864
0.193858
0.193855
0.193854
0.193856
0.193854
0.193853
0.193853
0.193852
0.193848
0.193845
0.193845
0.193847
0.193846
0.193845
0.193845
0.193845
0.193841
0.19384
0.193839
0.19384
0.193839
0.193838
0.193838
0.193837
0.193834
0.193833
0.193832
0.193831
0.19383
0.193829
0.193828
0.193827
0.193826
0.193825
0.193823
0.193821
0.193821
0.193817
0.193822
0.193789
0.0203071
0.0116575
0.00808023
0.0291108
0.0558406
0.0760274
0.0901662
0.100307
0.107939
0.113978
0.118968
0.123233
0.126979
0.130339
0.133401
0.136231
0.138873
0.141361
0.143717
0.145955
0.148083
0.1501
0.152001
0.153783
0.155438
0.156964
0.158355
0.159616
0.160751
0.161765
0.162664
0.163458
0.164156
0.164767
0.165297
0.165757
0.166157
0.166503
0.166798
0.16705
0.167267
0.167452
0.167605
0.167734
0.167846
0.16794
0.168018
0.168083
0.168138
0.168184
0.168218
0.168246
0.168272
0.168294
0.16831
0.168323
0.168335
0.168344
0.168348
0.168351
0.168356
0.168361
0.168363
0.168365
0.168367
0.168368
0.168365
0.168362
0.168363
0.168365
0.168364
0.168364
0.168364
0.168363
0.168358
0.168354
0.168354
0.168356
0.168354
0.168353
0.168353
0.168352
0.168348
0.168345
0.168345
0.168346
0.168344
0.168343
0.168343
0.168343
0.168339
0.168337
0.168337
0.168339
0.168338
0.168337
0.168337
0.168337
0.168334
0.168332
0.168332
0.168333
0.168332
0.168331
0.168331
0.16833
0.168328
0.168327
0.168326
0.168326
0.168325
0.168324
0.168323
0.168322
0.168321
0.16832
0.168319
0.168316
0.168317
0.168313
0.168317
0.168289
0.015599
0.00790794
0.00819451
0.0295047
0.0530739
0.0698654
0.0812679
0.0893234
0.0953682
0.100171
0.104167
0.107608
0.110652
0.1134
0.11592
0.118259
0.120453
0.122527
0.124496
0.126372
0.128159
0.129855
0.131455
0.132952
0.134343
0.135621
0.136784
0.137836
0.138779
0.139619
0.140362
0.141016
0.141589
0.142088
0.14252
0.142895
0.143219
0.143498
0.143736
0.143939
0.144113
0.144259
0.144382
0.144485
0.144573
0.144648
0.144709
0.14476
0.144804
0.144839
0.144866
0.144888
0.144908
0.144925
0.144937
0.144947
0.144957
0.144964
0.144966
0.144968
0.144972
0.144976
0.144977
0.144978
0.14498
0.144981
0.144978
0.144976
0.144977
0.144978
0.144978
0.144977
0.144977
0.144976
0.144971
0.144969
0.144969
0.14497
0.144969
0.144968
0.144968
0.144967
0.144963
0.144961
0.144961
0.144962
0.144961
0.14496
0.14496
0.144959
0.144956
0.144954
0.144955
0.144956
0.144955
0.144955
0.144955
0.144954
0.144952
0.144951
0.144951
0.144952
0.144951
0.14495
0.14495
0.144949
0.144947
0.144946
0.144946
0.144945
0.144945
0.144944
0.144943
0.144942
0.144942
0.14494
0.144939
0.144938
0.144938
0.144935
0.144938
0.144914
0.0112184
0.00528801
0.00833097
0.0288338
0.0491924
0.0629569
0.072043
0.0783883
0.0831522
0.086961
0.0901545
0.092925
0.095394
0.0976353
0.0997009
0.101627
0.10344
0.105159
0.106796
0.108357
0.109847
0.11126
0.112593
0.11384
0.114995
0.116054
0.117016
0.117883
0.118659
0.119347
0.119954
0.120486
0.120951
0.121355
0.121704
0.122005
0.122265
0.122488
0.122678
0.12284
0.122978
0.123094
0.123191
0.123272
0.123342
0.1234
0.123448
0.123488
0.123522
0.12355
0.12357
0.123587
0.123603
0.123616
0.123625
0.123632
0.12364
0.123645
0.123647
0.123648
0.123652
0.123654
0.123655
0.123656
0.123657
0.123657
0.123655
0.123653
0.123654
0.123655
0.123655
0.123654
0.123654
0.123653
0.123649
0.123647
0.123648
0.123648
0.123648
0.123647
0.123647
0.123646
0.123642
0.123641
0.123641
0.123642
0.123641
0.12364
0.12364
0.123639
0.123637
0.123636
0.123637
0.123637
0.123637
0.123637
0.123637
0.123636
0.123634
0.123633
0.123634
0.123634
0.123633
0.123633
0.123633
0.123632
0.12363
0.123629
0.123629
0.123629
0.123628
0.123628
0.123627
0.123626
0.123626
0.123625
0.123624
0.123622
0.123623
0.12362
0.123622
0.123603
0.00757264
0.0037528
0.00828468
0.0272754
0.0445428
0.0556598
0.062813
0.0677694
0.0715031
0.0745111
0.0770536
0.0792758
0.081269
0.0830877
0.0847714
0.0863467
0.0878347
0.0892478
0.0905962
0.0918839
0.0931127
0.0942782
0.0953762
0.0964007
0.0973487
0.0982153
0.0990006
0.0997057
0.100335
0.100892
0.101381
0.101808
0.102182
0.102504
0.102782
0.103022
0.103229
0.103405
0.103555
0.103682
0.103791
0.103881
0.103957
0.10402
0.104075
0.10412
0.104158
0.104188
0.104215
0.104235
0.104251
0.104264
0.104277
0.104286
0.104293
0.104299
0.104305
0.104308
0.104309
0.10431
0.104313
0.104315
0.104316
0.104316
0.104318
0.104317
0.104315
0.104313
0.104315
0.104315
0.104315
0.104314
0.104315
0.104313
0.10431
0.104309
0.10431
0.10431
0.104309
0.104308
0.104309
0.104307
0.104305
0.104303
0.104304
0.104304
0.104304
0.104303
0.104304
0.104302
0.104301
0.1043
0.104301
0.104301
0.104301
0.104301
0.104301
0.1043
0.104299
0.104298
0.104299
0.104299
0.104298
0.104298
0.104298
0.104297
0.104296
0.104295
0.104295
0.104295
0.104294
0.104294
0.104293
0.104293
0.104292
0.104291
0.104291
0.104289
0.10429
0.104287
0.104289
0.104273
0.00487809
0.00300289
0.00797076
0.025024
0.0394129
0.0482526
0.0538134
0.0576498
0.0605562
0.0629173
0.0649293
0.0667
0.0682974
0.0697615
0.0711221
0.0723987
0.0736074
0.0747569
0.075855
0.0769039
0.0779046
0.0788525
0.0797443
0.0805744
0.0813407
0.0820389
0.0826702
0.0832351
0.0837382
0.0841811
0.0845698
0.0849082
0.0852032
0.0854569
0.0856757
0.0858632
0.0860254
0.0861625
0.0862796
0.086378
0.0864627
0.0865323
0.0865909
0.0866396
0.0866823
0.0867166
0.0867454
0.0867685
0.0867892
0.0868042
0.0868165
0.0868261
0.086836
0.0868426
0.0868483
0.0868522
0.086857
0.0868587
0.08686
0.0868604
0.0868631
0.086864
0.0868649
0.0868648
0.0868661
0.0868648
0.0868636
0.0868624
0.0868639
0.0868639
0.0868639
0.086863
0.0868635
0.0868616
0.0868598
0.0868586
0.0868597
0.0868595
0.0868593
0.0868586
0.0868589
0.0868573
0.0868557
0.0868547
0.0868557
0.0868555
0.0868553
0.0868547
0.086855
0.0868538
0.0868528
0.0868523
0.0868533
0.0868534
0.0868534
0.086853
0.0868533
0.0868523
0.0868515
0.0868511
0.0868517
0.0868516
0.0868515
0.086851
0.086851
0.0868503
0.0868496
0.086849
0.086849
0.0868488
0.0868485
0.086848
0.0868476
0.0868471
0.0868466
0.0868458
0.0868453
0.0868443
0.0868445
0.0868426
0.086844
0.0868309
0.00312375
0.00267861
0.00738072
0.0222664
0.0340365
0.0409475
0.045211
0.0481488
0.0503907
0.0522278
0.0538052
0.0552023
0.0564688
0.0576342
0.0587206
0.059742
0.0607108
0.0616327
0.062514
0.0633552
0.0641572
0.0649153
0.0656271
0.0662878
0.0668962
0.0674487
0.0679469
0.0683912
0.068786
0.0691323
0.0694356
0.0696986
0.0699277
0.0701237
0.0702929
0.0704373
0.0705623
0.0706672
0.070757
0.0708321
0.0708968
0.0709494
0.0709941
0.071031
0.0710636
0.0710891
0.0711111
0.0711283
0.071144
0.0711548
0.0711642
0.0711712
0.0711789
0.0711835
0.0711879
0.0711906
0.0711944
0.0711951
0.0711962
0.0711965
0.0711988
0.0711991
0.0711999
0.0711996
0.0712008
0.0711993
0.0711986
0.0711977
0.0711992
0.0711988
0.0711989
0.0711982
0.0711987
0.0711968
0.0711957
0.0711947
0.0711959
0.0711955
0.0711955
0.0711949
0.0711952
0.0711936
0.0711926
0.0711919
0.0711929
0.0711925
0.0711926
0.0711921
0.0711924
0.0711912
0.0711907
0.0711904
0.0711914
0.0711912
0.0711914
0.0711911
0.0711914
0.0711905
0.0711901
0.0711898
0.0711904
0.0711902
0.0711902
0.0711898
0.0711898
0.0711892
0.0711887
0.0711883
0.0711884
0.0711882
0.071188
0.0711876
0.0711873
0.071187
0.0711865
0.0711859
0.0711854
0.0711847
0.0711848
0.0711832
0.0711843
0.0711739
0.00211478
0.00251376
0.0065541
0.0191707
0.0286016
0.0339026
0.0371193
0.0393386
0.0410463
0.0424574
0.0436776
0.0447642
0.0457536
0.0466667
0.04752
0.0483235
0.0490864
0.0498124
0.0505062
0.0511678
0.0517975
0.0523912
0.0529474
0.0534619
0.0539344
0.0543619
0.0547464
0.0550881
0.0553911
0.0556558
0.0558872
0.0560873
0.0562613
0.0564094
0.0565374
0.0566463
0.0567405
0.056819
0.0568864
0.0569425
0.056991
0.0570298
0.0570633
0.0570906
0.0571151
0.0571336
0.05715
0.0571625
0.0571743
0.0571818
0.0571889
0.057194
0.0571998
0.0572028
0.0572062
0.057208
0.057211
0.057211
0.057212
0.0572122
0.0572141
0.057214
0.0572147
0.0572144
0.0572154
0.0572139
0.0572136
0.0572129
0.0572143
0.0572137
0.0572139
0.0572133
0.0572138
0.057212
0.0572114
0.0572107
0.0572119
0.0572113
0.0572115
0.0572109
0.0572113
0.0572097
0.0572093
0.0572088
0.0572098
0.0572092
0.0572095
0.057209
0.0572094
0.0572082
0.0572081
0.0572079
0.0572089
0.0572086
0.0572089
0.0572086
0.0572089
0.057208
0.0572079
0.0572077
0.0572083
0.0572081
0.0572082
0.0572079
0.057208
0.0572074
0.0572071
0.0572068
0.057207
0.0572068
0.0572067
0.0572063
0.0572062
0.0572059
0.0572055
0.057205
0.0572047
0.0572041
0.0572041
0.0572029
0.0572036
0.0571956
0.00158231
0.00236145
0.00555797
0.0158856
0.0232591
0.0272337
0.0296123
0.0312584
0.032536
0.0336
0.0345257
0.035354
0.0361106
0.0368107
0.0374661
0.0380838
0.0386705
0.0392285
0.0397613
0.0402684
0.04075
0.0412026
0.0416254
0.0420151
0.042372
0.0426934
0.042982
0.0432374
0.0434634
0.04366
0.0438317
0.0439796
0.0441081
0.044217
0.0443112
0.0443909
0.04446
0.0445171
0.0445664
0.0446071
0.0446425
0.0446703
0.0446947
0.0447144
0.0447322
0.0447453
0.0447572
0.0447661
0.0447747
0.0447796
0.0447849
0.0447885
0.0447929
0.0447946
0.0447972
0.0447984
0.0448006
0.0448003
0.0448012
0.0448012
0.0448029
0.0448024
0.0448031
0.0448028
0.0448037
0.0448022
0.0448021
0.0448017
0.0448029
0.0448022
0.0448025
0.0448019
0.0448024
0.0448008
0.0448006
0.0448002
0.0448013
0.0448006
0.0448008
0.0448003
0.0448007
0.0447993
0.0447992
0.0447989
0.0447998
0.0447992
0.0447996
0.0447992
0.0447995
0.0447985
0.0447986
0.0447986
0.0447994
0.0447991
0.0447994
0.0447992
0.0447994
0.0447987
0.0447988
0.0447987
0.0447992
0.044799
0.0447991
0.0447989
0.044799
0.0447985
0.0447984
0.0447982
0.0447984
0.0447982
0.0447982
0.0447979
0.0447978
0.0447976
0.0447973
0.0447969
0.0447966
0.0447962
0.0447962
0.0447953
0.0447957
0.0447897
0.00129538
0.00215676
0.00447254
0.0125451
0.0181308
0.0210254
0.0227372
0.0239266
0.0248574
0.025638
0.0263206
0.0269336
0.0274952
0.0280155
0.0285033
0.0289632
0.0293998
0.0298146
0.0302101
0.0305855
0.030941
0.0312738
0.0315837
0.0318682
0.0321278
0.0323607
0.0325692
0.032753
0.0329153
0.033056
0.0331787
0.0332839
0.0333753
0.0334522
0.033519
0.0335752
0.0336241
0.033664
0.0336987
0.0337271
0.033752
0.0337711
0.0337883
0.033802
0.0338145
0.0338234
0.0338317
0.0338378
0.0338438
0.0338469
0.0338507
0.0338531
0.0338563
0.0338572
0.0338591
0.0338598
0.0338615
0.0338609
0.0338617
0.0338617
0.033863
0.0338625
0.0338631
0.0338628
0.0338635
0.0338621
0.0338623
0.033862
0.033863
0.0338623
0.0338627
0.0338622
0.0338626
0.0338612
0.0338612
0.033861
0.033862
0.0338613
0.0338616
0.0338612
0.0338615
0.0338603
0.0338604
0.0338603
0.0338611
0.0338605
0.0338609
0.0338606
0.0338609
0.03386
0.0338603
0.0338603
0.033861
0.0338606
0.033861
0.0338608
0.0338611
0.0338604
0.0338606
0.0338606
0.0338611
0.0338608
0.033861
0.0338608
0.0338609
0.0338605
0.0338606
0.0338604
0.0338606
0.0338605
0.0338605
0.0338603
0.0338602
0.03386
0.0338598
0.0338595
0.0338593
0.033859
0.033859
0.0338583
0.0338585
0.0338542
0.0011068
0.0018806
0.00338187
0.00927615
0.0133204
0.015343
0.0165265
0.0173521
0.018003
0.0185519
0.0190338
0.0194677
0.019866
0.0202353
0.0205817
0.0209082
0.0212179
0.0215116
0.021791
0.0220552
0.0223047
0.0225372
0.0227528
0.0229499
0.023129
0.023289
0.0234318
0.0235573
0.0236678
0.0237631
0.0238461
0.023917
0.0239786
0.0240301
0.024075
0.0241125
0.0241452
0.0241717
0.0241949
0.0242136
0.0242302
0.0242426
0.0242541
0.024263
0.0242714
0.024277
0.0242826
0.0242865
0.0242905
0.0242923
0.0242949
0.0242964
0.0242986
0.024299
0.0243003
0.0243007
0.0243019
0.0243012
0.0243019
0.0243019
0.0243029
0.0243023
0.0243029
0.0243026
0.0243032
0.024302
0.0243023
0.0243021
0.0243029
0.0243023
0.0243026
0.0243022
0.0243026
0.0243014
0.0243016
0.0243015
0.0243023
0.0243017
0.024302
0.0243017
0.024302
0.024301
0.0243012
0.0243012
0.0243018
0.0243013
0.0243017
0.0243014
0.0243017
0.024301
0.0243013
0.0243014
0.0243019
0.0243016
0.024302
0.0243018
0.024302
0.0243015
0.0243018
0.0243018
0.0243021
0.0243019
0.0243021
0.024302
0.0243021
0.0243017
0.0243018
0.0243018
0.0243019
0.0243018
0.0243018
0.0243017
0.0243017
0.0243016
0.0243014
0.0243012
0.0243011
0.0243009
0.0243008
0.0243003
0.0243003
0.0242974
0.000939314
0.00153767
0.0023666
0.00621191
0.00892744
0.0102485
0.0110138
0.0115493
0.011974
0.0123335
0.0126499
0.0129353
0.0131974
0.0134405
0.0136685
0.0138831
0.0140865
0.0142787
0.0144612
0.014633
0.0147946
0.0149444
0.0150827
0.0152084
0.0153223
0.0154234
0.0155135
0.0155922
0.0156614
0.0157208
0.0157725
0.0158164
0.0158545
0.0158862
0.0159139
0.0159369
0.0159571
0.0159731
0.0159873
0.0159987
0.0160088
0.0160162
0.0160232
0.0160286
0.0160338
0.016037
0.0160405
0.0160427
0.0160452
0.016046
0.0160477
0.0160486
0.01605
0.0160501
0.016051
0.0160511
0.0160519
0.0160513
0.0160518
0.0160518
0.0160525
0.016052
0.0160524
0.0160522
0.0160526
0.0160517
0.016052
0.0160519
0.0160526
0.016052
0.0160523
0.016052
0.0160523
0.0160514
0.0160517
0.0160516
0.0160522
0.0160517
0.016052
0.0160518
0.016052
0.0160512
0.0160515
0.0160515
0.016052
0.0160516
0.0160519
0.0160517
0.0160519
0.0160514
0.0160517
0.0160518
0.0160522
0.0160519
0.0160522
0.0160521
0.0160522
0.0160518
0.0160521
0.0160522
0.0160524
0.0160522
0.0160524
0.0160523
0.0160524
0.0160522
0.0160523
0.0160523
0.0160524
0.0160523
0.0160523
0.0160522
0.0160522
0.0160521
0.016052
0.0160519
0.0160518
0.0160517
0.0160516
0.0160513
0.0160513
0.0160494
0.000758229
0.00114554
0.0014948
0.00351541
0.00507723
0.005831
0.00626415
0.00656773
0.00680932
0.00701432
0.00719498
0.00735791
0.00750754
0.00764622
0.00777615
0.00789824
0.00801368
0.00812248
0.00822538
0.00832185
0.00841212
0.00849533
0.00857181
0.00864091
0.00870321
0.00875822
0.00880706
0.00884953
0.00888677
0.00891854
0.00894617
0.00896953
0.00898983
0.00900651
0.00902119
0.00903331
0.00904394
0.00905229
0.00905976
0.00906565
0.00907096
0.00907468
0.0090784
0.00908117
0.0090839
0.00908547
0.0090873
0.0090884
0.00908973
0.00909002
0.00909095
0.00909137
0.00909218
0.00909209
0.0090926
0.00909263
0.0090931
0.00909265
0.009093
0.00909296
0.00909343
0.00909306
0.00909332
0.00909317
0.00909345
0.00909284
0.00909307
0.00909301
0.00909344
0.00909305
0.00909326
0.00909308
0.00909329
0.0090927
0.00909292
0.00909292
0.00909331
0.00909295
0.00909315
0.009093
0.00909316
0.00909267
0.0090929
0.00909291
0.00909323
0.00909293
0.00909316
0.00909305
0.00909318
0.00909282
0.00909309
0.00909314
0.00909341
0.0090932
0.00909341
0.00909333
0.00909343
0.00909316
0.00909339
0.0090934
0.00909359
0.00909344
0.00909357
0.00909351
0.00909357
0.00909341
0.00909351
0.0090935
0.00909359
0.00909352
0.00909355
0.0090935
0.0090935
0.00909345
0.00909338
0.0090933
0.00909325
0.00909318
0.00909313
0.00909293
0.00909288
0.00909181
0.000560211
0.000734396
0.000810421
0.00142639
0.00200676
0.0023005
0.00247023
0.00258974
0.00268531
0.00276664
0.00283842
0.0029032
0.00296269
0.0030178
0.00306939
0.00311779
0.00316347
0.00320638
0.00324684
0.0032846
0.00331978
0.00335202
0.00338151
0.00340799
0.00343177
0.00345262
0.00347108
0.00348705
0.00350101
0.00351285
0.00352313
0.00353177
0.00353929
0.0035454
0.00355081
0.00355524
0.00355915
0.00356216
0.00356489
0.00356702
0.00356895
0.00357025
0.00357161
0.0035726
0.0035736
0.00357413
0.0035748
0.00357517
0.00357566
0.00357571
0.00357607
0.00357621
0.00357652
0.00357645
0.00357665
0.00357664
0.00357683
0.00357662
0.00357677
0.00357675
0.00357695
0.00357678
0.0035769
0.00357683
0.00357695
0.00357668
0.00357679
0.00357677
0.00357696
0.00357678
0.00357688
0.0035768
0.00357689
0.00357664
0.00357674
0.00357675
0.00357692
0.00357676
0.00357685
0.00357679
0.00357686
0.00357664
0.00357676
0.00357677
0.00357691
0.00357678
0.00357688
0.00357683
0.00357689
0.00357673
0.00357686
0.00357689
0.003577
0.00357691
0.003577
0.00357697
0.00357701
0.0035769
0.003577
0.00357701
0.00357709
0.00357702
0.00357709
0.00357706
0.00357709
0.00357702
0.00357707
0.00357706
0.0035771
0.00357707
0.00357709
0.00357707
0.00357707
0.00357705
0.00357702
0.00357699
0.00357697
0.00357694
0.00357691
0.00357683
0.0035768
0.00357637
0.000284636
0.000271541
0.000265016
0.000270132
0.000284337
0.000294908
0.000302585
0.00030898
0.000314716
0.00032001
0.000324972
0.00032967
0.000334147
0.000338425
0.000342525
0.000346451
0.000350207
0.000353781
0.000357168
0.00036035
0.000363316
0.000366044
0.000368532
0.000370773
0.000372775
0.000374538
0.000376087
0.000377433
0.000378598
0.000379594
0.000380449
0.000381174
0.000381793
0.000382309
0.000382751
0.000383122
0.000383437
0.000383693
0.000383911
0.00038409
0.000384242
0.000384358
0.000384462
0.000384547
0.000384621
0.000384672
0.000384719
0.000384754
0.000384786
0.000384801
0.000384823
0.000384839
0.000384856
0.000384859
0.000384868
0.000384872
0.00038488
0.000384874
0.000384879
0.000384882
0.00038489
0.000384885
0.000384888
0.000384887
0.000384891
0.000384882
0.000384885
0.000384887
0.000384894
0.000384889
0.000384892
0.000384891
0.000384894
0.000384887
0.00038489
0.000384895
0.000384902
0.000384899
0.000384902
0.000384903
0.000384906
0.000384901
0.000384906
0.000384911
0.000384918
0.000384916
0.000384921
0.000384923
0.000384926
0.000384924
0.00038493
0.000384936
0.000384943
0.000384943
0.000384948
0.00038495
0.000384954
0.000384953
0.000384959
0.000384964
0.000384969
0.00038497
0.000384974
0.000384977
0.00038498
0.000384981
0.000384985
0.000384989
0.000384993
0.000384995
0.000384998
0.000385
0.000385002
0.000385004
0.000385005
0.000385006
0.000385008
0.000385009
0.000385009
0.00038501
0.000385007
0.000384997
)
;

boundaryField
{
    lowerWall
    {
        type            nutkWallFunction;
        Cmu             0.09;
        kappa           0.41;
        E               9.8;
        value           nonuniform List<scalar> 
122
(
3.38365e-05
3.21199e-05
3.13245e-05
3.23003e-05
3.43411e-05
3.57835e-05
3.68228e-05
3.76861e-05
3.84573e-05
3.91659e-05
3.98283e-05
4.04534e-05
4.10464e-05
4.16107e-05
4.21497e-05
4.26639e-05
4.31528e-05
4.36148e-05
4.40507e-05
4.44575e-05
4.48325e-05
4.5174e-05
4.5483e-05
4.57591e-05
4.60029e-05
4.62152e-05
4.64017e-05
4.65633e-05
4.67014e-05
4.68182e-05
4.69185e-05
4.70037e-05
4.70752e-05
4.71333e-05
4.7185e-05
4.72289e-05
4.72649e-05
4.72929e-05
4.73177e-05
4.73384e-05
4.73549e-05
4.73659e-05
4.73785e-05
4.73895e-05
4.73977e-05
4.74019e-05
4.74072e-05
4.74117e-05
4.74144e-05
4.74136e-05
4.74172e-05
4.74207e-05
4.74224e-05
4.74211e-05
4.74224e-05
4.74235e-05
4.74235e-05
4.74204e-05
4.74224e-05
4.74248e-05
4.74254e-05
4.74231e-05
4.74237e-05
4.74243e-05
4.74241e-05
4.74211e-05
4.74231e-05
4.74254e-05
4.74259e-05
4.74235e-05
4.74241e-05
4.74247e-05
4.74245e-05
4.7422e-05
4.74244e-05
4.74268e-05
4.74274e-05
4.74256e-05
4.74264e-05
4.74271e-05
4.74269e-05
4.7425e-05
4.74273e-05
4.74295e-05
4.743e-05
4.74286e-05
4.74299e-05
4.74306e-05
4.74305e-05
4.74292e-05
4.74315e-05
4.74334e-05
4.74338e-05
4.74329e-05
4.7434e-05
4.74348e-05
4.74349e-05
4.74341e-05
4.7436e-05
4.74375e-05
4.7438e-05
4.74375e-05
4.74384e-05
4.74391e-05
4.74394e-05
4.74391e-05
4.74402e-05
4.74413e-05
4.74418e-05
4.74418e-05
4.74423e-05
4.74428e-05
4.74431e-05
4.74434e-05
4.74434e-05
4.74436e-05
4.7444e-05
4.74443e-05
4.74441e-05
4.74439e-05
4.74441e-05
4.74429e-05
)
;
    }
    upperWall
    {
        type            nutkWallFunction;
        Cmu             0.09;
        kappa           0.41;
        E               9.8;
        value           nonuniform List<scalar> 
122
(
3.36347e-05
3.19164e-05
3.11323e-05
3.21366e-05
3.41485e-05
3.55623e-05
3.65834e-05
3.74318e-05
3.81893e-05
3.88852e-05
3.95349e-05
4.01478e-05
4.07299e-05
4.12844e-05
4.18141e-05
4.23197e-05
4.28014e-05
4.32577e-05
4.36879e-05
4.40896e-05
4.44614e-05
4.4801e-05
4.51084e-05
4.53832e-05
4.56269e-05
4.584e-05
4.60261e-05
4.61868e-05
4.63253e-05
4.64429e-05
4.65434e-05
4.66283e-05
4.67006e-05
4.67603e-05
4.68115e-05
4.68543e-05
4.68905e-05
4.69196e-05
4.69445e-05
4.69647e-05
4.69819e-05
4.69948e-05
4.70065e-05
4.7016e-05
4.70243e-05
4.70297e-05
4.7035e-05
4.70387e-05
4.70423e-05
4.70437e-05
4.7046e-05
4.70477e-05
4.70497e-05
4.70498e-05
4.70508e-05
4.70512e-05
4.7052e-05
4.70511e-05
4.70518e-05
4.70522e-05
4.70531e-05
4.70524e-05
4.70528e-05
4.70527e-05
4.70531e-05
4.70519e-05
4.70524e-05
4.70528e-05
4.70537e-05
4.7053e-05
4.70534e-05
4.70533e-05
4.70538e-05
4.70528e-05
4.70533e-05
4.7054e-05
4.7055e-05
4.70546e-05
4.7055e-05
4.70551e-05
4.70556e-05
4.70549e-05
4.70556e-05
4.70564e-05
4.70573e-05
4.70571e-05
4.70578e-05
4.70581e-05
4.70586e-05
4.70583e-05
4.70592e-05
4.706e-05
4.70609e-05
4.70609e-05
4.70616e-05
4.7062e-05
4.70625e-05
4.70624e-05
4.70632e-05
4.70639e-05
4.70647e-05
4.70649e-05
4.70654e-05
4.70658e-05
4.70663e-05
4.70664e-05
4.7067e-05
4.70675e-05
4.70681e-05
4.70684e-05
4.70688e-05
4.70691e-05
4.70695e-05
4.70698e-05
4.70699e-05
4.70701e-05
4.70703e-05
4.70705e-05
4.70706e-05
4.70707e-05
4.70702e-05
4.70691e-05
)
;
    }
    inlet
    {
        type            calculated;
        value           uniform 0.0366503;
    }
    outlet
    {
        type            calculated;
        value           nonuniform List<scalar> 
60
(
0.000387972
0.00361017
0.00918112
0.0162061
0.0245314
0.0341759
0.0452106
0.057728
0.0718311
0.0876267
0.105222
0.124718
0.146212
0.169782
0.195491
0.223372
0.253421
0.285581
0.319726
0.355644
0.393014
0.431396
0.470234
0.508917
0.546933
0.584226
0.621759
0.661877
0.705988
0.743981
0.743308
0.703896
0.658695
0.61798
0.580232
0.542953
0.505075
0.466595
0.427992
0.389859
0.352744
0.317079
0.283183
0.251265
0.221449
0.193789
0.168289
0.144914
0.123603
0.104273
0.0868309
0.0711739
0.0571956
0.0447897
0.0338542
0.0242974
0.0160494
0.00909181
0.00357637
0.000384997
)
;
    }
    frontAndBack
    {
        type            empty;
    }
}


// ************************************************************************* //
