/*--------------------------------*- C++ -*----------------------------------*\
  =========                 |
  \\      /  F ield         | OpenFOAM: The Open Source CFD Toolbox
   \\    /   O peration     | Website:  https://openfoam.org
    \\  /    A nd           | Version:  8
     \\/     M anipulation  |
\*---------------------------------------------------------------------------*/
FoamFile
{
    version     2.0;
    format      ascii;
    class       volScalarField;
    location    "150";
    object      p;
}
// * * * * * * * * * * * * * * * * * * * * * * * * * * * * * * * * * * * * * //

dimensions      [0 2 -2 0 0 0 0];

internalField   nonuniform List<scalar> 
7320
(
2185.69
2180.11
2179.2
2169.05
2146.54
2122.06
2099.61
2078.67
2058.66
2039.35
2020.65
2002.51
1984.87
1967.68
1950.92
1934.53
1918.51
1902.81
1887.41
1872.27
1857.39
1842.72
1828.24
1813.85
1799.51
1785.09
1770.53
1755.71
1740.62
1725.2
1709.45
1693.34
1676.92
1660.19
1643.19
1625.91
1608.43
1590.75
1572.91
1554.9
1536.78
1518.54
1500.22
1481.77
1463.27
1444.71
1426.11
1407.43
1388.73
1370.01
1351.26
1332.44
1313.63
1294.8
1275.97
1257.09
1238.23
1219.36
1200.49
1181.57
1162.67
1143.77
1124.88
1105.96
1087.05
1068.15
1049.25
1030.31
1011.4
992.482
973.581
954.648
935.74
916.833
897.931
878.988
860.073
841.16
822.258
803.329
784.423
765.519
746.619
727.682
708.772
689.864
670.964
652.039
633.138
614.237
595.338
576.409
557.504
538.599
519.702
500.783
481.885
462.986
444.089
425.169
406.269
387.368
368.474
349.564
330.669
311.772
292.879
273.971
255.076
236.18
217.287
198.389
179.496
160.605
141.711
122.825
103.93
85.0465
66.1424
47.283
28.3434
9.55103
2184.89
2180.09
2179.2
2169.06
2146.54
2122.07
2099.61
2078.67
2058.66
2039.35
2020.66
2002.51
1984.87
1967.68
1950.92
1934.53
1918.51
1902.81
1887.41
1872.27
1857.38
1842.72
1828.24
1813.85
1799.51
1785.09
1770.53
1755.71
1740.62
1725.2
1709.45
1693.34
1676.92
1660.19
1643.19
1625.91
1608.43
1590.75
1572.91
1554.9
1536.78
1518.54
1500.22
1481.77
1463.27
1444.71
1426.11
1407.43
1388.73
1370.01
1351.26
1332.44
1313.63
1294.8
1275.97
1257.09
1238.23
1219.36
1200.49
1181.57
1162.67
1143.77
1124.88
1105.96
1087.05
1068.15
1049.25
1030.31
1011.4
992.482
973.581
954.648
935.74
916.833
897.931
878.988
860.073
841.16
822.258
803.329
784.423
765.519
746.619
727.682
708.772
689.864
670.964
652.039
633.138
614.237
595.338
576.409
557.504
538.599
519.702
500.783
481.885
462.986
444.089
425.169
406.269
387.368
368.474
349.564
330.669
311.772
292.879
273.971
255.076
236.18
217.287
198.389
179.496
160.605
141.711
122.825
103.93
85.0464
66.1424
47.283
28.3433
9.551
2184.68
2180.1
2179.2
2169.07
2146.56
2122.07
2099.62
2078.67
2058.66
2039.35
2020.66
2002.51
1984.87
1967.68
1950.92
1934.53
1918.51
1902.81
1887.41
1872.27
1857.38
1842.72
1828.24
1813.85
1799.51
1785.09
1770.53
1755.71
1740.62
1725.2
1709.45
1693.34
1676.92
1660.19
1643.19
1625.91
1608.43
1590.75
1572.91
1554.9
1536.78
1518.54
1500.22
1481.77
1463.27
1444.71
1426.11
1407.43
1388.73
1370.01
1351.26
1332.44
1313.63
1294.8
1275.97
1257.09
1238.23
1219.36
1200.49
1181.57
1162.67
1143.77
1124.88
1105.96
1087.05
1068.15
1049.25
1030.31
1011.4
992.482
973.581
954.648
935.74
916.833
897.931
878.988
860.073
841.16
822.258
803.329
784.423
765.519
746.619
727.682
708.772
689.864
670.964
652.039
633.138
614.237
595.338
576.409
557.504
538.599
519.702
500.783
481.885
462.986
444.089
425.169
406.269
387.368
368.474
349.564
330.669
311.772
292.879
273.971
255.076
236.18
217.287
198.389
179.496
160.605
141.711
122.825
103.93
85.0464
66.1424
47.283
28.3434
9.55105
2184.67
2180.11
2179.21
2169.1
2146.58
2122.08
2099.62
2078.67
2058.66
2039.35
2020.66
2002.51
1984.86
1967.68
1950.92
1934.53
1918.51
1902.81
1887.41
1872.26
1857.38
1842.72
1828.24
1813.85
1799.5
1785.09
1770.53
1755.71
1740.62
1725.2
1709.45
1693.34
1676.92
1660.19
1643.19
1625.91
1608.43
1590.75
1572.91
1554.9
1536.78
1518.54
1500.22
1481.77
1463.27
1444.71
1426.11
1407.43
1388.73
1370.01
1351.26
1332.44
1313.63
1294.8
1275.97
1257.09
1238.23
1219.36
1200.49
1181.57
1162.67
1143.77
1124.88
1105.96
1087.05
1068.15
1049.25
1030.31
1011.4
992.482
973.581
954.648
935.74
916.833
897.931
878.988
860.073
841.16
822.258
803.329
784.423
765.519
746.619
727.682
708.772
689.864
670.964
652.039
633.138
614.237
595.338
576.409
557.504
538.599
519.702
500.783
481.885
462.986
444.089
425.169
406.269
387.368
368.474
349.564
330.669
311.772
292.879
273.971
255.076
236.18
217.287
198.389
179.496
160.605
141.711
122.825
103.93
85.0464
66.1424
47.283
28.3433
9.55092
2184.64
2180.11
2179.22
2169.13
2146.6
2122.09
2099.63
2078.68
2058.66
2039.35
2020.66
2002.5
1984.86
1967.68
1950.92
1934.53
1918.51
1902.81
1887.41
1872.26
1857.38
1842.72
1828.24
1813.85
1799.5
1785.09
1770.53
1755.71
1740.62
1725.2
1709.45
1693.34
1676.92
1660.19
1643.19
1625.91
1608.43
1590.75
1572.91
1554.9
1536.78
1518.54
1500.22
1481.77
1463.27
1444.71
1426.11
1407.43
1388.73
1370.01
1351.26
1332.44
1313.63
1294.8
1275.97
1257.09
1238.23
1219.36
1200.49
1181.57
1162.67
1143.77
1124.88
1105.96
1087.05
1068.15
1049.25
1030.31
1011.4
992.482
973.581
954.648
935.74
916.833
897.931
878.988
860.073
841.16
822.258
803.329
784.423
765.519
746.619
727.682
708.772
689.864
670.964
652.039
633.138
614.237
595.338
576.409
557.504
538.599
519.702
500.783
481.885
462.986
444.089
425.169
406.269
387.368
368.474
349.564
330.669
311.772
292.879
273.971
255.076
236.18
217.287
198.389
179.496
160.605
141.711
122.825
103.93
85.0464
66.1424
47.283
28.3434
9.55103
2184.6
2180.12
2179.24
2169.16
2146.62
2122.1
2099.63
2078.68
2058.66
2039.35
2020.66
2002.5
1984.86
1967.68
1950.92
1934.53
1918.5
1902.8
1887.41
1872.26
1857.38
1842.72
1828.24
1813.85
1799.5
1785.09
1770.53
1755.71
1740.62
1725.2
1709.45
1693.34
1676.92
1660.19
1643.19
1625.91
1608.43
1590.75
1572.91
1554.9
1536.78
1518.54
1500.22
1481.77
1463.27
1444.71
1426.11
1407.43
1388.73
1370.01
1351.26
1332.44
1313.63
1294.8
1275.97
1257.09
1238.23
1219.36
1200.49
1181.57
1162.67
1143.77
1124.88
1105.96
1087.05
1068.15
1049.25
1030.31
1011.4
992.482
973.581
954.648
935.739
916.833
897.931
878.988
860.073
841.16
822.258
803.329
784.423
765.519
746.619
727.682
708.772
689.864
670.964
652.039
633.138
614.237
595.338
576.409
557.504
538.599
519.702
500.783
481.885
462.986
444.089
425.169
406.269
387.368
368.474
349.564
330.669
311.772
292.879
273.971
255.076
236.18
217.287
198.389
179.496
160.605
141.711
122.825
103.93
85.0464
66.1423
47.283
28.3432
9.55082
2184.57
2180.12
2179.25
2169.2
2146.65
2122.12
2099.64
2078.69
2058.67
2039.35
2020.66
2002.5
1984.86
1967.68
1950.92
1934.53
1918.5
1902.8
1887.4
1872.26
1857.38
1842.72
1828.24
1813.85
1799.5
1785.09
1770.53
1755.71
1740.62
1725.2
1709.45
1693.34
1676.92
1660.19
1643.19
1625.91
1608.43
1590.75
1572.91
1554.9
1536.78
1518.54
1500.22
1481.77
1463.27
1444.71
1426.11
1407.43
1388.73
1370.01
1351.26
1332.44
1313.63
1294.8
1275.97
1257.09
1238.23
1219.36
1200.49
1181.57
1162.67
1143.77
1124.88
1105.96
1087.05
1068.15
1049.25
1030.31
1011.4
992.482
973.581
954.648
935.739
916.833
897.931
878.988
860.073
841.16
822.258
803.329
784.423
765.519
746.619
727.682
708.772
689.864
670.964
652.039
633.138
614.237
595.338
576.409
557.504
538.599
519.702
500.783
481.885
462.986
444.089
425.169
406.269
387.368
368.474
349.564
330.668
311.772
292.879
273.971
255.076
236.18
217.287
198.389
179.496
160.605
141.711
122.825
103.93
85.0464
66.1423
47.283
28.3434
9.55106
2184.54
2180.13
2179.27
2169.24
2146.68
2122.13
2099.65
2078.69
2058.67
2039.35
2020.66
2002.5
1984.86
1967.68
1950.92
1934.53
1918.5
1902.8
1887.4
1872.26
1857.38
1842.72
1828.24
1813.85
1799.5
1785.09
1770.53
1755.71
1740.62
1725.2
1709.45
1693.34
1676.92
1660.19
1643.19
1625.91
1608.43
1590.75
1572.91
1554.9
1536.78
1518.54
1500.22
1481.77
1463.27
1444.71
1426.11
1407.43
1388.73
1370.01
1351.26
1332.44
1313.63
1294.8
1275.97
1257.09
1238.23
1219.36
1200.49
1181.57
1162.67
1143.77
1124.88
1105.96
1087.05
1068.15
1049.25
1030.31
1011.4
992.482
973.581
954.648
935.739
916.833
897.931
878.988
860.072
841.16
822.258
803.329
784.423
765.519
746.619
727.682
708.772
689.864
670.964
652.039
633.138
614.237
595.338
576.409
557.504
538.599
519.702
500.783
481.885
462.986
444.089
425.169
406.269
387.368
368.474
349.564
330.668
311.772
292.879
273.971
255.076
236.18
217.287
198.389
179.496
160.605
141.711
122.825
103.93
85.0463
66.1423
47.283
28.3431
9.5507
2184.52
2180.14
2179.28
2169.28
2146.71
2122.16
2099.66
2078.7
2058.67
2039.35
2020.66
2002.51
1984.86
1967.68
1950.91
1934.53
1918.5
1902.8
1887.4
1872.26
1857.38
1842.71
1828.24
1813.85
1799.5
1785.09
1770.53
1755.71
1740.62
1725.2
1709.45
1693.34
1676.92
1660.19
1643.19
1625.91
1608.43
1590.75
1572.91
1554.9
1536.78
1518.54
1500.22
1481.77
1463.27
1444.71
1426.11
1407.43
1388.73
1370.01
1351.26
1332.44
1313.63
1294.8
1275.97
1257.09
1238.23
1219.36
1200.49
1181.57
1162.67
1143.77
1124.88
1105.96
1087.05
1068.15
1049.25
1030.31
1011.39
992.482
973.581
954.648
935.739
916.833
897.931
878.988
860.072
841.16
822.258
803.329
784.423
765.519
746.619
727.682
708.772
689.864
670.964
652.039
633.138
614.237
595.339
576.409
557.504
538.599
519.702
500.783
481.885
462.986
444.09
425.169
406.269
387.368
368.474
349.564
330.668
311.772
292.879
273.971
255.076
236.18
217.287
198.389
179.496
160.604
141.711
122.825
103.93
85.0463
66.1422
47.283
28.3433
9.55102
2184.5
2180.15
2179.29
2169.32
2146.75
2122.18
2099.67
2078.71
2058.68
2039.36
2020.66
2002.51
1984.86
1967.68
1950.91
1934.52
1918.5
1902.8
1887.4
1872.26
1857.38
1842.71
1828.23
1813.85
1799.5
1785.09
1770.53
1755.71
1740.62
1725.2
1709.45
1693.34
1676.92
1660.19
1643.19
1625.91
1608.43
1590.75
1572.91
1554.9
1536.78
1518.54
1500.22
1481.77
1463.27
1444.71
1426.11
1407.43
1388.73
1370.01
1351.26
1332.44
1313.63
1294.8
1275.97
1257.09
1238.23
1219.36
1200.49
1181.57
1162.67
1143.77
1124.88
1105.96
1087.05
1068.15
1049.25
1030.31
1011.39
992.482
973.581
954.648
935.739
916.833
897.931
878.988
860.072
841.16
822.258
803.329
784.423
765.519
746.619
727.682
708.772
689.864
670.964
652.039
633.138
614.237
595.339
576.409
557.504
538.599
519.702
500.783
481.885
462.986
444.09
425.169
406.269
387.368
368.474
349.563
330.668
311.772
292.879
273.971
255.076
236.18
217.287
198.389
179.496
160.604
141.711
122.825
103.93
85.0463
66.1422
47.283
28.343
9.55054
2184.48
2180.15
2179.29
2169.35
2146.8
2122.21
2099.69
2078.72
2058.69
2039.36
2020.66
2002.51
1984.86
1967.68
1950.91
1934.52
1918.5
1902.8
1887.4
1872.25
1857.37
1842.71
1828.23
1813.84
1799.5
1785.09
1770.52
1755.7
1740.62
1725.2
1709.45
1693.34
1676.92
1660.19
1643.19
1625.91
1608.43
1590.75
1572.91
1554.9
1536.78
1518.54
1500.22
1481.77
1463.27
1444.71
1426.11
1407.43
1388.73
1370.01
1351.26
1332.44
1313.63
1294.8
1275.97
1257.09
1238.23
1219.36
1200.49
1181.57
1162.67
1143.77
1124.88
1105.96
1087.05
1068.15
1049.25
1030.31
1011.39
992.482
973.581
954.648
935.739
916.833
897.931
878.988
860.072
841.16
822.258
803.328
784.423
765.519
746.619
727.682
708.772
689.864
670.964
652.039
633.138
614.237
595.339
576.409
557.504
538.599
519.702
500.783
481.885
462.986
444.09
425.169
406.269
387.368
368.474
349.563
330.668
311.772
292.879
273.971
255.076
236.18
217.287
198.389
179.496
160.604
141.711
122.825
103.93
85.0462
66.1422
47.283
28.3433
9.55106
2184.45
2180.16
2179.29
2169.38
2146.85
2122.25
2099.72
2078.73
2058.69
2039.37
2020.67
2002.51
1984.86
1967.68
1950.91
1934.52
1918.5
1902.79
1887.4
1872.25
1857.37
1842.71
1828.23
1813.84
1799.5
1785.08
1770.52
1755.7
1740.61
1725.2
1709.45
1693.34
1676.91
1660.19
1643.19
1625.91
1608.43
1590.75
1572.91
1554.9
1536.78
1518.54
1500.22
1481.77
1463.27
1444.71
1426.11
1407.43
1388.73
1370.01
1351.26
1332.44
1313.63
1294.8
1275.97
1257.09
1238.23
1219.36
1200.49
1181.57
1162.67
1143.77
1124.88
1105.96
1087.05
1068.15
1049.25
1030.31
1011.39
992.482
973.581
954.648
935.739
916.833
897.931
878.988
860.072
841.16
822.258
803.328
784.423
765.519
746.619
727.682
708.772
689.864
670.964
652.039
633.138
614.237
595.339
576.409
557.504
538.599
519.702
500.783
481.885
462.986
444.09
425.169
406.269
387.368
368.474
349.563
330.668
311.772
292.879
273.971
255.076
236.179
217.287
198.389
179.496
160.604
141.711
122.825
103.93
85.0462
66.1421
47.2829
28.3429
9.55038
2184.43
2180.17
2179.28
2169.39
2146.9
2122.29
2099.74
2078.75
2058.71
2039.38
2020.67
2002.51
1984.87
1967.68
1950.91
1934.52
1918.49
1902.79
1887.39
1872.25
1857.37
1842.71
1828.23
1813.84
1799.49
1785.08
1770.52
1755.7
1740.61
1725.2
1709.45
1693.33
1676.91
1660.19
1643.19
1625.91
1608.43
1590.75
1572.91
1554.9
1536.78
1518.54
1500.22
1481.77
1463.27
1444.71
1426.11
1407.43
1388.73
1370.01
1351.26
1332.44
1313.63
1294.8
1275.97
1257.09
1238.23
1219.36
1200.49
1181.57
1162.67
1143.77
1124.88
1105.96
1087.05
1068.15
1049.25
1030.31
1011.39
992.482
973.581
954.648
935.739
916.833
897.931
878.988
860.072
841.16
822.258
803.328
784.423
765.519
746.619
727.682
708.772
689.864
670.964
652.039
633.138
614.237
595.339
576.409
557.504
538.599
519.702
500.783
481.885
462.986
444.09
425.169
406.269
387.368
368.474
349.563
330.668
311.772
292.879
273.971
255.076
236.179
217.287
198.389
179.496
160.604
141.711
122.824
103.93
85.0462
66.1421
47.283
28.3431
9.551
2184.4
2180.18
2179.26
2169.38
2146.95
2122.35
2099.78
2078.77
2058.72
2039.39
2020.68
2002.52
1984.87
1967.68
1950.91
1934.52
1918.49
1902.79
1887.39
1872.25
1857.37
1842.71
1828.23
1813.84
1799.49
1785.08
1770.52
1755.7
1740.61
1725.19
1709.45
1693.33
1676.91
1660.19
1643.19
1625.91
1608.43
1590.75
1572.91
1554.9
1536.78
1518.54
1500.22
1481.77
1463.27
1444.71
1426.11
1407.43
1388.73
1370.01
1351.26
1332.44
1313.63
1294.8
1275.97
1257.09
1238.23
1219.36
1200.49
1181.57
1162.67
1143.77
1124.88
1105.96
1087.05
1068.15
1049.25
1030.31
1011.39
992.482
973.581
954.648
935.739
916.833
897.931
878.988
860.072
841.16
822.258
803.328
784.423
765.519
746.619
727.682
708.772
689.864
670.964
652.039
633.138
614.237
595.339
576.409
557.504
538.599
519.702
500.783
481.885
462.986
444.09
425.169
406.269
387.368
368.474
349.563
330.668
311.772
292.879
273.971
255.076
236.179
217.287
198.389
179.496
160.604
141.711
122.824
103.93
85.0461
66.142
47.2829
28.3428
9.55017
2184.36
2180.19
2179.23
2169.36
2147
2122.41
2099.83
2078.8
2058.74
2039.4
2020.69
2002.52
1984.87
1967.68
1950.91
1934.52
1918.49
1902.79
1887.39
1872.25
1857.37
1842.7
1828.22
1813.84
1799.49
1785.08
1770.52
1755.7
1740.61
1725.19
1709.44
1693.33
1676.91
1660.19
1643.19
1625.91
1608.43
1590.75
1572.91
1554.9
1536.78
1518.54
1500.22
1481.77
1463.27
1444.71
1426.11
1407.43
1388.73
1370.01
1351.26
1332.44
1313.63
1294.8
1275.97
1257.09
1238.23
1219.36
1200.49
1181.57
1162.67
1143.77
1124.88
1105.96
1087.05
1068.15
1049.25
1030.31
1011.39
992.482
973.581
954.648
935.739
916.833
897.931
878.988
860.072
841.16
822.258
803.328
784.423
765.519
746.619
727.682
708.772
689.864
670.964
652.039
633.138
614.237
595.339
576.409
557.504
538.599
519.702
500.783
481.885
462.986
444.09
425.169
406.269
387.368
368.474
349.563
330.668
311.772
292.879
273.971
255.076
236.179
217.287
198.389
179.496
160.604
141.711
122.824
103.93
85.0461
66.142
47.2829
28.343
9.55102
2184.32
2180.19
2179.18
2169.31
2147.05
2122.48
2099.89
2078.85
2058.77
2039.42
2020.7
2002.54
1984.88
1967.69
1950.92
1934.52
1918.49
1902.79
1887.39
1872.25
1857.36
1842.7
1828.22
1813.83
1799.49
1785.08
1770.52
1755.7
1740.61
1725.19
1709.44
1693.33
1676.91
1660.19
1643.19
1625.91
1608.43
1590.75
1572.91
1554.9
1536.78
1518.54
1500.22
1481.77
1463.27
1444.71
1426.11
1407.43
1388.73
1370.01
1351.26
1332.44
1313.63
1294.8
1275.97
1257.09
1238.23
1219.36
1200.49
1181.57
1162.67
1143.77
1124.88
1105.96
1087.05
1068.15
1049.25
1030.31
1011.39
992.482
973.581
954.648
935.739
916.833
897.931
878.988
860.072
841.16
822.258
803.328
784.423
765.519
746.619
727.682
708.772
689.864
670.964
652.039
633.138
614.237
595.339
576.409
557.504
538.599
519.702
500.783
481.884
462.985
444.09
425.169
406.269
387.368
368.474
349.563
330.668
311.772
292.879
273.971
255.076
236.179
217.287
198.389
179.496
160.604
141.711
122.824
103.93
85.0461
66.142
47.2829
28.3427
9.54997
2184.27
2180.2
2179.11
2169.24
2147.08
2122.56
2099.96
2078.9
2058.81
2039.45
2020.72
2002.55
1984.89
1967.69
1950.92
1934.53
1918.5
1902.79
1887.39
1872.25
1857.36
1842.7
1828.22
1813.83
1799.49
1785.07
1770.51
1755.69
1740.61
1725.19
1709.44
1693.33
1676.91
1660.19
1643.19
1625.91
1608.43
1590.75
1572.91
1554.9
1536.78
1518.54
1500.22
1481.77
1463.27
1444.71
1426.11
1407.43
1388.73
1370.01
1351.26
1332.44
1313.63
1294.8
1275.97
1257.09
1238.23
1219.36
1200.49
1181.57
1162.67
1143.77
1124.88
1105.96
1087.05
1068.15
1049.25
1030.31
1011.39
992.482
973.581
954.648
935.739
916.833
897.931
878.988
860.072
841.16
822.258
803.328
784.423
765.519
746.619
727.682
708.772
689.864
670.964
652.039
633.138
614.237
595.339
576.409
557.504
538.599
519.702
500.783
481.884
462.985
444.09
425.169
406.269
387.368
368.474
349.563
330.668
311.772
292.879
273.971
255.075
236.179
217.287
198.389
179.496
160.604
141.711
122.824
103.93
85.0461
66.1419
47.2829
28.3429
9.55094
2184.21
2180.2
2179.01
2169.15
2147.11
2122.65
2100.04
2078.96
2058.86
2039.48
2020.75
2002.57
1984.91
1967.71
1950.93
1934.53
1918.5
1902.8
1887.39
1872.25
1857.36
1842.7
1828.22
1813.83
1799.48
1785.07
1770.51
1755.69
1740.6
1725.19
1709.44
1693.33
1676.91
1660.18
1643.19
1625.91
1608.43
1590.75
1572.91
1554.9
1536.78
1518.54
1500.22
1481.77
1463.27
1444.71
1426.11
1407.43
1388.73
1370.01
1351.26
1332.44
1313.63
1294.8
1275.97
1257.09
1238.23
1219.36
1200.49
1181.57
1162.67
1143.77
1124.88
1105.96
1087.05
1068.15
1049.25
1030.31
1011.39
992.482
973.581
954.648
935.739
916.833
897.931
878.988
860.072
841.16
822.258
803.328
784.423
765.519
746.619
727.682
708.772
689.864
670.964
652.039
633.138
614.237
595.339
576.409
557.504
538.599
519.701
500.783
481.884
462.985
444.09
425.169
406.269
387.368
368.474
349.563
330.668
311.772
292.879
273.971
255.075
236.179
217.287
198.389
179.496
160.604
141.711
122.824
103.93
85.046
66.1419
47.2828
28.3426
9.54972
2184.14
2180.2
2178.88
2169.03
2147.11
2122.74
2100.13
2079.04
2058.92
2039.53
2020.79
2002.6
1984.93
1967.72
1950.95
1934.54
1918.51
1902.8
1887.4
1872.25
1857.36
1842.7
1828.22
1813.83
1799.48
1785.07
1770.51
1755.69
1740.6
1725.18
1709.44
1693.33
1676.91
1660.18
1643.19
1625.91
1608.43
1590.75
1572.91
1554.9
1536.77
1518.54
1500.22
1481.77
1463.27
1444.71
1426.11
1407.43
1388.73
1370.01
1351.26
1332.44
1313.63
1294.8
1275.97
1257.09
1238.23
1219.36
1200.49
1181.57
1162.67
1143.77
1124.88
1105.96
1087.05
1068.15
1049.25
1030.31
1011.39
992.482
973.581
954.648
935.739
916.833
897.931
878.988
860.072
841.16
822.258
803.328
784.423
765.519
746.619
727.682
708.772
689.864
670.964
652.039
633.138
614.237
595.338
576.409
557.504
538.599
519.701
500.783
481.884
462.985
444.089
425.169
406.269
387.368
368.473
349.563
330.668
311.772
292.879
273.971
255.075
236.179
217.287
198.389
179.496
160.604
141.711
122.824
103.93
85.046
66.1419
47.2828
28.3428
9.55089
2184.07
2180.21
2178.72
2168.88
2147.11
2122.82
2100.23
2079.13
2059
2039.59
2020.84
2002.64
1984.96
1967.75
1950.96
1934.56
1918.52
1902.81
1887.4
1872.25
1857.37
1842.7
1828.22
1813.83
1799.48
1785.07
1770.51
1755.69
1740.6
1725.18
1709.44
1693.33
1676.91
1660.18
1643.19
1625.9
1608.42
1590.75
1572.91
1554.9
1536.77
1518.54
1500.22
1481.77
1463.27
1444.71
1426.11
1407.43
1388.73
1370.01
1351.26
1332.44
1313.63
1294.8
1275.97
1257.09
1238.23
1219.36
1200.49
1181.57
1162.67
1143.77
1124.88
1105.96
1087.05
1068.15
1049.25
1030.31
1011.4
992.482
973.58
954.648
935.739
916.833
897.931
878.988
860.073
841.16
822.258
803.329
784.423
765.519
746.619
727.682
708.772
689.864
670.964
652.039
633.138
614.236
595.338
576.409
557.504
538.599
519.701
500.783
481.884
462.985
444.089
425.169
406.269
387.368
368.473
349.563
330.668
311.772
292.879
273.971
255.076
236.179
217.287
198.389
179.496
160.604
141.711
122.824
103.93
85.046
66.1419
47.2826
28.3426
9.54951
2183.98
2180.21
2178.54
2168.69
2147.09
2122.89
2100.34
2079.24
2059.09
2039.67
2020.9
2002.69
1985
1967.78
1950.99
1934.58
1918.54
1902.82
1887.41
1872.26
1857.37
1842.7
1828.22
1813.83
1799.48
1785.06
1770.5
1755.68
1740.6
1725.18
1709.43
1693.32
1676.9
1660.18
1643.19
1625.9
1608.42
1590.75
1572.91
1554.9
1536.77
1518.54
1500.22
1481.77
1463.27
1444.71
1426.11
1407.43
1388.73
1370.01
1351.26
1332.44
1313.63
1294.8
1275.97
1257.09
1238.23
1219.36
1200.49
1181.57
1162.67
1143.77
1124.88
1105.96
1087.05
1068.15
1049.25
1030.31
1011.4
992.482
973.58
954.648
935.739
916.833
897.931
878.988
860.073
841.16
822.258
803.329
784.423
765.519
746.618
727.682
708.772
689.864
670.964
652.039
633.138
614.236
595.338
576.409
557.504
538.599
519.701
500.783
481.885
462.985
444.089
425.169
406.269
387.368
368.473
349.563
330.668
311.772
292.879
273.971
255.076
236.179
217.287
198.389
179.496
160.604
141.711
122.824
103.93
85.046
66.1419
47.2825
28.3429
9.55098
2183.88
2180.21
2178.33
2168.45
2147.06
2122.96
2100.44
2079.35
2059.19
2039.76
2020.97
2002.75
1985.06
1967.83
1951.03
1934.61
1918.56
1902.84
1887.43
1872.27
1857.38
1842.71
1828.22
1813.83
1799.48
1785.06
1770.5
1755.68
1740.59
1725.18
1709.43
1693.32
1676.9
1660.18
1643.18
1625.9
1608.42
1590.75
1572.91
1554.9
1536.77
1518.54
1500.22
1481.77
1463.27
1444.71
1426.11
1407.43
1388.73
1370.01
1351.26
1332.44
1313.63
1294.8
1275.97
1257.09
1238.23
1219.36
1200.49
1181.57
1162.67
1143.77
1124.88
1105.96
1087.05
1068.15
1049.25
1030.31
1011.4
992.482
973.58
954.649
935.739
916.832
897.93
878.989
860.073
841.16
822.257
803.329
784.423
765.518
746.618
727.683
708.772
689.864
670.963
652.039
633.138
614.236
595.338
576.409
557.504
538.599
519.701
500.783
481.885
462.985
444.089
425.169
406.269
387.368
368.473
349.564
330.668
311.772
292.878
273.971
255.076
236.179
217.287
198.389
179.496
160.604
141.711
122.824
103.93
85.0459
66.142
47.2823
28.3429
9.54931
2183.77
2180.21
2178.1
2168.18
2147.01
2123.02
2100.53
2079.47
2059.31
2039.87
2021.07
2002.83
1985.13
1967.88
1951.08
1934.66
1918.6
1902.87
1887.45
1872.29
1857.4
1842.72
1828.23
1813.84
1799.48
1785.07
1770.5
1755.68
1740.59
1725.18
1709.43
1693.32
1676.9
1660.18
1643.18
1625.9
1608.42
1590.75
1572.91
1554.9
1536.77
1518.54
1500.22
1481.77
1463.27
1444.71
1426.11
1407.43
1388.73
1370.01
1351.26
1332.44
1313.63
1294.8
1275.97
1257.09
1238.23
1219.36
1200.49
1181.57
1162.67
1143.77
1124.88
1105.96
1087.05
1068.15
1049.25
1030.31
1011.4
992.482
973.58
954.649
935.739
916.832
897.93
878.989
860.073
841.16
822.257
803.329
784.423
765.518
746.618
727.683
708.773
689.864
670.963
652.04
633.138
614.236
595.338
576.409
557.504
538.599
519.701
500.783
481.885
462.985
444.089
425.169
406.269
387.368
368.473
349.564
330.668
311.772
292.878
273.971
255.076
236.179
217.287
198.389
179.496
160.604
141.711
122.824
103.93
85.046
66.142
47.2821
28.3433
9.55081
2183.64
2180.21
2177.84
2167.88
2146.93
2123.07
2100.62
2079.57
2059.43
2039.99
2021.18
2002.93
1985.21
1967.96
1951.14
1934.71
1918.65
1902.92
1887.49
1872.32
1857.42
1842.74
1828.25
1813.85
1799.49
1785.07
1770.51
1755.69
1740.6
1725.18
1709.43
1693.32
1676.9
1660.18
1643.18
1625.9
1608.43
1590.75
1572.91
1554.9
1536.78
1518.54
1500.22
1481.77
1463.27
1444.71
1426.11
1407.43
1388.73
1370.01
1351.26
1332.44
1313.63
1294.8
1275.97
1257.09
1238.23
1219.36
1200.49
1181.57
1162.67
1143.77
1124.88
1105.96
1087.05
1068.15
1049.25
1030.31
1011.4
992.482
973.58
954.649
935.739
916.832
897.929
878.989
860.073
841.16
822.257
803.329
784.423
765.518
746.617
727.683
708.773
689.864
670.963
652.04
633.138
614.236
595.337
576.41
557.504
538.599
519.701
500.784
481.885
462.985
444.088
425.17
406.269
387.368
368.473
349.564
330.668
311.772
292.878
273.971
255.076
236.179
217.287
198.389
179.496
160.604
141.711
122.824
103.93
85.0459
66.1422
47.2817
28.3437
9.54904
2183.5
2180.2
2177.55
2167.56
2146.85
2123.11
2100.68
2079.66
2059.54
2040.11
2021.3
2003.05
1985.32
1968.06
1951.23
1934.79
1918.71
1902.97
1887.54
1872.37
1857.46
1842.77
1828.27
1813.87
1799.51
1785.08
1770.52
1755.69
1740.6
1725.18
1709.43
1693.32
1676.91
1660.18
1643.19
1625.91
1608.43
1590.75
1572.91
1554.9
1536.78
1518.54
1500.22
1481.77
1463.27
1444.71
1426.11
1407.43
1388.74
1370.01
1351.26
1332.44
1313.63
1294.8
1275.97
1257.09
1238.23
1219.36
1200.49
1181.57
1162.67
1143.77
1124.88
1105.96
1087.05
1068.15
1049.25
1030.31
1011.4
992.482
973.579
954.649
935.74
916.832
897.929
878.989
860.074
841.16
822.257
803.33
784.423
765.518
746.617
727.683
708.773
689.864
670.963
652.04
633.138
614.236
595.337
576.41
557.504
538.599
519.701
500.784
481.885
462.985
444.088
425.17
406.269
387.368
368.473
349.564
330.668
311.772
292.878
273.972
255.076
236.179
217.287
198.389
179.496
160.604
141.711
122.824
103.93
85.0459
66.1423
47.2814
28.3445
9.55047
2183.36
2180.19
2177.25
2167.22
2146.77
2123.14
2100.74
2079.72
2059.62
2040.21
2021.42
2003.18
1985.44
1968.17
1951.33
1934.88
1918.8
1903.05
1887.61
1872.43
1857.51
1842.82
1828.31
1813.9
1799.54
1785.11
1770.53
1755.71
1740.61
1725.19
1709.44
1693.33
1676.91
1660.19
1643.19
1625.91
1608.43
1590.75
1572.92
1554.91
1536.78
1518.55
1500.22
1481.77
1463.28
1444.71
1426.11
1407.43
1388.74
1370.01
1351.26
1332.44
1313.63
1294.8
1275.97
1257.09
1238.23
1219.36
1200.49
1181.57
1162.67
1143.77
1124.88
1105.96
1087.05
1068.15
1049.25
1030.31
1011.4
992.482
973.579
954.65
935.74
916.831
897.928
878.99
860.074
841.16
822.256
803.33
784.423
765.518
746.616
727.684
708.773
689.864
670.962
652.041
633.138
614.236
595.336
576.41
557.505
538.599
519.7
500.784
481.885
462.985
444.088
425.17
406.27
387.368
368.473
349.564
330.668
311.772
292.878
273.972
255.076
236.18
217.287
198.39
179.496
160.604
141.711
122.824
103.93
85.0459
66.1426
47.2808
28.3455
9.54853
2183.21
2180.17
2176.94
2166.88
2146.68
2123.18
2100.79
2079.78
2059.67
2040.27
2021.5
2003.29
1985.57
1968.3
1951.46
1935
1918.9
1903.15
1887.69
1872.51
1857.58
1842.88
1828.37
1813.96
1799.58
1785.15
1770.57
1755.74
1740.64
1725.21
1709.46
1693.35
1676.93
1660.2
1643.2
1625.93
1608.44
1590.76
1572.92
1554.91
1536.79
1518.55
1500.22
1481.78
1463.28
1444.72
1426.11
1407.44
1388.74
1370.01
1351.26
1332.44
1313.63
1294.8
1275.97
1257.09
1238.23
1219.36
1200.49
1181.57
1162.68
1143.77
1124.88
1105.96
1087.05
1068.15
1049.25
1030.31
1011.4
992.483
973.578
954.65
935.74
916.831
897.927
878.99
860.074
841.16
822.256
803.331
784.424
765.517
746.615
727.684
708.774
689.864
670.962
652.041
633.139
614.235
595.335
576.411
557.505
538.599
519.7
500.785
481.885
462.984
444.087
425.171
406.27
387.368
368.472
349.565
330.669
311.771
292.877
273.972
255.076
236.18
217.287
198.39
179.496
160.605
141.711
122.824
103.93
85.0459
66.1428
47.2802
28.3469
9.54884
2183.07
2180.15
2176.65
2166.54
2146.6
2123.22
2100.85
2079.84
2059.73
2040.32
2021.55
2003.34
1985.64
1968.4
1951.58
1935.13
1919.03
1903.27
1887.81
1872.61
1857.68
1842.97
1828.45
1814.03
1799.65
1785.2
1770.62
1755.78
1740.68
1725.25
1709.49
1693.38
1676.95
1660.22
1643.22
1625.94
1608.46
1590.78
1572.94
1554.93
1536.8
1518.56
1500.23
1481.79
1463.29
1444.72
1426.12
1407.44
1388.74
1370.01
1351.26
1332.45
1313.63
1294.8
1275.97
1257.1
1238.23
1219.36
1200.49
1181.57
1162.68
1143.77
1124.88
1105.96
1087.05
1068.15
1049.25
1030.31
1011.4
992.483
973.578
954.651
935.74
916.831
897.926
878.991
860.075
841.16
822.256
803.331
784.424
765.517
746.614
727.685
708.774
689.864
670.962
652.042
633.139
614.235
595.335
576.412
557.505
538.599
519.7
500.785
481.885
462.984
444.087
425.171
406.27
387.368
368.472
349.565
330.669
311.771
292.877
273.972
255.076
236.18
217.287
198.39
179.496
160.605
141.711
122.824
103.93
85.0458
66.1432
47.2795
28.3484
9.54712
2182.95
2180.13
2176.4
2166.26
2146.53
2123.25
2100.9
2079.89
2059.77
2040.36
2021.59
2003.38
1985.68
1968.44
1951.64
1935.21
1919.14
1903.39
1887.94
1872.75
1857.81
1843.09
1828.56
1814.13
1799.74
1785.29
1770.7
1755.86
1740.74
1725.31
1709.54
1693.42
1676.99
1660.26
1643.25
1625.97
1608.48
1590.8
1572.95
1554.94
1536.81
1518.57
1500.24
1481.8
1463.3
1444.73
1426.12
1407.45
1388.75
1370.02
1351.26
1332.45
1313.64
1294.8
1275.97
1257.1
1238.23
1219.36
1200.49
1181.58
1162.68
1143.77
1124.88
1105.96
1087.06
1068.15
1049.25
1030.32
1011.4
992.483
973.577
954.651
935.741
916.83
897.925
878.992
860.076
841.161
822.255
803.332
784.424
765.517
746.613
727.686
708.774
689.864
670.961
652.042
633.139
614.235
595.334
576.412
557.506
538.599
519.699
500.786
481.885
462.984
444.086
425.172
406.27
387.368
368.472
349.565
330.669
311.771
292.877
273.973
255.076
236.18
217.286
198.39
179.497
160.605
141.711
122.824
103.93
85.0457
66.1436
47.2787
28.35
9.54516
2182.87
2180.12
2176.24
2166.08
2146.49
2123.27
2100.94
2079.92
2059.81
2040.39
2021.61
2003.4
1985.7
1968.47
1951.66
1935.23
1919.17
1903.43
1888
1872.83
1857.91
1843.21
1828.69
1814.26
1799.86
1785.4
1770.79
1755.94
1740.82
1725.37
1709.6
1693.47
1677.03
1660.29
1643.28
1626
1608.51
1590.82
1572.97
1554.96
1536.83
1518.58
1500.25
1481.8
1463.3
1444.74
1426.13
1407.45
1388.75
1370.02
1351.26
1332.45
1313.64
1294.81
1275.97
1257.1
1238.23
1219.36
1200.49
1181.58
1162.68
1143.78
1124.88
1105.96
1087.06
1068.15
1049.25
1030.32
1011.4
992.483
973.577
954.652
935.741
916.83
897.924
878.993
860.076
841.161
822.255
803.332
784.424
765.516
746.613
727.686
708.775
689.864
670.961
652.043
633.139
614.234
595.333
576.413
557.506
538.599
519.699
500.786
481.885
462.984
444.086
425.172
406.271
387.368
368.472
349.566
330.669
311.771
292.877
273.973
255.077
236.18
217.286
198.39
179.497
160.605
141.711
122.824
103.93
85.0457
66.1439
47.2779
28.3511
9.54373
2182.87
2180.12
2176.25
2166.07
2146.48
2123.27
2100.93
2079.92
2059.81
2040.39
2021.61
2003.4
1985.7
1968.47
1951.66
1935.23
1919.17
1903.43
1888
1872.83
1857.91
1843.21
1828.69
1814.26
1799.86
1785.4
1770.8
1755.95
1740.82
1725.37
1709.6
1693.47
1677.03
1660.29
1643.28
1626
1608.51
1590.82
1572.97
1554.96
1536.83
1518.58
1500.25
1481.8
1463.3
1444.74
1426.13
1407.45
1388.75
1370.02
1351.26
1332.45
1313.64
1294.81
1275.97
1257.1
1238.23
1219.36
1200.49
1181.58
1162.68
1143.78
1124.88
1105.96
1087.06
1068.15
1049.25
1030.32
1011.4
992.483
973.577
954.652
935.741
916.829
897.923
878.993
860.077
841.161
822.255
803.333
784.424
765.515
746.612
727.687
708.775
689.864
670.961
652.043
633.139
614.234
595.333
576.413
557.506
538.599
519.699
500.786
481.886
462.983
444.085
425.173
406.271
387.368
368.472
349.566
330.669
311.771
292.876
273.973
255.077
236.18
217.286
198.39
179.497
160.605
141.711
122.824
103.93
85.0457
66.1439
47.2775
28.351
9.54235
2182.96
2180.15
2176.41
2166.24
2146.5
2123.24
2100.89
2079.88
2059.77
2040.36
2021.59
2003.38
1985.68
1968.44
1951.64
1935.21
1919.14
1903.39
1887.94
1872.75
1857.81
1843.09
1828.56
1814.13
1799.74
1785.29
1770.7
1755.86
1740.75
1725.31
1709.54
1693.43
1677
1660.26
1643.25
1625.97
1608.49
1590.8
1572.95
1554.94
1536.82
1518.57
1500.24
1481.8
1463.3
1444.73
1426.12
1407.45
1388.75
1370.01
1351.26
1332.45
1313.64
1294.8
1275.97
1257.1
1238.23
1219.36
1200.48
1181.58
1162.68
1143.77
1124.88
1105.96
1087.06
1068.15
1049.25
1030.32
1011.4
992.483
973.577
954.652
935.741
916.828
897.923
878.993
860.077
841.16
822.255
803.333
784.424
765.515
746.612
727.687
708.776
689.864
670.961
652.043
633.139
614.233
595.333
576.413
557.507
538.599
519.699
500.786
481.886
462.983
444.085
425.173
406.271
387.368
368.472
349.566
330.669
311.771
292.876
273.973
255.077
236.18
217.286
198.39
179.497
160.605
141.711
122.824
103.93
85.0458
66.1436
47.2775
28.3497
9.54437
2183.08
2180.18
2176.67
2166.52
2146.56
2123.2
2100.84
2079.83
2059.72
2040.32
2021.55
2003.34
1985.64
1968.4
1951.58
1935.13
1919.04
1903.27
1887.81
1872.62
1857.69
1842.98
1828.45
1814.03
1799.65
1785.21
1770.62
1755.79
1740.68
1725.25
1709.49
1693.38
1676.96
1660.22
1643.22
1625.95
1608.46
1590.78
1572.94
1554.93
1536.8
1518.56
1500.23
1481.79
1463.29
1444.72
1426.12
1407.44
1388.74
1370.01
1351.25
1332.45
1313.64
1294.8
1275.97
1257.1
1238.23
1219.36
1200.48
1181.58
1162.68
1143.77
1124.88
1105.96
1087.06
1068.15
1049.24
1030.32
1011.4
992.483
973.577
954.652
935.741
916.828
897.923
878.993
860.078
841.16
822.255
803.333
784.424
765.514
746.612
727.687
708.776
689.864
670.961
652.043
633.139
614.233
595.333
576.413
557.507
538.599
519.699
500.786
481.886
462.982
444.085
425.173
406.271
387.368
368.472
349.566
330.669
311.77
292.876
273.973
255.077
236.18
217.286
198.39
179.497
160.605
141.711
122.824
103.93
85.0458
66.1432
47.2777
28.3481
9.5447
2183.22
2180.21
2176.98
2166.85
2146.62
2123.15
2100.78
2079.77
2059.67
2040.27
2021.5
2003.29
1985.57
1968.3
1951.46
1935
1918.91
1903.15
1887.7
1872.51
1857.59
1842.89
1828.37
1813.96
1799.59
1785.15
1770.57
1755.74
1740.64
1725.22
1709.46
1693.35
1676.93
1660.2
1643.2
1625.93
1608.45
1590.76
1572.92
1554.92
1536.79
1518.55
1500.22
1481.78
1463.28
1444.72
1426.11
1407.44
1388.74
1370.01
1351.25
1332.45
1313.63
1294.8
1275.96
1257.1
1238.23
1219.36
1200.48
1181.58
1162.68
1143.77
1124.88
1105.96
1087.06
1068.15
1049.24
1030.32
1011.4
992.483
973.577
954.652
935.741
916.827
897.923
878.993
860.078
841.16
822.255
803.333
784.424
765.514
746.612
727.687
708.776
689.863
670.961
652.043
633.139
614.232
595.333
576.413
557.507
538.598
519.699
500.786
481.886
462.982
444.085
425.173
406.271
387.368
368.472
349.566
330.669
311.77
292.876
273.973
255.077
236.18
217.286
198.39
179.497
160.605
141.711
122.824
103.93
85.0459
66.1428
47.278
28.3464
9.54676
2183.37
2180.23
2177.3
2167.19
2146.69
2123.1
2100.72
2079.72
2059.61
2040.21
2021.42
2003.18
1985.44
1968.17
1951.34
1934.89
1918.8
1903.05
1887.61
1872.43
1857.52
1842.83
1828.32
1813.91
1799.54
1785.11
1770.53
1755.71
1740.62
1725.2
1709.44
1693.34
1676.92
1660.19
1643.19
1625.92
1608.44
1590.76
1572.92
1554.91
1536.78
1518.54
1500.21
1481.78
1463.28
1444.71
1426.11
1407.44
1388.74
1370
1351.25
1332.45
1313.63
1294.8
1275.96
1257.1
1238.23
1219.35
1200.48
1181.58
1162.68
1143.77
1124.88
1105.96
1087.06
1068.15
1049.24
1030.32
1011.4
992.482
973.577
954.652
935.741
916.827
897.923
878.993
860.078
841.16
822.255
803.332
784.424
765.513
746.612
727.687
708.777
689.863
670.961
652.043
633.139
614.232
595.333
576.413
557.507
538.598
519.699
500.786
481.886
462.982
444.085
425.173
406.271
387.367
368.472
349.566
330.669
311.77
292.876
273.973
255.077
236.18
217.286
198.39
179.497
160.605
141.711
122.823
103.93
85.0459
66.1425
47.2782
28.3451
9.54667
2183.52
2180.25
2177.61
2167.52
2146.77
2123.06
2100.66
2079.65
2059.53
2040.11
2021.3
2003.05
1985.32
1968.06
1951.23
1934.79
1918.72
1902.98
1887.54
1872.38
1857.47
1842.78
1828.28
1813.88
1799.52
1785.09
1770.52
1755.7
1740.61
1725.19
1709.44
1693.33
1676.91
1660.18
1643.18
1625.91
1608.43
1590.75
1572.91
1554.9
1536.78
1518.54
1500.21
1481.77
1463.28
1444.71
1426.11
1407.43
1388.74
1370
1351.25
1332.44
1313.63
1294.8
1275.96
1257.1
1238.23
1219.35
1200.48
1181.58
1162.68
1143.77
1124.88
1105.96
1087.06
1068.14
1049.24
1030.32
1011.4
992.482
973.577
954.652
935.741
916.827
897.923
878.993
860.078
841.16
822.255
803.332
784.424
765.513
746.612
727.687
708.777
689.863
670.961
652.043
633.139
614.232
595.333
576.413
557.507
538.598
519.699
500.786
481.886
462.982
444.085
425.172
406.272
387.367
368.472
349.565
330.669
311.77
292.876
273.973
255.077
236.18
217.286
198.39
179.497
160.604
141.711
122.823
103.93
85.046
66.1422
47.2784
28.3441
9.54811
2183.66
2180.27
2177.9
2167.83
2146.84
2123.02
2100.6
2079.56
2059.42
2039.98
2021.18
2002.94
1985.22
1967.97
1951.15
1934.72
1918.66
1902.92
1887.49
1872.33
1857.43
1842.75
1828.25
1813.86
1799.5
1785.07
1770.51
1755.69
1740.6
1725.18
1709.43
1693.33
1676.91
1660.18
1643.18
1625.91
1608.43
1590.75
1572.91
1554.9
1536.78
1518.54
1500.21
1481.77
1463.28
1444.71
1426.11
1407.43
1388.74
1370
1351.25
1332.44
1313.63
1294.8
1275.96
1257.1
1238.23
1219.35
1200.48
1181.58
1162.68
1143.77
1124.88
1105.96
1087.06
1068.14
1049.24
1030.32
1011.4
992.482
973.577
954.652
935.741
916.826
897.923
878.993
860.078
841.16
822.255
803.332
784.424
765.513
746.612
727.687
708.777
689.863
670.961
652.043
633.139
614.232
595.333
576.413
557.508
538.598
519.699
500.786
481.886
462.982
444.085
425.172
406.272
387.367
368.472
349.565
330.669
311.77
292.876
273.973
255.077
236.179
217.286
198.39
179.497
160.604
141.711
122.823
103.929
85.046
66.1421
47.2785
28.3433
9.54768
2183.79
2180.28
2178.17
2168.13
2146.91
2122.97
2100.51
2079.45
2059.3
2039.86
2021.07
2002.84
1985.13
1967.89
1951.08
1934.66
1918.61
1902.88
1887.46
1872.3
1857.41
1842.73
1828.24
1813.84
1799.49
1785.07
1770.5
1755.69
1740.6
1725.18
1709.43
1693.33
1676.91
1660.18
1643.18
1625.91
1608.43
1590.75
1572.91
1554.9
1536.78
1518.54
1500.21
1481.77
1463.28
1444.71
1426.1
1407.43
1388.74
1370
1351.25
1332.44
1313.63
1294.8
1275.96
1257.1
1238.23
1219.35
1200.48
1181.58
1162.68
1143.77
1124.88
1105.96
1087.06
1068.14
1049.25
1030.32
1011.4
992.482
973.577
954.652
935.741
916.826
897.923
878.993
860.078
841.159
822.255
803.332
784.424
765.513
746.612
727.687
708.777
689.863
670.961
652.043
633.139
614.232
595.333
576.413
557.508
538.598
519.699
500.786
481.886
462.982
444.085
425.172
406.272
387.367
368.472
349.565
330.669
311.77
292.876
273.973
255.077
236.179
217.286
198.39
179.497
160.604
141.711
122.823
103.929
85.0461
66.1419
47.2787
28.3428
9.54873
2183.9
2180.28
2178.4
2168.4
2146.95
2122.91
2100.42
2079.34
2059.19
2039.76
2020.97
2002.76
1985.06
1967.83
1951.03
1934.62
1918.57
1902.85
1887.43
1872.28
1857.39
1842.72
1828.23
1813.84
1799.49
1785.07
1770.5
1755.69
1740.6
1725.18
1709.43
1693.33
1676.91
1660.18
1643.18
1625.91
1608.43
1590.75
1572.91
1554.9
1536.78
1518.54
1500.21
1481.77
1463.27
1444.71
1426.1
1407.43
1388.74
1370
1351.25
1332.44
1313.63
1294.8
1275.96
1257.1
1238.23
1219.35
1200.48
1181.58
1162.68
1143.77
1124.88
1105.96
1087.06
1068.14
1049.25
1030.32
1011.4
992.482
973.577
954.651
935.741
916.826
897.923
878.993
860.078
841.159
822.255
803.332
784.424
765.513
746.612
727.687
708.777
689.863
670.961
652.043
633.139
614.231
595.333
576.413
557.508
538.598
519.699
500.786
481.886
462.982
444.085
425.172
406.272
387.367
368.472
349.565
330.669
311.77
292.876
273.973
255.077
236.179
217.286
198.39
179.497
160.604
141.711
122.823
103.929
85.0461
66.1419
47.2788
28.3425
9.54823
2184
2180.28
2178.62
2168.63
2146.98
2122.84
2100.31
2079.23
2059.08
2039.67
2020.9
2002.69
1985.01
1967.79
1951
1934.59
1918.55
1902.83
1887.42
1872.27
1857.38
1842.71
1828.22
1813.84
1799.48
1785.07
1770.5
1755.69
1740.6
1725.18
1709.44
1693.33
1676.91
1660.18
1643.18
1625.91
1608.43
1590.75
1572.91
1554.9
1536.78
1518.54
1500.21
1481.77
1463.27
1444.71
1426.1
1407.43
1388.74
1370
1351.25
1332.44
1313.63
1294.8
1275.96
1257.1
1238.23
1219.35
1200.48
1181.58
1162.68
1143.77
1124.88
1105.96
1087.06
1068.14
1049.25
1030.32
1011.4
992.482
973.577
954.651
935.741
916.826
897.923
878.993
860.079
841.159
822.255
803.332
784.424
765.513
746.612
727.687
708.777
689.863
670.961
652.043
633.139
614.231
595.333
576.413
557.508
538.598
519.699
500.786
481.886
462.981
444.086
425.172
406.272
387.367
368.472
349.565
330.669
311.77
292.876
273.973
255.077
236.179
217.286
198.39
179.497
160.604
141.711
122.823
103.929
85.0462
66.1418
47.2789
28.3422
9.54906
2184.09
2180.28
2178.8
2168.82
2146.99
2122.76
2100.21
2079.12
2058.99
2039.59
2020.84
2002.64
1984.97
1967.76
1950.97
1934.57
1918.53
1902.82
1887.41
1872.26
1857.38
1842.71
1828.22
1813.84
1799.49
1785.07
1770.51
1755.69
1740.61
1725.19
1709.44
1693.33
1676.91
1660.18
1643.18
1625.91
1608.43
1590.75
1572.91
1554.9
1536.78
1518.54
1500.21
1481.77
1463.27
1444.71
1426.1
1407.43
1388.74
1370
1351.25
1332.44
1313.63
1294.8
1275.96
1257.09
1238.23
1219.35
1200.48
1181.58
1162.68
1143.77
1124.88
1105.96
1087.06
1068.14
1049.25
1030.32
1011.4
992.482
973.577
954.651
935.741
916.826
897.924
878.993
860.079
841.159
822.255
803.332
784.424
765.513
746.612
727.687
708.777
689.863
670.961
652.043
633.139
614.231
595.333
576.413
557.508
538.598
519.699
500.786
481.886
462.981
444.086
425.172
406.272
387.367
368.472
349.565
330.669
311.77
292.876
273.973
255.077
236.179
217.286
198.39
179.497
160.604
141.711
122.823
103.929
85.0462
66.1418
47.2789
28.3422
9.54856
2184.17
2180.28
2178.96
2168.97
2146.99
2122.68
2100.11
2079.03
2058.92
2039.53
2020.79
2002.61
1984.94
1967.73
1950.95
1934.56
1918.52
1902.81
1887.4
1872.26
1857.37
1842.71
1828.22
1813.84
1799.49
1785.07
1770.51
1755.7
1740.61
1725.19
1709.44
1693.33
1676.91
1660.18
1643.18
1625.91
1608.43
1590.75
1572.91
1554.9
1536.78
1518.54
1500.21
1481.77
1463.28
1444.71
1426.1
1407.43
1388.74
1370
1351.25
1332.44
1313.63
1294.8
1275.96
1257.09
1238.23
1219.35
1200.48
1181.58
1162.68
1143.77
1124.88
1105.96
1087.06
1068.14
1049.25
1030.32
1011.4
992.482
973.577
954.651
935.741
916.826
897.924
878.993
860.079
841.159
822.255
803.332
784.424
765.513
746.612
727.687
708.777
689.863
670.962
652.043
633.139
614.231
595.333
576.413
557.508
538.598
519.699
500.786
481.886
462.981
444.086
425.172
406.272
387.367
368.472
349.565
330.669
311.77
292.876
273.973
255.077
236.179
217.286
198.39
179.497
160.604
141.711
122.823
103.929
85.0462
66.1418
47.279
28.3421
9.54927
2184.23
2180.28
2179.09
2169.08
2146.98
2122.59
2100.01
2078.95
2058.86
2039.48
2020.75
2002.58
1984.92
1967.72
1950.94
1934.55
1918.51
1902.8
1887.4
1872.26
1857.37
1842.71
1828.22
1813.84
1799.49
1785.07
1770.51
1755.7
1740.61
1725.19
1709.44
1693.33
1676.91
1660.18
1643.18
1625.91
1608.43
1590.75
1572.91
1554.9
1536.78
1518.54
1500.21
1481.77
1463.28
1444.71
1426.11
1407.43
1388.74
1370
1351.25
1332.44
1313.63
1294.8
1275.96
1257.09
1238.23
1219.35
1200.48
1181.58
1162.68
1143.77
1124.88
1105.96
1087.06
1068.14
1049.25
1030.32
1011.4
992.482
973.577
954.651
935.741
916.826
897.924
878.993
860.079
841.159
822.255
803.332
784.424
765.513
746.613
727.687
708.777
689.863
670.962
652.043
633.139
614.231
595.333
576.413
557.508
538.598
519.699
500.786
481.886
462.981
444.086
425.172
406.272
387.367
368.472
349.565
330.669
311.77
292.876
273.973
255.077
236.179
217.286
198.39
179.497
160.604
141.711
122.823
103.929
85.0462
66.1418
47.279
28.3422
9.54885
2184.29
2180.28
2179.19
2169.17
2146.95
2122.5
2099.93
2078.89
2058.81
2039.45
2020.73
2002.56
1984.9
1967.7
1950.93
1934.54
1918.51
1902.8
1887.4
1872.26
1857.37
1842.71
1828.23
1813.84
1799.49
1785.08
1770.51
1755.7
1740.61
1725.19
1709.44
1693.34
1676.92
1660.18
1643.19
1625.91
1608.43
1590.75
1572.91
1554.9
1536.78
1518.54
1500.21
1481.77
1463.28
1444.71
1426.11
1407.43
1388.74
1370
1351.25
1332.44
1313.63
1294.8
1275.96
1257.09
1238.23
1219.35
1200.48
1181.58
1162.68
1143.77
1124.88
1105.96
1087.06
1068.14
1049.25
1030.32
1011.4
992.482
973.577
954.651
935.741
916.826
897.924
878.993
860.079
841.159
822.255
803.332
784.424
765.513
746.613
727.687
708.777
689.863
670.962
652.043
633.139
614.231
595.334
576.413
557.508
538.598
519.699
500.786
481.886
462.981
444.086
425.172
406.272
387.367
368.472
349.565
330.669
311.77
292.876
273.973
255.077
236.179
217.286
198.39
179.497
160.604
141.711
122.824
103.929
85.0463
66.1418
47.2791
28.3422
9.54944
2184.34
2180.28
2179.26
2169.24
2146.91
2122.42
2099.86
2078.84
2058.77
2039.42
2020.71
2002.54
1984.89
1967.7
1950.93
1934.54
1918.51
1902.8
1887.4
1872.26
1857.38
1842.71
1828.23
1813.84
1799.5
1785.08
1770.52
1755.7
1740.62
1725.19
1709.44
1693.34
1676.92
1660.18
1643.19
1625.91
1608.43
1590.75
1572.91
1554.9
1536.78
1518.54
1500.21
1481.77
1463.28
1444.71
1426.11
1407.43
1388.74
1370
1351.25
1332.44
1313.63
1294.8
1275.96
1257.09
1238.23
1219.35
1200.48
1181.58
1162.68
1143.77
1124.88
1105.96
1087.06
1068.14
1049.25
1030.32
1011.4
992.482
973.577
954.651
935.741
916.826
897.924
878.993
860.079
841.159
822.255
803.332
784.424
765.513
746.613
727.687
708.777
689.863
670.962
652.043
633.139
614.231
595.334
576.413
557.508
538.598
519.699
500.786
481.886
462.982
444.086
425.172
406.272
387.367
368.472
349.565
330.669
311.77
292.877
273.973
255.077
236.179
217.286
198.39
179.497
160.604
141.711
122.824
103.929
85.0463
66.1419
47.2791
28.3423
9.54906
2184.38
2180.27
2179.31
2169.28
2146.87
2122.35
2099.8
2078.8
2058.74
2039.4
2020.69
2002.53
1984.88
1967.69
1950.92
1934.53
1918.51
1902.8
1887.4
1872.26
1857.38
1842.71
1828.23
1813.85
1799.5
1785.08
1770.52
1755.71
1740.62
1725.2
1709.45
1693.34
1676.92
1660.18
1643.19
1625.91
1608.43
1590.75
1572.91
1554.9
1536.78
1518.54
1500.21
1481.77
1463.28
1444.71
1426.11
1407.43
1388.74
1370
1351.25
1332.44
1313.63
1294.8
1275.96
1257.09
1238.23
1219.35
1200.48
1181.58
1162.68
1143.77
1124.88
1105.96
1087.06
1068.14
1049.25
1030.32
1011.4
992.482
973.577
954.651
935.741
916.826
897.924
878.993
860.079
841.159
822.255
803.332
784.424
765.513
746.613
727.687
708.777
689.863
670.962
652.043
633.139
614.231
595.334
576.413
557.508
538.598
519.699
500.786
481.886
462.982
444.086
425.172
406.272
387.367
368.472
349.565
330.669
311.77
292.877
273.973
255.077
236.179
217.286
198.39
179.497
160.604
141.711
122.824
103.929
85.0463
66.1419
47.2791
28.3423
9.54958
2184.42
2180.27
2179.35
2169.31
2146.81
2122.28
2099.76
2078.77
2058.72
2039.39
2020.68
2002.53
1984.88
1967.69
1950.92
1934.53
1918.51
1902.8
1887.4
1872.26
1857.38
1842.71
1828.23
1813.85
1799.5
1785.08
1770.52
1755.71
1740.62
1725.2
1709.45
1693.34
1676.92
1660.19
1643.19
1625.91
1608.43
1590.75
1572.91
1554.9
1536.78
1518.54
1500.21
1481.77
1463.28
1444.71
1426.11
1407.43
1388.74
1370
1351.25
1332.44
1313.63
1294.8
1275.96
1257.09
1238.23
1219.35
1200.48
1181.58
1162.68
1143.77
1124.88
1105.96
1087.06
1068.14
1049.25
1030.32
1011.4
992.482
973.577
954.651
935.741
916.826
897.924
878.993
860.079
841.159
822.255
803.332
784.424
765.513
746.613
727.687
708.777
689.863
670.962
652.043
633.139
614.231
595.334
576.413
557.508
538.598
519.699
500.786
481.886
462.982
444.086
425.172
406.272
387.367
368.472
349.565
330.669
311.77
292.877
273.973
255.077
236.179
217.286
198.39
179.497
160.604
141.711
122.824
103.93
85.0463
66.1419
47.2791
28.3424
9.54929
2184.45
2180.26
2179.37
2169.31
2146.76
2122.23
2099.72
2078.74
2058.71
2039.38
2020.67
2002.52
1984.88
1967.69
1950.92
1934.53
1918.51
1902.8
1887.4
1872.26
1857.38
1842.72
1828.24
1813.85
1799.5
1785.08
1770.52
1755.71
1740.62
1725.2
1709.45
1693.34
1676.92
1660.19
1643.19
1625.91
1608.43
1590.75
1572.91
1554.9
1536.78
1518.54
1500.21
1481.77
1463.28
1444.71
1426.11
1407.43
1388.74
1370
1351.25
1332.44
1313.63
1294.8
1275.96
1257.09
1238.23
1219.35
1200.48
1181.58
1162.68
1143.77
1124.88
1105.96
1087.06
1068.14
1049.25
1030.32
1011.4
992.482
973.577
954.651
935.741
916.826
897.924
878.993
860.079
841.159
822.255
803.332
784.424
765.513
746.613
727.687
708.777
689.863
670.962
652.043
633.139
614.232
595.334
576.413
557.508
538.598
519.699
500.786
481.886
462.982
444.086
425.172
406.272
387.367
368.472
349.565
330.669
311.77
292.877
273.973
255.077
236.179
217.286
198.39
179.497
160.604
141.711
122.824
103.93
85.0464
66.142
47.2792
28.3425
9.54969
2184.47
2180.25
2179.38
2169.3
2146.71
2122.19
2099.69
2078.72
2058.7
2039.37
2020.67
2002.52
1984.87
1967.69
1950.92
1934.53
1918.51
1902.8
1887.4
1872.26
1857.38
1842.72
1828.24
1813.85
1799.5
1785.09
1770.52
1755.71
1740.62
1725.2
1709.45
1693.34
1676.92
1660.19
1643.19
1625.91
1608.43
1590.75
1572.91
1554.9
1536.78
1518.54
1500.21
1481.77
1463.28
1444.71
1426.11
1407.43
1388.74
1370
1351.25
1332.44
1313.63
1294.8
1275.96
1257.09
1238.23
1219.35
1200.48
1181.58
1162.68
1143.77
1124.88
1105.96
1087.06
1068.14
1049.25
1030.32
1011.4
992.482
973.577
954.651
935.741
916.826
897.924
878.993
860.079
841.159
822.255
803.332
784.424
765.513
746.613
727.687
708.777
689.863
670.962
652.043
633.139
614.232
595.334
576.413
557.508
538.598
519.699
500.786
481.886
462.982
444.086
425.172
406.272
387.367
368.472
349.565
330.669
311.77
292.877
273.973
255.077
236.179
217.286
198.39
179.497
160.604
141.711
122.824
103.93
85.0464
66.142
47.2792
28.3426
9.54945
2184.5
2180.24
2179.38
2169.27
2146.66
2122.15
2099.67
2078.71
2058.69
2039.36
2020.67
2002.52
1984.87
1967.69
1950.92
1934.54
1918.51
1902.8
1887.4
1872.27
1857.39
1842.72
1828.24
1813.85
1799.51
1785.09
1770.52
1755.71
1740.62
1725.2
1709.45
1693.34
1676.92
1660.19
1643.19
1625.91
1608.43
1590.75
1572.91
1554.9
1536.78
1518.54
1500.21
1481.77
1463.28
1444.71
1426.11
1407.43
1388.74
1370
1351.25
1332.44
1313.63
1294.8
1275.96
1257.09
1238.23
1219.35
1200.48
1181.58
1162.68
1143.77
1124.88
1105.96
1087.06
1068.14
1049.25
1030.32
1011.4
992.482
973.577
954.651
935.741
916.826
897.924
878.993
860.079
841.159
822.255
803.332
784.424
765.513
746.613
727.687
708.777
689.863
670.962
652.043
633.139
614.232
595.334
576.413
557.508
538.598
519.7
500.786
481.886
462.982
444.086
425.172
406.272
387.367
368.472
349.565
330.669
311.77
292.877
273.973
255.077
236.179
217.286
198.39
179.497
160.605
141.711
122.824
103.93
85.0464
66.142
47.2792
28.3426
9.54976
2184.52
2180.23
2179.38
2169.24
2146.62
2122.12
2099.65
2078.7
2058.68
2039.36
2020.66
2002.52
1984.87
1967.69
1950.92
1934.54
1918.51
1902.81
1887.41
1872.27
1857.39
1842.72
1828.24
1813.86
1799.51
1785.09
1770.53
1755.71
1740.62
1725.2
1709.45
1693.34
1676.92
1660.19
1643.19
1625.91
1608.43
1590.75
1572.91
1554.9
1536.78
1518.54
1500.21
1481.77
1463.28
1444.71
1426.11
1407.43
1388.74
1370
1351.25
1332.44
1313.63
1294.8
1275.96
1257.09
1238.23
1219.35
1200.48
1181.58
1162.68
1143.77
1124.88
1105.96
1087.06
1068.14
1049.25
1030.32
1011.4
992.482
973.577
954.651
935.741
916.826
897.924
878.993
860.079
841.159
822.255
803.332
784.424
765.513
746.613
727.687
708.777
689.863
670.962
652.043
633.139
614.232
595.334
576.413
557.508
538.598
519.7
500.786
481.886
462.982
444.086
425.172
406.272
387.367
368.472
349.565
330.669
311.77
292.877
273.973
255.077
236.179
217.286
198.39
179.497
160.605
141.711
122.824
103.93
85.0464
66.1421
47.2792
28.3427
9.5496
2184.54
2180.22
2179.37
2169.2
2146.58
2122.1
2099.64
2078.69
2058.68
2039.36
2020.66
2002.52
1984.87
1967.69
1950.92
1934.54
1918.51
1902.81
1887.41
1872.27
1857.39
1842.72
1828.24
1813.86
1799.51
1785.09
1770.53
1755.71
1740.62
1725.2
1709.45
1693.34
1676.92
1660.19
1643.19
1625.92
1608.43
1590.75
1572.91
1554.9
1536.78
1518.54
1500.21
1481.77
1463.28
1444.71
1426.11
1407.43
1388.74
1370
1351.25
1332.44
1313.63
1294.8
1275.96
1257.09
1238.23
1219.35
1200.48
1181.58
1162.68
1143.77
1124.88
1105.96
1087.06
1068.14
1049.25
1030.32
1011.4
992.482
973.577
954.651
935.741
916.826
897.924
878.993
860.079
841.159
822.255
803.332
784.424
765.513
746.613
727.687
708.777
689.863
670.962
652.043
633.139
614.232
595.334
576.413
557.508
538.598
519.7
500.786
481.886
462.982
444.086
425.172
406.272
387.367
368.472
349.565
330.669
311.77
292.877
273.973
255.077
236.18
217.287
198.39
179.497
160.605
141.711
122.824
103.93
85.0464
66.1421
47.2792
28.3428
9.54981
2184.56
2180.22
2179.35
2169.16
2146.54
2122.08
2099.63
2078.69
2058.67
2039.36
2020.66
2002.51
1984.87
1967.69
1950.92
1934.54
1918.51
1902.81
1887.41
1872.27
1857.39
1842.73
1828.24
1813.86
1799.51
1785.09
1770.53
1755.71
1740.62
1725.2
1709.45
1693.34
1676.92
1660.19
1643.19
1625.92
1608.43
1590.75
1572.91
1554.9
1536.78
1518.54
1500.21
1481.77
1463.28
1444.71
1426.11
1407.43
1388.74
1370
1351.25
1332.44
1313.63
1294.8
1275.96
1257.09
1238.23
1219.35
1200.48
1181.58
1162.68
1143.77
1124.88
1105.96
1087.06
1068.14
1049.25
1030.32
1011.4
992.482
973.577
954.651
935.741
916.826
897.924
878.993
860.079
841.159
822.255
803.332
784.424
765.513
746.613
727.687
708.777
689.863
670.962
652.043
633.139
614.232
595.334
576.413
557.508
538.598
519.7
500.786
481.886
462.982
444.086
425.172
406.272
387.367
368.472
349.565
330.669
311.77
292.877
273.973
255.077
236.18
217.287
198.39
179.497
160.605
141.711
122.824
103.93
85.0464
66.1421
47.2792
28.3428
9.5497
2184.59
2180.21
2179.34
2169.12
2146.51
2122.06
2099.62
2078.68
2058.67
2039.35
2020.66
2002.51
1984.87
1967.69
1950.93
1934.54
1918.51
1902.81
1887.41
1872.27
1857.39
1842.73
1828.24
1813.86
1799.51
1785.09
1770.53
1755.72
1740.63
1725.2
1709.45
1693.34
1676.92
1660.19
1643.19
1625.92
1608.43
1590.75
1572.91
1554.9
1536.78
1518.54
1500.21
1481.77
1463.28
1444.71
1426.11
1407.43
1388.74
1370
1351.25
1332.44
1313.63
1294.8
1275.96
1257.09
1238.23
1219.35
1200.48
1181.58
1162.68
1143.77
1124.88
1105.96
1087.06
1068.14
1049.25
1030.32
1011.4
992.482
973.577
954.651
935.741
916.826
897.924
878.993
860.079
841.159
822.255
803.332
784.425
765.513
746.613
727.687
708.777
689.863
670.962
652.043
633.139
614.232
595.334
576.413
557.508
538.598
519.7
500.786
481.886
462.982
444.086
425.172
406.272
387.367
368.472
349.565
330.669
311.77
292.877
273.973
255.077
236.18
217.287
198.39
179.497
160.605
141.711
122.824
103.93
85.0465
66.1421
47.2793
28.3429
9.54983
2184.62
2180.2
2179.32
2169.08
2146.48
2122.05
2099.61
2078.68
2058.67
2039.35
2020.66
2002.52
1984.87
1967.69
1950.93
1934.54
1918.52
1902.81
1887.41
1872.27
1857.39
1842.73
1828.25
1813.86
1799.51
1785.09
1770.53
1755.72
1740.63
1725.2
1709.45
1693.34
1676.92
1660.19
1643.19
1625.92
1608.43
1590.75
1572.91
1554.9
1536.78
1518.54
1500.21
1481.77
1463.28
1444.71
1426.11
1407.43
1388.74
1370
1351.25
1332.44
1313.63
1294.8
1275.96
1257.09
1238.23
1219.35
1200.48
1181.58
1162.68
1143.77
1124.88
1105.96
1087.06
1068.14
1049.25
1030.32
1011.4
992.482
973.577
954.651
935.741
916.826
897.924
878.993
860.079
841.159
822.255
803.332
784.425
765.513
746.613
727.687
708.777
689.863
670.962
652.043
633.139
614.232
595.334
576.413
557.508
538.598
519.7
500.786
481.886
462.982
444.086
425.172
406.272
387.367
368.472
349.565
330.669
311.77
292.877
273.973
255.077
236.18
217.287
198.39
179.497
160.605
141.711
122.824
103.93
85.0465
66.1422
47.2793
28.3429
9.54981
2184.67
2180.2
2179.31
2169.05
2146.46
2122.03
2099.61
2078.67
2058.66
2039.35
2020.66
2002.52
1984.88
1967.69
1950.93
1934.54
1918.52
1902.81
1887.41
1872.28
1857.39
1842.73
1828.25
1813.86
1799.51
1785.09
1770.53
1755.72
1740.63
1725.2
1709.45
1693.34
1676.92
1660.19
1643.19
1625.92
1608.44
1590.75
1572.91
1554.9
1536.78
1518.54
1500.21
1481.77
1463.28
1444.71
1426.11
1407.43
1388.74
1370
1351.25
1332.44
1313.63
1294.8
1275.96
1257.09
1238.23
1219.35
1200.48
1181.58
1162.68
1143.77
1124.88
1105.96
1087.06
1068.14
1049.25
1030.32
1011.4
992.482
973.577
954.651
935.741
916.826
897.924
878.993
860.079
841.159
822.255
803.332
784.425
765.513
746.613
727.687
708.777
689.863
670.962
652.043
633.139
614.232
595.334
576.413
557.508
538.598
519.7
500.786
481.886
462.982
444.086
425.172
406.272
387.367
368.472
349.565
330.669
311.77
292.877
273.973
255.077
236.18
217.287
198.39
179.497
160.605
141.711
122.824
103.93
85.0465
66.1422
47.2793
28.3429
9.54986
2184.69
2180.19
2179.3
2169.02
2146.44
2122.02
2099.6
2078.67
2058.66
2039.35
2020.66
2002.52
1984.88
1967.69
1950.93
1934.54
1918.52
1902.81
1887.41
1872.28
1857.4
1842.73
1828.25
1813.86
1799.51
1785.09
1770.53
1755.72
1740.63
1725.2
1709.45
1693.34
1676.92
1660.19
1643.19
1625.92
1608.44
1590.75
1572.91
1554.9
1536.78
1518.54
1500.21
1481.77
1463.28
1444.71
1426.11
1407.43
1388.74
1370
1351.25
1332.44
1313.63
1294.8
1275.96
1257.09
1238.23
1219.35
1200.48
1181.58
1162.68
1143.77
1124.88
1105.96
1087.06
1068.14
1049.25
1030.32
1011.4
992.482
973.577
954.651
935.741
916.826
897.924
878.993
860.079
841.159
822.255
803.332
784.425
765.513
746.613
727.687
708.777
689.863
670.962
652.043
633.14
614.232
595.334
576.413
557.508
538.598
519.7
500.786
481.886
462.982
444.086
425.172
406.272
387.367
368.472
349.565
330.669
311.77
292.877
273.973
255.077
236.18
217.287
198.39
179.497
160.605
141.711
122.824
103.93
85.0465
66.1422
47.2793
28.343
9.54987
2184.71
2180.18
2179.29
2168.99
2146.42
2122.02
2099.6
2078.67
2058.66
2039.35
2020.66
2002.52
1984.88
1967.69
1950.93
1934.54
1918.52
1902.82
1887.42
1872.28
1857.4
1842.73
1828.25
1813.86
1799.51
1785.09
1770.53
1755.72
1740.63
1725.2
1709.45
1693.34
1676.92
1660.19
1643.19
1625.92
1608.44
1590.75
1572.91
1554.9
1536.78
1518.54
1500.21
1481.77
1463.28
1444.71
1426.11
1407.43
1388.74
1370
1351.25
1332.44
1313.63
1294.8
1275.96
1257.09
1238.23
1219.35
1200.48
1181.58
1162.68
1143.77
1124.88
1105.96
1087.06
1068.14
1049.25
1030.32
1011.4
992.482
973.577
954.651
935.741
916.826
897.924
878.993
860.079
841.159
822.255
803.332
784.425
765.513
746.613
727.687
708.777
689.863
670.962
652.043
633.14
614.232
595.334
576.413
557.508
538.598
519.7
500.786
481.886
462.982
444.086
425.172
406.272
387.367
368.472
349.565
330.669
311.77
292.877
273.973
255.077
236.18
217.287
198.39
179.497
160.605
141.711
122.824
103.93
85.0465
66.1422
47.2793
28.343
9.54988
2184.91
2180.18
2179.28
2168.98
2146.41
2122.01
2099.6
2078.67
2058.66
2039.35
2020.66
2002.52
1984.88
1967.69
1950.93
1934.55
1918.52
1902.82
1887.42
1872.28
1857.4
1842.73
1828.25
1813.86
1799.51
1785.09
1770.53
1755.72
1740.63
1725.2
1709.45
1693.34
1676.92
1660.19
1643.19
1625.92
1608.44
1590.75
1572.91
1554.9
1536.78
1518.54
1500.21
1481.77
1463.28
1444.71
1426.11
1407.43
1388.74
1370
1351.25
1332.44
1313.63
1294.8
1275.96
1257.09
1238.23
1219.35
1200.48
1181.58
1162.68
1143.77
1124.88
1105.96
1087.06
1068.14
1049.25
1030.32
1011.4
992.482
973.577
954.651
935.741
916.826
897.924
878.993
860.079
841.159
822.255
803.332
784.425
765.513
746.613
727.687
708.777
689.863
670.962
652.043
633.14
614.232
595.334
576.413
557.508
538.598
519.7
500.786
481.886
462.982
444.086
425.172
406.272
387.367
368.472
349.565
330.669
311.77
292.877
273.973
255.077
236.18
217.287
198.39
179.497
160.605
141.711
122.824
103.93
85.0465
66.1422
47.2793
28.343
9.5499
2185.71
2180.19
2179.28
2168.97
2146.4
2122.01
2099.59
2078.67
2058.66
2039.35
2020.66
2002.52
1984.88
1967.69
1950.93
1934.55
1918.52
1902.82
1887.42
1872.28
1857.4
1842.73
1828.25
1813.86
1799.51
1785.09
1770.53
1755.72
1740.63
1725.2
1709.45
1693.34
1676.92
1660.19
1643.19
1625.92
1608.44
1590.75
1572.91
1554.9
1536.78
1518.54
1500.21
1481.77
1463.28
1444.71
1426.11
1407.43
1388.74
1370
1351.25
1332.44
1313.63
1294.8
1275.96
1257.09
1238.23
1219.35
1200.48
1181.58
1162.68
1143.77
1124.88
1105.96
1087.06
1068.14
1049.25
1030.32
1011.4
992.482
973.577
954.651
935.741
916.826
897.924
878.993
860.079
841.159
822.255
803.332
784.425
765.513
746.613
727.687
708.777
689.863
670.962
652.043
633.14
614.232
595.334
576.413
557.508
538.598
519.7
500.786
481.886
462.982
444.086
425.172
406.272
387.367
368.472
349.565
330.669
311.77
292.877
273.973
255.077
236.18
217.287
198.39
179.497
160.605
141.711
122.824
103.93
85.0465
66.1422
47.2793
28.343
9.5499
)
;

boundaryField
{
    lowerWall
    {
        type            zeroGradient;
    }
    upperWall
    {
        type            zeroGradient;
    }
    inlet
    {
        type            zeroGradient;
    }
    outlet
    {
        type            fixedValue;
        value           uniform 0;
    }
    frontAndBack
    {
        type            empty;
    }
}


// ************************************************************************* //
