/*--------------------------------*- C++ -*----------------------------------*\
  =========                 |
  \\      /  F ield         | OpenFOAM: The Open Source CFD Toolbox
   \\    /   O peration     | Website:  https://openfoam.org
    \\  /    A nd           | Version:  8
     \\/     M anipulation  |
\*---------------------------------------------------------------------------*/
FoamFile
{
    version     2.0;
    format      ascii;
    class       volScalarField;
    location    "350";
    object      nut;
}
// * * * * * * * * * * * * * * * * * * * * * * * * * * * * * * * * * * * * * //

dimensions      [0 2 -1 0 0 0 0];

internalField   nonuniform List<scalar> 
7320
(
0.000286299
0.000273846
0.000266048
0.000260782
0.00025694
0.000253972
0.00025158
0.000249592
0.000247903
0.000246443
0.000245167
0.000244056
0.000243119
0.000242381
0.000241858
0.000241534
0.000241351
0.000241238
0.000241136
0.000241017
0.000240872
0.000240708
0.000240534
0.000240363
0.000240202
0.000240055
0.000239924
0.000239813
0.000239723
0.000239652
0.0002396
0.000239566
0.000239551
0.000239552
0.000239567
0.000239598
0.000239643
0.000239701
0.00023977
0.000239852
0.000239944
0.000240046
0.000240156
0.000240276
0.000240405
0.000240542
0.000240685
0.000240836
0.000240993
0.000241157
0.000241326
0.000241501
0.000241681
0.000241866
0.000242054
0.000242247
0.000242444
0.000242643
0.000242844
0.000243048
0.000243254
0.000243461
0.000243667
0.000243874
0.000244079
0.000244283
0.000244484
0.000244682
0.000244877
0.000245068
0.000245252
0.000245432
0.000245606
0.000245773
0.000245933
0.000246087
0.000246233
0.000246373
0.000246504
0.000246629
0.000246747
0.000246857
0.00024696
0.000247057
0.000247148
0.000247233
0.000247312
0.000247385
0.000247454
0.000247517
0.000247575
0.00024763
0.00024768
0.000247727
0.00024777
0.00024781
0.000247847
0.000247882
0.000247912
0.000247942
0.000247969
0.000247994
0.000248016
0.000248038
0.000248057
0.000248076
0.000248092
0.000248108
0.000248122
0.000248135
0.000248147
0.000248159
0.000248169
0.000248179
0.000248188
0.000248196
0.000248204
0.000248211
0.000248218
0.000248224
0.000248229
0.000248236
0.000562813
0.000740637
0.00076757
0.00076765
0.000763095
0.000757974
0.000753147
0.000748777
0.000744847
0.000741283
0.000737983
0.000734885
0.000732025
0.000729589
0.000727828
0.0007269
0.000726737
0.000727087
0.000727642
0.000728174
0.000728552
0.00072874
0.000728749
0.000728622
0.000728396
0.000728108
0.000727785
0.000727459
0.000727142
0.000726847
0.000726578
0.000726346
0.000726152
0.000725997
0.000725887
0.000725818
0.00072579
0.000725803
0.000725858
0.000725951
0.000726079
0.000726244
0.000726445
0.000726678
0.000726941
0.000727236
0.000727561
0.000727915
0.000728295
0.000728701
0.000729137
0.000729595
0.000730078
0.000730584
0.000731116
0.000731669
0.000732244
0.000732839
0.000733458
0.000734094
0.000734747
0.000735417
0.000736103
0.000736801
0.000737509
0.000738223
0.000738945
0.000739666
0.000740384
0.000741096
0.000741803
0.000742496
0.000743173
0.000743833
0.000744475
0.000745093
0.000745687
0.000746256
0.0007468
0.000747317
0.000747806
0.000748268
0.000748705
0.000749114
0.000749496
0.000749854
0.000750189
0.000750501
0.00075079
0.000751059
0.00075131
0.000751541
0.000751754
0.000751951
0.000752135
0.000752304
0.000752459
0.000752602
0.000752737
0.000752859
0.000752971
0.000753075
0.000753172
0.00075326
0.000753342
0.000753417
0.000753487
0.000753551
0.00075361
0.000753664
0.000753715
0.000753762
0.000753805
0.000753845
0.000753882
0.000753915
0.000753947
0.000753975
0.000754002
0.000754026
0.000754051
0.00075407
0.000761078
0.00115457
0.00127125
0.00130573
0.00131552
0.00131689
0.00131509
0.00131204
0.0013085
0.00130467
0.00130048
0.00129577
0.00129075
0.00128618
0.00128322
0.00128277
0.00128495
0.00128907
0.00129406
0.00129899
0.00130323
0.00130655
0.00130892
0.00131046
0.00131132
0.00131165
0.00131158
0.00131124
0.0013107
0.00131005
0.00130932
0.00130858
0.00130783
0.00130712
0.00130646
0.00130586
0.00130533
0.00130487
0.00130449
0.0013042
0.00130399
0.00130386
0.00130381
0.00130385
0.00130396
0.00130416
0.00130443
0.00130479
0.00130523
0.00130574
0.00130633
0.001307
0.00130775
0.00130857
0.00130948
0.00131046
0.00131152
0.00131266
0.00131388
0.00131518
0.00131654
0.00131798
0.00131949
0.00132105
0.00132268
0.00132434
0.00132605
0.00132778
0.00132954
0.0013313
0.00133306
0.00133481
0.00133654
0.00133823
0.00133989
0.0013415
0.00134305
0.00134455
0.00134599
0.00134736
0.00134867
0.00134991
0.00135107
0.00135217
0.00135321
0.00135417
0.00135508
0.00135593
0.00135671
0.00135744
0.00135812
0.00135875
0.00135933
0.00135987
0.00136037
0.00136083
0.00136126
0.00136165
0.00136201
0.00136235
0.00136265
0.00136294
0.0013632
0.00136344
0.00136366
0.00136387
0.00136406
0.00136423
0.00136439
0.00136454
0.00136467
0.0013648
0.00136492
0.00136502
0.00136512
0.00136521
0.00136529
0.00136537
0.00136543
0.0013655
0.00136556
0.0013656
0.000942188
0.00154866
0.00180332
0.00190637
0.00195121
0.00197188
0.00198148
0.00198554
0.00198652
0.00198538
0.0019822
0.00197688
0.00197007
0.00196379
0.00196097
0.00196397
0.00197323
0.0019872
0.00200333
0.0020192
0.00203322
0.00204468
0.00205346
0.00205982
0.00206413
0.00206678
0.00206814
0.00206853
0.00206819
0.00206734
0.00206613
0.00206469
0.00206312
0.00206149
0.00205987
0.00205831
0.00205684
0.00205547
0.00205424
0.00205316
0.00205222
0.00205145
0.00205084
0.0020504
0.00205013
0.00205003
0.00205011
0.00205038
0.00205082
0.00205144
0.00205224
0.00205322
0.00205439
0.00205575
0.0020573
0.00205904
0.00206097
0.0020631
0.00206541
0.00206791
0.00207058
0.00207344
0.00207647
0.00207965
0.00208296
0.0020864
0.00208993
0.00209354
0.00209721
0.00210091
0.00210463
0.00210833
0.00211199
0.00211559
0.00211911
0.00212254
0.00212586
0.00212907
0.00213215
0.0021351
0.00213791
0.00214057
0.00214307
0.00214544
0.00214766
0.00214975
0.0021517
0.00215353
0.00215523
0.00215681
0.00215827
0.00215963
0.00216089
0.00216205
0.00216313
0.00216413
0.00216505
0.0021659
0.00216668
0.00216741
0.00216807
0.00216868
0.00216925
0.00216978
0.00217026
0.0021707
0.00217111
0.00217148
0.00217183
0.00217214
0.00217244
0.00217271
0.00217296
0.00217318
0.00217339
0.00217358
0.00217376
0.00217391
0.00217406
0.00217419
0.00217432
0.0021744
0.00110978
0.00189234
0.00232607
0.00253682
0.00264441
0.00270315
0.00273715
0.00275762
0.00276998
0.00277661
0.00277808
0.0027746
0.00276778
0.00276178
0.00276235
0.0027741
0.00279801
0.00283116
0.00286855
0.00290538
0.00293835
0.00296588
0.00298768
0.0030042
0.00301615
0.00302436
0.00302956
0.00303245
0.00303356
0.00303333
0.00303213
0.00303024
0.00302789
0.00302526
0.00302249
0.00301971
0.00301698
0.00301438
0.00301196
0.00300977
0.00300781
0.00300612
0.00300471
0.00300361
0.00300281
0.00300234
0.0030022
0.00300241
0.00300295
0.00300384
0.00300507
0.00300667
0.00300862
0.00301095
0.00301365
0.00301674
0.0030202
0.00302403
0.00302821
0.00303277
0.00303767
0.00304291
0.00304848
0.00305435
0.00306048
0.00306683
0.00307335
0.00308003
0.00308682
0.00309367
0.00310054
0.00310739
0.00311417
0.00312083
0.00312734
0.00313368
0.00313983
0.00314576
0.00315146
0.00315692
0.00316211
0.00316702
0.00317165
0.00317603
0.00318014
0.003184
0.00318761
0.003191
0.00319415
0.00319707
0.00319977
0.00320229
0.00320462
0.00320678
0.00320878
0.00321064
0.00321235
0.00321393
0.00321537
0.00321671
0.00321794
0.00321908
0.00322013
0.00322111
0.003222
0.00322283
0.00322357
0.00322427
0.0032249
0.00322549
0.00322603
0.00322654
0.00322699
0.00322742
0.0032278
0.00322815
0.00322846
0.00322875
0.00322901
0.00322925
0.00322948
0.00322962
0.00129926
0.00216765
0.00280719
0.00316589
0.00336959
0.00349121
0.00356778
0.0036182
0.00365222
0.00367449
0.00368659
0.00368949
0.00368643
0.00368471
0.00369404
0.00372221
0.00377103
0.00383577
0.00390795
0.0039793
0.00404388
0.00409878
0.00414326
0.00417801
0.00420421
0.00422329
0.00423654
0.00424524
0.00425033
0.00425268
0.00425292
0.00425165
0.00424927
0.00424615
0.00424254
0.00423872
0.00423483
0.00423102
0.00422738
0.00422404
0.00422103
0.00421841
0.00421618
0.00421445
0.00421321
0.0042125
0.00421232
0.00421273
0.00421371
0.00421527
0.00421739
0.00422014
0.00422351
0.00422751
0.00423213
0.00423742
0.00424334
0.00424988
0.004257
0.00426475
0.00427307
0.00428197
0.00429137
0.00430129
0.00431161
0.0043223
0.00433324
0.00434444
0.00435579
0.00436725
0.00437872
0.00439015
0.00440144
0.00441254
0.00442335
0.00443389
0.0044441
0.00445396
0.00446341
0.00447247
0.00448109
0.00448925
0.00449692
0.00450418
0.00451099
0.0045174
0.00452339
0.00452901
0.00453424
0.0045391
0.00454358
0.00454775
0.00455162
0.00455521
0.00455853
0.00456162
0.00456447
0.00456709
0.00456948
0.00457171
0.00457376
0.00457566
0.00457741
0.00457903
0.00458052
0.0045819
0.00458314
0.00458429
0.00458535
0.00458633
0.00458722
0.00458806
0.00458882
0.00458952
0.00459015
0.00459072
0.00459125
0.00459172
0.00459215
0.00459253
0.00459291
0.00459313
0.00158937
0.00236977
0.00321599
0.00375928
0.00409616
0.00431119
0.00445418
0.00455304
0.00462321
0.00467256
0.0047044
0.00472105
0.00472813
0.00473708
0.00476275
0.00481716
0.00490343
0.00501474
0.00513828
0.00526106
0.00537355
0.00547071
0.00555104
0.00561535
0.00566541
0.00570338
0.00573131
0.00575125
0.00576478
0.00577331
0.00577793
0.00577963
0.00577911
0.00577702
0.00577378
0.00576989
0.00576563
0.00576126
0.00575696
0.00575295
0.00574933
0.00574619
0.00574355
0.0057416
0.00574036
0.00573989
0.0057402
0.00574139
0.00574343
0.00574636
0.00575013
0.00575485
0.00576052
0.00576716
0.00577474
0.00578334
0.00579289
0.00580339
0.00581474
0.00582703
0.00584019
0.00585419
0.00586893
0.00588441
0.0059005
0.00591711
0.00593406
0.00595137
0.0059689
0.00598655
0.00600418
0.00602175
0.00603908
0.00605611
0.00607266
0.0060888
0.00610442
0.0061195
0.00613395
0.0061478
0.00616098
0.00617346
0.00618519
0.00619627
0.00620669
0.00621649
0.00622565
0.00623424
0.00624224
0.00624969
0.00625653
0.00626292
0.00626884
0.00627435
0.00627942
0.00628416
0.00628852
0.00629256
0.00629622
0.00629963
0.00630278
0.0063057
0.00630837
0.00631086
0.00631316
0.00631526
0.00631716
0.00631893
0.00632056
0.00632206
0.00632343
0.00632471
0.00632588
0.00632695
0.00632791
0.0063288
0.00632959
0.00633031
0.00633097
0.00633155
0.00633211
0.00633245
0.00212974
0.00251871
0.00352587
0.004279
0.00478643
0.00512991
0.00536879
0.00554011
0.00566589
0.00575818
0.0058228
0.00586416
0.005891
0.00591981
0.00597168
0.00606391
0.00620175
0.00637644
0.00657019
0.00676427
0.00694434
0.00710237
0.00723553
0.00734451
0.00743159
0.00749982
0.00755215
0.0075916
0.00762056
0.00764119
0.00765517
0.00766406
0.00766897
0.00767092
0.0076706
0.00766884
0.00766609
0.00766281
0.00765928
0.0076559
0.00765283
0.00765026
0.00764823
0.00764705
0.00764677
0.00764749
0.00764924
0.00765219
0.00765631
0.00766166
0.00766815
0.00767598
0.00768512
0.00769563
0.00770744
0.00772066
0.00773522
0.00775109
0.00776813
0.00778646
0.00780597
0.00782663
0.00784829
0.00787096
0.00789443
0.00791859
0.00794319
0.00796825
0.00799357
0.00801904
0.00804444
0.00806971
0.00809464
0.0081191
0.00814288
0.00816603
0.00818845
0.00821008
0.00823081
0.00825068
0.00826958
0.0082875
0.00830433
0.00832023
0.00833519
0.00834926
0.0083624
0.00837474
0.00838624
0.00839695
0.00840679
0.00841597
0.00842449
0.00843242
0.00843972
0.00844653
0.00845283
0.00845864
0.00846392
0.00846883
0.00847337
0.00847758
0.00848144
0.00848503
0.00848834
0.00849139
0.00849413
0.00849668
0.00849902
0.0085012
0.00850317
0.00850501
0.0085067
0.00850824
0.00850964
0.00851091
0.00851205
0.00851309
0.00851403
0.00851487
0.00851566
0.00851615
0.00315405
0.00268383
0.00372398
0.00468593
0.00539553
0.00590426
0.0062732
0.00654653
0.00675286
0.00690911
0.00702434
0.00710576
0.0071659
0.00722696
0.00731711
0.00746012
0.00766448
0.00792018
0.00820437
0.00849174
0.00876204
0.00900314
0.00921008
0.00938295
0.00952437
0.0096382
0.00972842
0.00979916
0.00985382
0.00989546
0.00992653
0.00994933
0.0099655
0.00997657
0.00998362
0.00998787
0.00999006
0.0099909
0.00999086
0.00999053
0.00999024
0.00999027
0.00999074
0.00999209
0.00999443
0.00999795
0.0100027
0.0100089
0.0100166
0.0100258
0.0100365
0.0100489
0.010063
0.0100789
0.0100964
0.0101158
0.0101369
0.0101597
0.010184
0.0102099
0.0102373
0.0102662
0.0102964
0.0103278
0.0103603
0.0103936
0.0104275
0.0104618
0.0104965
0.0105314
0.0105661
0.0106006
0.0106346
0.010668
0.0107005
0.010732
0.0107626
0.0107921
0.0108203
0.0108474
0.0108732
0.0108977
0.0109207
0.0109424
0.0109628
0.0109821
0.011
0.0110169
0.0110326
0.0110473
0.0110607
0.0110733
0.011085
0.0110958
0.0111059
0.0111152
0.0111238
0.0111318
0.0111391
0.0111458
0.011152
0.0111578
0.0111631
0.0111681
0.0111726
0.0111768
0.0111806
0.0111841
0.0111873
0.0111903
0.011193
0.0111955
0.0111979
0.0112
0.0112019
0.0112036
0.0112052
0.0112066
0.0112079
0.0112091
0.0112102
0.0112109
0.00493172
0.00302612
0.00383375
0.00494844
0.0058742
0.00658132
0.00711662
0.00752607
0.00784335
0.00809013
0.00827922
0.00842115
0.00853267
0.00864201
0.00878497
0.00899279
0.00927873
0.0096329
0.010028
0.0104319
0.0108173
0.0111669
0.0114724
0.0117328
0.0119504
0.0121297
0.0122758
0.0123938
0.0124884
0.0125638
0.0126231
0.0126698
0.012706
0.012734
0.0127553
0.0127718
0.0127844
0.0127943
0.0128021
0.0128089
0.012815
0.012821
0.012827
0.0128337
0.0128413
0.0128501
0.0128602
0.0128719
0.0128852
0.0129004
0.0129173
0.0129362
0.0129571
0.0129801
0.0130051
0.0130324
0.0130617
0.0130931
0.0131263
0.0131615
0.0131984
0.0132372
0.0132774
0.0133192
0.0133622
0.0134062
0.0134508
0.013496
0.0135416
0.0135873
0.0136328
0.013678
0.0137225
0.0137662
0.0138087
0.01385
0.01389
0.0139287
0.0139657
0.0140011
0.014035
0.014067
0.0140972
0.0141257
0.0141525
0.0141778
0.0142014
0.0142235
0.0142442
0.0142635
0.0142812
0.0142978
0.0143132
0.0143275
0.0143407
0.014353
0.0143643
0.0143749
0.0143845
0.0143934
0.0144016
0.0144092
0.0144162
0.0144227
0.0144288
0.0144343
0.0144393
0.0144439
0.0144482
0.0144522
0.0144558
0.0144591
0.0144622
0.014465
0.0144675
0.0144699
0.014472
0.0144739
0.0144756
0.0144771
0.0144785
0.0144795
0.00765432
0.00384124
0.00395994
0.00506381
0.00617769
0.00710168
0.00783627
0.00841778
0.0088806
0.00924974
0.00954152
0.00976995
0.009956
0.0101338
0.0103468
0.0106346
0.0110169
0.011486
0.0120117
0.0125553
0.013082
0.013568
0.0140007
0.0143764
0.0146968
0.0149665
0.0151914
0.0153777
0.0155314
0.0156576
0.0157608
0.0158452
0.015914
0.0159701
0.0160159
0.0160535
0.0160848
0.0161112
0.0161337
0.0161536
0.0161717
0.0161887
0.0162049
0.0162212
0.0162381
0.0162558
0.0162746
0.016295
0.016317
0.0163409
0.0163666
0.0163945
0.0164246
0.0164571
0.0164918
0.016529
0.0165686
0.0166105
0.0166544
0.0167006
0.0167488
0.0167991
0.016851
0.0169047
0.0169597
0.0170159
0.0170728
0.0171303
0.0171882
0.0172462
0.0173038
0.0173611
0.0174175
0.0174729
0.0175267
0.0175791
0.0176298
0.0176788
0.0177257
0.0177707
0.0178136
0.0178543
0.0178926
0.0179288
0.017963
0.0179951
0.0180251
0.0180532
0.0180796
0.0181041
0.0181268
0.0181479
0.0181675
0.0181857
0.0182025
0.0182182
0.0182328
0.0182462
0.0182585
0.0182698
0.0182804
0.0182901
0.0182991
0.0183074
0.0183151
0.0183222
0.0183286
0.0183346
0.0183401
0.0183451
0.0183497
0.018354
0.018358
0.0183616
0.0183649
0.0183678
0.0183706
0.018373
0.0183752
0.0183772
0.018379
0.0183802
0.0113264
0.00551791
0.00435847
0.00510588
0.00628873
0.00741001
0.0083619
0.009147
0.00979083
0.0103177
0.0107458
0.0110921
0.0113811
0.011652
0.0119555
0.0123399
0.012833
0.013432
0.0141062
0.0148118
0.0155062
0.0161583
0.0167495
0.0172724
0.0177269
0.0181172
0.0184493
0.0187305
0.0189676
0.0191672
0.0193348
0.0194757
0.0195942
0.0196941
0.0197784
0.0198502
0.0199118
0.0199652
0.0200121
0.020054
0.0200921
0.0201275
0.0201607
0.020193
0.0202248
0.0202567
0.0202891
0.0203227
0.0203577
0.0203942
0.0204324
0.0204727
0.0205152
0.0205601
0.0206073
0.0206571
0.0207094
0.0207642
0.0208211
0.0208804
0.0209419
0.0210056
0.021071
0.0211383
0.0212071
0.0212771
0.0213478
0.0214192
0.0214908
0.0215626
0.0216338
0.0217045
0.0217742
0.0218426
0.021909
0.0219737
0.0220364
0.0220968
0.0221548
0.0222104
0.0222634
0.0223138
0.0223612
0.022406
0.0224483
0.022488
0.0225252
0.0225601
0.0225927
0.0226231
0.0226512
0.0226774
0.0227017
0.0227243
0.0227452
0.0227646
0.0227827
0.0227994
0.0228146
0.0228288
0.0228419
0.022854
0.0228651
0.0228755
0.0228851
0.0228939
0.0229019
0.0229094
0.0229162
0.0229225
0.0229283
0.0229336
0.0229386
0.0229431
0.0229472
0.0229509
0.0229543
0.0229574
0.0229602
0.0229627
0.022965
0.0229666
0.0157246
0.00834349
0.00547903
0.00531278
0.00627184
0.00748307
0.00863001
0.00963239
0.0104859
0.0112048
0.0118052
0.0123046
0.0127295
0.0131228
0.013541
0.0140406
0.0146592
0.0154016
0.0162399
0.0171274
0.0180149
0.0188629
0.0196459
0.0203512
0.0209757
0.0215218
0.0219952
0.0224037
0.0227549
0.0230563
0.0233148
0.0235368
0.0237276
0.0238919
0.0240338
0.0241572
0.0242651
0.0243604
0.0244451
0.0245214
0.0245909
0.0246552
0.0247151
0.0247721
0.024827
0.0248808
0.0249338
0.024987
0.0250408
0.0250956
0.0251514
0.0252089
0.0252682
0.0253297
0.0253932
0.0254591
0.0255275
0.0255982
0.025671
0.0257462
0.0258235
0.025903
0.0259842
0.0260673
0.0261518
0.0262376
0.026324
0.026411
0.0264982
0.0265853
0.0266718
0.0267575
0.0268419
0.0269247
0.0270052
0.0270835
0.0271593
0.0272325
0.0273027
0.0273699
0.0274341
0.0274951
0.0275525
0.0276068
0.0276579
0.027706
0.027751
0.0277932
0.0278327
0.0278695
0.0279035
0.0279352
0.0279647
0.027992
0.0280173
0.0280409
0.0280627
0.0280829
0.0281014
0.0281186
0.0281345
0.0281492
0.0281627
0.0281753
0.0281869
0.0281976
0.0282074
0.0282164
0.0282247
0.0282324
0.0282395
0.028246
0.028252
0.0282575
0.0282626
0.0282672
0.0282713
0.0282751
0.0282786
0.0282816
0.0282845
0.0282864
0.0204363
0.0122984
0.00781849
0.00617619
0.0063814
0.00739767
0.00862173
0.0098068
0.0108745
0.0118087
0.0126132
0.0133009
0.0138972
0.0144455
0.0150059
0.015642
0.0164015
0.0172994
0.0183146
0.019401
0.0205043
0.0215771
0.0225856
0.0235108
0.0243443
0.0250862
0.0257406
0.0263149
0.0268171
0.0272556
0.027638
0.027972
0.028264
0.0285198
0.0287443
0.0289424
0.0291182
0.0292751
0.0294159
0.0295435
0.0296601
0.0297677
0.0298677
0.0299618
0.0300513
0.0301374
0.0302209
0.0303028
0.0303838
0.0304646
0.0305453
0.0306267
0.0307092
0.030793
0.0308782
0.0309653
0.0310544
0.0311455
0.0312383
0.0313331
0.0314298
0.0315284
0.0316285
0.0317303
0.0318334
0.0319376
0.0320421
0.0321471
0.032252
0.0323566
0.0324603
0.0325628
0.0326638
0.0327627
0.0328589
0.0329524
0.0330428
0.03313
0.0332136
0.0332937
0.03337
0.0334425
0.0335108
0.0335754
0.0336361
0.0336932
0.0337466
0.0337966
0.0338434
0.033887
0.0339274
0.0339649
0.0339998
0.0340322
0.0340622
0.03409
0.0341158
0.0341398
0.0341617
0.034182
0.0342008
0.0342182
0.0342342
0.0342491
0.0342629
0.0342756
0.0342872
0.034298
0.0343079
0.0343171
0.0343254
0.0343332
0.0343404
0.034347
0.034353
0.0343585
0.0343635
0.0343681
0.0343722
0.034376
0.0343794
0.0343818
0.0249658
0.0170287
0.0115585
0.00833408
0.00718504
0.00746848
0.00845524
0.00967296
0.0108959
0.0120336
0.0130552
0.0139572
0.0147563
0.015492
0.0162237
0.0170194
0.0179359
0.0190005
0.0202026
0.0215006
0.0228384
0.0241618
0.0254285
0.0266111
0.0276954
0.0286766
0.0295564
0.0303408
0.0310374
0.0316549
0.0322014
0.0326856
0.0331149
0.0334962
0.0338353
0.034138
0.0344094
0.034654
0.0348752
0.0350768
0.0352615
0.035432
0.0355901
0.0357383
0.0358782
0.0360113
0.0361388
0.0362621
0.0363822
0.0365
0.0366158
0.0367306
0.036845
0.0369595
0.0370741
0.0371896
0.0373061
0.0374238
0.0375424
0.0376624
0.0377836
0.0379062
0.0380297
0.0381544
0.03828
0.0384063
0.0385325
0.0386588
0.0387846
0.0389096
0.0390332
0.0391552
0.0392751
0.0393924
0.0395063
0.0396169
0.0397237
0.0398265
0.039925
0.0400191
0.0401087
0.0401938
0.0402739
0.0403495
0.0404206
0.0404873
0.0405495
0.0406078
0.0406622
0.0407129
0.0407598
0.0408034
0.0408439
0.0408814
0.0409161
0.0409483
0.0409781
0.0410058
0.0410312
0.0410547
0.0410764
0.0410966
0.0411151
0.0411323
0.0411482
0.041163
0.0411765
0.0411889
0.0412005
0.0412111
0.0412209
0.0412299
0.0412383
0.041246
0.041253
0.0412595
0.0412654
0.0412708
0.0412757
0.0412801
0.0412842
0.041287
0.0288719
0.0219724
0.0163568
0.0121021
0.00944169
0.00839304
0.00856607
0.00943689
0.0106061
0.0118456
0.0130439
0.0141544
0.0151698
0.0161153
0.0170427
0.0180192
0.0191079
0.0203483
0.0217431
0.0232601
0.0248451
0.0264397
0.0279931
0.0294693
0.0308459
0.0321121
0.0332654
0.0343091
0.0352494
0.0360944
0.0368525
0.0375326
0.0381431
0.0386916
0.039185
0.0396302
0.0400328
0.0403983
0.0407313
0.0410363
0.0413168
0.0415761
0.0418168
0.0420418
0.0422533
0.0424533
0.0426435
0.0428257
0.0430012
0.0431711
0.0433363
0.043498
0.0436569
0.0438137
0.0439688
0.0441229
0.0442765
0.0444298
0.0445827
0.0447358
0.0448891
0.0450427
0.0451963
0.0453502
0.0455041
0.0456579
0.045811
0.0459634
0.0461146
0.0462644
0.0464119
0.0465571
0.0466992
0.0468381
0.0469726
0.0471029
0.0472285
0.0473491
0.0474643
0.0475742
0.0476786
0.0477775
0.0478704
0.0479579
0.04804
0.0481168
0.0481884
0.0482553
0.0483175
0.0483754
0.0484289
0.0484785
0.0485245
0.0485671
0.0486064
0.0486428
0.0486765
0.0487078
0.0487364
0.048763
0.0487875
0.0488102
0.0488311
0.0488505
0.0488685
0.0488851
0.0489004
0.0489145
0.0489275
0.0489396
0.0489507
0.048961
0.0489704
0.0489792
0.0489873
0.0489947
0.0490014
0.0490076
0.0490133
0.0490184
0.0490232
0.0490264
0.0318858
0.0265352
0.0215158
0.0170865
0.0134886
0.0110285
0.00983761
0.00973787
0.010376
0.0114141
0.0126156
0.0138437
0.0150351
0.0161792
0.0173059
0.0184716
0.0197394
0.0211577
0.0227437
0.0244782
0.0263138
0.0281911
0.0300528
0.0318534
0.0335611
0.0351575
0.0366339
0.0379894
0.0392274
0.0403544
0.0413781
0.0423074
0.0431507
0.0439166
0.0446126
0.0452462
0.0458242
0.0463527
0.0468372
0.0472832
0.047695
0.0480768
0.0484318
0.0487636
0.049075
0.0493687
0.0496467
0.0499113
0.0501643
0.0504075
0.0506418
0.0508688
0.0510896
0.0513052
0.0515162
0.0517236
0.0519279
0.0521298
0.0523293
0.052527
0.0527232
0.0529181
0.0531114
0.0533036
0.0534945
0.0536841
0.0538717
0.0540574
0.0542408
0.0544216
0.0545989
0.0547727
0.0549423
0.0551072
0.0552667
0.0554206
0.0555684
0.0557099
0.0558446
0.0559726
0.0560938
0.0562081
0.0563153
0.0564159
0.0565098
0.0565975
0.0566788
0.0567545
0.0568247
0.0568898
0.0569497
0.0570052
0.0570564
0.0571038
0.0571473
0.0571876
0.0572248
0.0572592
0.0572907
0.0573199
0.0573469
0.0573718
0.0573947
0.057416
0.0574357
0.0574539
0.0574707
0.0574862
0.0575006
0.0575139
0.0575261
0.0575375
0.057548
0.0575577
0.0575667
0.0575749
0.0575825
0.0575895
0.0575959
0.0576016
0.057607
0.0576106
0.0339567
0.0302572
0.026296
0.0224012
0.0187487
0.015565
0.0131342
0.0116598
0.0111402
0.0113913
0.0121592
0.0132165
0.0144059
0.0156445
0.0169122
0.0182342
0.0196592
0.0212364
0.0229939
0.0249273
0.0270001
0.0291562
0.0313339
0.0334789
0.0355491
0.0375162
0.0393634
0.0410836
0.0426758
0.0441435
0.0454925
0.0467307
0.0478662
0.0489076
0.0498628
0.05074
0.0515466
0.0522894
0.0529747
0.0536085
0.0541964
0.0547434
0.0552534
0.0557306
0.0561786
0.0566007
0.0569996
0.057378
0.0577384
0.0580828
0.0584128
0.0587305
0.0590371
0.0593342
0.0596225
0.0599035
0.0601779
0.0604466
0.0607099
0.0609687
0.0612233
0.0614742
0.0617213
0.0619651
0.0622055
0.0624427
0.062676
0.0629056
0.0631312
0.0633523
0.0635682
0.0637788
0.0639834
0.0641815
0.0643722
0.0645555
0.0647308
0.0648978
0.0650562
0.0652059
0.0653469
0.0654794
0.065603
0.0657183
0.0658255
0.065925
0.0660168
0.0661018
0.0661801
0.0662524
0.0663187
0.0663797
0.0664358
0.0664874
0.0665346
0.0665781
0.0666182
0.066655
0.0666888
0.06672
0.0667487
0.0667752
0.0667996
0.0668222
0.0668431
0.0668625
0.0668803
0.0668968
0.0669121
0.0669263
0.0669394
0.0669515
0.0669628
0.0669733
0.0669829
0.0669919
0.0670001
0.0670077
0.0670147
0.0670211
0.067027
0.0670309
0.0352156
0.0329263
0.0301545
0.0271688
0.0241073
0.0210821
0.0182531
0.0158396
0.014059
0.0130323
0.0127384
0.0130461
0.0137827
0.0147957
0.0159871
0.0173184
0.0187972
0.020454
0.0223164
0.0243905
0.026652
0.0290517
0.0315265
0.0340141
0.0364611
0.0388271
0.0410847
0.0432181
0.0452194
0.0470873
0.0488242
0.0504357
0.0519287
0.0533108
0.0545899
0.0557743
0.0568717
0.0578896
0.0588347
0.0597138
0.0605327
0.0612975
0.0620131
0.0626845
0.0633157
0.0639108
0.0644732
0.0650061
0.0655126
0.0659954
0.0664566
0.0668985
0.0673231
0.0677321
0.068127
0.0685093
0.0688803
0.069241
0.0695922
0.0699349
0.0702698
0.0705974
0.0709181
0.0712323
0.0715402
0.0718419
0.0721372
0.0724261
0.0727083
0.0729835
0.0732509
0.0735104
0.0737612
0.0740028
0.0742345
0.074456
0.0746668
0.0748666
0.075055
0.0752322
0.075398
0.0755528
0.0756964
0.0758295
0.0759523
0.0760655
0.0761693
0.0762646
0.0763517
0.0764315
0.0765041
0.0765705
0.076631
0.0766863
0.0767367
0.0767827
0.0768248
0.0768633
0.0768985
0.0769308
0.0769604
0.0769877
0.0770128
0.0770359
0.0770573
0.0770771
0.0770953
0.0771123
0.0771279
0.0771425
0.077156
0.0771686
0.0771802
0.0771911
0.0772012
0.0772105
0.0772192
0.0772272
0.0772346
0.0772414
0.0772478
0.0772519
0.0358864
0.034593
0.0328631
0.0308399
0.0286209
0.0262669
0.0238351
0.0214139
0.0191391
0.0171823
0.0157044
0.0148009
0.0144764
0.0146642
0.01527
0.0162115
0.0174401
0.0189414
0.02072
0.0227781
0.025098
0.0276367
0.0303316
0.0331123
0.0359124
0.0386767
0.041363
0.0439428
0.0463984
0.0487204
0.0509056
0.0529553
0.0548735
0.0566662
0.0583399
0.0599023
0.0613609
0.0627233
0.0639966
0.0651879
0.0663037
0.0673501
0.0683328
0.0692577
0.0701297
0.0709533
0.0717327
0.0724717
0.0731739
0.0738426
0.0744806
0.0750907
0.0756753
0.0762367
0.0767768
0.0772975
0.0778005
0.0782873
0.078759
0.0792169
0.0796619
0.080095
0.0805166
0.0809275
0.081328
0.0817184
0.0820985
0.0824685
0.0828281
0.083177
0.0835146
0.0838404
0.084154
0.0844547
0.0847416
0.0850146
0.085273
0.0855167
0.0857452
0.0859588
0.0861575
0.0863416
0.0865113
0.0866673
0.0868102
0.0869407
0.0870594
0.0871672
0.0872649
0.0873535
0.0874333
0.0875055
0.0875707
0.0876296
0.0876827
0.0877308
0.0877743
0.0878138
0.0878495
0.0878821
0.0879119
0.0879391
0.087964
0.0879868
0.0880079
0.0880274
0.0880453
0.088062
0.0880774
0.0880918
0.0881052
0.0881176
0.0881293
0.0881401
0.0881502
0.0881597
0.0881685
0.0881767
0.0881844
0.0881914
0.0881981
0.0882022
0.0361962
0.0354884
0.034501
0.0332716
0.0318466
0.0302602
0.0285347
0.0266912
0.0247643
0.0228155
0.0209406
0.019261
0.0178965
0.0169362
0.0164236
0.016365
0.0167488
0.0175628
0.0188002
0.0204545
0.0225063
0.0249144
0.0276143
0.0305262
0.0335664
0.0366581
0.039738
0.0427579
0.0456838
0.0484932
0.051173
0.0537171
0.0561239
0.0583954
0.0605355
0.0625501
0.0644454
0.0662284
0.0679059
0.0694849
0.0709722
0.0723742
0.0736969
0.0749462
0.0761275
0.0772467
0.0783081
0.0793164
0.0802757
0.0811898
0.082062
0.0828959
0.0836942
0.0844599
0.0851951
0.0859025
0.0865841
0.0872418
0.087877
0.0884917
0.0890869
0.089664
0.0902237
0.0907669
0.0912943
0.0918062
0.0923027
0.0927841
0.09325
0.0937004
0.0941344
0.0945518
0.0949518
0.0953338
0.095697
0.096041
0.0963653
0.0966696
0.0969537
0.0972178
0.097462
0.0976869
0.0978928
0.0980807
0.0982515
0.0984061
0.0985455
0.0986709
0.0987833
0.098884
0.0989738
0.099054
0.0991254
0.0991892
0.0992459
0.0992966
0.0993418
0.0993824
0.0994186
0.0994513
0.0994808
0.0995075
0.0995318
0.0995539
0.0995741
0.0995928
0.09961
0.0996259
0.0996406
0.0996544
0.0996672
0.0996792
0.0996905
0.0997011
0.099711
0.0997203
0.0997291
0.0997373
0.0997451
0.0997522
0.0997592
0.0997632
0.0363185
0.0358963
0.035342
0.0346443
0.0338097
0.03285
0.0317742
0.0305879
0.0292943
0.0278998
0.0264207
0.0248899
0.0233597
0.0218996
0.0205881
0.0195052
0.0187277
0.0183277
0.0183736
0.0189261
0.0200268
0.0216825
0.0238546
0.0264639
0.0294072
0.0325773
0.0358769
0.0392247
0.042557
0.0458276
0.0490044
0.052067
0.055003
0.0578062
0.0604747
0.0630099
0.0654153
0.0676955
0.0698561
0.0719031
0.0738426
0.075681
0.0774244
0.0790787
0.0806496
0.0821424
0.0835623
0.0849147
0.0862043
0.0874354
0.0886119
0.0897376
0.090816
0.0918503
0.0928434
0.0937983
0.0947174
0.0956032
0.0964576
0.0972828
0.0980803
0.0988518
0.0995983
0.100321
0.101021
0.101698
0.102354
0.102987
0.103599
0.104189
0.104755
0.105299
0.105818
0.106313
0.106783
0.107226
0.107642
0.108032
0.108395
0.108731
0.10904
0.109324
0.109583
0.109818
0.11003
0.110221
0.110392
0.110545
0.110681
0.110801
0.110907
0.111001
0.111084
0.111157
0.111221
0.111277
0.111327
0.111371
0.111409
0.111444
0.111474
0.111502
0.111526
0.111548
0.111569
0.111587
0.111604
0.111619
0.111634
0.111647
0.11166
0.111672
0.111683
0.111693
0.111703
0.111713
0.111722
0.11173
0.111738
0.111746
0.111753
0.111757
0.0363591
0.0360515
0.0357023
0.0352937
0.0348162
0.0342668
0.0336457
0.0329532
0.032189
0.0313511
0.0304372
0.0294462
0.0283804
0.027247
0.02606
0.024843
0.0236325
0.0224839
0.0214757
0.020713
0.0203217
0.0204318
0.0211486
0.0225225
0.0245319
0.0270907
0.0300742
0.03335
0.0368013
0.0403352
0.043882
0.04739
0.0508228
0.0541558
0.0573738
0.0604685
0.063436
0.0662757
0.0689888
0.0715784
0.0740489
0.0764052
0.0786526
0.0807965
0.082842
0.0847946
0.0866593
0.0884409
0.0901446
0.0917752
0.0933373
0.094835
0.0962721
0.0976523
0.0989788
0.100255
0.101484
0.102669
0.103811
0.104914
0.105979
0.107009
0.108004
0.108967
0.109897
0.110797
0.111667
0.112506
0.113316
0.114094
0.114842
0.115559
0.116243
0.116893
0.11751
0.118092
0.118638
0.119149
0.119624
0.120064
0.120468
0.120839
0.121177
0.121483
0.12176
0.122008
0.12223
0.122428
0.122604
0.122759
0.122896
0.123016
0.123122
0.123214
0.123295
0.123365
0.123427
0.123481
0.123529
0.123571
0.123608
0.12364
0.123669
0.123696
0.123719
0.12374
0.12376
0.123778
0.123794
0.12381
0.123824
0.123838
0.123851
0.123863
0.123874
0.123885
0.123896
0.123906
0.123915
0.123924
0.123933
0.123939
0.0363702
0.0360998
0.0358287
0.035546
0.0352425
0.0349115
0.0345486
0.0341513
0.0337176
0.033246
0.0327344
0.03218
0.0315793
0.0309278
0.0302193
0.0294471
0.028604
0.0276859
0.0266949
0.0256479
0.0245874
0.0235955
0.0228005
0.0223667
0.0224598
0.0232038
0.0246483
0.0267607
0.0294424
0.0325588
0.0359709
0.0395581
0.0432278
0.0469136
0.0505688
0.0541606
0.0576653
0.0610673
0.0643571
0.0675301
0.070585
0.0735226
0.076345
0.0790548
0.0816555
0.0841511
0.0865461
0.0888449
0.0910523
0.0931727
0.09521
0.0971687
0.0990527
0.100866
0.102613
0.104296
0.105919
0.107486
0.108998
0.110459
0.111871
0.113236
0.114556
0.115833
0.117067
0.11826
0.119413
0.120526
0.121598
0.12263
0.123621
0.124571
0.125478
0.126341
0.12716
0.127933
0.128661
0.129342
0.129977
0.130566
0.13111
0.131609
0.132067
0.132483
0.13286
0.133201
0.133507
0.133782
0.134027
0.134245
0.134439
0.13461
0.134762
0.134896
0.135014
0.135118
0.13521
0.135291
0.135362
0.135426
0.135482
0.135533
0.135578
0.135618
0.135655
0.135688
0.135719
0.135747
0.135773
0.135797
0.135819
0.13584
0.13586
0.135878
0.135896
0.135913
0.135929
0.135944
0.135958
0.135972
0.135985
0.135994
0.0363726
0.0361118
0.0358642
0.0356247
0.0353881
0.0351497
0.0349052
0.0346516
0.0343862
0.0341071
0.0338127
0.0335017
0.0331724
0.0328227
0.0324492
0.0320475
0.0316113
0.0311323
0.0306
0.0300021
0.0293248
0.0285568
0.0276968
0.0267686
0.0258378
0.0250236
0.0244888
0.0244082
0.0249228
0.0261083
0.0279644
0.0304251
0.0333803
0.0367015
0.0402647
0.0439653
0.0477247
0.0514878
0.0552179
0.0588899
0.0624859
0.065993
0.0694022
0.0727078
0.0759075
0.0790013
0.0819908
0.0848783
0.0876667
0.0903588
0.0929575
0.0954661
0.0978876
0.100226
0.102484
0.104665
0.106775
0.108815
0.110789
0.112698
0.114547
0.116336
0.118069
0.119745
0.121369
0.122939
0.124457
0.125924
0.127339
0.128703
0.130014
0.131272
0.132475
0.133623
0.134714
0.135748
0.136724
0.137643
0.138503
0.139305
0.140051
0.140742
0.141379
0.141965
0.142501
0.142991
0.143436
0.143841
0.144207
0.144538
0.144836
0.145105
0.145346
0.145564
0.145759
0.145934
0.146092
0.146234
0.146362
0.146477
0.146582
0.146676
0.146762
0.14684
0.146912
0.146977
0.147038
0.147093
0.147145
0.147192
0.147237
0.147278
0.147317
0.147353
0.147387
0.147419
0.147449
0.147478
0.147505
0.14753
0.147554
0.147574
0.036373
0.0361141
0.035872
0.0356439
0.0354272
0.0352191
0.0350172
0.0348192
0.0346229
0.0344266
0.0342288
0.0340283
0.033824
0.033615
0.0334
0.0331778
0.0329465
0.0327038
0.0324463
0.0321698
0.0318682
0.0315329
0.0311521
0.030711
0.0301935
0.0295867
0.0288912
0.0281349
0.0273873
0.0267644
0.0264139
0.0264854
0.0270963
0.0283104
0.0301322
0.0325153
0.0353764
0.0386126
0.0421173
0.0457933
0.0495608
0.0533599
0.0571494
0.0609019
0.0646001
0.0682322
0.0717894
0.0752648
0.0786534
0.0819516
0.0851578
0.0882718
0.0912949
0.0942293
0.0970773
0.0998412
0.102523
0.105126
0.107652
0.110102
0.112479
0.114786
0.117023
0.119193
0.121297
0.123337
0.125313
0.127225
0.129074
0.130859
0.132579
0.134234
0.135822
0.137343
0.138795
0.140178
0.141492
0.142736
0.143911
0.145018
0.146056
0.147029
0.147937
0.148783
0.149569
0.150298
0.150973
0.151596
0.15217
0.152699
0.153185
0.153632
0.154042
0.154418
0.154764
0.15508
0.155371
0.155638
0.155883
0.156107
0.156314
0.156504
0.156679
0.156841
0.15699
0.157128
0.157255
0.157373
0.157483
0.157584
0.157679
0.157767
0.157849
0.157926
0.157997
0.158064
0.158127
0.158185
0.15824
0.158292
0.158341
0.158382
0.036373
0.0361144
0.0358731
0.0356473
0.035435
0.0352345
0.0350442
0.0348626
0.0346883
0.03452
0.0343566
0.0341972
0.0340407
0.0338864
0.0337337
0.0335817
0.03343
0.0332777
0.0331243
0.0329689
0.0328107
0.0326482
0.0324794
0.0323015
0.0321099
0.0318979
0.0316566
0.0313745
0.0310386
0.0306381
0.0301697
0.0296475
0.0291126
0.02864
0.0283341
0.0283134
0.0286875
0.0295376
0.0309056
0.032793
0.0351663
0.0379659
0.0411161
0.0445345
0.0481413
0.0518656
0.0556491
0.0594476
0.0632301
0.0669762
0.0706731
0.0743128
0.0778902
0.0814013
0.0848424
0.0882104
0.0915026
0.0947169
0.0978522
0.100908
0.103885
0.106782
0.109603
0.112348
0.115019
0.117617
0.120141
0.122592
0.12497
0.127273
0.129502
0.131656
0.133734
0.135735
0.13766
0.139508
0.141279
0.142974
0.144592
0.146135
0.147603
0.148998
0.15032
0.151571
0.152753
0.153868
0.154918
0.155905
0.156833
0.157702
0.158516
0.159278
0.15999
0.160655
0.161275
0.161853
0.162392
0.162894
0.16336
0.163795
0.164199
0.164574
0.164923
0.165247
0.165549
0.165829
0.16609
0.166332
0.166557
0.166767
0.166962
0.167143
0.167312
0.167469
0.167615
0.167751
0.167878
0.167997
0.168107
0.168211
0.168307
0.168393
0.0363729
0.0361143
0.0358731
0.0356476
0.035436
0.0352369
0.0350488
0.0348708
0.0347016
0.0345405
0.0343865
0.0342388
0.0340967
0.0339597
0.033827
0.0336983
0.0335731
0.0334509
0.0333313
0.0332141
0.033099
0.0329857
0.0328741
0.0327638
0.0326547
0.0325462
0.0324378
0.0323282
0.0322156
0.0320973
0.031969
0.0318253
0.0316592
0.0314633
0.0312315
0.0309624
0.0306649
0.030364
0.0301055
0.0299559
0.0299964
0.0303108
0.0309728
0.0320355
0.0335266
0.035448
0.0377788
0.0404805
0.0435017
0.0467838
0.0502666
0.053892
0.0576082
0.0613717
0.0651478
0.0689109
0.0726432
0.0763331
0.0799736
0.0835606
0.0870911
0.0905634
0.0939748
0.097322
0.100601
0.103811
0.10695
0.110017
0.113012
0.115933
0.118781
0.121556
0.124258
0.126889
0.129448
0.131936
0.134352
0.136696
0.138968
0.141166
0.143291
0.14534
0.147313
0.149209
0.151028
0.15277
0.154435
0.156022
0.157534
0.15897
0.160332
0.161622
0.162841
0.163992
0.165076
0.166097
0.167056
0.167957
0.168802
0.169593
0.170333
0.171025
0.171671
0.172275
0.172838
0.173362
0.173851
0.174307
0.174731
0.175125
0.175492
0.175834
0.176152
0.176447
0.176722
0.176977
0.177215
0.177436
0.177641
0.177832
0.17801
0.178171
0.0363728
0.0361141
0.035873
0.0356475
0.0354359
0.0352369
0.0350492
0.0348717
0.0347034
0.0345435
0.0343913
0.0342461
0.0341072
0.0339742
0.0338465
0.0337238
0.0336057
0.0334917
0.0333817
0.0332752
0.0331721
0.0330721
0.0329751
0.0328808
0.0327891
0.0327
0.0326135
0.0325296
0.0324483
0.0323698
0.0322941
0.0322214
0.0321516
0.0320845
0.0320196
0.0319558
0.0318916
0.0318249
0.0317528
0.0316725
0.031582
0.0314817
0.0313773
0.0312828
0.0312231
0.0312362
0.031371
0.0316837
0.0322307
0.033062
0.0342155
0.0357142
0.037565
0.0397606
0.0422806
0.0450951
0.0481668
0.0514545
0.0549156
0.0585083
0.0621945
0.0659405
0.0697184
0.073506
0.0772879
0.0810519
0.0847887
0.0884954
0.0921721
0.0958199
0.0994397
0.103032
0.106596
0.11013
0.11363
0.11709
0.120506
0.12387
0.127174
0.130412
0.133576
0.136658
0.139652
0.142552
0.145354
0.148054
0.150648
0.153135
0.155512
0.15778
0.159939
0.16199
0.163935
0.165775
0.167513
0.169153
0.170698
0.17215
0.173514
0.174794
0.175993
0.177115
0.178164
0.179145
0.18006
0.180913
0.181709
0.18245
0.18314
0.183782
0.18438
0.184935
0.185451
0.185931
0.186377
0.186791
0.187175
0.187532
0.187864
0.188171
0.188457
0.188717
0.0363728
0.0361141
0.0358729
0.0356473
0.0354358
0.0352368
0.0350491
0.0348716
0.0347034
0.0345437
0.0343917
0.0342468
0.0341084
0.033976
0.0338492
0.0337276
0.0336108
0.0334985
0.0333905
0.0332864
0.0331859
0.033089
0.0329953
0.0329047
0.032817
0.032732
0.0326496
0.0325697
0.0324922
0.0324171
0.0323445
0.0322743
0.0322068
0.032142
0.0320804
0.0320222
0.031968
0.0319183
0.0318738
0.0318352
0.0318034
0.0317793
0.0317637
0.0317574
0.0317612
0.0317758
0.0318022
0.031842
0.0318979
0.0319753
0.0320832
0.0322361
0.0324556
0.0327705
0.0332166
0.0338346
0.0346668
0.0357536
0.0371302
0.0388243
0.0408544
0.0432297
0.0459503
0.0490076
0.0523856
0.0560618
0.0600087
0.0641944
0.068584
0.0731412
0.0778292
0.082612
0.0874551
0.092326
0.0971948
0.102034
0.106821
0.111532
0.11615
0.120659
0.125046
0.129299
0.133412
0.137375
0.141186
0.14484
0.148335
0.151672
0.15485
0.157872
0.16074
0.163457
0.166026
0.168452
0.17074
0.172894
0.17492
0.176823
0.178609
0.180282
0.181849
0.183315
0.184685
0.185965
0.187159
0.188273
0.189311
0.190278
0.191178
0.192015
0.192794
0.193518
0.194191
0.194817
0.195397
0.195937
0.196438
0.196902
0.197334
0.197734
0.198106
0.198444
0.0363728
0.0361141
0.0358729
0.0356473
0.0354358
0.0352368
0.0350491
0.0348716
0.0347034
0.0345437
0.0343917
0.0342468
0.0341084
0.033976
0.0338492
0.0337276
0.0336108
0.0334985
0.0333905
0.0332864
0.0331859
0.033089
0.0329953
0.0329047
0.032817
0.032732
0.0326496
0.0325697
0.0324922
0.0324172
0.0323446
0.0322745
0.032207
0.0321423
0.0320807
0.0320226
0.0319685
0.031919
0.0318746
0.0318362
0.0318047
0.0317808
0.0317655
0.0317595
0.0317638
0.031779
0.0318062
0.0318469
0.031904
0.0319826
0.0320916
0.032245
0.0324636
0.0327754
0.0332152
0.0338227
0.0346397
0.0357061
0.0370574
0.0387217
0.0407185
0.0430582
0.045742
0.0487628
0.0521057
0.0557493
0.059667
0.0638274
0.068196
0.0727364
0.077412
0.0821862
0.0870241
0.0918928
0.0967618
0.101604
0.106393
0.111109
0.115733
0.120248
0.124641
0.128901
0.13302
0.13699
0.140807
0.144468
0.147971
0.151314
0.1545
0.157529
0.160403
0.163126
0.165702
0.168135
0.170429
0.17259
0.174622
0.176531
0.178322
0.180001
0.181574
0.183045
0.18442
0.185705
0.186904
0.188022
0.189064
0.190035
0.190939
0.191781
0.192563
0.193291
0.193967
0.194595
0.195179
0.195721
0.196224
0.196692
0.197125
0.197528
0.197901
0.198242
0.0363728
0.0361141
0.035873
0.0356475
0.0354359
0.0352369
0.0350492
0.0348717
0.0347034
0.0345435
0.0343913
0.034246
0.0341072
0.0339742
0.0338465
0.0337238
0.0336056
0.0334917
0.0333816
0.0332752
0.0331721
0.0330721
0.032975
0.0328807
0.0327891
0.0327
0.0326135
0.0325296
0.0324484
0.03237
0.0322945
0.0322219
0.0321523
0.0320855
0.0320208
0.0319574
0.0318938
0.0318277
0.0317566
0.0316778
0.0315892
0.0314915
0.0313903
0.0312989
0.0312419
0.0312556
0.0313877
0.0316927
0.0322255
0.0330355
0.0341601
0.0356228
0.0374312
0.0395792
0.0420476
0.044808
0.0478244
0.0510568
0.0544637
0.0580041
0.0616405
0.0653396
0.0690734
0.07282
0.0765634
0.0802912
0.083994
0.0876692
0.0913166
0.0949373
0.0985323
0.102102
0.105646
0.109162
0.112646
0.116094
0.119499
0.122855
0.126154
0.129388
0.13255
0.135633
0.13863
0.141534
0.144342
0.147049
0.149652
0.152148
0.154535
0.156814
0.158985
0.161048
0.163005
0.164858
0.16661
0.168263
0.16982
0.171286
0.172663
0.173955
0.175166
0.176301
0.177362
0.178354
0.17928
0.180144
0.18095
0.181701
0.182401
0.183052
0.183658
0.184222
0.184746
0.185233
0.185686
0.186107
0.186497
0.18686
0.187198
0.187511
0.187802
0.188066
0.0363729
0.0361143
0.0358731
0.0356476
0.035436
0.0352368
0.0350488
0.0348708
0.0347016
0.0345405
0.0343864
0.0342387
0.0340966
0.0339596
0.0338269
0.0336981
0.0335728
0.0334506
0.0333309
0.0332137
0.0330985
0.0329852
0.0328735
0.0327633
0.0326541
0.0325456
0.0324372
0.0323276
0.0322149
0.0320965
0.0319682
0.0318245
0.0316586
0.0314635
0.0312331
0.0309666
0.030673
0.0303769
0.0301232
0.029977
0.0300172
0.0303257
0.0309743
0.0320154
0.0334766
0.0353605
0.0376476
0.0403007
0.0432701
0.0464988
0.049928
0.0535007
0.0571661
0.0608807
0.0646101
0.0683286
0.0720182
0.075667
0.0792678
0.0828161
0.086309
0.0897447
0.0931205
0.096433
0.0996785
0.102856
0.105965
0.109003
0.111969
0.114864
0.117686
0.120437
0.123117
0.125727
0.128267
0.130736
0.133136
0.135466
0.137725
0.139913
0.142028
0.14407
0.146038
0.147931
0.149748
0.15149
0.153156
0.154746
0.156262
0.157703
0.159072
0.160369
0.161596
0.162756
0.16385
0.164881
0.165851
0.166762
0.167618
0.16842
0.169171
0.169874
0.170532
0.171146
0.171719
0.172254
0.172753
0.173219
0.173652
0.174056
0.174432
0.174782
0.175108
0.175411
0.175693
0.175955
0.1762
0.176427
0.176638
0.176835
0.177018
0.177184
0.036373
0.0361144
0.0358731
0.0356473
0.035435
0.0352345
0.0350441
0.0348625
0.0346881
0.0345198
0.0343563
0.0341968
0.0340402
0.0338858
0.0337328
0.0335807
0.0334287
0.0332762
0.0331225
0.0329669
0.0328083
0.0326455
0.0324764
0.0322979
0.0321056
0.0318927
0.0316504
0.0313671
0.0310303
0.0306296
0.0301624
0.0296434
0.0291141
0.0286485
0.0283492
0.0283319
0.0287032
0.0295423
0.03089
0.032748
0.0350839
0.0378396
0.0409412
0.0443084
0.0478631
0.0515354
0.0552681
0.0590172
0.0627519
0.0664516
0.0701034
0.0736995
0.0772345
0.0807045
0.0841059
0.0874358
0.0906914
0.0938707
0.0969725
0.0999963
0.102942
0.10581
0.108603
0.111321
0.113966
0.116539
0.11904
0.121469
0.123825
0.126108
0.128318
0.130454
0.132515
0.1345
0.13641
0.138245
0.140003
0.141686
0.143295
0.144828
0.146288
0.147676
0.148992
0.150239
0.151418
0.152531
0.15358
0.154567
0.155495
0.156367
0.157184
0.15795
0.158666
0.159336
0.159962
0.160546
0.161091
0.161599
0.162073
0.162515
0.162926
0.163309
0.163665
0.163997
0.164306
0.164594
0.164861
0.165111
0.165343
0.165559
0.16576
0.165948
0.166122
0.166285
0.166437
0.166579
0.166711
0.166834
0.166949
0.167056
0.167157
0.167246
0.036373
0.0361141
0.035872
0.0356439
0.0354271
0.0352189
0.0350169
0.0348187
0.0346221
0.0344255
0.0342274
0.0340265
0.0338218
0.0336122
0.0333966
0.0331737
0.0329416
0.0326979
0.0324394
0.0321617
0.0318586
0.0315214
0.0311384
0.0306947
0.0301743
0.0295654
0.0288695
0.0281158
0.0273747
0.0267613
0.026421
0.0264996
0.0271109
0.0283157
0.0301179
0.0324712
0.035294
0.0384854
0.0419412
0.0455661
0.0492819
0.0530295
0.0567682
0.0604711
0.0641208
0.0677057
0.0712171
0.0746485
0.0779948
0.0812525
0.0844199
0.087497
0.090485
0.0933858
0.0962017
0.0989351
0.101588
0.104164
0.106663
0.109088
0.111442
0.113726
0.115943
0.118093
0.120178
0.122199
0.124158
0.126055
0.127888
0.129659
0.131366
0.133008
0.134585
0.136095
0.137538
0.138912
0.140218
0.141455
0.142624
0.143725
0.144759
0.145728
0.146633
0.147477
0.148262
0.148989
0.149664
0.150287
0.150862
0.151392
0.15188
0.15233
0.152743
0.153122
0.153471
0.153792
0.154086
0.154357
0.154606
0.154836
0.155047
0.155242
0.155422
0.155588
0.155742
0.155884
0.156016
0.156139
0.156252
0.156358
0.156457
0.156549
0.156635
0.156715
0.15679
0.15686
0.156926
0.156988
0.157046
0.1571
0.157151
0.157196
0.0363726
0.0361118
0.0358641
0.0356245
0.0353876
0.0351488
0.0349038
0.0346495
0.0343833
0.0341033
0.033808
0.0334958
0.0331651
0.0328137
0.0324385
0.0320346
0.0315959
0.031114
0.0305786
0.029977
0.0292956
0.0285236
0.0276608
0.0267325
0.0258063
0.0250018
0.0244809
0.024414
0.0249377
0.0261232
0.027968
0.0304055
0.0333272
0.0366067
0.0401227
0.0437731
0.0474806
0.0511915
0.0548697
0.0584907
0.062037
0.065496
0.0688589
0.0721202
0.0752776
0.0783312
0.0812823
0.0841335
0.0868875
0.089547
0.0921149
0.0945943
0.0969883
0.0993002
0.101534
0.103692
0.10578
0.107799
0.109753
0.111644
0.113475
0.115248
0.116965
0.118627
0.120237
0.121794
0.1233
0.124756
0.126161
0.127515
0.128817
0.130066
0.131262
0.132403
0.133489
0.134518
0.13549
0.136405
0.137262
0.138063
0.138807
0.139497
0.140133
0.140718
0.141255
0.141745
0.142191
0.142597
0.142965
0.143297
0.143598
0.143869
0.144113
0.144332
0.14453
0.144708
0.144869
0.145014
0.145144
0.145263
0.14537
0.145467
0.145556
0.145637
0.145712
0.14578
0.145843
0.145901
0.145955
0.146005
0.146052
0.146096
0.146137
0.146175
0.146211
0.146245
0.146277
0.146307
0.146336
0.146363
0.146389
0.14641
0.0363701
0.0360996
0.0358282
0.0355449
0.0352404
0.0349082
0.0345439
0.0341448
0.0337091
0.0332353
0.0327211
0.0321638
0.03156
0.0309047
0.0301921
0.0294153
0.0285673
0.0276443
0.026649
0.0255993
0.0245395
0.0235533
0.0227701
0.0223529
0.0224637
0.0232211
0.0246696
0.0267737
0.0294342
0.0325181
0.0358891
0.0394293
0.0430486
0.0466822
0.0502848
0.0538244
0.0572781
0.0606308
0.0638732
0.067001
0.0700129
0.0729098
0.0756936
0.0783671
0.0809335
0.0833969
0.0857615
0.0880318
0.0902123
0.0923073
0.0943208
0.0962571
0.0981201
0.0999139
0.101642
0.103308
0.104914
0.106465
0.107963
0.109411
0.11081
0.112163
0.113472
0.114738
0.115962
0.117146
0.118291
0.119395
0.120461
0.121487
0.122472
0.123416
0.124319
0.125178
0.125994
0.126764
0.12749
0.12817
0.128804
0.129393
0.129937
0.130437
0.130895
0.131313
0.131691
0.132034
0.132342
0.132618
0.132865
0.133086
0.133281
0.133455
0.133608
0.133744
0.133865
0.133971
0.134065
0.134148
0.134221
0.134287
0.134345
0.134397
0.134444
0.134487
0.134525
0.13456
0.134592
0.134621
0.134649
0.134674
0.134698
0.13472
0.134741
0.134761
0.134779
0.134797
0.134814
0.13483
0.134845
0.13486
0.134874
0.134884
0.0363589
0.0360506
0.0357003
0.0352898
0.0348099
0.0342577
0.0336331
0.032937
0.0321686
0.0313262
0.0304074
0.0294113
0.02834
0.0272012
0.0260092
0.0247881
0.0235756
0.0224284
0.0214263
0.0206753
0.0203008
0.0204306
0.0211653
0.0225499
0.0245589
0.0271041
0.0300614
0.0333008
0.0367083
0.0401937
0.0436891
0.0471449
0.0505257
0.0538078
0.0569767
0.0600244
0.0629474
0.0657448
0.0684181
0.0709704
0.0734058
0.0757292
0.0779457
0.0800607
0.0820793
0.0840066
0.0858476
0.0876072
0.0892901
0.0909013
0.0924453
0.0939261
0.0953474
0.0967127
0.0980254
0.0992887
0.100506
0.101679
0.102811
0.103903
0.104959
0.10598
0.106968
0.107923
0.108846
0.10974
0.110604
0.111438
0.112242
0.113016
0.113761
0.114474
0.115155
0.115803
0.116418
0.116999
0.117545
0.118056
0.118531
0.118972
0.119377
0.11975
0.120089
0.120397
0.120676
0.120926
0.12115
0.12135
0.121528
0.121685
0.121824
0.121946
0.122053
0.122148
0.12223
0.122303
0.122366
0.122422
0.122471
0.122514
0.122552
0.122586
0.122616
0.122643
0.122668
0.12269
0.12271
0.122729
0.122746
0.122762
0.122778
0.122792
0.122805
0.122818
0.12283
0.122841
0.122852
0.122863
0.122873
0.122882
0.122892
0.122897
0.0363178
0.0358936
0.0353361
0.0346341
0.0337945
0.0328292
0.0317474
0.0305546
0.0292543
0.0278532
0.0263679
0.0248319
0.0232985
0.0218376
0.0205287
0.0194524
0.0186856
0.0183005
0.0183645
0.0189359
0.0200526
0.0217171
0.0238874
0.0264826
0.0293999
0.0325341
0.0357905
0.0390903
0.0423722
0.0455916
0.0487179
0.0517314
0.0546203
0.0573788
0.0600051
0.0625006
0.0648688
0.0671144
0.0692427
0.0712596
0.073171
0.0749832
0.0767023
0.078334
0.0798839
0.081357
0.0827588
0.0840943
0.0853681
0.0865844
0.0877472
0.0888602
0.0899267
0.09095
0.0919329
0.0928782
0.0937884
0.0946658
0.0955125
0.0963304
0.0971211
0.0978863
0.098627
0.0993443
0.100039
0.100712
0.101363
0.101993
0.102601
0.103188
0.103752
0.104294
0.104812
0.105305
0.105774
0.106217
0.106634
0.107024
0.107388
0.107725
0.108036
0.108321
0.108582
0.108819
0.109033
0.109226
0.109399
0.109554
0.109692
0.109814
0.109922
0.110018
0.110102
0.110176
0.110242
0.1103
0.110351
0.110395
0.110435
0.110471
0.110502
0.11053
0.110555
0.110578
0.110599
0.110618
0.110635
0.110651
0.110666
0.11068
0.110692
0.110705
0.110716
0.110727
0.110737
0.110746
0.110756
0.110764
0.110772
0.11078
0.110788
0.110792
0.0361939
0.0354812
0.034487
0.0332497
0.0318163
0.0302212
0.0284871
0.0266356
0.0247016
0.0227481
0.0208722
0.019196
0.0178392
0.0168902
0.0163916
0.0163485
0.0167486
0.0175785
0.0188294
0.0204917
0.0225435
0.0249411
0.0276196
0.0304999
0.0335005
0.0365471
0.0395787
0.0425494
0.0454263
0.0481883
0.0508227
0.0533238
0.0556902
0.057924
0.0600291
0.062011
0.0638761
0.065631
0.0672827
0.0688378
0.0703028
0.0716842
0.072988
0.0742196
0.0753848
0.0764889
0.0775365
0.0785319
0.0794792
0.0803821
0.0812441
0.0820684
0.0828579
0.0836153
0.084343
0.0850433
0.0857183
0.0863698
0.0869994
0.0876087
0.088199
0.0887714
0.0893269
0.0898662
0.0903899
0.0908984
0.0913919
0.0918706
0.0923341
0.0927823
0.0932147
0.0936307
0.0940297
0.0944111
0.094774
0.0951182
0.0954429
0.095748
0.0960332
0.0962986
0.0965443
0.0967708
0.0969785
0.0971683
0.097341
0.0974975
0.0976387
0.097766
0.0978802
0.0979825
0.0980739
0.0981556
0.0982284
0.0982934
0.0983513
0.0984031
0.0984492
0.0984906
0.0985277
0.0985611
0.0985911
0.0986184
0.0986431
0.0986656
0.0986862
0.0987051
0.0987225
0.0987386
0.0987535
0.0987674
0.0987803
0.0987924
0.0988037
0.0988143
0.0988243
0.0988336
0.0988424
0.0988507
0.0988585
0.0988657
0.0988728
0.0988769
0.0358805
0.034577
0.0328354
0.0308004
0.0285703
0.0262061
0.0237661
0.0213399
0.0190652
0.0171147
0.0156486
0.0147603
0.0144518
0.0146547
0.015274
0.0162275
0.0174664
0.0189753
0.0207567
0.0228103
0.0251166
0.0276317
0.0302938
0.0330348
0.0357906
0.0385082
0.0411476
0.0436815
0.046093
0.0483733
0.0505195
0.0525328
0.0544173
0.0561788
0.0578238
0.0593598
0.0607941
0.0621341
0.0633869
0.0645594
0.0656578
0.0666882
0.0676562
0.0685676
0.0694271
0.0702393
0.0710081
0.0717373
0.0724305
0.0730908
0.073721
0.074324
0.074902
0.0754573
0.0759917
0.0765072
0.0770053
0.0774875
0.0779549
0.0784088
0.0788502
0.0792798
0.0796983
0.0801062
0.080504
0.0808918
0.0812696
0.0816376
0.0819954
0.0823428
0.0826792
0.0830042
0.083317
0.0836173
0.0839043
0.0841775
0.0844365
0.084681
0.0849106
0.0851255
0.0853255
0.085511
0.0856823
0.08584
0.0859844
0.0861166
0.0862369
0.0863463
0.0864456
0.0865355
0.0866167
0.0866901
0.0867564
0.0868163
0.0868704
0.0869194
0.0869636
0.0870038
0.0870401
0.0870732
0.0871034
0.0871309
0.0871561
0.0871793
0.0872005
0.0872201
0.0872381
0.0872549
0.0872703
0.0872847
0.0872981
0.0873105
0.0873221
0.0873329
0.087343
0.0873524
0.0873611
0.0873693
0.087377
0.0873841
0.0873909
0.0873951
0.0352026
0.0328963
0.0301084
0.0271088
0.0240363
0.0210041
0.0181742
0.0157676
0.0140009
0.0129923
0.0127164
0.0130392
0.0137871
0.0148086
0.0160066
0.0173436
0.0188266
0.0204842
0.0223416
0.0244024
0.0266416
0.0290103
0.0314475
0.0338931
0.036296
0.0386178
0.0408326
0.0429251
0.0448882
0.0467205
0.0484246
0.0500059
0.0514712
0.0528279
0.0540839
0.0552472
0.0563253
0.0573256
0.0582546
0.059119
0.0599244
0.0606769
0.0613812
0.0620423
0.062664
0.0632504
0.0638047
0.0643304
0.06483
0.0653064
0.0657617
0.0661983
0.0666179
0.0670223
0.067413
0.0677914
0.0681586
0.0685158
0.0688638
0.0692035
0.0695355
0.0698605
0.0701788
0.0704907
0.0707965
0.0710963
0.0713898
0.0716772
0.071958
0.0722319
0.0724985
0.0727573
0.0730076
0.073249
0.0734808
0.0737026
0.0739139
0.0741144
0.0743038
0.0744821
0.0746491
0.0748051
0.07495
0.0750845
0.0752087
0.0753232
0.0754284
0.075525
0.0756134
0.0756943
0.075768
0.0758354
0.0758969
0.075953
0.0760042
0.0760509
0.0760935
0.0761325
0.0761681
0.0762008
0.0762308
0.0762583
0.0762836
0.0763069
0.0763283
0.0763482
0.0763664
0.0763833
0.076399
0.0764135
0.076427
0.0764395
0.0764511
0.0764618
0.0764718
0.0764811
0.0764897
0.0764977
0.0765051
0.0765119
0.0765185
0.0765226
0.0339322
0.030209
0.0262301
0.0223234
0.0186658
0.0154861
0.0130689
0.0116143
0.0111152
0.011383
0.0121621
0.013226
0.0144189
0.01566
0.0169303
0.0182546
0.0196802
0.0212539
0.023001
0.0249155
0.0269611
0.0290829
0.031222
0.033326
0.0353551
0.0372823
0.0390918
0.0407768
0.0423365
0.0437745
0.0450964
0.04631
0.0474231
0.0484441
0.0493809
0.0502414
0.0510329
0.051762
0.0524348
0.0530572
0.0536348
0.0541723
0.0546737
0.0551431
0.0555839
0.0559994
0.0563922
0.0567651
0.0571202
0.0574598
0.0577854
0.058099
0.0584019
0.0586954
0.0589806
0.0592585
0.05953
0.059796
0.0600568
0.0603133
0.0605657
0.0608144
0.0610597
0.0613017
0.0615404
0.0617758
0.0620078
0.0622362
0.0624606
0.0626808
0.0628961
0.0631061
0.0633103
0.0635081
0.063699
0.0638826
0.0640584
0.0642261
0.0643853
0.0645359
0.0646779
0.0648113
0.064936
0.0650525
0.0651608
0.0652614
0.0653544
0.0654405
0.0655198
0.0655929
0.0656601
0.065722
0.0657788
0.065831
0.0658789
0.065923
0.0659634
0.0660006
0.0660348
0.0660662
0.0660951
0.0661218
0.0661464
0.0661691
0.0661899
0.0662093
0.0662271
0.0662436
0.0662588
0.0662729
0.066286
0.0662981
0.0663092
0.0663196
0.0663292
0.066338
0.0663462
0.0663538
0.0663608
0.0663672
0.0663733
0.0663773
0.0318453
0.026468
0.0214344
0.0170015
0.0134117
0.0109704
0.00980305
0.00972364
0.0103754
0.0114206
0.0126246
0.013853
0.0150438
0.016188
0.0173158
0.0184824
0.0197487
0.0211605
0.0227325
0.0244448
0.026251
0.0280936
0.029918
0.0316807
0.0333514
0.0349129
0.0363569
0.0376828
0.0388938
0.0399964
0.0409982
0.0419076
0.0427331
0.0434828
0.0441644
0.044785
0.0453513
0.0458692
0.0463442
0.0467815
0.0471854
0.0475599
0.0479085
0.0482344
0.0485403
0.048829
0.0491024
0.0493628
0.0496119
0.0498513
0.0500822
0.0503062
0.050524
0.0507369
0.0509455
0.0511505
0.0513525
0.0515522
0.0517497
0.0519456
0.0521399
0.0523331
0.0525249
0.0527157
0.0529051
0.0530932
0.0532797
0.0534644
0.0536469
0.0538268
0.0540036
0.054177
0.0543462
0.0545109
0.0546705
0.0548247
0.0549729
0.055115
0.0552504
0.0553791
0.055501
0.0556161
0.0557242
0.0558257
0.0559205
0.0560091
0.0560914
0.056168
0.0562389
0.0563046
0.0563654
0.0564215
0.0564733
0.0565212
0.0565653
0.056606
0.0566435
0.0566781
0.0567099
0.0567393
0.0567664
0.0567914
0.0568145
0.0568358
0.0568554
0.0568736
0.0568903
0.0569058
0.0569201
0.0569333
0.0569455
0.0569568
0.0569672
0.0569768
0.0569857
0.0569938
0.0570014
0.0570084
0.0570148
0.0570207
0.0570262
0.0570299
0.0288131
0.0218906
0.0162705
0.0120263
0.00938869
0.00836562
0.00855789
0.00943927
0.0106125
0.011852
0.0130484
0.0141563
0.01517
0.016115
0.0170431
0.0180198
0.0191058
0.0203376
0.0217162
0.0232095
0.0247649
0.0263262
0.0278452
0.0292875
0.0306318
0.0318682
0.0329944
0.0340136
0.0349319
0.0357572
0.0364978
0.0371622
0.0377586
0.0382945
0.0387769
0.039212
0.0396056
0.0399631
0.040289
0.0405874
0.0408618
0.0411156
0.0413515
0.041572
0.0417795
0.0419758
0.0421626
0.0423415
0.0425139
0.0426809
0.0428436
0.0430029
0.0431595
0.0433141
0.0434673
0.0436195
0.0437712
0.0439226
0.0440739
0.0442255
0.0443773
0.0445294
0.0446817
0.0448344
0.044987
0.0451396
0.0452917
0.0454432
0.0455937
0.0457427
0.0458898
0.0460345
0.0461764
0.046315
0.0464496
0.0465802
0.0467061
0.0468272
0.046943
0.0470535
0.0471584
0.0472578
0.0473515
0.0474397
0.0475225
0.0476001
0.0476725
0.04774
0.0478028
0.0478612
0.0479152
0.0479654
0.0480119
0.0480549
0.0480946
0.0481313
0.0481652
0.0481966
0.0482254
0.0482522
0.0482768
0.0482996
0.0483205
0.0483399
0.0483578
0.0483743
0.0483895
0.0484036
0.0484166
0.0484286
0.0484396
0.0484498
0.0484592
0.0484679
0.0484759
0.0484832
0.04849
0.0484963
0.048502
0.0485072
0.0485121
0.0485154
0.0248902
0.0169414
0.0114815
0.00828216
0.00716071
0.00746283
0.00845806
0.0096776
0.0108989
0.0120336
0.0130517
0.0139505
0.0147478
0.0154832
0.0162157
0.0170113
0.0179241
0.0189788
0.0201637
0.021438
0.0227474
0.0240402
0.0252761
0.0264293
0.0274861
0.0284424
0.0293
0.0300646
0.0307436
0.0313455
0.0318783
0.0323503
0.0327687
0.0331403
0.0334709
0.0337661
0.0340308
0.0342693
0.0344852
0.0346818
0.034862
0.0350283
0.0351829
0.0353278
0.0354646
0.0355949
0.0357199
0.0358407
0.0359584
0.0360738
0.0361877
0.0363007
0.0364132
0.036526
0.0366391
0.036753
0.0368678
0.0369839
0.0371012
0.0372198
0.0373398
0.0374612
0.0375836
0.0377072
0.0378316
0.0379567
0.0380821
0.0382076
0.0383328
0.0384572
0.0385804
0.038702
0.0388215
0.0389386
0.0390526
0.0391634
0.0392705
0.0393737
0.0394726
0.0395671
0.0396571
0.0397426
0.0398233
0.0398995
0.0399712
0.0400385
0.0401013
0.0401601
0.0402149
0.040266
0.0403133
0.0403574
0.0403982
0.040436
0.040471
0.0405034
0.0405333
0.0405611
0.0405866
0.0406103
0.0406321
0.0406523
0.0406708
0.040688
0.0407038
0.0407184
0.0407319
0.0407443
0.0407558
0.0407664
0.0407761
0.040785
0.0407933
0.0408009
0.0408079
0.0408143
0.0408202
0.0408257
0.0408307
0.0408352
0.0408395
0.0408423
0.02035
0.0122173
0.00776284
0.0061509
0.00637583
0.00739974
0.0086244
0.00980695
0.010871
0.0118012
0.0126019
0.0132867
0.0138815
0.01443
0.0149914
0.0156272
0.0163823
0.0172697
0.0182678
0.0193314
0.0204086
0.0214541
0.0224361
0.0233363
0.0241471
0.0248687
0.0255052
0.0260638
0.0265522
0.0269786
0.0273505
0.0276752
0.0279589
0.0282074
0.0284255
0.0286181
0.0287888
0.0289413
0.0290782
0.0292022
0.0293154
0.0294199
0.0295172
0.029609
0.0296962
0.0297802
0.0298617
0.0299418
0.0300209
0.0300999
0.030179
0.030259
0.0303399
0.0304224
0.0305063
0.0305921
0.0306797
0.0307694
0.030861
0.0309547
0.0310503
0.0311479
0.031247
0.0313477
0.0314497
0.0315529
0.0316567
0.031761
0.0318654
0.0319694
0.0320727
0.0321748
0.0322754
0.0323741
0.0324704
0.0325641
0.0326548
0.0327422
0.0328261
0.0329064
0.032983
0.0330557
0.0331246
0.0331896
0.0332509
0.0333084
0.0333622
0.0334126
0.0334596
0.0335035
0.0335442
0.0335822
0.0336173
0.0336499
0.0336801
0.033708
0.0337339
0.0337578
0.0337799
0.0338003
0.0338192
0.0338366
0.0338526
0.0338674
0.033881
0.0338937
0.0339052
0.033916
0.0339258
0.0339349
0.0339433
0.033951
0.033958
0.0339646
0.0339705
0.033976
0.0339811
0.0339857
0.03399
0.0339938
0.0339974
0.0339998
0.0156369
0.00827896
0.00544818
0.00530521
0.00627269
0.0074841
0.008628
0.00962636
0.0104757
0.0111907
0.0117878
0.0122847
0.0127087
0.0131026
0.0135219
0.0140211
0.0146351
0.0153669
0.0161889
0.0170556
0.0179199
0.0187445
0.0195051
0.0201899
0.0207959
0.0213258
0.0217853
0.0221816
0.0225222
0.0228145
0.023065
0.02328
0.0234646
0.0236235
0.0237608
0.0238801
0.0239845
0.0240765
0.0241584
0.024232
0.0242991
0.0243611
0.0244192
0.0244744
0.0245277
0.0245799
0.0246314
0.0246832
0.0247354
0.0247888
0.0248434
0.0248997
0.0249579
0.0250182
0.0250806
0.0251454
0.0252125
0.025282
0.0253538
0.025428
0.0255044
0.0255828
0.0256632
0.0257453
0.0258288
0.0259137
0.0259994
0.0260858
0.0261725
0.0262591
0.0263451
0.0264304
0.0265145
0.0265971
0.0266777
0.0267562
0.0268321
0.0269055
0.0269758
0.0270432
0.0271075
0.0271686
0.0272265
0.0272812
0.0273327
0.0273811
0.0274264
0.0274689
0.0275084
0.0275454
0.0275797
0.0276117
0.0276414
0.0276689
0.0276943
0.0277179
0.0277397
0.0277599
0.0277785
0.0277958
0.0278117
0.0278264
0.0278398
0.0278523
0.0278638
0.0278744
0.0278842
0.0278932
0.0279015
0.0279091
0.0279161
0.0279226
0.0279285
0.027934
0.027939
0.0279436
0.0279478
0.0279517
0.0279552
0.0279584
0.0279614
0.0279633
0.0112475
0.00547533
0.00434609
0.00510514
0.00628869
0.00740675
0.00835445
0.00913539
0.00977541
0.0102989
0.0107242
0.0110686
0.0113571
0.011629
0.0119338
0.0123176
0.0128061
0.0133952
0.0140545
0.0147418
0.0154165
0.016049
0.0166219
0.0171284
0.0175684
0.0179461
0.0182674
0.0185394
0.0187686
0.0189613
0.0191231
0.0192589
0.0193729
0.0194689
0.0195499
0.0196189
0.0196779
0.0197291
0.0197739
0.019814
0.0198503
0.0198841
0.0199161
0.0199471
0.0199777
0.0200085
0.0200398
0.0200723
0.020106
0.0201414
0.0201787
0.0202181
0.0202596
0.0203036
0.0203498
0.0203986
0.0204498
0.0205035
0.0205595
0.020618
0.0206786
0.0207414
0.020806
0.0208724
0.0209403
0.0210094
0.0210795
0.0211504
0.0212216
0.0212928
0.0213637
0.021434
0.0215033
0.0215715
0.021638
0.0217028
0.0217655
0.0218261
0.0218841
0.0219398
0.0219928
0.0220433
0.022091
0.0221362
0.0221787
0.0222187
0.022256
0.0222911
0.0223237
0.0223542
0.0223826
0.022409
0.0224334
0.0224561
0.0224771
0.0224965
0.0225145
0.0225312
0.0225465
0.0225607
0.0225738
0.0225859
0.022597
0.0226073
0.0226167
0.0226255
0.0226335
0.0226409
0.0226477
0.0226539
0.0226597
0.022665
0.0226698
0.0226743
0.0226784
0.0226821
0.0226856
0.0226887
0.0226916
0.0226942
0.0226966
0.0226982
0.00759172
0.00381866
0.00395651
0.00506319
0.00617408
0.00709381
0.00782424
0.00840205
0.00886168
0.00922808
0.00951767
0.00974476
0.00993073
0.0101096
0.0103239
0.0106111
0.0109891
0.0114493
0.0119621
0.0124903
0.0130007
0.013471
0.0138893
0.0142521
0.0145614
0.0148216
0.0150385
0.0152181
0.0153659
0.0154872
0.0155862
0.015667
0.0157326
0.015786
0.0158296
0.0158653
0.0158949
0.0159197
0.0159408
0.0159595
0.0159763
0.0159922
0.0160075
0.0160231
0.016039
0.0160559
0.0160739
0.0160934
0.0161145
0.0161376
0.0161625
0.0161897
0.016219
0.0162507
0.0162846
0.0163209
0.0163595
0.0164005
0.0164437
0.0164891
0.0165366
0.0165861
0.0166373
0.0166901
0.0167443
0.0167998
0.0168561
0.0169132
0.0169706
0.0170281
0.0170854
0.0171423
0.0171983
0.0172535
0.0173073
0.0173598
0.0174105
0.0174595
0.0175064
0.0175514
0.0175943
0.0176351
0.0176736
0.0177101
0.0177444
0.0177766
0.0178068
0.017835
0.0178613
0.0178859
0.0179088
0.01793
0.0179497
0.017968
0.0179848
0.0180005
0.018015
0.0180284
0.0180407
0.0180521
0.0180626
0.0180723
0.0180812
0.0180895
0.018097
0.018104
0.0181105
0.0181164
0.0181218
0.0181269
0.0181314
0.0181357
0.0181396
0.0181431
0.0181464
0.0181494
0.0181522
0.0181547
0.018157
0.018159
0.018161
0.0181622
0.00488845
0.00301651
0.00383247
0.00494523
0.00586679
0.00656975
0.00710145
0.00750789
0.00782266
0.00806736
0.00825482
0.00839585
0.00850754
0.00861803
0.00876216
0.00896947
0.00925168
0.00959832
0.00998277
0.0103741
0.0107467
0.011084
0.0113786
0.0116293
0.0118387
0.0120111
0.0121514
0.0122646
0.0123551
0.012427
0.0124835
0.0125277
0.0125617
0.0125879
0.0126078
0.0126229
0.0126344
0.0126433
0.0126503
0.0126562
0.0126615
0.0126668
0.0126722
0.0126784
0.0126854
0.0126936
0.0127031
0.0127142
0.0127268
0.0127413
0.0127576
0.012776
0.0127963
0.0128186
0.012843
0.0128695
0.012898
0.0129287
0.0129612
0.0129957
0.0130321
0.0130701
0.0131097
0.0131507
0.013193
0.0132363
0.0132805
0.0133253
0.0133704
0.0134157
0.0134608
0.0135056
0.0135499
0.0135934
0.0136358
0.0136772
0.0137172
0.0137558
0.0137927
0.0138282
0.0138619
0.013894
0.0139243
0.013953
0.0139799
0.0140052
0.0140289
0.0140511
0.0140717
0.014091
0.0141089
0.0141256
0.014141
0.0141553
0.0141685
0.0141807
0.014192
0.0142025
0.0142122
0.0142211
0.0142293
0.0142369
0.0142438
0.0142502
0.0142562
0.0142616
0.0142666
0.0142713
0.0142755
0.0142794
0.014283
0.0142863
0.0142893
0.0142921
0.0142946
0.014297
0.0142991
0.0143011
0.0143028
0.0143044
0.0143059
0.0143069
0.00312826
0.00268014
0.00372158
0.00467971
0.00538515
0.00589032
0.0062564
0.00652744
0.00673193
0.00688667
0.00700076
0.00708161
0.00714204
0.00720419
0.00729538
0.00743799
0.00763931
0.007889
0.00816483
0.00844259
0.00870313
0.00893515
0.00913405
0.00929998
0.00943553
0.00954449
0.00963075
0.00969817
0.00975006
0.0097894
0.00981858
0.00983974
0.0098545
0.00986442
0.00987059
0.00987406
0.00987556
0.0098758
0.00987523
0.00987438
0.00987356
0.00987314
0.00987328
0.00987429
0.00987625
0.00987938
0.00988372
0.00988946
0.00989664
0.00990539
0.00991568
0.00992766
0.00994129
0.00995663
0.00997364
0.0099924
0.0100128
0.010035
0.0100588
0.0100842
0.0101111
0.0101394
0.010169
0.0101998
0.0102316
0.0102644
0.0102978
0.0103319
0.0103662
0.0104006
0.010435
0.0104692
0.0105029
0.0105361
0.0105685
0.0106001
0.0106306
0.01066
0.0106882
0.0107152
0.0107409
0.0107654
0.0107885
0.0108103
0.0108308
0.01085
0.010868
0.0108849
0.0109005
0.0109152
0.0109288
0.0109414
0.0109531
0.0109639
0.0109739
0.0109832
0.0109918
0.0109997
0.011007
0.0110138
0.01102
0.0110257
0.0110309
0.0110358
0.0110403
0.0110444
0.0110482
0.0110517
0.0110549
0.0110578
0.0110605
0.011063
0.0110653
0.0110674
0.0110693
0.0110711
0.0110727
0.0110741
0.0110755
0.0110767
0.0110778
0.0110785
0.00211639
0.00251651
0.0035214
0.0042704
0.00477425
0.00511495
0.00535173
0.00552143
0.00564593
0.0057372
0.00580106
0.00584207
0.00586924
0.00589899
0.00595172
0.0060437
0.00617926
0.00634945
0.00653703
0.00672412
0.00689721
0.00704883
0.0071764
0.00728061
0.00736371
0.00742867
0.00747839
0.00751568
0.00754287
0.00756204
0.00757483
0.00758271
0.00758676
0.00758803
0.00758722
0.00758502
0.00758189
0.00757827
0.00757445
0.00757077
0.00756739
0.00756457
0.00756237
0.00756098
0.00756047
0.00756095
0.00756243
0.00756506
0.00756883
0.00757383
0.00758005
0.00758758
0.00759637
0.0076065
0.0076179
0.00763066
0.00764472
0.00766011
0.00767675
0.00769465
0.00771371
0.00773391
0.0077551
0.00777726
0.00780024
0.00782397
0.00784824
0.00787298
0.00789798
0.00792313
0.00794824
0.00797323
0.00799791
0.00802221
0.00804594
0.00806905
0.00809139
0.00811294
0.00813359
0.00815335
0.00817217
0.00819007
0.00820696
0.00822293
0.00823791
0.00825198
0.00826512
0.00827742
0.00828888
0.00829957
0.00830947
0.00831869
0.00832721
0.00833511
0.00834239
0.00834915
0.00835538
0.00836116
0.00836646
0.00837138
0.00837588
0.00838005
0.00838386
0.00838739
0.00839063
0.00839364
0.00839638
0.00839892
0.00840124
0.00840339
0.00840534
0.00840715
0.0084088
0.00841033
0.00841173
0.00841301
0.00841419
0.00841526
0.00841624
0.0084171
0.00841794
0.00841841
0.00158299
0.00236704
0.00320965
0.00374929
0.0040834
0.00429644
0.00443799
0.00453579
0.00460514
0.00465384
0.0046852
0.00470166
0.00470904
0.00471872
0.00474509
0.00479938
0.00488408
0.00499228
0.00511157
0.00522961
0.00533741
0.00543033
0.00550701
0.00556824
0.00561575
0.00565167
0.00567799
0.0056966
0.00570907
0.00571674
0.00572066
0.00572179
0.0057208
0.00571834
0.00571484
0.00571074
0.00570628
0.00570176
0.00569731
0.00569315
0.00568937
0.0056861
0.00568338
0.00568133
0.00567996
0.00567935
0.0056795
0.00568048
0.0056823
0.00568501
0.0056886
0.00569312
0.00569855
0.00570493
0.00571222
0.00572048
0.00572968
0.00573984
0.0057509
0.00576287
0.00577569
0.00578934
0.00580373
0.00581884
0.00583456
0.00585084
0.00586754
0.0058846
0.00590187
0.00591927
0.00593667
0.00595401
0.00597115
0.00598804
0.00600454
0.00602062
0.00603617
0.00605117
0.00606554
0.0060793
0.0060924
0.00610486
0.00611663
0.00612773
0.00613816
0.00614795
0.00615709
0.00616564
0.0061736
0.00618103
0.00618791
0.00619431
0.00620022
0.00620571
0.00621076
0.00621545
0.00621977
0.00622378
0.00622745
0.00623086
0.00623398
0.00623686
0.0062395
0.00624195
0.00624419
0.00624627
0.00624817
0.00624993
0.00625154
0.00625302
0.00625437
0.00625563
0.00625677
0.00625783
0.0062588
0.00625969
0.00626051
0.00626125
0.00626193
0.00626253
0.00626312
0.00626344
0.00129599
0.00216382
0.0027997
0.00315555
0.00335732
0.00347765
0.00355332
0.0036031
0.00363665
0.00365855
0.00367037
0.00367318
0.00367035
0.00366916
0.003679
0.00370715
0.00375501
0.00381778
0.0038873
0.00395568
0.00401738
0.00406969
0.00411196
0.00414487
0.00416958
0.00418748
0.00419981
0.00420776
0.00421226
0.00421415
0.00421403
0.00421246
0.00420985
0.00420656
0.00420283
0.00419892
0.00419495
0.00419108
0.00418739
0.00418398
0.0041809
0.00417823
0.00417597
0.00417419
0.00417289
0.00417211
0.00417184
0.00417214
0.00417299
0.00417442
0.00417644
0.00417906
0.00418227
0.00418611
0.00419054
0.00419562
0.0042013
0.00420762
0.00421455
0.00422208
0.00423018
0.00423883
0.004248
0.00425765
0.00426772
0.00427818
0.00428894
0.00429996
0.00431113
0.00432242
0.00433371
0.00434498
0.00435614
0.00436714
0.0043779
0.00438838
0.00439853
0.00440832
0.00441771
0.0044267
0.00443526
0.0044434
0.00445109
0.00445835
0.00446516
0.00447156
0.00447753
0.00448311
0.00448831
0.00449316
0.00449766
0.00450183
0.00450569
0.00450927
0.00451256
0.00451562
0.00451844
0.00452105
0.00452345
0.00452566
0.0045277
0.00452957
0.00453129
0.00453288
0.00453435
0.0045357
0.00453694
0.00453808
0.00453913
0.0045401
0.00454098
0.00454179
0.00454254
0.00454323
0.00454387
0.00454445
0.00454498
0.00454547
0.00454592
0.00454631
0.00454669
0.0045469
0.00110753
0.00188763
0.00231832
0.00252711
0.00263351
0.00269151
0.00272502
0.00274516
0.00275728
0.00276372
0.00276505
0.00276153
0.00275486
0.00274921
0.00275013
0.00276191
0.00278529
0.00281736
0.00285325
0.00288843
0.00291979
0.00294591
0.00296652
0.00298206
0.00299323
0.00300083
0.00300556
0.00300808
0.0030089
0.00300846
0.00300709
0.00300507
0.00300262
0.00299993
0.00299712
0.00299431
0.00299156
0.00298895
0.00298651
0.0029843
0.00298233
0.00298063
0.0029792
0.00297808
0.00297726
0.00297676
0.00297657
0.00297672
0.0029772
0.00297803
0.0029792
0.00298072
0.00298259
0.00298483
0.00298742
0.00299038
0.00299371
0.00299741
0.00300147
0.0030059
0.00301067
0.00301577
0.00302118
0.0030269
0.00303287
0.00303909
0.00304549
0.00305205
0.00305872
0.00306547
0.00307223
0.00307898
0.00308567
0.00309227
0.00309873
0.00310504
0.00311114
0.00311703
0.00312268
0.00312809
0.00313325
0.00313815
0.00314278
0.00314716
0.00315126
0.00315511
0.00315871
0.00316207
0.00316521
0.00316813
0.00317083
0.00317335
0.00317567
0.00317782
0.0031798
0.00318164
0.00318334
0.00318491
0.00318635
0.00318768
0.0031889
0.00319003
0.00319106
0.00319202
0.0031929
0.00319371
0.00319446
0.00319515
0.00319578
0.00319636
0.00319689
0.00319738
0.00319783
0.00319825
0.00319863
0.00319898
0.00319931
0.0031996
0.00319987
0.00320011
0.00320035
0.00320047
0.000940089
0.00154366
0.00179618
0.00189808
0.00194231
0.00196263
0.00197202
0.00197594
0.00197682
0.00197561
0.00197237
0.00196704
0.00196032
0.00195424
0.00195162
0.00195466
0.00196368
0.00197714
0.00199255
0.00200763
0.0020209
0.0020317
0.00203994
0.00204586
0.00204982
0.00205221
0.00205336
0.0020536
0.00205315
0.00205222
0.00205094
0.00204946
0.00204785
0.00204621
0.00204459
0.00204302
0.00204155
0.00204019
0.00203896
0.00203787
0.00203693
0.00203616
0.00203555
0.0020351
0.00203483
0.00203472
0.00203478
0.00203502
0.00203543
0.00203603
0.00203679
0.00203774
0.00203887
0.00204018
0.00204168
0.00204336
0.00204523
0.00204729
0.00204953
0.00205196
0.00205457
0.00205736
0.0020603
0.0020634
0.00206664
0.00207
0.00207347
0.00207702
0.00208062
0.00208427
0.00208792
0.00209157
0.00209519
0.00209876
0.00210225
0.00210566
0.00210896
0.00211214
0.0021152
0.00211812
0.00212091
0.00212356
0.00212607
0.00212843
0.00213065
0.00213273
0.00213467
0.00213649
0.00213819
0.00213976
0.00214122
0.00214258
0.00214384
0.002145
0.00214607
0.00214706
0.00214797
0.00214882
0.0021496
0.00215032
0.00215097
0.00215158
0.00215214
0.00215266
0.00215313
0.00215357
0.00215397
0.00215434
0.00215468
0.002155
0.00215528
0.00215555
0.00215579
0.00215602
0.00215623
0.00215642
0.0021566
0.00215676
0.0021569
0.00215704
0.00215717
0.00215724
0.000758919
0.00114997
0.00126545
0.00129943
0.00130899
0.00131025
0.00130838
0.00130531
0.00130175
0.00129791
0.00129371
0.00128901
0.00128404
0.00127956
0.00127668
0.00127625
0.00127834
0.00128227
0.00128699
0.00129163
0.0012956
0.00129869
0.00130087
0.00130226
0.00130301
0.00130325
0.00130312
0.00130273
0.00130216
0.00130148
0.00130075
0.00129999
0.00129924
0.00129853
0.00129787
0.00129727
0.00129674
0.00129629
0.00129591
0.00129562
0.00129541
0.00129528
0.00129524
0.00129527
0.00129538
0.00129557
0.00129584
0.00129619
0.00129661
0.00129712
0.00129769
0.00129835
0.00129908
0.00129988
0.00130077
0.00130173
0.00130276
0.00130388
0.00130507
0.00130633
0.00130767
0.00130908
0.00131055
0.00131208
0.00131367
0.00131531
0.00131699
0.0013187
0.00132042
0.00132216
0.0013239
0.00132563
0.00132734
0.00132902
0.00133066
0.00133226
0.00133381
0.0013353
0.00133673
0.00133809
0.00133939
0.00134063
0.00134179
0.00134289
0.00134392
0.00134489
0.00134579
0.00134664
0.00134742
0.00134815
0.00134883
0.00134946
0.00135004
0.00135058
0.00135107
0.00135153
0.00135196
0.00135235
0.00135271
0.00135304
0.00135334
0.00135363
0.00135388
0.00135412
0.00135434
0.00135455
0.00135473
0.0013549
0.00135506
0.00135521
0.00135534
0.00135547
0.00135558
0.00135569
0.00135578
0.00135587
0.00135596
0.00135603
0.0013561
0.00135616
0.00135623
0.00135626
0.00056069
0.000737104
0.000763631
0.000763607
0.000759028
0.000753908
0.000749091
0.000744733
0.000740815
0.000737263
0.000733976
0.000730891
0.000728051
0.000725642
0.000723902
0.000722976
0.000722785
0.000723083
0.000723574
0.000724041
0.000724361
0.000724504
0.000724479
0.000724326
0.000724081
0.000723782
0.000723454
0.000723123
0.000722803
0.000722507
0.000722239
0.000722008
0.000721815
0.000721663
0.000721552
0.000721485
0.000721459
0.000721475
0.000721529
0.000721622
0.000721751
0.000721916
0.000722113
0.000722345
0.000722607
0.0007229
0.000723221
0.000723571
0.000723947
0.00072435
0.000724778
0.000725231
0.000725708
0.000726209
0.000726732
0.000727278
0.000727845
0.000728434
0.000729041
0.000729669
0.000730314
0.000730976
0.000731651
0.000732341
0.00073304
0.000733747
0.000734459
0.000735173
0.000735885
0.000736592
0.000737291
0.00073798
0.000738653
0.000739311
0.000739948
0.000740564
0.000741157
0.000741725
0.000742267
0.000742783
0.000743272
0.000743735
0.000744169
0.000744579
0.000744962
0.000745322
0.000745656
0.000745968
0.000746258
0.000746527
0.000746776
0.000747008
0.000747222
0.00074742
0.000747602
0.000747771
0.000747926
0.00074807
0.000748202
0.000748324
0.000748437
0.000748541
0.000748636
0.000748724
0.000748805
0.00074888
0.000748949
0.000749013
0.000749071
0.000749126
0.000749175
0.000749222
0.000749264
0.000749304
0.00074934
0.000749374
0.000749405
0.000749433
0.00074946
0.000749484
0.000749507
0.000749524
0.000284746
0.000272336
0.000264576
0.000259339
0.000255518
0.000252567
0.000250187
0.000248211
0.000246531
0.00024508
0.000243811
0.000242707
0.000241778
0.000241046
0.000240526
0.000240198
0.000240007
0.000239884
0.000239774
0.000239647
0.000239498
0.000239331
0.000239158
0.000238988
0.000238827
0.000238681
0.000238552
0.000238444
0.000238354
0.000238285
0.000238234
0.000238201
0.000238186
0.000238187
0.000238204
0.000238235
0.00023828
0.000238338
0.000238407
0.000238488
0.000238579
0.000238681
0.000238791
0.00023891
0.000239038
0.000239173
0.000239316
0.000239465
0.000239621
0.000239784
0.000239951
0.000240125
0.000240303
0.000240486
0.000240673
0.000240864
0.000241059
0.000241257
0.000241457
0.000241659
0.000241863
0.000242068
0.000242273
0.000242478
0.000242682
0.000242885
0.000243085
0.000243283
0.000243477
0.000243666
0.000243851
0.00024403
0.000244203
0.00024437
0.000244531
0.000244684
0.000244831
0.00024497
0.000245102
0.000245227
0.000245345
0.000245455
0.000245559
0.000245657
0.000245747
0.000245833
0.000245911
0.000245985
0.000246054
0.000246117
0.000246176
0.00024623
0.000246281
0.000246328
0.000246371
0.000246411
0.000246447
0.000246482
0.000246513
0.000246542
0.000246569
0.000246594
0.000246616
0.000246637
0.000246657
0.000246675
0.000246691
0.000246707
0.000246721
0.000246734
0.000246746
0.000246758
0.000246768
0.000246778
0.000246786
0.000246795
0.000246802
0.000246809
0.000246816
0.000246822
0.000246827
0.000246834
)
;

boundaryField
{
    lowerWall
    {
        type            nutkWallFunction;
        Cmu             0.09;
        kappa           0.41;
        E               9.8;
        value           nonuniform List<scalar> 
122
(
3.38541e-05
3.22344e-05
3.12153e-05
3.05251e-05
3.00204e-05
2.96298e-05
2.93145e-05
2.90523e-05
2.88293e-05
2.86364e-05
2.84681e-05
2.83232e-05
2.82038e-05
2.81136e-05
2.80531e-05
2.80179e-05
2.79985e-05
2.79849e-05
2.79702e-05
2.7952e-05
2.79303e-05
2.79065e-05
2.78821e-05
2.78587e-05
2.7837e-05
2.78176e-05
2.78008e-05
2.77869e-05
2.77758e-05
2.77675e-05
2.77617e-05
2.77585e-05
2.77577e-05
2.77591e-05
2.77625e-05
2.77679e-05
2.77752e-05
2.77842e-05
2.77948e-05
2.78069e-05
2.78204e-05
2.78352e-05
2.78511e-05
2.78683e-05
2.78866e-05
2.7906e-05
2.79262e-05
2.79474e-05
2.79695e-05
2.79924e-05
2.80159e-05
2.80403e-05
2.80653e-05
2.80909e-05
2.81169e-05
2.81435e-05
2.81706e-05
2.8198e-05
2.82255e-05
2.82534e-05
2.82814e-05
2.83095e-05
2.83374e-05
2.83653e-05
2.83929e-05
2.84203e-05
2.8447e-05
2.84734e-05
2.84991e-05
2.85242e-05
2.85485e-05
2.8572e-05
2.85946e-05
2.86164e-05
2.8637e-05
2.86568e-05
2.86756e-05
2.86934e-05
2.87101e-05
2.8726e-05
2.87409e-05
2.87549e-05
2.87678e-05
2.878e-05
2.87914e-05
2.88021e-05
2.88119e-05
2.8821e-05
2.88296e-05
2.88375e-05
2.88447e-05
2.88514e-05
2.88577e-05
2.88635e-05
2.88688e-05
2.88737e-05
2.88783e-05
2.88825e-05
2.88864e-05
2.889e-05
2.88933e-05
2.88964e-05
2.88992e-05
2.89018e-05
2.89043e-05
2.89065e-05
2.89085e-05
2.89105e-05
2.89122e-05
2.89139e-05
2.89154e-05
2.89168e-05
2.89181e-05
2.89193e-05
2.89204e-05
2.89215e-05
2.89224e-05
2.89233e-05
2.89241e-05
2.89249e-05
2.89255e-05
2.89263e-05
)
;
    }
    upperWall
    {
        type            nutkWallFunction;
        Cmu             0.09;
        kappa           0.41;
        E               9.8;
        value           nonuniform List<scalar> 
122
(
3.36526e-05
3.20374e-05
3.10226e-05
3.03356e-05
2.98333e-05
2.94446e-05
2.91309e-05
2.88699e-05
2.8648e-05
2.84561e-05
2.82888e-05
2.81448e-05
2.80263e-05
2.79366e-05
2.78763e-05
2.78404e-05
2.78196e-05
2.78046e-05
2.77888e-05
2.77697e-05
2.77475e-05
2.77235e-05
2.76992e-05
2.76759e-05
2.76543e-05
2.76352e-05
2.76186e-05
2.76049e-05
2.7594e-05
2.75858e-05
2.75802e-05
2.75771e-05
2.75764e-05
2.75779e-05
2.75813e-05
2.75868e-05
2.75941e-05
2.76031e-05
2.76136e-05
2.76256e-05
2.7639e-05
2.76537e-05
2.76696e-05
2.76867e-05
2.77049e-05
2.77241e-05
2.77442e-05
2.77653e-05
2.77872e-05
2.78099e-05
2.78333e-05
2.78574e-05
2.78822e-05
2.79076e-05
2.79334e-05
2.79598e-05
2.79866e-05
2.80138e-05
2.80412e-05
2.80689e-05
2.80967e-05
2.81246e-05
2.81524e-05
2.81801e-05
2.82076e-05
2.82347e-05
2.82615e-05
2.82878e-05
2.83134e-05
2.83385e-05
2.83627e-05
2.83862e-05
2.84088e-05
2.84305e-05
2.84512e-05
2.8471e-05
2.84898e-05
2.85076e-05
2.85244e-05
2.85403e-05
2.85552e-05
2.85692e-05
2.85823e-05
2.85946e-05
2.8606e-05
2.86166e-05
2.86265e-05
2.86357e-05
2.86442e-05
2.86521e-05
2.86594e-05
2.86661e-05
2.86724e-05
2.86782e-05
2.86835e-05
2.86885e-05
2.8693e-05
2.86972e-05
2.87011e-05
2.87047e-05
2.8708e-05
2.8711e-05
2.87138e-05
2.87165e-05
2.87189e-05
2.87211e-05
2.87231e-05
2.8725e-05
2.87268e-05
2.87284e-05
2.87299e-05
2.87313e-05
2.87326e-05
2.87338e-05
2.87349e-05
2.87359e-05
2.87368e-05
2.87377e-05
2.87385e-05
2.87393e-05
2.87399e-05
2.87407e-05
)
;
    }
    inlet
    {
        type            calculated;
        value           uniform 0.0366503;
    }
    outlet
    {
        type            calculated;
        value           nonuniform List<scalar> 
60
(
0.000248236
0.00075407
0.0013656
0.0021744
0.00322962
0.00459313
0.00633245
0.00851615
0.0112109
0.0144795
0.0183802
0.0229666
0.0282864
0.0343818
0.041287
0.0490264
0.0576106
0.0670309
0.0772519
0.0882022
0.0997632
0.111757
0.123939
0.135994
0.147574
0.158382
0.168393
0.178171
0.188717
0.198444
0.198242
0.188066
0.177184
0.167246
0.157196
0.14641
0.134884
0.122897
0.110792
0.0988769
0.0873951
0.0765226
0.0663773
0.0570299
0.0485154
0.0408423
0.0339998
0.0279633
0.0226982
0.0181622
0.0143069
0.0110785
0.00841841
0.00626344
0.0045469
0.00320047
0.00215724
0.00135626
0.000749524
0.000246834
)
;
    }
    frontAndBack
    {
        type            empty;
    }
}


// ************************************************************************* //
