/*--------------------------------*- C++ -*----------------------------------*\
  =========                 |
  \\      /  F ield         | OpenFOAM: The Open Source CFD Toolbox
   \\    /   O peration     | Website:  https://openfoam.org
    \\  /    A nd           | Version:  8
     \\/     M anipulation  |
\*---------------------------------------------------------------------------*/
FoamFile
{
    version     2.0;
    format      ascii;
    class       volScalarField;
    location    "650";
    object      epsilon;
}
// * * * * * * * * * * * * * * * * * * * * * * * * * * * * * * * * * * * * * //

dimensions      [0 2 -3 0 0 0 0];

internalField   nonuniform List<scalar> 
7320
(
11607.3
10157.7
9314.43
8772.21
8390.2
8102.79
7875.93
7690.7
7535.77
7403.76
7289.61
7189.73
7101.46
7022.84
6952.31
6888.69
6831
6778.46
6730.43
6686.38
6645.85
6608.48
6573.93
6541.93
6512.24
6484.64
6458.97
6435.04
6412.73
6391.9
6372.44
6354.25
6337.24
6321.32
6306.43
6292.49
6279.45
6267.25
6255.83
6245.16
6235.18
6225.86
6217.16
6209.05
6201.5
6194.47
6187.94
6181.88
6176.27
6171.09
6166.32
6161.92
6157.9
6154.23
6150.89
6147.86
6145.15
6142.73
6140.58
6138.71
6137.09
6135.73
6134.6
6133.7
6133.02
6132.56
6132.3
6132.24
6132.38
6132.69
6133.19
6133.87
6134.71
6135.72
6136.88
6138.2
6139.67
6141.28
6143.04
6144.93
6146.96
6149.12
6151.4
6153.81
6156.33
6158.97
6161.73
6164.6
6167.57
6170.65
6173.83
6177.11
6180.49
6183.96
6187.53
6191.18
6194.92
6198.74
6202.65
6206.63
6210.68
6214.81
6219.01
6223.27
6227.59
6231.97
6236.4
6240.89
6245.42
6249.99
6254.6
6259.24
6263.91
6268.59
6273.3
6278.01
6282.73
6287.45
6292.16
6296.86
6301.42
6306.05
3749.32
3919.37
3598.69
3368.86
3210.19
3093.2
3002.11
2928.43
2867.18
2815.25
2770.5
2731.45
2697.02
2666.41
2638.99
2614.29
2591.92
2571.56
2552.97
2535.93
2520.26
2505.82
2492.48
2480.12
2468.66
2458.02
2448.11
2438.89
2430.28
2422.25
2414.75
2407.74
2401.19
2395.05
2389.31
2383.94
2378.91
2374.21
2369.81
2365.69
2361.84
2358.24
2354.88
2351.75
2348.83
2346.11
2343.59
2341.24
2339.07
2337.07
2335.21
2333.51
2331.95
2330.52
2329.22
2328.05
2326.99
2326.05
2325.21
2324.48
2323.85
2323.31
2322.87
2322.51
2322.24
2322.05
2321.94
2321.91
2321.95
2322.06
2322.25
2322.49
2322.81
2323.19
2323.62
2324.12
2324.67
2325.29
2325.95
2326.67
2327.43
2328.25
2329.12
2330.03
2330.99
2331.99
2333.04
2334.13
2335.26
2336.43
2337.64
2338.89
2340.17
2341.49
2342.85
2344.24
2345.66
2347.11
2348.59
2350.11
2351.65
2353.22
2354.81
2356.43
2358.08
2359.74
2361.42
2363.13
2364.85
2366.58
2368.33
2370.09
2371.86
2373.64
2375.43
2377.21
2379
2380.79
2382.58
2384.36
2386.08
2387.83
1528.99
1989.05
1884.98
1770.23
1685.89
1623.05
1574.14
1534.67
1501.95
1474.25
1450.43
1429.67
1411.39
1395.16
1380.63
1367.55
1355.71
1344.94
1335.11
1326.1
1317.83
1310.2
1303.16
1296.64
1290.59
1284.98
1279.75
1274.88
1270.35
1266.11
1262.16
1258.46
1255.01
1251.77
1248.75
1245.92
1243.27
1240.79
1238.47
1236.3
1234.27
1232.37
1230.6
1228.95
1227.42
1225.99
1224.66
1223.42
1222.28
1221.22
1220.25
1219.35
1218.53
1217.78
1217.1
1216.48
1215.92
1215.42
1214.97
1214.59
1214.25
1213.96
1213.72
1213.53
1213.38
1213.27
1213.2
1213.17
1213.19
1213.23
1213.32
1213.43
1213.59
1213.77
1213.99
1214.23
1214.51
1214.81
1215.14
1215.5
1215.89
1216.3
1216.73
1217.19
1217.67
1218.18
1218.71
1219.26
1219.83
1220.42
1221.03
1221.66
1222.3
1222.97
1223.65
1224.36
1225.07
1225.81
1226.56
1227.32
1228.1
1228.89
1229.7
1230.51
1231.34
1232.18
1233.03
1233.89
1234.76
1235.63
1236.51
1237.4
1238.29
1239.19
1240.09
1240.99
1241.89
1242.79
1243.69
1244.58
1245.46
1246.33
720.941
1168.15
1165.72
1105.65
1054.38
1014.75
983.61
958.429
937.557
919.91
904.751
891.557
879.953
869.656
860.45
852.168
844.676
837.868
831.656
825.967
820.741
815.927
811.482
807.369
803.556
800.014
796.721
793.654
790.794
788.126
785.634
783.306
781.128
779.091
777.185
775.402
773.733
772.171
770.71
769.344
768.067
766.874
765.761
764.723
763.756
762.856
762.02
761.244
760.525
759.86
759.247
758.682
758.164
757.689
757.257
756.865
756.51
756.193
755.91
755.66
755.442
755.255
755.097
754.967
754.865
754.788
754.737
754.71
754.706
754.725
754.765
754.827
754.909
755.011
755.132
755.272
755.43
755.605
755.797
756.006
756.231
756.471
756.727
756.997
757.281
757.579
757.891
758.216
758.553
758.903
759.264
759.638
760.023
760.418
760.825
761.241
761.668
762.104
762.549
763.004
763.467
763.938
764.417
764.903
765.396
765.896
766.401
766.913
767.429
767.95
768.475
769.003
769.535
770.068
770.604
771.14
771.677
772.213
772.749
773.283
773.805
774.324
358.82
725.629
779.829
754.392
722.982
696.536
675.147
657.664
643.11
630.786
620.195
610.98
602.879
595.694
589.274
583.502
578.284
573.544
569.221
565.264
561.63
558.284
555.195
552.337
549.689
547.229
544.942
542.813
540.829
538.977
537.247
535.631
534.12
532.707
531.385
530.147
528.99
527.906
526.893
525.945
525.06
524.233
523.461
522.741
522.07
521.446
520.866
520.328
519.829
519.367
518.941
518.548
518.187
517.856
517.553
517.278
517.029
516.805
516.605
516.426
516.27
516.134
516.019
515.922
515.843
515.783
515.739
515.711
515.699
515.703
515.721
515.753
515.799
515.859
515.931
516.016
516.113
516.222
516.343
516.474
516.617
516.769
516.932
517.105
517.288
517.479
517.68
517.889
518.107
518.334
518.568
518.81
519.06
519.317
519.581
519.853
520.13
520.415
520.705
521.002
521.304
521.611
521.924
522.242
522.564
522.891
523.222
523.557
523.895
524.237
524.581
524.927
525.276
525.626
525.978
526.33
526.683
527.037
527.389
527.741
528.087
528.428
180.95
454.606
539.365
539.228
522.289
504.944
489.985
477.422
466.83
457.801
450.016
443.23
437.258
431.96
427.225
422.969
419.121
415.626
412.44
409.523
406.846
404.381
402.106
400.001
398.051
396.241
394.557
392.99
391.529
390.166
388.894
387.704
386.593
385.553
384.579
383.669
382.817
382.02
381.274
380.577
379.925
379.317
378.749
378.219
377.725
377.265
376.838
376.441
376.073
375.732
375.417
375.126
374.859
374.613
374.388
374.182
373.996
373.827
373.676
373.54
373.421
373.316
373.225
373.148
373.085
373.033
372.995
372.968
372.951
372.946
372.952
372.968
372.993
373.029
373.073
373.127
373.189
373.26
373.339
373.426
373.521
373.624
373.733
373.85
373.974
374.104
374.241
374.384
374.534
374.689
374.85
375.017
375.189
375.367
375.549
375.737
375.929
376.126
376.328
376.534
376.744
376.958
377.176
377.397
377.622
377.85
378.081
378.315
378.552
378.791
379.032
379.275
379.519
379.765
380.013
380.261
380.509
380.758
381.007
381.256
381.502
381.742
91.0616
278.177
374.321
393.387
388.302
378.207
368.135
359.167
351.387
344.653
338.793
333.658
329.123
325.091
321.482
318.234
315.297
312.627
310.193
307.964
305.918
304.034
302.295
300.686
299.195
297.811
296.524
295.326
294.209
293.167
292.194
291.285
290.435
289.64
288.895
288.199
287.547
286.938
286.367
285.834
285.335
284.869
284.435
284.029
283.651
283.299
282.971
282.666
282.384
282.121
281.879
281.655
281.448
281.258
281.083
280.923
280.778
280.646
280.526
280.419
280.324
280.239
280.166
280.103
280.049
280.005
279.971
279.945
279.927
279.917
279.916
279.922
279.936
279.957
279.984
280.019
280.06
280.108
280.162
280.222
280.288
280.359
280.436
280.518
280.606
280.699
280.796
280.898
281.005
281.117
281.233
281.353
281.477
281.606
281.738
281.874
282.014
282.157
282.304
282.454
282.607
282.763
282.922
283.084
283.249
283.416
283.586
283.758
283.932
284.107
284.285
284.464
284.645
284.827
285.01
285.194
285.378
285.563
285.748
285.933
286.118
286.297
46.0967
162.189
254.261
286.985
292.083
288.344
282.427
276.399
270.841
265.871
261.463
257.552
254.072
250.96
248.165
245.642
243.355
241.274
239.374
237.632
236.033
234.559
233.197
231.938
230.77
229.686
228.677
227.738
226.862
226.045
225.282
224.569
223.901
223.277
222.693
222.147
221.635
221.156
220.708
220.289
219.897
219.531
219.189
218.869
218.572
218.294
218.036
217.796
217.572
217.365
217.173
216.995
216.831
216.68
216.541
216.413
216.296
216.19
216.093
216.006
215.928
215.859
215.798
215.745
215.699
215.661
215.63
215.606
215.588
215.577
215.572
215.572
215.579
215.591
215.609
215.631
215.659
215.692
215.73
215.773
215.82
215.872
215.928
215.988
216.052
216.12
216.192
216.268
216.348
216.431
216.517
216.607
216.7
216.797
216.896
216.998
217.104
217.212
217.323
217.437
217.553
217.671
217.792
217.916
218.041
218.168
218.298
218.429
218.562
218.697
218.833
218.971
219.11
219.25
219.391
219.532
219.675
219.818
219.961
220.105
220.249
220.388
24.139
88.6484
164.986
205.253
218.887
220.976
218.885
215.492
211.862
208.378
205.161
202.236
199.59
197.197
195.031
193.064
191.273
189.637
188.14
186.765
185.499
184.331
183.251
182.251
181.323
180.461
179.658
178.91
178.213
177.561
176.952
176.383
175.851
175.352
174.886
174.449
174.04
173.657
173.299
172.964
172.65
172.357
172.083
171.827
171.588
171.365
171.158
170.964
170.785
170.618
170.463
170.319
170.186
170.063
169.95
169.846
169.751
169.664
169.584
169.512
169.448
169.39
169.339
169.294
169.255
169.222
169.194
169.172
169.156
169.144
169.137
169.134
169.137
169.144
169.155
169.17
169.19
169.213
169.241
169.272
169.307
169.345
169.387
169.432
169.481
169.533
169.588
169.646
169.707
169.771
169.837
169.907
169.979
170.053
170.13
170.21
170.292
170.376
170.463
170.551
170.642
170.735
170.83
170.927
171.025
171.126
171.228
171.331
171.436
171.543
171.65
171.759
171.869
171.98
172.092
172.205
172.319
172.433
172.547
172.662
172.777
172.889
13.5084
45.5623
99.8141
140.768
160.687
168.047
169.612
168.74
166.918
164.789
162.633
160.564
158.629
156.839
155.192
153.678
152.288
151.01
149.834
148.749
147.746
146.819
145.959
145.161
144.42
143.729
143.086
142.486
141.925
141.401
140.912
140.453
140.024
139.622
139.246
138.893
138.563
138.253
137.963
137.692
137.438
137.2
136.978
136.77
136.576
136.395
136.227
136.069
135.923
135.786
135.66
135.542
135.433
135.333
135.24
135.154
135.075
135.003
134.937
134.877
134.823
134.775
134.732
134.693
134.66
134.632
134.608
134.588
134.572
134.561
134.553
134.55
134.55
134.553
134.56
134.571
134.585
134.602
134.623
134.646
134.673
134.702
134.735
134.77
134.807
134.848
134.891
134.936
134.984
135.035
135.087
135.142
135.199
135.259
135.32
135.383
135.449
135.516
135.585
135.656
135.729
135.804
135.88
135.958
136.037
136.118
136.2
136.284
136.368
136.455
136.542
136.63
136.719
136.809
136.9
136.992
137.084
137.177
137.271
137.364
137.459
137.55
8.23297
22.8776
55.2867
90.2281
113.178
124.85
129.856
131.463
131.425
130.618
129.473
128.204
126.919
125.67
124.481
123.362
122.317
121.343
120.436
119.594
118.81
118.08
117.401
116.769
116.178
115.627
115.113
114.632
114.181
113.76
113.365
112.995
112.648
112.323
112.018
111.733
111.465
111.213
110.978
110.757
110.55
110.356
110.175
110.006
109.847
109.699
109.561
109.432
109.312
109.2
109.096
109
108.91
108.827
108.75
108.679
108.613
108.553
108.499
108.449
108.403
108.362
108.326
108.294
108.265
108.241
108.22
108.203
108.189
108.178
108.171
108.167
108.166
108.167
108.172
108.18
108.19
108.203
108.219
108.237
108.257
108.281
108.306
108.334
108.364
108.396
108.43
108.467
108.506
108.546
108.588
108.633
108.679
108.727
108.777
108.828
108.882
108.936
108.993
109.051
109.11
109.171
109.233
109.297
109.362
109.428
109.496
109.564
109.634
109.705
109.776
109.849
109.922
109.997
110.072
110.147
110.224
110.3
110.377
110.455
110.533
110.61
5.47937
11.9932
28.2309
52.6649
74.495
88.7635
96.7042
100.69
102.44
102.969
102.841
102.365
101.714
100.983
100.226
99.4734
98.7428
98.0428
97.3776
96.7488
96.1563
95.5991
95.0758
94.5845
94.1235
93.6909
93.2849
92.9038
92.546
92.21
91.8945
91.5981
91.3197
91.0582
90.8125
90.5817
90.365
90.1615
89.9705
89.7913
89.6233
89.4658
89.3182
89.18
89.0507
88.9297
88.8167
88.7111
88.6126
88.5208
88.4352
88.3557
88.2817
88.2131
88.1496
88.0908
88.0367
87.9869
87.9413
87.8997
87.8619
87.8278
87.7972
87.77
87.746
87.7252
87.7074
87.6926
87.6806
87.6714
87.6647
87.6606
87.6589
87.6597
87.663
87.6685
87.6764
87.6865
87.6988
87.7132
87.7297
87.7482
87.7688
87.7912
87.8155
87.8417
87.8697
87.8995
87.9309
87.9641
87.9989
88.0352
88.0732
88.1127
88.1536
88.1961
88.2399
88.2851
88.3317
88.3796
88.4287
88.4791
88.5307
88.5834
88.6372
88.6922
88.7481
88.805
88.8629
88.9216
88.9812
89.0415
89.1026
89.1644
89.2267
89.2897
89.3531
89.417
89.4813
89.5458
89.6113
89.6753
3.95841
6.92866
14.0447
27.7128
44.4801
58.7408
68.535
74.555
78.0226
79.9011
80.8188
81.1603
81.1575
80.9504
80.6246
80.2328
79.808
79.3708
78.9339
78.5054
78.0901
77.6909
77.3092
76.9458
76.6006
76.2734
75.9637
75.6708
75.3942
75.1329
74.8864
74.6538
74.4345
74.2277
74.0329
73.8495
73.6767
73.5142
73.3613
73.2176
73.0825
72.9557
72.8368
72.7252
72.6206
72.5227
72.431
72.3453
72.2652
72.1905
72.1207
72.0558
71.9954
71.9393
71.8873
71.8391
71.7947
71.7538
71.7163
71.682
71.6509
71.6227
71.5973
71.5748
71.5549
71.5376
71.5228
71.5104
71.5003
71.4925
71.4869
71.4832
71.4817
71.4821
71.4846
71.4889
71.4952
71.5033
71.5133
71.525
71.5385
71.5536
71.5705
71.5889
71.6089
71.6305
71.6536
71.6782
71.7042
71.7317
71.7605
71.7907
71.8222
71.855
71.8891
71.9244
71.9609
71.9985
72.0373
72.0772
72.1182
72.1602
72.2032
72.2472
72.2922
72.338
72.3847
72.4322
72.4805
72.5296
72.5793
72.6297
72.6807
72.7323
72.7844
72.8369
72.8898
72.9431
72.9968
73.0507
73.1053
73.1592
3.07723
4.48267
7.4297
13.6627
23.6765
35.0257
44.8492
52.0825
56.9685
60.1185
62.0853
63.271
63.946
64.2875
64.4108
64.3915
64.2795
64.1082
63.8999
63.6697
63.4282
63.1823
62.937
62.6954
62.4598
62.2316
62.0118
61.8008
61.5989
61.4062
61.2226
61.048
60.8822
60.7249
60.5759
60.4349
60.3015
60.1755
60.0565
59.9444
59.8386
59.7391
59.6455
59.5575
59.4748
59.3973
59.3245
59.2564
59.1927
59.1331
59.0774
59.0255
58.9772
58.9323
58.8906
58.8519
58.8163
58.7834
58.7532
58.7257
58.7006
58.6779
58.6575
58.6393
58.6233
58.6094
58.5975
58.5876
58.5796
58.5734
58.5691
58.5663
58.5653
58.5658
58.568
58.5717
58.5771
58.5839
58.5923
58.6021
58.6134
58.626
58.6401
58.6555
58.6723
58.6903
58.7097
58.7302
58.752
58.775
58.7991
58.8244
58.8508
58.8782
58.9068
58.9364
58.9669
58.9985
59.031
59.0644
59.0988
59.134
59.17
59.2069
59.2445
59.2829
59.322
59.3618
59.4022
59.4432
59.4848
59.5269
59.5696
59.6126
59.6561
59.6999
59.744
59.7884
59.8331
59.878
59.9235
59.9687
2.55068
3.21778
4.43832
6.94254
11.6103
18.4647
26.1707
33.1843
38.7612
42.8701
45.7762
47.7853
49.1524
50.0674
50.6656
51.0415
51.2609
51.37
51.4011
51.3772
51.3148
51.2257
51.1186
50.9996
50.8734
50.7434
50.6119
50.4809
50.3517
50.2252
50.1022
49.9831
49.8682
49.7578
49.6521
49.551
49.4545
49.3627
49.2754
49.1926
49.1142
49.04
48.9698
48.9037
48.8413
48.7826
48.7274
48.6756
48.627
48.5815
48.5389
48.4991
48.4621
48.4275
48.3955
48.3658
48.3383
48.3131
48.2899
48.2687
48.2494
48.2321
48.2165
48.2027
48.1906
48.1801
48.1712
48.1639
48.1581
48.1538
48.151
48.1495
48.1493
48.1504
48.1528
48.1564
48.1613
48.1675
48.1748
48.1834
48.1932
48.2041
48.2162
48.2293
48.2436
48.259
48.2754
48.2928
48.3112
48.3307
48.3511
48.3724
48.3947
48.4179
48.4419
48.4669
48.4926
48.5192
48.5466
48.5747
48.6036
48.6332
48.6634
48.6944
48.726
48.7581
48.7909
48.8242
48.858
48.8923
48.927
48.9622
48.9977
49.0335
49.0697
49.1061
49.1427
49.1795
49.2165
49.2537
49.2913
49.329
2.23299
2.5213
3.02004
3.97831
5.81132
8.95326
13.4245
18.6064
23.6547
28.0086
31.4918
34.1618
36.1611
37.6393
38.7238
39.5144
40.0864
40.4959
40.7841
40.9815
41.1107
41.1886
41.2279
41.238
41.2264
41.1984
41.1584
41.1097
41.0548
40.9956
40.9338
40.8705
40.8067
40.7431
40.6803
40.6187
40.5587
40.5005
40.4443
40.3903
40.3385
40.289
40.2417
40.1968
40.1542
40.1139
40.0757
40.0397
40.0059
39.974
39.9442
39.9162
39.8901
39.8658
39.8432
39.8223
39.8029
39.7852
39.7689
39.7542
39.7408
39.7288
39.7181
39.7088
39.7007
39.6939
39.6883
39.6839
39.6806
39.6785
39.6775
39.6776
39.6787
39.6808
39.6838
39.6879
39.6929
39.6989
39.7058
39.7137
39.7226
39.7324
39.7431
39.7547
39.7672
39.7805
39.7947
39.8098
39.8256
39.8423
39.8598
39.8781
39.8971
39.9168
39.9373
39.9584
39.9803
40.0028
40.0259
40.0497
40.074
40.099
40.1244
40.1505
40.177
40.2039
40.2314
40.2592
40.2875
40.316
40.345
40.3742
40.4037
40.4334
40.4633
40.4933
40.5235
40.5538
40.5842
40.6147
40.6455
40.6767
2.04415
2.12289
2.29752
2.64296
3.30166
4.4877
6.42602
9.18516
12.5445
16.0848
19.4152
22.3108
24.7067
26.6315
28.1526
29.344
30.2729
30.9955
31.5567
31.9917
32.3282
32.5873
32.7857
32.936
33.0484
33.1307
33.1892
33.2286
33.253
33.2655
33.2685
33.2641
33.254
33.2393
33.2214
33.2009
33.1786
33.1552
33.1311
33.1066
33.0821
33.0579
33.0341
33.0109
32.9885
32.9668
32.946
32.9262
32.9073
32.8895
32.8726
32.8568
32.8419
32.8281
32.8152
32.8034
32.7925
32.7825
32.7735
32.7654
32.7583
32.752
32.7466
32.7421
32.7384
32.7356
32.7337
32.7325
32.7322
32.7327
32.734
32.7361
32.739
32.7426
32.7468
32.7518
32.7575
32.7639
32.771
32.7788
32.7874
32.7966
32.8066
32.8173
32.8286
32.8406
32.8533
32.8667
32.8807
32.8953
32.9106
32.9264
32.9429
32.9599
32.9776
32.9957
33.0144
33.0337
33.0534
33.0736
33.0943
33.1154
33.1369
33.1588
33.1811
33.2038
33.2268
33.2501
33.2736
33.2974
33.3214
33.3456
33.37
33.3944
33.419
33.4437
33.4684
33.4931
33.5178
33.5425
33.5674
33.5929
1.93662
1.89378
1.9091
1.99887
2.20581
2.60135
3.28857
4.38475
5.96585
7.99812
10.3235
12.7231
15.0051
17.0512
18.8156
20.3
21.5307
22.5425
23.3709
24.0479
24.6009
25.053
25.4228
25.7255
25.9736
26.1769
26.3435
26.4799
26.5915
26.6826
26.7567
26.8167
26.8651
26.9038
26.9346
26.9586
26.9773
26.9913
27.0017
27.0091
27.014
27.0169
27.0182
27.0182
27.0173
27.0156
27.0134
27.0109
27.0081
27.0051
27.0022
26.9993
26.9965
26.994
26.9916
26.9895
26.9877
26.9862
26.9851
26.9844
26.9841
26.9841
26.9846
26.9855
26.9869
26.9887
26.991
26.9937
26.9969
27.0006
27.0048
27.0095
27.0147
27.0203
27.0265
27.033
27.04
27.0474
27.0553
27.0637
27.0726
27.0819
27.0918
27.1022
27.113
27.1244
27.1362
27.1485
27.1613
27.1746
27.1883
27.2025
27.2171
27.2322
27.2477
27.2636
27.2799
27.2966
27.3136
27.331
27.3488
27.3668
27.3852
27.4038
27.4227
27.4418
27.4611
27.4806
27.5003
27.5201
27.54
27.56
27.58
27.6001
27.6202
27.6402
27.6603
27.6802
27.7
27.7198
27.7397
27.7602
1.87971
1.76618
1.6969
1.6702
1.69599
1.79455
1.99808
2.35263
2.91532
3.74022
4.85282
6.22679
7.78258
9.41177
11.0108
12.5043
13.8504
15.0348
16.0607
16.9406
17.6911
18.3291
18.8711
19.3314
19.7227
20.0558
20.3398
20.5824
20.79
20.9681
21.1211
21.2528
21.3665
21.4647
21.5497
21.6235
21.6877
21.7436
21.7925
21.8353
21.8728
21.9059
21.9351
21.9609
21.984
22.0045
22.023
22.0396
22.0546
22.0683
22.0809
22.0924
22.1031
22.1131
22.1225
22.1314
22.1399
22.148
22.1558
22.1634
22.1709
22.1782
22.1855
22.1927
22.1999
22.2072
22.2145
22.2219
22.2295
22.2372
22.245
22.253
22.2612
22.2696
22.2782
22.2871
22.2961
22.3053
22.3147
22.3244
22.3343
22.3445
22.355
22.3658
22.3768
22.3882
22.3999
22.4119
22.4242
22.4368
22.4497
22.4629
22.4764
22.4902
22.5042
22.5186
22.5332
22.548
22.5631
22.5784
22.594
22.6097
22.6256
22.6416
22.6578
22.6742
22.6906
22.7071
22.7236
22.7402
22.7567
22.7733
22.7898
22.8062
22.8226
22.8388
22.8549
22.8709
22.8866
22.9023
22.9179
22.9341
1.85262
1.70013
1.58443
1.50014
1.44691
1.42874
1.45383
1.53512
1.69135
1.94726
2.33147
2.87025
3.57781
4.44716
5.44734
6.52934
7.63811
8.72431
9.75158
10.698
11.554
12.3183
12.995
13.5909
14.1139
14.5724
14.974
15.3259
15.6346
15.9057
16.1443
16.3545
16.5402
16.7046
16.8503
16.9799
17.0954
17.1986
17.2909
17.3739
17.4485
17.5159
17.5768
17.6321
17.6824
17.7283
17.7703
17.8089
17.8444
17.8771
17.9074
17.9356
17.9618
17.9863
18.0092
18.0308
18.0511
18.0704
18.0886
18.106
18.1226
18.1385
18.1538
18.1685
18.1828
18.1966
18.2101
18.2232
18.2361
18.2488
18.2612
18.2735
18.2856
18.2977
18.3097
18.3217
18.3336
18.3454
18.3572
18.369
18.3808
18.3927
18.4046
18.4165
18.4286
18.4408
18.4531
18.4655
18.478
18.4907
18.5036
18.5165
18.5296
18.5429
18.5563
18.5698
18.5834
18.5972
18.611
18.625
18.639
18.6531
18.6673
18.6815
18.6958
18.71
18.7242
18.7384
18.7526
18.7666
18.7806
18.7945
18.8082
18.8217
18.8351
18.8482
18.8611
18.8738
18.8862
18.8984
18.9106
18.9232
1.84139
1.6697
1.52946
1.4157
1.32537
1.25752
1.21298
1.19428
1.2059
1.25453
1.3495
1.50277
1.72823
2.03963
2.44734
2.95456
3.55468
4.23102
4.95936
5.71236
6.46405
7.19311
7.88439
8.52868
9.12169
9.66264
10.153
10.5957
10.9943
11.3526
11.6745
11.9636
12.2236
12.4575
12.6682
12.8582
13.03
13.1854
13.3263
13.4543
13.5708
13.6771
13.7743
13.8632
13.9449
14.02
14.0892
14.1531
14.2123
14.2672
14.3182
14.3657
14.41
14.4515
14.4904
14.5269
14.5613
14.5937
14.6243
14.6533
14.6808
14.707
14.732
14.7558
14.7786
14.8004
14.8214
14.8416
14.8611
14.88
14.8982
14.916
14.9333
14.9501
14.9665
14.9826
14.9984
15.0139
15.0291
15.044
15.0587
15.0731
15.0874
15.1015
15.1155
15.1293
15.1431
15.1568
15.1705
15.1841
15.1977
15.2112
15.2247
15.2382
15.2517
15.2652
15.2786
15.292
15.3054
15.3188
15.3321
15.3453
15.3585
15.3716
15.3847
15.3976
15.4103
15.423
15.4355
15.4477
15.4598
15.4717
15.4833
15.4947
15.5058
15.5166
15.527
15.5372
15.5469
15.5564
15.5657
15.5754
1.83747
1.65774
1.50597
1.37779
1.26982
1.17973
1.10613
1.0485
1.0071
0.982967
0.978021
0.995182
1.03851
1.11327
1.22579
1.383
1.59157
1.8566
2.18029
2.56083
2.99199
3.46369
3.96323
4.47697
4.99198
5.49722
5.98422
6.44713
6.88244
7.28854
7.66514
8.01292
8.33309
8.62727
8.89721
9.14476
9.37174
9.57992
9.77097
9.94645
10.1078
10.2563
10.3931
10.5194
10.636
10.744
10.8441
10.937
11.0234
11.1038
11.1788
11.2488
11.3144
11.3758
11.4334
11.4875
11.5385
11.5865
11.6319
11.6748
11.7154
11.7539
11.7905
11.8253
11.8585
11.8902
11.9204
11.9493
11.9771
12.0037
12.0293
12.054
12.0777
12.1007
12.1229
12.1444
12.1652
12.1855
12.2052
12.2244
12.2431
12.2613
12.2791
12.2964
12.3133
12.3299
12.3462
12.3622
12.3779
12.3934
12.4087
12.4237
12.4385
12.4532
12.4676
12.4819
12.496
12.5099
12.5237
12.5372
12.5506
12.5638
12.5768
12.5896
12.6022
12.6145
12.6266
12.6384
12.65
12.6612
12.6722
12.6828
12.693
12.7029
12.7124
12.7216
12.7303
12.7386
12.7464
12.7538
12.761
12.7684
1.83635
1.65389
1.49762
1.36332
1.24761
1.14783
1.062
0.988661
0.926848
0.875995
0.835924
0.806832
0.789309
0.784375
0.793528
0.818789
0.862716
0.92835
1.01906
1.13827
1.28904
1.47355
1.69265
1.94546
2.22922
2.53944
2.87029
3.21516
3.56728
3.92031
4.26872
4.60807
4.93503
5.24737
5.54372
5.82347
6.08651
6.33313
6.56385
6.77937
6.98049
7.16805
7.34292
7.50597
7.65804
7.79995
7.93245
8.05626
8.17205
8.28043
8.38197
8.47721
8.56661
8.65062
8.72966
8.80411
8.8743
8.94056
9.00317
9.06241
9.11852
9.17172
9.22223
9.27022
9.31589
9.35938
9.40086
9.44045
9.47828
9.51448
9.54916
9.58241
9.61433
9.645
9.67452
9.70295
9.73037
9.75684
9.78243
9.80718
9.83116
9.8544
9.87693
9.89873
9.91987
9.9404
9.96036
9.97978
9.9987
10.0171
10.0351
10.0527
10.0699
10.0867
10.1031
10.1191
10.1348
10.1502
10.1652
10.1799
10.1942
10.2082
10.2218
10.2351
10.2481
10.2606
10.2728
10.2846
10.296
10.307
10.3176
10.3277
10.3373
10.3465
10.3551
10.3633
10.371
10.3781
10.3847
10.3907
10.3965
10.4023
1.8361
1.6529
1.49526
1.35888
1.24033
1.13688
1.04634
0.966998
0.8975
0.836801
0.784121
0.738903
0.700795
0.66963
0.645428
0.628393
0.618928
0.61765
0.625408
0.643286
0.672608
0.714903
0.771842
0.84514
0.936406
1.04697
1.17771
1.32885
1.49987
1.68946
1.89556
2.11546
2.34603
2.58392
2.82577
3.06845
3.30917
3.54557
3.77582
3.99851
4.2127
4.4178
4.61351
4.79975
4.9766
5.14428
5.30306
5.45329
5.59534
5.7296
5.85648
5.97639
6.08973
6.19689
6.29825
6.39417
6.48501
6.57107
6.65266
6.73007
6.80356
6.87338
6.93976
7.00292
7.06305
7.12036
7.17501
7.22717
7.277
7.32465
7.37023
7.41389
7.45573
7.49586
7.53439
7.57141
7.60701
7.64127
7.67426
7.70606
7.73675
7.76637
7.79499
7.82267
7.84942
7.87526
7.90023
7.92438
7.94776
7.97041
7.99237
8.01367
8.03433
8.05438
8.07385
8.09275
8.11111
8.12892
8.14621
8.16297
8.17922
8.19496
8.21019
8.2249
8.23909
8.25277
8.26591
8.27851
8.29057
8.30207
8.313
8.32335
8.33311
8.34227
8.35082
8.35874
8.36603
8.37268
8.37869
8.38407
8.38899
8.39383
1.83605
1.6527
1.49473
1.35782
1.23848
1.13393
1.04192
0.960651
0.888632
0.82467
0.767793
0.717216
0.672311
0.632587
0.597667
0.567277
0.541239
0.519467
0.501959
0.488804
0.480184
0.476377
0.477764
0.484832
0.498176
0.518492
0.546563
0.583231
0.629359
0.685781
0.753241
0.832319
0.923371
1.02647
1.14136
1.26746
1.40384
1.5493
1.70237
1.86148
2.02493
2.19105
2.35825
2.52507
2.69024
2.85268
3.01152
3.16609
3.31592
3.46067
3.60015
3.73427
3.86302
3.98646
4.10468
4.21781
4.326
4.42942
4.52824
4.62264
4.71283
4.79898
4.88128
4.95993
5.0351
5.10698
5.17574
5.24153
5.30453
5.36486
5.42268
5.47812
5.5313
5.58233
5.63133
5.67841
5.72366
5.76718
5.80905
5.84936
5.88819
5.92562
5.96171
5.99654
6.03016
6.06263
6.094
6.12429
6.15349
6.18168
6.2089
6.2352
6.2606
6.28515
6.30887
6.3318
6.35394
6.37533
6.39597
6.41588
6.43508
6.45357
6.47135
6.48843
6.5048
6.52048
6.53545
6.54972
6.56327
6.5761
6.58821
6.59958
6.61022
6.6201
6.62924
6.63762
6.64523
6.65209
6.65818
6.66352
6.66827
6.67277
1.83603
1.65264
1.49462
1.3576
1.23811
1.13332
1.04098
0.959246
0.886595
0.821781
0.76377
0.711705
0.664871
0.622675
0.584622
0.550304
0.519386
0.491594
0.466712
0.444572
0.425055
0.408081
0.393614
0.381659
0.372259
0.365503
0.36152
0.360489
0.362631
0.368221
0.377575
0.391057
0.409065
0.432027
0.460381
0.494562
0.53498
0.581994
0.635886
0.696842
0.764926
0.840067
0.92205
1.01051
1.10497
1.20478
1.30925
1.41759
1.52895
1.64251
1.75742
1.87292
1.98827
2.10283
2.21603
2.32741
2.43658
2.54325
2.64718
2.74822
2.84628
2.94128
3.03323
3.12212
3.20799
3.2909
3.37089
3.44803
3.52242
3.59411
3.6632
3.72976
3.7939
3.85569
3.91522
3.97258
4.02786
4.08113
4.1325
4.18203
4.2298
4.27589
4.32037
4.36331
4.40476
4.4448
4.48348
4.52085
4.55696
4.59184
4.62549
4.65793
4.68921
4.71938
4.74846
4.7765
4.8035
4.82952
4.85455
4.87862
4.90175
4.92395
4.94522
4.96558
4.98504
5.00358
5.02123
5.03797
5.05381
5.06874
5.08277
5.09589
5.1081
5.11941
5.12981
5.1393
5.14788
5.15557
5.16236
5.16829
5.17349
5.17824
1.83602
1.65261
1.49457
1.35754
1.23801
1.13319
1.0408
0.958995
0.886239
0.821274
0.763051
0.710688
0.663449
0.620708
0.581938
0.54669
0.514581
0.485287
0.45853
0.434076
0.411723
0.391305
0.372681
0.355736
0.340378
0.326535
0.314157
0.30321
0.293681
0.285572
0.278905
0.273723
0.270083
0.268068
0.267776
0.269331
0.272874
0.27857
0.286602
0.29717
0.310487
0.326779
0.346271
0.369186
0.395739
0.426119
0.46049
0.498976
0.541655
0.588551
0.639628
0.69479
0.753878
0.816672
0.882897
0.952228
1.0243
1.09872
1.17507
1.25293
1.33187
1.41149
1.49141
1.57125
1.65069
1.72945
1.80727
1.88393
1.95927
2.03313
2.10542
2.17605
2.24496
2.31213
2.37753
2.44117
2.50305
2.56318
2.62158
2.67829
2.73333
2.78673
2.83852
2.88873
2.9374
2.98457
3.03025
3.0745
3.11733
3.1588
3.19892
3.23774
3.27526
3.31147
3.34637
3.38001
3.41241
3.4436
3.47359
3.5024
3.53006
3.55656
3.58193
3.60617
3.62929
3.6513
3.67219
3.69199
3.71068
3.72827
3.74478
3.7602
3.77454
3.78781
3.80002
3.81118
3.8213
3.8304
3.83848
3.84559
3.85185
3.85749
1.83602
1.65258
1.49453
1.35749
1.23795
1.13313
1.04073
0.958918
0.886153
0.821175
0.76293
0.710534
0.663244
0.620428
0.581551
0.546153
0.513841
0.484276
0.457165
0.432255
0.409327
0.388188
0.368672
0.350636
0.333951
0.31851
0.304216
0.290989
0.278758
0.267465
0.25706
0.247503
0.238763
0.230816
0.223648
0.217252
0.211627
0.206784
0.202737
0.199511
0.19714
0.195666
0.195139
0.195621
0.197179
0.199894
0.203854
0.209154
0.215899
0.224198
0.234168
0.245924
0.259585
0.275267
0.293079
0.313121
0.335484
0.360241
0.387445
0.417131
0.449308
0.48396
0.521044
0.560489
0.602199
0.646052
0.691902
0.739583
0.788911
0.839689
0.891709
0.944758
0.99862
1.05308
1.10794
1.16299
1.21804
1.27292
1.32748
1.38156
1.43504
1.4878
1.53975
1.59082
1.64092
1.69001
1.73804
1.78498
1.8308
1.87547
1.91899
1.96135
2.00253
2.04256
2.08141
2.11906
2.15548
2.19065
2.22457
2.25724
2.28867
2.31885
2.34779
2.37548
2.40192
2.42712
2.45108
2.47381
2.49532
2.51561
2.53469
2.55258
2.5693
2.58486
2.59928
2.61258
2.62478
2.63592
2.64601
2.65509
2.66327
2.67074
1.83601
1.65256
1.4945
1.35744
1.2379
1.13307
1.04068
0.958862
0.886097
0.821119
0.762874
0.710479
0.663188
0.620369
0.581486
0.546077
0.513746
0.484154
0.457003
0.432037
0.409031
0.387791
0.368143
0.349936
0.333036
0.317326
0.302702
0.28907
0.276348
0.264464
0.253353
0.242957
0.233225
0.224112
0.215578
0.207589
0.200113
0.193125
0.186603
0.180527
0.174883
0.169659
0.164845
0.160438
0.156435
0.152838
0.14965
0.14688
0.144538
0.142641
0.141205
0.140254
0.139814
0.139915
0.140592
0.141883
0.14383
0.146481
0.149885
0.154096
0.159171
0.165166
0.172143
0.180162
0.189284
0.199568
0.21107
0.223844
0.237937
0.25339
0.270239
0.288508
0.308212
0.329358
0.351936
0.375931
0.401309
0.428028
0.456032
0.485255
0.515618
0.547032
0.579402
0.612621
0.646579
0.68116
0.716244
0.751712
0.787441
0.823311
0.859207
0.895014
0.930624
0.965936
1.00086
1.03529
1.06919
1.10246
1.13502
1.1668
1.19775
1.22781
1.25695
1.28513
1.31234
1.33855
1.36376
1.38795
1.41113
1.43329
1.45445
1.4746
1.49377
1.51197
1.5292
1.5455
1.56088
1.57536
1.58896
1.60172
1.61368
1.62493
1.83601
1.65254
1.49448
1.35742
1.23787
1.13304
1.04064
0.958826
0.886061
0.821083
0.762838
0.710444
0.663153
0.620336
0.581454
0.546046
0.513716
0.484124
0.456972
0.432004
0.408994
0.387747
0.368088
0.349865
0.332945
0.317207
0.302545
0.288866
0.276084
0.264125
0.25292
0.24241
0.232539
0.223258
0.214524
0.206295
0.198537
0.191216
0.184304
0.177772
0.171597
0.165758
0.160235
0.155011
0.15007
0.145397
0.140981
0.136812
0.13288
0.129176
0.125696
0.122434
0.119386
0.116549
0.113924
0.11151
0.109309
0.107325
0.10556
0.104023
0.102719
0.101659
0.100853
0.100312
0.100053
0.10009
0.100441
0.101126
0.102167
0.103586
0.105409
0.107663
0.110374
0.113573
0.11729
0.121556
0.126403
0.131861
0.137961
0.144735
0.15221
0.160414
0.16937
0.1791
0.189623
0.20095
0.213092
0.226051
0.239828
0.254413
0.269794
0.285953
0.302863
0.320494
0.33881
0.35777
0.377327
0.397431
0.418032
0.439082
0.460517
0.48227
0.504277
0.526468
0.548779
0.571143
0.593496
0.615776
0.637925
0.659884
0.681602
0.703029
0.724119
0.744831
0.765125
0.78497
0.804333
0.823189
0.841516
0.859295
0.876517
0.893143
1.83601
1.65254
1.49448
1.35742
1.23787
1.13304
1.04064
0.958826
0.886061
0.821083
0.762838
0.710444
0.663153
0.620336
0.581454
0.546046
0.513716
0.484124
0.456972
0.432004
0.408994
0.387747
0.368088
0.349865
0.332945
0.317207
0.302545
0.288866
0.276084
0.264125
0.25292
0.24241
0.232539
0.223258
0.214524
0.206296
0.198538
0.191217
0.184304
0.177773
0.171599
0.16576
0.160237
0.155013
0.150072
0.1454
0.140985
0.136816
0.132884
0.129181
0.125701
0.12244
0.119392
0.116557
0.113933
0.11152
0.10932
0.107337
0.105574
0.104038
0.102736
0.101678
0.100873
0.100335
0.100078
0.100117
0.100471
0.101159
0.102202
0.103624
0.10545
0.107707
0.110421
0.113624
0.117344
0.121612
0.126461
0.131921
0.138023
0.144798
0.152273
0.160476
0.16943
0.179158
0.189675
0.200996
0.213129
0.226079
0.239842
0.254413
0.269777
0.285916
0.302804
0.32041
0.338699
0.357629
0.377154
0.397224
0.417793
0.438807
0.460204
0.481918
0.503883
0.526032
0.548298
0.570617
0.592924
0.615158
0.63726
0.659173
0.680845
0.702226
0.723271
0.743938
0.764189
0.78399
0.803313
0.822129
0.840417
0.858159
0.875344
0.891936
1.83601
1.65256
1.4945
1.35744
1.2379
1.13307
1.04068
0.958862
0.886097
0.821119
0.762874
0.710479
0.663188
0.62037
0.581486
0.546077
0.513746
0.484154
0.457003
0.432037
0.409032
0.387791
0.368143
0.349936
0.333037
0.317327
0.302703
0.289071
0.27635
0.264467
0.253356
0.242961
0.23323
0.224118
0.215585
0.207597
0.200123
0.193138
0.186617
0.180544
0.174903
0.169682
0.164873
0.16047
0.156472
0.15288
0.149698
0.146935
0.144602
0.142713
0.141287
0.140348
0.13992
0.140035
0.140727
0.142035
0.144001
0.146672
0.150099
0.154335
0.159435
0.165459
0.172467
0.18052
0.189677
0.199997
0.211538
0.224352
0.238487
0.253984
0.270876
0.289188
0.308936
0.330124
0.352745
0.376779
0.402195
0.42895
0.456986
0.486237
0.516624
0.548058
0.580443
0.613672
0.647635
0.682214
0.717292
0.752748
0.788459
0.824306
0.860173
0.895946
0.931516
0.966785
1.00166
1.03604
1.06988
1.10309
1.13559
1.1673
1.19817
1.22815
1.25721
1.28531
1.31243
1.33855
1.36366
1.38776
1.41085
1.43291
1.45397
1.47403
1.4931
1.5112
1.52834
1.54454
1.55982
1.57421
1.58772
1.60038
1.61225
1.62342
1.83602
1.65258
1.49453
1.35749
1.23795
1.13313
1.04073
0.958918
0.886153
0.821175
0.76293
0.710535
0.663244
0.620429
0.581551
0.546154
0.513842
0.484277
0.457167
0.432258
0.40933
0.388192
0.368678
0.350643
0.33396
0.318521
0.30423
0.291006
0.27878
0.267491
0.257092
0.247542
0.238809
0.230871
0.223714
0.21733
0.211719
0.206891
0.202862
0.199657
0.19731
0.195863
0.195366
0.195881
0.197479
0.200237
0.204245
0.209599
0.216404
0.22477
0.234812
0.246648
0.260395
0.27617
0.294081
0.314229
0.336703
0.361576
0.388902
0.418713
0.451017
0.485797
0.523009
0.562581
0.604416
0.64839
0.694356
0.742147
0.791579
0.842452
0.894558
0.947683
1.00161
1.05613
1.11103
1.16611
1.22119
1.27609
1.33064
1.38472
1.43818
1.49092
1.54284
1.59386
1.64391
1.69295
1.74091
1.78778
1.83352
1.87811
1.92155
1.96381
2.0049
2.04482
2.08357
2.12111
2.15741
2.19245
2.22625
2.2588
2.2901
2.32015
2.34895
2.3765
2.40281
2.42788
2.4517
2.4743
2.49567
2.51583
2.53478
2.55255
2.56913
2.58457
2.59886
2.61204
2.62413
2.63514
2.64512
2.65409
2.66217
2.66953
1.83602
1.65261
1.49457
1.35754
1.23801
1.13319
1.0408
0.958996
0.88624
0.821275
0.763052
0.71069
0.663451
0.620712
0.581943
0.546697
0.514591
0.4853
0.458547
0.434097
0.411751
0.39134
0.372725
0.355791
0.340446
0.32662
0.31426
0.303335
0.293831
0.285752
0.279121
0.273979
0.270387
0.268426
0.268198
0.269824
0.27345
0.279241
0.28738
0.298068
0.311522
0.327964
0.347622
0.370721
0.397471
0.428065
0.462663
0.501389
0.544318
0.591471
0.642811
0.698239
0.757591
0.820645
0.887122
0.956696
1.029
1.10363
1.18018
1.25822
1.33732
1.41709
1.49712
1.57707
1.6566
1.73542
1.81328
1.88998
1.96533
2.0392
2.11147
2.18208
2.25096
2.31808
2.38343
2.44701
2.50881
2.56886
2.62718
2.6838
2.73874
2.79203
2.84371
2.8938
2.94235
2.98938
3.03493
3.07904
3.12174
3.16305
3.20303
3.24169
3.27905
3.31508
3.34982
3.38328
3.4155
3.44651
3.47632
3.50496
3.53243
3.55875
3.58394
3.608
3.63094
3.65277
3.67349
3.6931
3.71162
3.72904
3.74538
3.76063
3.77481
3.78792
3.79998
3.81098
3.82095
3.82991
3.83785
3.84483
3.85095
3.85648
1.83603
1.65264
1.49462
1.35761
1.23811
1.13332
1.04099
0.95925
0.8866
0.821788
0.763781
0.71172
0.664891
0.622702
0.584658
0.550352
0.519448
0.491674
0.466814
0.444702
0.425217
0.408283
0.393863
0.381964
0.372631
0.365954
0.362065
0.361143
0.363415
0.369155
0.378685
0.392369
0.41061
0.433836
0.462487
0.497
0.537784
0.585194
0.639512
0.700918
0.769471
0.845093
0.927562
1.01651
1.11143
1.2117
1.3166
1.42534
1.53706
1.65095
1.76615
1.8819
1.99746
2.11219
2.22554
2.33703
2.44628
2.553
2.65696
2.75802
2.85606
2.95105
3.04296
3.1318
3.21761
3.30044
3.38035
3.45742
3.5317
3.60329
3.67227
3.73872
3.80273
3.86439
3.92379
3.98101
4.03614
4.08927
4.14048
4.18985
4.23745
4.28338
4.32768
4.37044
4.41172
4.45157
4.49006
4.52724
4.56315
4.59783
4.63127
4.6635
4.69456
4.72451
4.75337
4.78118
4.80797
4.83376
4.85856
4.88241
4.90531
4.92729
4.94833
4.96847
4.9877
5.00602
5.02344
5.03996
5.05558
5.0703
5.08412
5.09703
5.10904
5.12014
5.13034
5.13964
5.14804
5.15554
5.16216
5.16791
5.17295
5.17754
1.83605
1.6527
1.49473
1.35782
1.23849
1.13394
1.04194
0.960672
0.888663
0.824713
0.767852
0.717295
0.672418
0.632727
0.597848
0.567509
0.541536
0.519841
0.502429
0.48939
0.480911
0.477274
0.478865
0.486177
0.499814
0.520476
0.548952
0.58609
0.632756
0.689785
0.757917
0.837728
0.929563
1.03348
1.14921
1.27615
1.41336
1.5596
1.71341
1.87319
2.03724
2.20389
2.37154
2.53873
2.7042
2.86687
3.02588
3.18058
3.33048
3.47527
3.61475
3.74886
3.87757
4.00094
4.11909
4.23213
4.34021
4.44352
4.54222
4.6365
4.72655
4.81256
4.89472
4.97322
5.04824
5.11996
5.18856
5.25419
5.31702
5.37719
5.43483
5.49009
5.54309
5.59394
5.64276
5.68964
5.7347
5.77802
5.81969
5.85979
5.89841
5.93563
5.9715
6.00611
6.0395
6.07175
6.10289
6.13293
6.16189
6.18982
6.21679
6.24283
6.26798
6.29227
6.31573
6.33838
6.36026
6.38138
6.40175
6.4214
6.44032
6.45853
6.47604
6.49285
6.50896
6.52436
6.53907
6.55306
6.56635
6.57892
6.59076
6.60188
6.61226
6.62189
6.63078
6.63892
6.6463
6.65293
6.65879
6.66392
6.66847
6.67276
1.8361
1.65291
1.49527
1.3589
1.24036
1.13692
1.04641
0.967098
0.897637
0.836986
0.784367
0.739227
0.701217
0.670177
0.646129
0.629287
0.620063
0.619085
0.627212
0.645545
0.675421
0.718384
0.776119
0.850345
0.942674
1.05443
1.18646
1.33896
1.51139
1.70239
1.90984
2.13101
2.36273
2.60163
2.84435
3.08773
3.32901
3.56584
3.79638
4.01928
4.23359
4.43873
4.63442
4.8206
4.99737
5.16492
5.32356
5.47363
5.61551
5.74958
5.87628
5.99599
6.10913
6.21609
6.31725
6.41297
6.5036
6.58946
6.67086
6.74806
6.82135
6.89097
6.95715
7.02011
7.08004
7.13714
7.19159
7.24355
7.29317
7.3406
7.38598
7.42942
7.47105
7.51096
7.54927
7.58606
7.62143
7.65546
7.68821
7.71978
7.75021
7.77959
7.80795
7.83537
7.86186
7.88742
7.91211
7.93598
7.95907
7.98143
8.0031
8.02409
8.04446
8.06421
8.08337
8.10196
8.12
8.13749
8.15446
8.17091
8.18683
8.20225
8.21715
8.23154
8.24541
8.25876
8.27158
8.28386
8.2956
8.30678
8.31739
8.32743
8.33689
8.34574
8.35399
8.36162
8.36862
8.37499
8.38072
8.38584
8.3905
8.39509
1.83636
1.65391
1.49766
1.3634
1.24773
1.14801
1.06225
0.989009
0.927316
0.876617
0.836745
0.807909
0.790715
0.786204
0.795899
0.821852
0.866653
0.933377
1.02542
1.14622
1.29883
1.48541
1.70673
1.96185
2.24789
2.56029
2.89312
3.23972
3.59328
3.94745
4.29672
4.63666
4.96402
5.27656
5.57298
5.85269
6.11561
6.36204
6.59253
6.80779
7.00862
7.19587
7.37044
7.53317
7.68493
7.82653
7.95872
8.08223
8.19773
8.30582
8.40709
8.50204
8.59118
8.67493
8.75371
8.82791
8.89785
8.96387
9.02624
9.08524
9.14112
9.19409
9.24437
9.29214
9.33758
9.38084
9.42209
9.46145
9.49905
9.53502
9.56946
9.60247
9.63415
9.66458
9.69385
9.72203
9.74919
9.77539
9.80071
9.82519
9.84888
9.87184
9.89407
9.91556
9.9364
9.95661
9.97625
9.99534
10.0139
10.032
10.0497
10.0669
10.0837
10.1002
10.1162
10.1319
10.1472
10.1622
10.1768
10.1911
10.2051
10.2187
10.232
10.2449
10.2574
10.2696
10.2814
10.2928
10.3039
10.3145
10.3246
10.3344
10.3436
10.3524
10.3608
10.3686
10.3759
10.3827
10.3889
10.3947
10.4001
10.4056
1.8375
1.65781
1.50612
1.37805
1.2702
1.18027
1.10687
1.04951
1.00845
0.984782
0.980453
0.998438
1.04286
1.11906
1.23344
1.39298
1.60436
1.87266
2.19993
2.58418
3.019
3.49407
3.99654
4.51268
5.02952
5.53606
6.02388
6.48724
6.9227
7.32873
7.7051
8.05253
8.37228
8.66598
8.93541
9.18244
9.4089
9.61657
9.80712
9.98211
10.143
10.291
10.4274
10.5532
10.6695
10.7771
10.8768
10.9694
11.0554
11.1355
11.2102
11.2799
11.3451
11.4063
11.4636
11.5175
11.5682
11.616
11.6611
11.7037
11.7441
11.7824
11.8187
11.8533
11.8862
11.9176
11.9476
11.9763
12.0038
12.0302
12.0555
12.0799
12.1034
12.1261
12.148
12.1692
12.1898
12.2098
12.2292
12.2481
12.2665
12.2843
12.3017
12.3187
12.3353
12.3515
12.3674
12.383
12.3984
12.4135
12.4283
12.4429
12.4574
12.4716
12.4856
12.4995
12.5131
12.5266
12.5399
12.553
12.566
12.5787
12.5913
12.6036
12.6157
12.6276
12.6392
12.6506
12.6617
12.6725
12.683
12.6932
12.703
12.7125
12.7216
12.7303
12.7386
12.7465
12.754
12.761
12.7678
12.7749
1.84147
1.66992
1.52989
1.41637
1.32636
1.2589
1.21488
1.19691
1.20954
1.25958
1.35651
1.51247
1.74146
2.05731
2.47028
2.98331
3.58935
4.27125
5.0044
5.76123
6.51568
7.24653
7.93878
8.58342
9.17633
9.71685
10.2066
10.6485
11.0463
11.4037
11.7247
12.013
12.2722
12.5053
12.7152
12.9046
13.0756
13.2304
13.3707
13.4982
13.6142
13.7199
13.8166
13.9051
13.9863
14.061
14.1299
14.1934
14.2522
14.3068
14.3575
14.4047
14.4487
14.4899
14.5285
14.5648
14.5989
14.631
14.6614
14.6901
14.7174
14.7433
14.768
14.7916
14.8141
14.8357
14.8564
14.8764
14.8956
14.9142
14.9322
14.9497
14.9666
14.9832
14.9993
15.0151
15.0305
15.0457
15.0605
15.0751
15.0893
15.1034
15.1173
15.131
15.1445
15.158
15.1713
15.1846
15.1978
15.211
15.2241
15.2371
15.2502
15.2632
15.2762
15.2891
15.3021
15.315
15.3279
15.3407
15.3535
15.3662
15.3789
15.3915
15.4039
15.4163
15.4286
15.4407
15.4526
15.4644
15.476
15.4874
15.4985
15.5093
15.5199
15.5302
15.5402
15.5499
15.5592
15.5682
15.5771
15.5864
1.85285
1.70072
1.58546
1.5017
1.44916
1.43197
1.45847
1.54185
1.70114
1.96146
2.3517
2.89816
3.61465
4.49336
5.50231
6.59165
7.70585
8.79557
9.82472
10.7718
11.6275
12.391
13.0665
13.6611
14.1827
14.6397
15.0399
15.3905
15.6979
15.9679
16.2053
16.4146
16.5993
16.7627
16.9077
17.0365
17.1513
17.2538
17.3456
17.4279
17.502
17.5689
17.6293
17.6842
17.7341
17.7796
17.8212
17.8594
17.8945
17.9269
17.9569
17.9847
18.0107
18.0349
18.0575
18.0788
18.0989
18.1179
18.1359
18.153
18.1694
18.185
18.2
18.2145
18.2285
18.2421
18.2553
18.2681
18.2807
18.2931
18.3052
18.3172
18.329
18.3407
18.3524
18.364
18.3755
18.387
18.3983
18.4097
18.4211
18.4325
18.4439
18.4554
18.467
18.4787
18.4905
18.5024
18.5144
18.5266
18.5389
18.5513
18.5638
18.5765
18.5893
18.6022
18.6153
18.6284
18.6417
18.655
18.6685
18.682
18.6955
18.7091
18.7228
18.7364
18.75
18.7636
18.7771
18.7906
18.804
18.8172
18.8304
18.8433
18.8561
18.8687
18.8811
18.8932
18.9052
18.9168
18.9285
18.9406
1.88026
1.76748
1.69908
1.67351
1.70095
1.80207
2.00961
2.37039
2.94219
3.77923
4.90608
6.29451
7.86286
9.50137
11.1062
12.6024
13.949
15.1326
16.1567
17.0345
17.7826
18.4184
18.9581
19.4163
19.8056
20.1369
20.4192
20.6603
20.8666
21.0434
21.1952
21.3259
21.4386
21.5359
21.6201
21.6932
21.7567
21.812
21.8602
21.9024
21.9394
21.972
22.0007
22.0262
22.0488
22.0689
22.087
22.1032
22.1179
22.1313
22.1435
22.1548
22.1652
22.1749
22.184
22.1926
22.2008
22.2087
22.2163
22.2236
22.2308
22.2379
22.2449
22.2518
22.2588
22.2658
22.2728
22.2799
22.2871
22.2945
22.302
22.3096
22.3175
22.3255
22.3337
22.3421
22.3507
22.3595
22.3684
22.3776
22.387
22.3967
22.4066
22.4169
22.4274
22.4382
22.4493
22.4607
22.4724
22.4843
22.4966
22.5092
22.522
22.5351
22.5485
22.5622
22.5761
22.5903
22.6047
22.6193
22.6341
22.6491
22.6643
22.6797
22.6952
22.7108
22.7265
22.7423
22.7581
22.774
22.7899
22.8058
22.8216
22.8374
22.8531
22.8687
22.8841
22.8995
22.9146
22.9297
22.9448
22.9604
1.9378
1.89636
1.91341
2.00574
2.21689
2.61955
3.31844
4.43183
6.03458
8.0893
10.4335
12.8459
15.1344
17.1824
18.9456
20.4273
21.6544
22.6625
23.4872
24.1607
24.7106
25.1597
25.5269
25.8273
26.0733
26.2747
26.4396
26.5745
26.6847
26.7746
26.8475
26.9065
26.954
26.9919
27.0218
27.0451
27.0631
27.0766
27.0864
27.0932
27.0975
27.0999
27.1008
27.1004
27.099
27.097
27.0944
27.0915
27.0884
27.0851
27.0819
27.0787
27.0756
27.0727
27.0701
27.0678
27.0657
27.064
27.0626
27.0616
27.061
27.0608
27.061
27.0616
27.0627
27.0642
27.0662
27.0686
27.0714
27.0748
27.0786
27.0828
27.0876
27.0928
27.0984
27.1045
27.111
27.1179
27.1252
27.133
27.1413
27.1501
27.1594
27.1691
27.1793
27.19
27.2012
27.2128
27.2249
27.2374
27.2504
27.2639
27.2777
27.292
27.3068
27.3219
27.3374
27.3533
27.3695
27.3861
27.403
27.4203
27.4378
27.4556
27.4737
27.492
27.5105
27.5292
27.5481
27.5671
27.5862
27.6055
27.6247
27.6441
27.6634
27.6827
27.702
27.7213
27.7404
27.7595
27.7788
27.7987
2.04645
2.12773
2.30595
2.65758
3.32772
4.53374
6.5018
9.29579
12.6862
16.2471
19.587
22.4842
24.877
26.7966
28.3117
29.4973
30.4207
31.1383
31.6951
32.1263
32.4594
32.7155
32.9112
33.0592
33.1695
33.25
33.3068
33.3448
33.3678
33.3791
33.381
33.3757
33.3646
33.3491
33.3304
33.3092
33.2863
33.2622
33.2375
33.2125
33.1875
33.1628
33.1386
33.1149
33.092
33.07
33.0489
33.0287
33.0095
32.9913
32.9741
32.958
32.9429
32.9287
32.9156
32.9035
32.8923
32.8821
32.8728
32.8645
32.8571
32.8505
32.8448
32.84
32.836
32.8329
32.8306
32.8291
32.8283
32.8284
32.8293
32.8309
32.8333
32.8364
32.8401
32.8445
32.8496
32.8554
32.8619
32.8691
32.877
32.8855
32.8948
32.9047
32.9153
32.9266
32.9385
32.951
32.9642
32.978
32.9924
33.0074
33.023
33.0392
33.056
33.0732
33.091
33.1094
33.1282
33.1475
33.1672
33.1874
33.208
33.229
33.2504
33.2721
33.2942
33.3165
33.3392
33.3621
33.3852
33.4085
33.432
33.4556
33.4793
33.5031
33.527
33.5509
33.5748
33.5988
33.623
33.6477
2.23713
2.53016
3.03691
4.01133
5.87533
9.06502
13.589
18.8108
23.879
28.237
31.7155
34.377
36.3669
37.8362
38.9126
39.6962
40.2622
40.6664
40.9501
41.1436
41.2695
41.3444
41.3811
41.3891
41.3754
41.3457
41.3041
41.2539
41.1977
41.1374
41.0745
41.0102
40.9455
40.8811
40.8175
40.7552
40.6945
40.6357
40.5789
40.5243
40.472
40.422
40.3743
40.3289
40.2859
40.2451
40.2066
40.1703
40.136
40.1039
40.0737
40.0455
40.0191
39.9945
39.9716
39.9505
39.9309
39.9128
39.8963
39.8813
39.8676
39.8553
39.8443
39.8347
39.8263
39.8191
39.813
39.8082
39.8045
39.8019
39.8004
39.8
39.8005
39.802
39.8045
39.8079
39.8122
39.8175
39.8237
39.8309
39.839
39.848
39.8579
39.8687
39.8803
39.8928
39.9061
39.9202
39.9352
39.9509
39.9674
39.9847
40.0027
40.0215
40.0409
40.0611
40.0819
40.1033
40.1254
40.1482
40.1715
40.1954
40.2198
40.2447
40.2702
40.2961
40.3225
40.3493
40.3765
40.4041
40.432
40.4602
40.4887
40.5174
40.5463
40.5755
40.6047
40.6341
40.6636
40.6932
40.7232
40.7536
2.55791
3.23424
4.47415
7.02087
11.7607
18.6935
26.4515
33.4836
39.0574
43.1541
46.0457
48.041
49.396
50.3008
50.8904
51.259
51.4724
51.5763
51.603
51.5754
51.5097
51.4178
51.3082
51.187
51.0588
50.927
50.794
50.6615
50.531
50.4034
50.2792
50.1591
50.0433
49.9321
49.8255
49.7237
49.6265
49.534
49.4461
49.3628
49.2838
49.209
49.1384
49.0718
49.009
48.9499
48.8943
48.8421
48.7932
48.7473
48.7045
48.6644
48.627
48.5922
48.5599
48.53
48.5022
48.4767
48.4532
48.4318
48.4122
48.3945
48.3786
48.3644
48.3519
48.341
48.3317
48.324
48.3177
48.3129
48.3094
48.3074
48.3065
48.307
48.3086
48.3116
48.3157
48.3211
48.3276
48.3354
48.3443
48.3543
48.3654
48.3777
48.391
48.4053
48.4207
48.4371
48.4545
48.4729
48.4922
48.5125
48.5336
48.5557
48.5786
48.6024
48.627
48.6524
48.6786
48.7055
48.7332
48.7616
48.7907
48.8205
48.8508
48.8818
48.9134
48.9455
48.9782
49.0113
49.0449
49.0789
49.1133
49.148
49.183
49.2184
49.254
49.2898
49.3258
49.3619
49.3986
49.4355
3.0897
4.51457
7.5105
13.8436
23.9762
35.3993
45.2416
52.4633
57.3279
60.4562
62.4041
63.5741
64.2364
64.5675
64.6822
64.6559
64.538
64.3617
64.1491
63.9153
63.6705
63.4218
63.1739
62.9301
62.6925
62.4625
62.241
62.0285
61.8253
61.6313
61.4466
61.271
61.1042
60.946
60.7961
60.6543
60.5201
60.3934
60.2738
60.161
60.0547
59.9546
59.8604
59.7719
59.6888
59.6108
59.5377
59.4692
59.4051
59.3452
59.2892
59.237
59.1884
59.1432
59.1012
59.0623
59.0264
58.9933
58.9628
58.9349
58.9095
58.8865
58.8658
58.8472
58.8308
58.8164
58.8041
58.7936
58.7851
58.7783
58.7733
58.7699
58.7681
58.7679
58.7693
58.7723
58.7767
58.7827
58.7902
58.799
58.8093
58.821
58.8341
58.8484
58.8641
58.881
58.8992
58.9186
58.9392
58.961
58.9839
59.008
59.0331
59.0593
59.0866
59.1149
59.1441
59.1744
59.2056
59.2377
59.2707
59.3046
59.3393
59.3748
59.4111
59.4482
59.486
59.5244
59.5635
59.6032
59.6435
59.6844
59.7257
59.7675
59.8097
59.8523
59.8953
59.9386
59.9821
60.0259
60.0703
60.1145
3.9802
6.99437
14.2291
28.0769
44.9651
59.2527
69.0256
75.0122
78.4486
80.3016
81.1992
81.5248
81.5093
81.2921
80.9579
80.5593
80.1286
79.6864
79.2452
78.8129
78.3943
77.9922
77.6079
77.2421
76.8948
76.5657
76.2542
75.9598
75.6816
75.419
75.1712
74.9374
74.717
74.5093
74.3135
74.1291
73.9555
73.7922
73.6386
73.4941
73.3584
73.231
73.1115
72.9993
72.8943
72.7959
72.7038
72.6177
72.5372
72.4621
72.3921
72.3269
72.2662
72.2098
72.1575
72.1091
72.0645
72.0233
71.9855
71.9509
71.9194
71.8909
71.8652
71.8422
71.8218
71.804
71.7887
71.7757
71.7651
71.7566
71.7503
71.7459
71.7436
71.7432
71.7448
71.7483
71.7536
71.7608
71.7697
71.7804
71.7928
71.8068
71.8225
71.8398
71.8586
71.879
71.9008
71.9241
71.9489
71.975
72.0025
72.0313
72.0614
72.0928
72.1255
72.1593
72.1944
72.2306
72.2679
72.3063
72.3458
72.3864
72.4279
72.4704
72.5139
72.5582
72.6034
72.6495
72.6963
72.7439
72.7922
72.8412
72.8907
72.9409
72.9916
73.0428
73.0944
73.1464
73.1988
73.2515
73.3049
73.3577
5.51862
12.1358
28.618
53.2721
75.163
89.4015
97.2921
101.233
102.948
103.451
103.303
102.812
102.148
101.406
100.641
99.882
99.1454
98.4402
97.7705
97.1377
96.5417
95.9813
95.4551
94.9613
94.4979
94.0631
93.6552
93.2723
92.9128
92.5753
92.2583
91.9606
91.6809
91.4182
91.1714
90.9396
90.7219
90.5175
90.3256
90.1456
89.9768
89.8186
89.6704
89.5316
89.4017
89.2803
89.1668
89.0608
88.9619
88.8697
88.7838
88.704
88.6297
88.5609
88.4971
88.4381
88.3837
88.3337
88.2878
88.2459
88.2077
88.1732
88.1422
88.1146
88.0901
88.0688
88.0505
88.0351
88.0225
88.0125
88.0051
88.0002
87.9977
87.9976
87.9999
88.0045
88.0114
88.0204
88.0316
88.0449
88.0602
88.0775
88.0968
88.118
88.141
88.1658
88.1924
88.2208
88.2508
88.2825
88.3158
88.3507
88.3871
88.4251
88.4645
88.5053
88.5476
88.5912
88.6362
88.6825
88.73
88.7787
88.8287
88.8797
88.9319
88.9852
89.0395
89.0948
89.151
89.2081
89.2661
89.3249
89.3844
89.4446
89.5054
89.5668
89.6288
89.6912
89.7541
89.8173
89.8814
89.9442
8.30684
23.1874
55.9835
91.0944
114.02
125.618
130.558
132.117
132.044
131.21
130.045
128.76
127.463
126.203
125.006
123.88
122.828
121.848
120.937
120.09
119.302
118.569
117.887
117.251
116.658
116.105
115.588
115.104
114.652
114.229
113.832
113.461
113.113
112.786
112.48
112.193
111.924
111.671
111.435
111.213
111.005
110.811
110.629
110.459
110.3
110.151
110.012
109.883
109.762
109.65
109.546
109.449
109.359
109.275
109.198
109.127
109.061
109.001
108.946
108.896
108.85
108.809
108.772
108.739
108.71
108.685
108.664
108.646
108.632
108.62
108.612
108.607
108.605
108.606
108.61
108.616
108.625
108.637
108.652
108.669
108.688
108.71
108.734
108.761
108.789
108.82
108.853
108.888
108.925
108.964
109.005
109.047
109.092
109.138
109.186
109.236
109.288
109.341
109.395
109.452
109.509
109.568
109.629
109.691
109.754
109.818
109.884
109.951
110.019
110.088
110.158
110.229
110.3
110.373
110.446
110.52
110.595
110.67
110.746
110.822
110.899
110.973
13.6539
46.1866
100.89
141.893
161.711
168.972
170.465
169.543
167.685
165.531
163.354
161.269
159.321
157.52
155.863
154.341
152.944
151.66
150.477
149.387
148.38
147.449
146.585
145.784
145.039
144.345
143.699
143.096
142.534
142.008
141.516
141.055
140.624
140.221
139.843
139.488
139.157
138.846
138.555
138.282
138.027
137.788
137.565
137.357
137.162
136.981
136.811
136.653
136.506
136.37
136.243
136.125
136.016
135.915
135.821
135.735
135.656
135.584
135.518
135.458
135.404
135.355
135.311
135.273
135.239
135.21
135.185
135.165
135.149
135.137
135.128
135.124
135.123
135.125
135.132
135.141
135.154
135.17
135.189
135.211
135.237
135.265
135.296
135.329
135.366
135.405
135.446
135.49
135.536
135.585
135.636
135.689
135.744
135.802
135.862
135.923
135.987
136.052
136.12
136.189
136.26
136.332
136.407
136.483
136.56
136.639
136.719
136.801
136.884
136.968
137.053
137.14
137.227
137.315
137.404
137.494
137.585
137.676
137.768
137.86
137.953
138.043
24.4338
89.7616
166.479
206.652
220.133
222.111
219.946
216.502
212.836
209.324
206.086
203.143
200.483
198.078
195.9
193.923
192.124
190.481
188.976
187.595
186.324
185.151
184.066
183.062
182.13
181.264
180.457
179.706
179.006
178.351
177.74
177.169
176.634
176.133
175.665
175.226
174.815
174.431
174.071
173.734
173.419
173.125
172.85
172.593
172.353
172.13
171.921
171.727
171.547
171.38
171.224
171.08
170.947
170.824
170.711
170.607
170.511
170.424
170.344
170.272
170.207
170.149
170.097
170.052
170.013
169.979
169.951
169.929
169.911
169.899
169.891
169.888
169.889
169.895
169.905
169.92
169.938
169.96
169.987
170.017
170.05
170.087
170.128
170.172
170.219
170.269
170.322
170.379
170.438
170.5
170.565
170.633
170.703
170.776
170.851
170.929
171.009
171.091
171.176
171.263
171.352
171.442
171.535
171.63
171.727
171.825
171.925
172.027
172.13
172.234
172.34
172.447
172.555
172.664
172.774
172.885
172.997
173.109
173.222
173.335
173.448
173.558
46.6901
163.957
256.213
288.718
293.63
289.774
283.781
277.7
272.104
267.103
262.671
258.74
255.242
252.115
249.307
246.772
244.475
242.384
240.476
238.727
237.12
235.639
234.272
233.007
231.834
230.745
229.732
228.789
227.909
227.088
226.322
225.605
224.935
224.308
223.722
223.173
222.659
222.178
221.728
221.307
220.913
220.546
220.202
219.882
219.583
219.304
219.045
218.804
218.58
218.373
218.18
218.002
217.837
217.686
217.546
217.418
217.301
217.195
217.098
217.011
216.933
216.863
216.802
216.749
216.703
216.664
216.633
216.608
216.59
216.578
216.572
216.572
216.578
216.589
216.606
216.627
216.654
216.686
216.723
216.764
216.81
216.861
216.915
216.974
217.037
217.103
217.174
217.248
217.326
217.407
217.492
217.58
217.672
217.766
217.864
217.965
218.068
218.174
218.283
218.395
218.509
218.626
218.745
218.866
218.99
219.115
219.243
219.372
219.503
219.636
219.77
219.906
220.043
220.181
220.32
220.46
220.6
220.742
220.883
221.025
221.167
221.305
92.208
280.768
376.825
395.574
390.283
380.065
369.912
360.886
353.062
346.293
340.404
335.243
330.687
326.636
323.011
319.748
316.797
314.116
311.67
309.431
307.376
305.483
303.736
302.12
300.623
299.232
297.94
296.736
295.614
294.568
293.59
292.677
291.823
291.024
290.276
289.577
288.922
288.31
287.737
287.201
286.7
286.233
285.796
285.389
285.009
284.655
284.327
284.021
283.737
283.475
283.231
283.007
282.8
282.609
282.434
282.274
282.129
281.996
281.877
281.77
281.674
281.59
281.516
281.453
281.399
281.355
281.32
281.293
281.275
281.265
281.263
281.269
281.282
281.302
281.329
281.363
281.403
281.45
281.503
281.562
281.626
281.697
281.772
281.853
281.94
282.031
282.127
282.228
282.334
282.444
282.558
282.677
282.799
282.926
283.057
283.191
283.329
283.471
283.615
283.764
283.915
284.07
284.227
284.387
284.55
284.716
284.884
285.054
285.226
285.4
285.576
285.753
285.932
286.112
286.293
286.475
286.658
286.841
287.025
287.209
287.391
287.569
183.056
458.245
542.617
542.087
524.925
507.445
492.394
479.763
469.116
460.043
452.22
445.402
439.403
434.079
429.323
425.046
421.18
417.67
414.468
411.538
408.848
406.372
404.086
401.972
400.013
398.194
396.502
394.928
393.46
392.091
390.813
389.618
388.501
387.456
386.478
385.563
384.707
383.907
383.157
382.457
381.802
381.191
380.621
380.088
379.593
379.131
378.703
378.304
377.935
377.593
377.277
376.986
376.718
376.471
376.246
376.04
375.854
375.685
375.533
375.398
375.278
375.173
375.083
375.006
374.942
374.891
374.852
374.825
374.808
374.803
374.808
374.823
374.849
374.884
374.928
374.981
375.043
375.113
375.191
375.277
375.371
375.473
375.582
375.698
375.82
375.95
376.085
376.228
376.376
376.53
376.69
376.856
377.027
377.203
377.384
377.571
377.762
377.957
378.158
378.362
378.571
378.784
379
379.22
379.444
379.67
379.9
380.133
380.368
380.605
380.845
381.087
381.33
381.575
381.821
382.067
382.315
382.563
382.81
383.058
383.303
383.542
362.553
730.72
784.22
758.32
726.657
700.051
678.548
660.977
646.352
633.968
623.326
614.067
605.927
598.708
592.258
586.458
581.215
576.452
572.108
568.132
564.48
561.118
558.014
555.143
552.481
550.01
547.712
545.573
543.578
541.717
539.98
538.356
536.838
535.417
534.089
532.845
531.682
530.593
529.575
528.623
527.733
526.902
526.127
525.404
524.731
524.104
523.522
522.981
522.481
522.017
521.59
521.196
520.834
520.502
520.199
519.924
519.675
519.45
519.25
519.072
518.915
518.78
518.664
518.567
518.489
518.428
518.385
518.357
518.345
518.348
518.367
518.399
518.445
518.504
518.577
518.662
518.759
518.867
518.987
519.119
519.261
519.413
519.576
519.748
519.93
520.121
520.321
520.53
520.748
520.974
521.207
521.449
521.698
521.955
522.219
522.489
522.766
523.05
523.34
523.636
523.938
524.245
524.557
524.874
525.196
525.522
525.853
526.187
526.525
526.866
527.209
527.555
527.903
528.253
528.605
528.957
529.309
529.662
530.015
530.366
530.712
531.053
727.535
1175.53
1172.05
1111.42
1059.84
1020
988.702
963.396
942.421
924.688
909.454
896.195
884.534
874.185
864.934
856.61
849.082
842.239
835.996
830.279
825.026
820.188
815.721
811.587
807.755
804.196
800.885
797.803
794.929
792.248
789.743
787.403
785.214
783.167
781.252
779.459
777.782
776.213
774.744
773.372
772.088
770.89
769.772
768.729
767.758
766.854
766.014
765.235
764.513
763.846
763.23
762.664
762.144
761.669
761.235
760.842
760.487
760.169
759.886
759.636
759.418
759.231
759.074
758.944
758.842
758.766
758.715
758.688
758.684
758.703
758.744
758.806
758.889
758.991
759.113
759.253
759.411
759.587
759.78
759.989
760.214
760.455
760.711
760.981
761.266
761.565
761.877
762.202
762.54
762.89
763.252
763.626
764.012
764.408
764.815
765.232
765.66
766.097
766.543
766.998
767.462
767.934
768.413
768.9
769.394
769.895
770.402
770.914
771.431
771.953
772.479
773.009
773.541
774.076
774.613
775.15
775.688
776.226
776.763
777.298
777.822
778.343
1541.16
2000.71
1895.11
1779.62
1694.82
1631.66
1582.51
1542.85
1509.96
1482.12
1458.17
1437.31
1418.94
1402.62
1388.01
1374.87
1362.96
1352.14
1342.26
1333.21
1324.89
1317.22
1310.14
1303.59
1297.51
1291.86
1286.61
1281.72
1277.16
1272.9
1268.93
1265.21
1261.74
1258.49
1255.45
1252.6
1249.94
1247.45
1245.11
1242.93
1240.89
1238.99
1237.21
1235.55
1234.01
1232.57
1231.24
1230
1228.85
1227.79
1226.81
1225.91
1225.09
1224.34
1223.65
1223.03
1222.47
1221.97
1221.52
1221.13
1220.8
1220.51
1220.27
1220.07
1219.92
1219.82
1219.75
1219.72
1219.74
1219.78
1219.87
1219.99
1220.14
1220.33
1220.54
1220.79
1221.07
1221.37
1221.7
1222.06
1222.45
1222.86
1223.3
1223.76
1224.24
1224.75
1225.28
1225.83
1226.4
1227
1227.61
1228.24
1228.89
1229.56
1230.25
1230.95
1231.67
1232.41
1233.16
1233.93
1234.71
1235.51
1236.31
1237.13
1237.97
1238.81
1239.66
1240.53
1241.4
1242.28
1243.16
1244.05
1244.95
1245.85
1246.75
1247.66
1248.56
1249.47
1250.37
1251.27
1252.15
1253.03
3775.04
3941.35
3618.18
3387.09
3227.6
3110.01
3018.46
2944.39
2882.83
2830.61
2785.63
2746.37
2711.76
2680.99
2653.43
2628.59
2606.1
2585.64
2566.94
2549.81
2534.06
2519.54
2506.12
2493.7
2482.18
2471.48
2461.52
2452.25
2443.6
2435.52
2427.98
2420.94
2414.34
2408.18
2402.41
2397.01
2391.95
2387.22
2382.8
2378.66
2374.79
2371.17
2367.8
2364.65
2361.72
2358.99
2356.45
2354.09
2351.91
2349.9
2348.04
2346.33
2344.76
2343.33
2342.03
2340.85
2339.79
2338.84
2338
2337.27
2336.64
2336.1
2335.65
2335.3
2335.02
2334.84
2334.73
2334.7
2334.74
2334.85
2335.03
2335.28
2335.6
2335.98
2336.42
2336.92
2337.48
2338.09
2338.76
2339.48
2340.25
2341.07
2341.94
2342.86
2343.82
2344.83
2345.88
2346.98
2348.11
2349.29
2350.5
2351.76
2353.05
2354.38
2355.74
2357.13
2358.56
2360.02
2361.52
2363.04
2364.59
2366.16
2367.77
2369.4
2371.05
2372.72
2374.41
2376.13
2377.86
2379.6
2381.36
2383.14
2384.92
2386.71
2388.5
2390.3
2392.1
2393.9
2395.7
2397.49
2399.23
2400.99
11676.1
10215.1
9366.55
8821.2
8437.04
8148.03
7919.9
7733.64
7577.86
7445.12
7330.33
7229.89
7141.14
7062.08
6991.16
6927.18
6869.17
6816.34
6768.04
6723.74
6682.99
6645.41
6610.67
6578.49
6548.64
6520.89
6495.07
6471.01
6448.57
6427.63
6408.06
6389.77
6372.66
6356.66
6341.69
6327.67
6314.56
6302.29
6290.81
6280.08
6270.05
6260.68
6251.94
6243.79
6236.2
6229.14
6222.58
6216.49
6210.86
6205.65
6200.86
6196.45
6192.41
6188.72
6185.37
6182.34
6179.62
6177.18
6175.04
6173.16
6171.54
6170.16
6169.03
6168.13
6167.45
6166.99
6166.73
6166.67
6166.8
6167.12
6167.62
6168.29
6169.13
6170.14
6171.3
6172.63
6174.1
6175.71
6177.47
6179.37
6181.39
6183.55
6185.84
6188.25
6190.78
6193.43
6196.19
6199.06
6202.04
6205.13
6208.32
6211.61
6214.99
6218.47
6222.04
6225.71
6229.46
6233.29
6237.2
6241.19
6245.26
6249.4
6253.61
6257.88
6262.22
6266.61
6271.06
6275.56
6280.1
6284.69
6289.32
6293.97
6298.65
6303.36
6308.08
6312.82
6317.56
6322.29
6327.02
6331.74
6336.32
6340.97
)
;

boundaryField
{
    lowerWall
    {
        type            epsilonWallFunction;
        value           nonuniform List<scalar> 
122
(
11607.3
10157.7
9314.43
8772.21
8390.2
8102.79
7875.93
7690.7
7535.77
7403.76
7289.61
7189.73
7101.46
7022.84
6952.31
6888.69
6831
6778.46
6730.43
6686.38
6645.85
6608.48
6573.93
6541.93
6512.24
6484.64
6458.97
6435.04
6412.73
6391.9
6372.44
6354.25
6337.24
6321.32
6306.43
6292.49
6279.45
6267.25
6255.83
6245.16
6235.18
6225.86
6217.16
6209.05
6201.5
6194.47
6187.94
6181.88
6176.27
6171.09
6166.32
6161.92
6157.9
6154.23
6150.89
6147.86
6145.15
6142.73
6140.58
6138.71
6137.09
6135.73
6134.6
6133.7
6133.02
6132.56
6132.3
6132.24
6132.38
6132.69
6133.19
6133.87
6134.71
6135.72
6136.88
6138.2
6139.67
6141.28
6143.04
6144.93
6146.96
6149.12
6151.4
6153.81
6156.33
6158.97
6161.73
6164.6
6167.57
6170.65
6173.83
6177.11
6180.49
6183.96
6187.53
6191.18
6194.92
6198.74
6202.65
6206.63
6210.68
6214.81
6219.01
6223.27
6227.59
6231.97
6236.4
6240.89
6245.42
6249.99
6254.6
6259.24
6263.91
6268.59
6273.3
6278.01
6282.73
6287.45
6292.16
6296.86
6301.42
6306.05
)
;
    }
    upperWall
    {
        type            epsilonWallFunction;
        value           nonuniform List<scalar> 
122
(
11676.1
10215.1
9366.55
8821.2
8437.04
8148.03
7919.9
7733.64
7577.86
7445.12
7330.33
7229.89
7141.14
7062.08
6991.16
6927.18
6869.17
6816.34
6768.04
6723.74
6682.99
6645.41
6610.67
6578.49
6548.64
6520.89
6495.07
6471.01
6448.57
6427.63
6408.06
6389.77
6372.66
6356.66
6341.69
6327.67
6314.56
6302.29
6290.81
6280.08
6270.05
6260.68
6251.94
6243.79
6236.2
6229.14
6222.58
6216.49
6210.86
6205.65
6200.86
6196.45
6192.41
6188.72
6185.37
6182.34
6179.62
6177.18
6175.04
6173.16
6171.54
6170.16
6169.03
6168.13
6167.45
6166.99
6166.73
6166.67
6166.8
6167.12
6167.62
6168.29
6169.13
6170.14
6171.3
6172.63
6174.1
6175.71
6177.47
6179.37
6181.39
6183.55
6185.84
6188.25
6190.78
6193.43
6196.19
6199.06
6202.04
6205.13
6208.32
6211.61
6214.99
6218.47
6222.04
6225.71
6229.46
6233.29
6237.2
6241.19
6245.26
6249.4
6253.61
6257.88
6262.22
6266.61
6271.06
6275.56
6280.1
6284.69
6289.32
6293.97
6298.65
6303.36
6308.08
6312.82
6317.56
6322.29
6327.02
6331.74
6336.32
6340.97
)
;
    }
    inlet
    {
        type            turbulentMixingLengthDissipationRateInlet;
        mixingLength    0.07;
        phi             phi;
        k               k;
        value           uniform 2.0504;
    }
    outlet
    {
        type            zeroGradient;
    }
    frontAndBack
    {
        type            empty;
    }
}


// ************************************************************************* //
