/*--------------------------------*- C++ -*----------------------------------*\
  =========                 |
  \\      /  F ield         | OpenFOAM: The Open Source CFD Toolbox
   \\    /   O peration     | Website:  https://openfoam.org
    \\  /    A nd           | Version:  8
     \\/     M anipulation  |
\*---------------------------------------------------------------------------*/
FoamFile
{
    version     2.0;
    format      ascii;
    class       volScalarField;
    location    "650";
    object      k;
}
// * * * * * * * * * * * * * * * * * * * * * * * * * * * * * * * * * * * * * //

dimensions      [0 2 -2 0 0 0 0];

internalField   nonuniform List<scalar> 
7320
(
6.07652
5.55942
5.24732
5.04165
4.8942
4.78178
4.69211
4.61825
4.55602
4.50265
4.45625
4.41545
4.37924
4.34686
4.31771
4.29132
4.26733
4.24542
4.22534
4.20688
4.18987
4.17415
4.15959
4.14608
4.13352
4.12184
4.11095
4.10079
4.09131
4.08244
4.07415
4.0664
4.05914
4.05234
4.04597
4.04001
4.03442
4.0292
4.0243
4.01972
4.01544
4.01144
4.00771
4.00422
4.00098
3.99796
3.99515
3.99255
3.99013
3.98791
3.98585
3.98396
3.98223
3.98065
3.97921
3.97792
3.97675
3.9757
3.97478
3.97398
3.97328
3.97269
3.97221
3.97182
3.97153
3.97133
3.97122
3.97119
3.97125
3.97138
3.97159
3.97188
3.97224
3.97267
3.97317
3.97374
3.97437
3.97506
3.97581
3.97662
3.97749
3.97841
3.97939
3.98042
3.9815
3.98263
3.98381
3.98504
3.98631
3.98762
3.98898
3.99039
3.99183
3.99331
3.99484
3.9964
3.99799
3.99962
4.00129
4.00299
4.00472
4.00648
4.00827
4.01008
4.01192
4.01379
4.01568
4.01759
4.01951
4.02146
4.02342
4.02539
4.02737
4.02936
4.03136
4.03336
4.03537
4.03737
4.03937
4.04136
4.04329
4.04525
4.84215
5.67924
5.54001
5.36046
5.21715
5.10399
5.01225
4.93597
4.87129
4.81558
4.76697
4.72412
4.68601
4.65186
4.62109
4.59321
4.56782
4.54462
4.52335
4.50378
4.48573
4.46904
4.45358
4.43924
4.4259
4.41348
4.40191
4.39111
4.38103
4.37161
4.36279
4.35455
4.34683
4.3396
4.33284
4.3265
4.32057
4.31502
4.30982
4.30497
4.30043
4.29619
4.29224
4.28855
4.28512
4.28194
4.27898
4.27624
4.2737
4.27137
4.26921
4.26724
4.26543
4.26378
4.26229
4.26094
4.25973
4.25865
4.2577
4.25687
4.25616
4.25555
4.25506
4.25467
4.25438
4.25418
4.25408
4.25406
4.25413
4.25428
4.25452
4.25483
4.25521
4.25567
4.2562
4.2568
4.25746
4.25819
4.25899
4.25984
4.26075
4.26172
4.26275
4.26383
4.26496
4.26615
4.26738
4.26867
4.27
4.27138
4.2728
4.27427
4.27578
4.27732
4.27891
4.28054
4.28221
4.28391
4.28564
4.28741
4.28921
4.29104
4.2929
4.29479
4.2967
4.29864
4.30059
4.30257
4.30457
4.30659
4.30862
4.31066
4.31271
4.31477
4.31684
4.3189
4.32097
4.32304
4.32511
4.32716
4.32917
4.33115
3.59581
5.0514
5.15997
5.06781
4.96411
4.87324
4.79598
4.72999
4.67307
4.62344
4.57977
4.541
4.50635
4.47517
4.44698
4.42135
4.39797
4.37656
4.35689
4.33877
4.32204
4.30655
4.29219
4.27885
4.26644
4.25488
4.2441
4.23404
4.22464
4.21585
4.20763
4.19994
4.19275
4.18601
4.1797
4.1738
4.16827
4.1631
4.15827
4.15376
4.14955
4.14562
4.14196
4.13856
4.1354
4.13246
4.12975
4.12723
4.12492
4.12278
4.12083
4.11903
4.1174
4.11591
4.11457
4.11336
4.11228
4.11132
4.11047
4.10974
4.10911
4.10859
4.10816
4.10783
4.10758
4.10743
4.10735
4.10736
4.10744
4.1076
4.10783
4.10813
4.1085
4.10894
4.10944
4.11
4.11062
4.1113
4.11204
4.11283
4.11368
4.11458
4.11553
4.11653
4.11758
4.11867
4.11981
4.12099
4.12222
4.12349
4.12479
4.12614
4.12753
4.12895
4.13041
4.1319
4.13343
4.13498
4.13657
4.13819
4.13984
4.14151
4.14321
4.14493
4.14668
4.14844
4.15023
4.15203
4.15386
4.15569
4.15754
4.1594
4.16127
4.16314
4.16502
4.1669
4.16878
4.17067
4.17254
4.17441
4.17625
4.17802
2.74725
4.48339
4.83294
4.83938
4.78111
4.71517
4.65355
4.59832
4.54927
4.50567
4.46677
4.43188
4.40045
4.372
4.34614
4.32254
4.30093
4.28108
4.2628
4.24593
4.23032
4.21585
4.20241
4.18991
4.17828
4.16743
4.15731
4.14786
4.13902
4.13076
4.12303
4.1158
4.10903
4.10269
4.09676
4.09121
4.08602
4.08117
4.07664
4.07241
4.06847
4.0648
4.06139
4.05823
4.05529
4.05257
4.05006
4.04775
4.04562
4.04367
4.04188
4.04025
4.03877
4.03742
4.03621
4.03513
4.03416
4.03331
4.03257
4.03193
4.03138
4.03093
4.03057
4.0303
4.03011
4.03
4.02996
4.03
4.0301
4.03028
4.03052
4.03083
4.03119
4.03162
4.03211
4.03265
4.03325
4.03391
4.03462
4.03537
4.03618
4.03703
4.03794
4.03888
4.03987
4.04091
4.04198
4.0431
4.04426
4.04545
4.04668
4.04795
4.04925
4.05059
4.05196
4.05336
4.05479
4.05625
4.05773
4.05925
4.06079
4.06235
4.06394
4.06555
4.06718
4.06883
4.0705
4.07218
4.07388
4.07559
4.07731
4.07904
4.08078
4.08253
4.08428
4.08603
4.08779
4.08954
4.09129
4.09303
4.09475
4.09638
2.10346
3.90602
4.48941
4.61127
4.60898
4.57387
4.53133
4.489
4.44924
4.41265
4.37922
4.34873
4.32092
4.29549
4.27219
4.2508
4.23111
4.21295
4.19616
4.18061
4.16619
4.15279
4.14032
4.12871
4.11788
4.10777
4.09833
4.08951
4.08125
4.07353
4.0663
4.05954
4.05321
4.04728
4.04174
4.03655
4.03171
4.02718
4.02296
4.01903
4.01537
4.01196
4.00881
4.00588
4.00318
4.00069
3.99839
3.99628
3.99434
3.99258
3.99097
3.9895
3.98818
3.98699
3.98592
3.98497
3.98413
3.98339
3.98276
3.98222
3.98177
3.98141
3.98112
3.98092
3.98079
3.98074
3.98075
3.98084
3.98098
3.98119
3.98146
3.98178
3.98217
3.98261
3.9831
3.98365
3.98425
3.9849
3.98559
3.98634
3.98713
3.98796
3.98884
3.98976
3.99072
3.99172
3.99276
3.99383
3.99494
3.99609
3.99728
3.99849
3.99974
4.00102
4.00233
4.00367
4.00504
4.00643
4.00785
4.0093
4.01077
4.01226
4.01377
4.01531
4.01686
4.01843
4.02001
4.02161
4.02323
4.02485
4.02649
4.02814
4.02979
4.03145
4.03311
4.03478
4.03645
4.03811
4.03978
4.04144
4.04309
4.04461
1.61624
3.30894
4.10161
4.35522
4.42201
4.42574
4.40724
4.38106
4.35281
4.32483
4.29808
4.27292
4.24944
4.22762
4.20737
4.18859
4.17115
4.15496
4.13991
4.1259
4.11285
4.10069
4.08934
4.07874
4.06884
4.05958
4.05091
4.0428
4.03521
4.0281
4.02145
4.01521
4.00938
4.00392
3.99881
3.99404
3.98958
3.98542
3.98155
3.97794
3.9746
3.97149
3.96862
3.96597
3.96352
3.96128
3.95922
3.95733
3.95562
3.95406
3.95264
3.95137
3.95022
3.9492
3.9483
3.9475
3.9468
3.9462
3.9457
3.94528
3.94494
3.94468
3.9445
3.94438
3.94434
3.94436
3.94445
3.9446
3.9448
3.94506
3.94538
3.94575
3.94617
3.94664
3.94717
3.94774
3.94836
3.94902
3.94973
3.95048
3.95128
3.95211
3.95299
3.95391
3.95486
3.95585
3.95688
3.95794
3.95904
3.96017
3.96133
3.96252
3.96375
3.965
3.96628
3.96759
3.96892
3.97028
3.97167
3.97307
3.9745
3.97595
3.97742
3.97891
3.98042
3.98194
3.98348
3.98503
3.98659
3.98817
3.98975
3.99135
3.99295
3.99456
3.99617
3.99778
3.99939
4.00101
4.00262
4.00423
4.00584
4.0073
1.26812
2.7064
3.65726
4.05358
4.20386
4.25636
4.26838
4.26267
4.24897
4.23181
4.21339
4.19484
4.17674
4.15936
4.14285
4.12724
4.11255
4.09875
4.0858
4.07365
4.06226
4.05158
4.04157
4.03219
4.02339
4.01514
4.0074
4.00014
3.99333
3.98695
3.98097
3.97537
3.97012
3.96521
3.96062
3.95634
3.95234
3.94861
3.94514
3.94193
3.93895
3.93619
3.93365
3.93132
3.92918
3.92722
3.92544
3.92382
3.92235
3.92103
3.91985
3.9188
3.91786
3.91704
3.91632
3.9157
3.91518
3.91475
3.91439
3.91412
3.91392
3.91379
3.91373
3.91374
3.9138
3.91393
3.91411
3.91435
3.91464
3.91498
3.91537
3.9158
3.91629
3.91682
3.9174
3.91802
3.91868
3.91939
3.92013
3.92092
3.92175
3.92261
3.92351
3.92445
3.92543
3.92643
3.92748
3.92855
3.92966
3.9308
3.93196
3.93316
3.93439
3.93564
3.93692
3.93822
3.93955
3.9409
3.94228
3.94367
3.94509
3.94653
3.94798
3.94946
3.95095
3.95245
3.95397
3.9555
3.95705
3.9586
3.96016
3.96174
3.96331
3.9649
3.96648
3.96807
3.96966
3.97125
3.97284
3.97442
3.97601
3.97744
1.04443
2.13048
3.15609
3.69382
3.94125
4.05401
4.10457
4.12487
4.12967
4.12622
4.11833
4.1081
4.09673
4.0849
4.07304
4.06139
4.0501
4.03924
4.02888
4.01901
4.00966
4.0008
3.99243
3.98452
3.97707
3.97005
3.96343
3.95721
3.95136
3.94586
3.9407
3.93586
3.93133
3.92708
3.92311
3.91941
3.91596
3.91275
3.90978
3.90703
3.90449
3.90215
3.90001
3.89805
3.89627
3.89466
3.8932
3.8919
3.89073
3.8897
3.88879
3.88799
3.88731
3.88673
3.88624
3.88584
3.88553
3.88529
3.88513
3.88503
3.88501
3.88504
3.88514
3.88529
3.8855
3.88576
3.88607
3.88643
3.88683
3.88728
3.88777
3.88831
3.88889
3.8895
3.89016
3.89086
3.8916
3.89238
3.89319
3.89404
3.89492
3.89584
3.8968
3.89779
3.89881
3.89986
3.90094
3.90206
3.9032
3.90437
3.90557
3.9068
3.90805
3.90933
3.91063
3.91196
3.91331
3.91468
3.91608
3.91749
3.91892
3.92037
3.92184
3.92332
3.92482
3.92634
3.92786
3.9294
3.93095
3.93251
3.93407
3.93564
3.93722
3.9388
3.94039
3.94198
3.94356
3.94515
3.94674
3.94831
3.9499
3.95132
0.919762
1.62589
2.61278
3.26902
3.62244
3.80741
3.90596
3.95917
3.98746
4.00145
4.00694
4.00725
4.00438
3.99954
3.99351
3.98681
3.97976
3.97259
3.96544
3.95841
3.95158
3.94497
3.93862
3.93254
3.92675
3.92124
3.91601
3.91106
3.90638
3.90196
3.89781
3.8939
3.89023
3.8868
3.88359
3.8806
3.87782
3.87524
3.87287
3.87068
3.86867
3.86684
3.86518
3.86368
3.86233
3.86113
3.86007
3.85914
3.85834
3.85765
3.85707
3.85659
3.85621
3.85592
3.85571
3.85558
3.85552
3.85552
3.85559
3.85573
3.85591
3.85615
3.85645
3.85679
3.85718
3.85761
3.85808
3.8586
3.85916
3.85975
3.86038
3.86105
3.86175
3.86249
3.86327
3.86407
3.86492
3.86579
3.8667
3.86765
3.86862
3.86962
3.87066
3.87173
3.87282
3.87395
3.8751
3.87628
3.87749
3.87872
3.87998
3.88127
3.88257
3.8839
3.88526
3.88663
3.88803
3.88945
3.89088
3.89234
3.89381
3.8953
3.8968
3.89832
3.89985
3.90139
3.90295
3.90451
3.90609
3.90767
3.90926
3.91085
3.91245
3.91405
3.91565
3.91725
3.91885
3.92045
3.92205
3.92363
3.92524
3.92665
0.860369
1.23773
2.06198
2.78202
3.23846
3.50547
3.66218
3.75644
3.81442
3.85055
3.87304
3.88674
3.89464
3.89864
3.89999
3.89953
3.89781
3.89525
3.89213
3.88865
3.88496
3.88115
3.87732
3.87351
3.86978
3.86614
3.86262
3.85924
3.85601
3.85293
3.85001
3.84725
3.84465
3.84221
3.83994
3.83783
3.83587
3.83407
3.83242
3.83092
3.82956
3.82835
3.82727
3.82632
3.82551
3.82481
3.82423
3.82376
3.82339
3.82312
3.82295
3.82285
3.82284
3.8229
3.82303
3.82322
3.82347
3.82378
3.82414
3.82454
3.825
3.82549
3.82603
3.82661
3.82722
3.82787
3.82856
3.82928
3.83003
3.83081
3.83162
3.83246
3.83332
3.83422
3.83515
3.83611
3.83709
3.8381
3.83914
3.84021
3.84131
3.84243
3.84358
3.84476
3.84596
3.84718
3.84844
3.84971
3.85101
3.85233
3.85368
3.85505
3.85644
3.85785
3.85928
3.86073
3.86219
3.86368
3.86518
3.8667
3.86823
3.86978
3.87134
3.87291
3.8745
3.87609
3.8777
3.87931
3.88092
3.88255
3.88417
3.8858
3.88743
3.88907
3.8907
3.89233
3.89395
3.89557
3.89719
3.8988
3.90042
3.90185
0.836787
0.98815
1.55966
2.25312
2.7872
3.13869
3.36248
3.50657
3.60152
3.66555
3.70958
3.74027
3.76186
3.77709
3.78778
3.7952
3.80023
3.80349
3.80544
3.80641
3.80665
3.80636
3.80567
3.8047
3.80353
3.80223
3.80084
3.79941
3.79797
3.79655
3.79516
3.79382
3.79255
3.79134
3.79022
3.78919
3.78824
3.78739
3.78664
3.78598
3.78543
3.78497
3.78461
3.78434
3.78417
3.78409
3.7841
3.78419
3.78435
3.78459
3.78491
3.78528
3.78572
3.78621
3.78675
3.78734
3.78797
3.78865
3.78936
3.79011
3.79089
3.7917
3.79255
3.79342
3.79431
3.79524
3.79618
3.79716
3.79815
3.79917
3.8002
3.80126
3.80234
3.80344
3.80456
3.80571
3.80687
3.80806
3.80927
3.81051
3.81176
3.81304
3.81434
3.81565
3.817
3.81836
3.81974
3.82114
3.82256
3.82401
3.82547
3.82695
3.82845
3.82996
3.83149
3.83304
3.83461
3.83618
3.83778
3.83938
3.841
3.84263
3.84427
3.84591
3.84757
3.84923
3.8509
3.85258
3.85425
3.85593
3.85761
3.85929
3.86097
3.86264
3.86431
3.86598
3.86763
3.86928
3.87093
3.87255
3.87419
3.87564
0.830413
0.857509
1.16926
1.7285
2.28148
2.70333
2.99742
3.19899
3.33861
3.4372
3.50825
3.56042
3.59936
3.62883
3.65138
3.6688
3.68236
3.69298
3.70133
3.70791
3.71312
3.71725
3.72051
3.72309
3.72514
3.72675
3.72802
3.72903
3.72983
3.73047
3.73099
3.73142
3.73179
3.73211
3.73242
3.73272
3.73303
3.73335
3.73371
3.7341
3.73453
3.735
3.73552
3.73609
3.73672
3.73739
3.73812
3.73889
3.73972
3.74058
3.74149
3.74244
3.74343
3.74445
3.7455
3.74658
3.74768
3.74881
3.74995
3.75112
3.75231
3.75351
3.75473
3.75596
3.75721
3.75847
3.75974
3.76103
3.76233
3.76364
3.76496
3.76629
3.76763
3.76899
3.77036
3.77174
3.77314
3.77455
3.77597
3.77741
3.77887
3.78034
3.78183
3.78333
3.78485
3.78638
3.78793
3.78949
3.79107
3.79267
3.79428
3.7959
3.79753
3.79918
3.80085
3.80252
3.80421
3.8059
3.80761
3.80933
3.81105
3.81278
3.81452
3.81626
3.81801
3.81976
3.82151
3.82326
3.82501
3.82676
3.8285
3.83024
3.83197
3.8337
3.83542
3.83712
3.83882
3.8405
3.84217
3.84382
3.84548
3.84694
0.831632
0.801461
0.924682
1.27902
1.76057
2.20994
2.5635
2.82478
3.0153
3.15518
3.2594
3.33832
3.39906
3.44651
3.48408
3.51418
3.53856
3.5585
3.57496
3.58866
3.60014
3.60983
3.61808
3.62514
3.63123
3.63651
3.64112
3.64519
3.64879
3.65201
3.65491
3.65755
3.65996
3.66219
3.66428
3.66624
3.66811
3.6699
3.67162
3.67331
3.67495
3.67658
3.6782
3.6798
3.68141
3.68301
3.68463
3.68625
3.68788
3.68951
3.69116
3.69281
3.69448
3.69615
3.69782
3.6995
3.70118
3.70286
3.70454
3.70623
3.70791
3.70959
3.71127
3.71295
3.71463
3.71631
3.71798
3.71966
3.72133
3.72301
3.72468
3.72635
3.72802
3.7297
3.73137
3.73305
3.73473
3.73642
3.73811
3.73981
3.74152
3.74324
3.74496
3.74669
3.74843
3.75018
3.75193
3.7537
3.75547
3.75726
3.75905
3.76085
3.76266
3.76448
3.7663
3.76813
3.76997
3.77181
3.77366
3.77551
3.77737
3.77922
3.78108
3.78294
3.7848
3.78665
3.7885
3.79035
3.79219
3.79402
3.79584
3.79765
3.79945
3.80123
3.803
3.80475
3.80649
3.8082
3.8099
3.81157
3.81325
3.81473
0.835915
0.782667
0.803403
0.968303
1.29566
1.69673
2.07275
2.38225
2.62383
2.80953
2.95259
3.06386
3.15146
3.22133
3.27774
3.32383
3.3619
3.39365
3.42038
3.44308
3.46251
3.47926
3.4938
3.50652
3.51771
3.52762
3.53644
3.54435
3.55148
3.55794
3.56383
3.56923
3.57421
3.57883
3.58314
3.58718
3.59099
3.5946
3.59804
3.60133
3.6045
3.60756
3.61053
3.61342
3.61624
3.619
3.62171
3.62438
3.62701
3.6296
3.63215
3.63468
3.63718
3.63965
3.64209
3.64451
3.6469
3.64926
3.6516
3.65392
3.65622
3.65849
3.66074
3.66297
3.66518
3.66737
3.66954
3.6717
3.67384
3.67596
3.67807
3.68016
3.68224
3.6843
3.68636
3.6884
3.69044
3.69247
3.6945
3.69652
3.69854
3.70055
3.70257
3.70458
3.70659
3.70861
3.71062
3.71264
3.71465
3.71667
3.71869
3.72071
3.72273
3.72475
3.72678
3.7288
3.73082
3.73285
3.73487
3.73689
3.7389
3.74091
3.74292
3.74491
3.7469
3.74889
3.75086
3.75282
3.75476
3.75669
3.7586
3.7605
3.76237
3.76422
3.76605
3.76785
3.76963
3.77138
3.77311
3.7748
3.77648
3.77798
0.841165
0.780282
0.755
0.801817
0.962762
1.23783
1.56799
1.88853
2.16639
2.39488
2.57903
2.72692
2.8462
2.94318
3.02278
3.08874
3.14394
3.19054
3.23023
3.26431
3.29378
3.31946
3.34199
3.36186
3.37951
3.39527
3.40941
3.42217
3.43375
3.4443
3.45396
3.46284
3.47105
3.47867
3.48577
3.49241
3.49866
3.50455
3.51014
3.51545
3.52051
3.52536
3.53002
3.53451
3.53885
3.54305
3.54713
3.55109
3.55496
3.55873
3.56242
3.56602
3.56956
3.57302
3.57641
3.57974
3.58301
3.58622
3.58937
3.59247
3.59552
3.59852
3.60147
3.60438
3.60725
3.61007
3.61286
3.6156
3.61831
3.62099
3.62364
3.62625
3.62883
3.63138
3.63391
3.6364
3.63888
3.64134
3.64377
3.64619
3.64859
3.65098
3.65336
3.65572
3.65807
3.66041
3.66274
3.66507
3.66738
3.66969
3.67198
3.67427
3.67656
3.67883
3.6811
3.68336
3.68561
3.68785
3.69008
3.6923
3.69451
3.69671
3.6989
3.70106
3.70322
3.70535
3.70747
3.70956
3.71163
3.71368
3.7157
3.71769
3.71966
3.72159
3.72349
3.72535
3.72718
3.72897
3.73072
3.73243
3.73413
3.73564
0.846372
0.784571
0.740866
0.731421
0.780818
0.913761
1.13036
1.39676
1.66969
1.92048
2.13792
2.32135
2.47447
2.60211
2.70889
2.79873
2.87484
2.93979
2.99561
3.04393
3.08604
3.12297
3.15556
3.18449
3.2103
3.23346
3.25433
3.27324
3.29044
3.30615
3.32057
3.33385
3.34614
3.35754
3.36816
3.37809
3.3874
3.39616
3.40444
3.41228
3.41973
3.42683
3.43361
3.4401
3.44634
3.45234
3.45812
3.46372
3.46913
3.47437
3.47947
3.48442
3.48923
3.49393
3.4985
3.50296
3.50732
3.51158
3.51574
3.51981
3.52379
3.52769
3.53152
3.53526
3.53894
3.54255
3.54609
3.54956
3.55298
3.55634
3.55965
3.56291
3.56611
3.56926
3.57237
3.57543
3.57845
3.58143
3.58437
3.58728
3.59016
3.59301
3.59583
3.59863
3.6014
3.60414
3.60686
3.60957
3.61225
3.61491
3.61755
3.62018
3.62278
3.62537
3.62794
3.63048
3.63302
3.63553
3.63802
3.64049
3.64294
3.64536
3.64777
3.65014
3.65249
3.65481
3.65711
3.65937
3.66159
3.66378
3.66594
3.66805
3.67012
3.67215
3.67414
3.67607
3.67796
3.6798
3.68159
3.68332
3.68503
3.68656
0.851011
0.791143
0.741126
0.708367
0.70346
0.741579
0.838108
0.996907
1.20263
1.4285
1.65059
1.85477
2.03555
2.19259
2.3279
2.44426
2.54449
2.63115
2.70642
2.77214
2.82983
2.88074
2.9259
2.96617
3.00225
3.03473
3.0641
3.09076
3.11507
3.13732
3.15776
3.1766
3.19404
3.21022
3.22529
3.23937
3.25255
3.26495
3.27662
3.28765
3.2981
3.30803
3.31748
3.3265
3.33512
3.34338
3.35131
3.35894
3.36629
3.37339
3.38024
3.38688
3.3933
3.39953
3.40558
3.41146
3.41717
3.42273
3.42815
3.43342
3.43857
3.44359
3.44849
3.45328
3.45796
3.46254
3.46701
3.4714
3.47569
3.4799
3.48403
3.48808
3.49205
3.49595
3.49978
3.50354
3.50723
3.51086
3.51444
3.51796
3.52143
3.52485
3.52822
3.53155
3.53484
3.53809
3.5413
3.54447
3.54761
3.55071
3.55378
3.55682
3.55982
3.56279
3.56574
3.56864
3.57152
3.57437
3.57718
3.57996
3.5827
3.58541
3.58809
3.59072
3.59332
3.59587
3.59838
3.60085
3.60327
3.60564
3.60796
3.61022
3.61243
3.61458
3.61667
3.6187
3.62067
3.62257
3.62441
3.62618
3.6279
3.62946
0.854799
0.797919
0.746862
0.705362
0.677885
0.670753
0.692779
0.753704
0.85933
1.00619
1.18133
1.368
1.55204
1.72458
1.88152
2.02185
2.14624
2.2561
2.35311
2.43889
2.51496
2.58263
2.64307
2.69726
2.74602
2.79009
2.83005
2.86643
2.89967
2.93014
2.95816
2.98402
3.00796
3.03019
3.05088
3.0702
3.08829
3.10526
3.12124
3.1363
3.15055
3.16405
3.17687
3.18907
3.20071
3.21182
3.22246
3.23266
3.24245
3.25187
3.26094
3.26969
3.27814
3.2863
3.2942
3.30184
3.30926
3.31645
3.32343
3.33022
3.33681
3.34323
3.34948
3.35557
3.3615
3.36728
3.37293
3.37844
3.38383
3.38909
3.39424
3.39928
3.40421
3.40903
3.41376
3.41838
3.42292
3.42736
3.43172
3.43601
3.44021
3.44435
3.44841
3.45241
3.45634
3.46022
3.46403
3.46779
3.4715
3.47515
3.47875
3.4823
3.48581
3.48926
3.49266
3.49602
3.49933
3.50259
3.50581
3.50897
3.51208
3.51515
3.51816
3.52112
3.52402
3.52687
3.52966
3.53238
3.53504
3.53764
3.54017
3.54263
3.54501
3.54732
3.54956
3.55171
3.55378
3.55577
3.55768
3.5595
3.56126
3.56285
0.857613
0.803838
0.754023
0.710069
0.674015
0.648368
0.636594
0.64348
0.674826
0.73588
0.828724
0.950233
1.09243
1.24518
1.3992
1.54781
1.68713
1.81538
1.93217
2.03791
2.13338
2.21952
2.29731
2.36767
2.43146
2.48942
2.54224
2.59051
2.63474
2.67539
2.71286
2.74748
2.77956
2.80937
2.83713
2.86305
2.88731
2.91008
2.93148
2.95164
2.97069
2.98871
3.00579
3.02202
3.03746
3.05219
3.06625
3.07969
3.09258
3.10493
3.1168
3.12822
3.13921
3.1498
3.16003
3.16991
3.17946
3.1887
3.19765
3.20633
3.21475
3.22292
3.23085
3.23857
3.24607
3.25337
3.26047
3.2674
3.27415
3.28073
3.28715
3.29342
3.29954
3.30553
3.31137
3.31709
3.32267
3.32814
3.33348
3.33872
3.34384
3.34887
3.3538
3.35863
3.36338
3.36804
3.37261
3.37711
3.38153
3.38587
3.39014
3.39433
3.39846
3.40251
3.4065
3.41042
3.41428
3.41806
3.42178
3.42543
3.42901
3.43252
3.43596
3.43933
3.44262
3.44584
3.44898
3.45203
3.45501
3.4579
3.4607
3.46341
3.46603
3.46855
3.47097
3.47329
3.47551
3.47762
3.47963
3.48153
3.48336
3.48501
0.859482
0.808378
0.760626
0.716973
0.678334
0.645749
0.620512
0.604371
0.599722
0.609658
0.637654
0.686738
0.758295
0.851094
0.961178
1.08279
1.20982
1.33698
1.46042
1.57773
1.68765
1.78972
1.88396
1.9707
2.05043
2.12369
2.19104
2.25304
2.31019
2.36296
2.41179
2.45704
2.49909
2.53822
2.57472
2.60884
2.64079
2.67078
2.69898
2.72554
2.75062
2.77433
2.79678
2.81809
2.83835
2.85763
2.87601
2.89356
2.91034
2.92641
2.94182
2.9566
2.97082
2.98449
2.99766
3.01035
3.0226
3.03443
3.04587
3.05693
3.06764
3.07802
3.08808
3.09784
3.10731
3.11651
3.12545
3.13415
3.14261
3.15084
3.15887
3.16668
3.1743
3.18174
3.18899
3.19607
3.20297
3.20972
3.2163
3.22273
3.22902
3.23517
3.24119
3.24707
3.25284
3.25849
3.26402
3.26944
3.27475
3.27996
3.28507
3.29008
3.295
3.29981
3.30454
3.30917
3.31371
3.31816
3.32251
3.32678
3.33095
3.33503
3.33902
3.34291
3.3467
3.35039
3.35398
3.35746
3.36084
3.36411
3.36727
3.37031
3.37323
3.37603
3.37871
3.38126
3.38368
3.38598
3.38814
3.39017
3.39209
3.39385
0.860565
0.811411
0.765711
0.723439
0.684828
0.650242
0.620147
0.595142
0.57603
0.563904
0.56022
0.566795
0.585676
0.618805
0.66751
0.731993
0.811019
0.902008
1.00149
1.10577
1.21146
1.31586
1.41705
1.51381
1.60547
1.69173
1.77257
1.84814
1.91867
1.98447
2.04585
2.10314
2.15665
2.20669
2.25354
2.29747
2.3387
2.37747
2.41398
2.44841
2.48093
2.51169
2.54083
2.56847
2.59473
2.61972
2.64352
2.66623
2.68792
2.70867
2.72853
2.74757
2.76584
2.7834
2.80028
2.81653
2.83219
2.84729
2.86186
2.87594
2.88954
2.9027
2.91544
2.92778
2.93974
2.95134
2.9626
2.97353
2.98415
2.99447
3.0045
3.01427
3.02377
3.03303
3.04205
3.05084
3.05941
3.06777
3.07592
3.08386
3.09162
3.09918
3.10657
3.11379
3.12085
3.12774
3.13448
3.14108
3.14753
3.15384
3.16001
3.16605
3.17196
3.17775
3.18341
3.18894
3.19436
3.19965
3.20482
3.20987
3.21479
3.2196
3.22428
3.22884
3.23327
3.23758
3.24175
3.24579
3.24969
3.25345
3.25707
3.26055
3.26388
3.26706
3.27008
3.27295
3.27565
3.2782
3.28059
3.28281
3.28491
3.28682
0.861099
0.813133
0.76901
0.728261
0.690673
0.656203
0.624916
0.596953
0.57254
0.551996
0.535764
0.524447
0.518835
0.519919
0.528854
0.546863
0.575059
0.614217
0.66454
0.725513
0.795886
0.87382
0.957144
1.04364
1.13129
1.21842
1.30375
1.3864
1.4658
1.54163
1.61374
1.68211
1.74682
1.80798
1.86576
1.92032
1.97187
2.02058
2.06665
2.11024
2.15154
2.19069
2.22784
2.26313
2.2967
2.32866
2.35912
2.38819
2.41595
2.4425
2.46791
2.49225
2.5156
2.53801
2.55955
2.58026
2.6002
2.6194
2.63792
2.65579
2.67304
2.68971
2.70582
2.72142
2.73651
2.75114
2.76531
2.77906
2.7924
2.80535
2.81793
2.83015
2.84204
2.8536
2.86484
2.87579
2.88646
2.89684
2.90696
2.91683
2.92644
2.93581
2.94494
2.95385
2.96254
2.97102
2.97929
2.98738
2.99527
3.00298
3.0105
3.01786
3.02504
3.03206
3.03891
3.04559
3.05212
3.05849
3.0647
3.07075
3.07665
3.08238
3.08796
3.09338
3.09863
3.10373
3.10865
3.11341
3.11799
3.1224
3.12664
3.13069
3.13456
3.13824
3.14173
3.14502
3.14813
3.15103
3.15374
3.15625
3.1586
3.16075
0.861317
0.813942
0.770775
0.731184
0.694718
0.661081
0.630095
0.601662
0.575754
0.552397
0.531673
0.513721
0.498751
0.487049
0.478999
0.475087
0.475905
0.482135
0.494503
0.513717
0.540366
0.574817
0.61712
0.666952
0.723609
0.786067
0.853078
0.923306
0.995439
1.06829
1.14087
1.21238
1.28223
1.35001
1.41546
1.47842
1.53882
1.59665
1.65193
1.70473
1.75513
1.80323
1.84912
1.89293
1.93475
1.9747
2.01289
2.0494
2.08434
2.1178
2.14987
2.18061
2.21012
2.23846
2.26569
2.29188
2.3171
2.34138
2.36479
2.38736
2.40915
2.43019
2.45052
2.47018
2.4892
2.50762
2.52545
2.54273
2.55949
2.57574
2.59152
2.60684
2.62172
2.63617
2.65023
2.6639
2.6772
2.69015
2.70275
2.71503
2.72698
2.73863
2.74998
2.76103
2.77179
2.78229
2.79252
2.80249
2.81222
2.82171
2.83096
2.83999
2.84879
2.85737
2.86574
2.8739
2.88185
2.8896
2.89714
2.90448
2.91161
2.91854
2.92527
2.93179
2.93811
2.94422
2.95012
2.95581
2.96128
2.96654
2.97157
2.97638
2.98096
2.9853
2.98942
2.9933
2.99694
3.00034
3.0035
3.00642
3.00914
3.01164
0.861389
0.814244
0.77153
0.732597
0.696917
0.664079
0.633769
0.605753
0.579862
0.555979
0.53403
0.513979
0.495828
0.479611
0.4654
0.453308
0.443493
0.436161
0.431574
0.430052
0.431968
0.437737
0.4478
0.462585
0.482476
0.507758
0.538577
0.574904
0.616511
0.662979
0.713718
0.768009
0.825062
0.884071
0.944262
1.00494
1.06549
1.12543
1.18437
1.24202
1.29818
1.35271
1.40552
1.45657
1.50585
1.55337
1.59915
1.64323
1.68566
1.7265
1.7658
1.80363
1.84005
1.87512
1.90891
1.94147
1.97286
2.00314
2.03235
2.06056
2.0878
2.11412
2.13957
2.16418
2.188
2.21105
2.23338
2.25502
2.276
2.29635
2.31609
2.33525
2.35386
2.37193
2.38949
2.40657
2.42317
2.43932
2.45503
2.47032
2.48521
2.49971
2.51384
2.52759
2.54099
2.55404
2.56674
2.57912
2.59118
2.60292
2.61437
2.62552
2.63638
2.64696
2.65727
2.6673
2.67707
2.68657
2.69581
2.70479
2.71351
2.72197
2.73018
2.73812
2.7458
2.75322
2.76038
2.76726
2.77388
2.78023
2.7863
2.7921
2.79761
2.80284
2.80778
2.81243
2.8168
2.82087
2.82465
2.82814
2.83138
2.83438
0.861406
0.814329
0.771776
0.733121
0.697834
0.665476
0.635686
0.608168
0.582682
0.559037
0.53708
0.516692
0.497782
0.480288
0.464168
0.449403
0.435996
0.423969
0.413369
0.404262
0.396745
0.390937
0.38699
0.385084
0.385432
0.38827
0.393857
0.40246
0.414344
0.429748
0.448872
0.471851
0.49874
0.5295
0.563988
0.601963
0.643091
0.686965
0.733129
0.781098
0.830388
0.880534
0.931109
0.981737
1.03209
1.08191
1.13099
1.17916
1.2263
1.27233
1.3172
1.36087
1.40331
1.44454
1.48456
1.52337
1.56101
1.59748
1.63284
1.66709
1.70029
1.73246
1.76363
1.79386
1.82316
1.85158
1.87914
1.90589
1.93185
1.95705
1.98152
2.00529
2.02838
2.05082
2.07264
2.09385
2.11448
2.13455
2.15407
2.17308
2.19158
2.2096
2.22715
2.24424
2.26089
2.27712
2.29292
2.30831
2.32329
2.33788
2.35208
2.36591
2.37937
2.39247
2.40522
2.41763
2.42969
2.44142
2.45281
2.46387
2.4746
2.485
2.49508
2.50482
2.51424
2.52333
2.53208
2.54051
2.54859
2.55634
2.56375
2.57082
2.57753
2.58391
2.58993
2.5956
2.60092
2.60588
2.6105
2.61477
2.61874
2.62242
0.861407
0.814342
0.77183
0.73326
0.698113
0.665954
0.636417
0.609191
0.584014
0.560665
0.538959
0.518737
0.499869
0.482247
0.46578
0.450397
0.43604
0.422666
0.410246
0.398762
0.388209
0.378592
0.36993
0.362255
0.355609
0.350053
0.345657
0.342512
0.340722
0.340409
0.341708
0.344772
0.349758
0.356833
0.366159
0.377891
0.392166
0.409094
0.428749
0.451163
0.476319
0.504144
0.534518
0.567266
0.602173
0.638985
0.677426
0.717205
0.758027
0.799606
0.84167
0.88397
0.926284
0.96842
1.01021
1.05153
1.09227
1.13234
1.17168
1.21025
1.24801
1.28494
1.32103
1.35627
1.39067
1.42423
1.45695
1.48885
1.51994
1.55023
1.57974
1.60849
1.63649
1.66377
1.69034
1.71622
1.74143
1.766
1.78994
1.81327
1.836
1.85816
1.87976
1.90081
1.92134
1.94135
1.96085
1.97986
1.99839
2.01645
2.03402
2.05113
2.06779
2.08399
2.09975
2.11508
2.12998
2.14445
2.15851
2.17215
2.18538
2.1982
2.2106
2.2226
2.23418
2.24535
2.25611
2.26645
2.27638
2.28589
2.29499
2.30366
2.31191
2.31973
2.32714
2.33412
2.34068
2.34682
2.35255
2.35786
2.3628
2.36742
0.861405
0.814337
0.771831
0.733277
0.698164
0.666062
0.636607
0.60949
0.584448
0.561253
0.53971
0.519653
0.500935
0.483431
0.467033
0.451647
0.437194
0.423603
0.410816
0.398785
0.387468
0.376832
0.366852
0.357508
0.348789
0.340687
0.333204
0.326348
0.32013
0.314572
0.309702
0.305553
0.30217
0.299604
0.297914
0.29717
0.297449
0.298836
0.301424
0.305312
0.310601
0.317394
0.325791
0.335887
0.347768
0.361503
0.377148
0.394735
0.414271
0.435738
0.459092
0.484259
0.51114
0.539612
0.569531
0.60074
0.633066
0.666332
0.70036
0.734975
0.770007
0.805297
0.840702
0.876088
0.911342
0.946362
0.981066
1.01538
1.04925
1.08264
1.11549
1.1478
1.17954
1.21069
1.24125
1.27122
1.30058
1.32934
1.3575
1.38507
1.41204
1.43842
1.46422
1.48944
1.51408
1.53816
1.56168
1.58465
1.60707
1.62895
1.65031
1.67114
1.69144
1.71121
1.73046
1.74918
1.76739
1.78508
1.80227
1.81895
1.83513
1.85081
1.86598
1.88065
1.89483
1.90849
1.92166
1.93432
1.94648
1.95814
1.96929
1.97994
1.99008
1.99973
2.00887
2.01752
2.02567
2.03334
2.04052
2.04723
2.05351
2.05941
0.861402
0.814329
0.77182
0.733266
0.698157
0.666065
0.636627
0.609537
0.584532
0.561385
0.539902
0.519913
0.50127
0.483846
0.467525
0.45221
0.437813
0.424257
0.411474
0.399403
0.387993
0.377196
0.366972
0.357284
0.348103
0.339402
0.331157
0.323351
0.315968
0.308997
0.302429
0.296259
0.290486
0.285112
0.280141
0.275581
0.271445
0.267749
0.264512
0.261758
0.259514
0.257814
0.256693
0.256195
0.256366
0.257257
0.258922
0.261422
0.264817
0.269171
0.27455
0.281016
0.288632
0.297455
0.307537
0.318924
0.331652
0.345745
0.361217
0.378066
0.396279
0.415826
0.436665
0.458737
0.481974
0.506292
0.531601
0.557801
0.584786
0.612449
0.640679
0.669367
0.698406
0.727693
0.757133
0.786635
0.816116
0.845503
0.874729
0.903736
0.932474
0.960898
0.988974
1.01667
1.04396
1.07082
1.09724
1.12321
1.1487
1.17372
1.19824
1.22228
1.24581
1.26885
1.29137
1.31337
1.33483
1.35574
1.3761
1.3959
1.41515
1.43383
1.45196
1.46951
1.4865
1.50292
1.51877
1.53405
1.54876
1.5629
1.57648
1.58949
1.60194
1.61384
1.62518
1.63599
1.64625
1.65598
1.66518
1.67388
1.6821
1.68991
0.8614
0.814321
0.77181
0.733253
0.698143
0.66605
0.636614
0.609527
0.584528
0.561391
0.53992
0.519948
0.501326
0.483926
0.467634
0.45235
0.437986
0.424462
0.411709
0.399665
0.388273
0.377484
0.367254
0.35754
0.348309
0.339526
0.331164
0.323195
0.315596
0.308347
0.301429
0.294824
0.288519
0.282502
0.27676
0.271286
0.266072
0.261112
0.256403
0.251941
0.247725
0.243758
0.24004
0.236576
0.233372
0.230436
0.227778
0.225408
0.223342
0.221594
0.220183
0.21913
0.218458
0.218193
0.218362
0.218998
0.220133
0.221802
0.224043
0.226894
0.230396
0.234588
0.239511
0.245205
0.251707
0.259055
0.26728
0.276412
0.286474
0.297487
0.309462
0.322406
0.336316
0.351185
0.366994
0.383719
0.401327
0.419779
0.439027
0.459019
0.479694
0.500991
0.522842
0.545178
0.567926
0.591016
0.614375
0.637933
0.661622
0.685375
0.709131
0.732829
0.756417
0.779843
0.803062
0.826032
0.848724
0.871101
0.893126
0.914764
0.93599
0.956786
0.977135
0.997022
1.01644
1.03537
1.05382
1.07177
1.08922
1.10617
1.12262
1.13856
1.15399
1.16892
1.18335
1.19727
1.21069
1.22361
1.23604
1.24799
1.25947
1.2705
0.861399
0.814317
0.771804
0.733245
0.698133
0.666039
0.636602
0.609515
0.584516
0.561379
0.53991
0.51994
0.501322
0.483926
0.46764
0.452363
0.438006
0.424492
0.411749
0.399716
0.388335
0.377557
0.367336
0.357631
0.348405
0.339624
0.331258
0.323279
0.315662
0.308383
0.301421
0.294758
0.288376
0.282259
0.276392
0.270762
0.265357
0.260167
0.25518
0.250389
0.245786
0.241362
0.237113
0.233033
0.229117
0.225362
0.221765
0.218323
0.215035
0.211902
0.208922
0.206098
0.203431
0.200924
0.198581
0.196408
0.194408
0.192591
0.190962
0.189532
0.188311
0.18731
0.186542
0.186022
0.185764
0.185786
0.186107
0.186746
0.187725
0.189066
0.190793
0.192932
0.195509
0.198549
0.202081
0.206132
0.210729
0.215898
0.221667
0.228059
0.235099
0.242806
0.251199
0.260293
0.270101
0.280629
0.291883
0.303861
0.316558
0.329963
0.344062
0.358833
0.374252
0.390291
0.406914
0.424084
0.441761
0.459901
0.478458
0.497389
0.51664
0.536157
0.555887
0.575775
0.595766
0.61581
0.635854
0.655851
0.675752
0.695513
0.715092
0.734451
0.753552
0.772363
0.790853
0.808994
0.826763
0.844136
0.861095
0.877624
0.893712
0.909319
0.861399
0.814317
0.771804
0.733245
0.698133
0.666039
0.636602
0.609515
0.584516
0.561379
0.53991
0.51994
0.501322
0.483926
0.46764
0.452363
0.438006
0.424492
0.411749
0.399716
0.388335
0.377557
0.367336
0.357631
0.348405
0.339624
0.331258
0.323279
0.315662
0.308383
0.301421
0.294758
0.288376
0.282259
0.276392
0.270762
0.265358
0.260167
0.255181
0.25039
0.245786
0.241363
0.237114
0.233034
0.229119
0.225364
0.221767
0.218325
0.215038
0.211905
0.208925
0.206102
0.203435
0.200929
0.198587
0.196414
0.194416
0.192599
0.190971
0.189543
0.188323
0.187323
0.186557
0.186038
0.185782
0.185806
0.186129
0.18677
0.187752
0.189096
0.190827
0.192969
0.195549
0.198593
0.202129
0.206184
0.210785
0.215958
0.221731
0.228127
0.235169
0.242878
0.251273
0.260368
0.270175
0.280701
0.291951
0.303924
0.316612
0.330007
0.344093
0.358849
0.37425
0.390268
0.406867
0.424011
0.441658
0.459765
0.478289
0.497184
0.516396
0.535872
0.555558
0.5754
0.595345
0.61534
0.635334
0.65528
0.675129
0.694838
0.714366
0.733672
0.752722
0.771481
0.789919
0.80801
0.825728
0.843052
0.859963
0.876445
0.892488
0.908049
0.8614
0.814321
0.77181
0.733253
0.698143
0.66605
0.636614
0.609527
0.584528
0.561391
0.53992
0.519948
0.501326
0.483926
0.467634
0.45235
0.437985
0.424462
0.411709
0.399665
0.388273
0.377484
0.367253
0.35754
0.348309
0.339526
0.331164
0.323195
0.315596
0.308347
0.301429
0.294825
0.288521
0.282504
0.276763
0.27129
0.266077
0.261118
0.25641
0.251949
0.247736
0.24377
0.240055
0.236594
0.233393
0.230461
0.227807
0.225442
0.22338
0.221638
0.220234
0.219188
0.218524
0.218268
0.218448
0.219095
0.220242
0.221925
0.224181
0.227048
0.230568
0.234779
0.239723
0.245439
0.251966
0.259339
0.26759
0.27675
0.286842
0.297884
0.30989
0.322865
0.336806
0.351705
0.367544
0.384298
0.401934
0.420411
0.439683
0.459695
0.480388
0.501699
0.52356
0.545902
0.568653
0.59174
0.615091
0.638637
0.662308
0.686038
0.709766
0.733431
0.75698
0.780362
0.803533
0.826449
0.849084
0.871398
0.893352
0.914913
0.936059
0.95677
0.977029
0.996824
1.01614
1.03498
1.05332
1.07116
1.08851
1.10534
1.12167
1.1375
1.15282
1.16763
1.18193
1.19573
1.20903
1.22184
1.23415
1.24597
1.25733
1.26825
0.861402
0.814329
0.77182
0.733266
0.698157
0.666065
0.636627
0.609537
0.584532
0.561385
0.539902
0.519912
0.50127
0.483845
0.467524
0.452209
0.437812
0.424256
0.411472
0.399402
0.387991
0.377195
0.366971
0.357284
0.348103
0.339402
0.331159
0.323354
0.315973
0.309004
0.302438
0.296272
0.290503
0.285133
0.280167
0.275614
0.271485
0.267797
0.264569
0.261826
0.259595
0.257908
0.256804
0.256325
0.256516
0.257429
0.25912
0.261648
0.265075
0.269465
0.274881
0.281388
0.289048
0.297918
0.308051
0.319491
0.332274
0.346425
0.361956
0.378865
0.397139
0.416748
0.437647
0.459779
0.483074
0.507448
0.53281
0.559059
0.586092
0.613797
0.642065
0.670786
0.699854
0.729165
0.758623
0.788139
0.817629
0.847019
0.876243
0.905243
0.933968
0.962376
0.990429
1.0181
1.04536
1.07218
1.09856
1.12448
1.14992
1.17488
1.19935
1.22332
1.24678
1.26974
1.29219
1.3141
1.33547
1.35628
1.37654
1.39623
1.41537
1.43394
1.45194
1.46938
1.48624
1.50253
1.51825
1.53339
1.54796
1.56196
1.5754
1.58827
1.60057
1.61232
1.62352
1.63417
1.64428
1.65386
1.66292
1.67146
1.67954
1.68719
0.861405
0.814337
0.771831
0.733277
0.698164
0.666062
0.636607
0.60949
0.584447
0.561251
0.539709
0.519651
0.500932
0.483428
0.467029
0.451643
0.437189
0.423599
0.410813
0.398782
0.387467
0.376833
0.366856
0.357515
0.3488
0.340704
0.333229
0.326381
0.320173
0.314628
0.309772
0.305641
0.302278
0.299735
0.298072
0.297359
0.297673
0.299101
0.301736
0.305675
0.311021
0.317878
0.326345
0.336516
0.348478
0.3623
0.378035
0.395715
0.415347
0.436912
0.460363
0.485626
0.512601
0.541164
0.57117
0.602459
0.63486
0.668195
0.702286
0.736955
0.772035
0.807367
0.842805
0.87822
0.913496
0.948533
0.983248
1.01757
1.05144
1.08482
1.11768
1.14997
1.1817
1.21283
1.24337
1.27331
1.30264
1.33137
1.3595
1.38702
1.41395
1.44029
1.46603
1.49119
1.51578
1.53979
1.56324
1.58614
1.60848
1.63028
1.65155
1.67229
1.6925
1.71217
1.7313
1.74991
1.768
1.78558
1.80264
1.8192
1.83524
1.85078
1.86582
1.88035
1.89437
1.90789
1.92091
1.93341
1.94542
1.95691
1.9679
1.97839
1.98837
1.99784
2.00682
2.0153
2.02329
2.03079
2.0378
2.04434
2.05046
2.0562
0.861407
0.814342
0.77183
0.73326
0.698112
0.665953
0.636415
0.609187
0.584009
0.560659
0.538951
0.518729
0.49986
0.482238
0.465771
0.450389
0.436034
0.422664
0.410249
0.398772
0.388227
0.378622
0.369975
0.362317
0.355694
0.350164
0.3458
0.342693
0.340947
0.340687
0.342048
0.345182
0.350249
0.357415
0.366842
0.378687
0.393084
0.410142
0.429935
0.452493
0.477794
0.505766
0.536283
0.569171
0.604209
0.641144
0.679698
0.719577
0.760488
0.802143
0.844271
0.886623
0.92898
0.971147
1.01297
1.0543
1.09505
1.13512
1.17446
1.21302
1.25077
1.28768
1.32376
1.35898
1.39336
1.42689
1.45959
1.49146
1.52252
1.55278
1.58225
1.61096
1.63893
1.66616
1.69268
1.71852
1.74368
1.7682
1.79208
1.81535
1.83802
1.86011
1.88164
1.90262
1.92306
1.94299
1.96241
1.98133
1.99976
2.01772
2.03519
2.05219
2.06873
2.08481
2.10045
2.11565
2.13042
2.14476
2.15868
2.17218
2.18526
2.19792
2.21017
2.22201
2.23343
2.24444
2.25503
2.26521
2.27497
2.2843
2.29322
2.30172
2.30979
2.31744
2.32467
2.33147
2.33785
2.34381
2.34935
2.35449
2.35926
2.3637
0.861405
0.814329
0.771776
0.733119
0.69783
0.66547
0.635677
0.608156
0.582668
0.559021
0.537062
0.516674
0.497766
0.480275
0.464162
0.449406
0.436013
0.424004
0.413427
0.40435
0.39687
0.391108
0.387218
0.385381
0.385811
0.388747
0.394449
0.403184
0.415218
0.430789
0.450095
0.473269
0.500363
0.531332
0.566029
0.604206
0.645526
0.689578
0.735902
0.784011
0.83342
0.883664
0.934317
0.985003
1.0354
1.08525
1.13434
1.18251
1.22965
1.27567
1.32052
1.36416
1.40659
1.44779
1.48777
1.52655
1.56415
1.60059
1.6359
1.67012
1.70328
1.73541
1.76654
1.79673
1.82599
1.85436
1.88188
1.90859
1.9345
1.95965
1.98407
2.00779
2.03083
2.05322
2.07498
2.09613
2.1167
2.1367
2.15616
2.1751
2.19352
2.21146
2.22893
2.24594
2.2625
2.27863
2.29433
2.30962
2.32449
2.33897
2.35305
2.36676
2.3801
2.39307
2.40569
2.41796
2.42988
2.44146
2.4527
2.46361
2.47418
2.48443
2.49434
2.50392
2.51317
2.52208
2.53067
2.53891
2.54682
2.55439
2.56161
2.5685
2.57503
2.58122
2.58705
2.59254
2.59767
2.60245
2.60688
2.61096
2.61474
2.61825
0.861388
0.814243
0.771526
0.73259
0.696905
0.664061
0.633746
0.605726
0.579833
0.55595
0.534004
0.513962
0.495824
0.479627
0.465445
0.453393
0.443628
0.436361
0.431857
0.430439
0.432481
0.438404
0.448649
0.463646
0.483775
0.509319
0.540417
0.577032
0.618928
0.665674
0.716671
0.771195
0.82845
0.887627
0.947952
1.00873
1.06935
1.12934
1.1883
1.24596
1.30211
1.35661
1.4094
1.46041
1.50965
1.55711
1.60284
1.64687
1.68925
1.73003
1.76928
1.80705
1.84342
1.87843
1.91217
1.94467
1.97601
2.00624
2.03541
2.06356
2.09075
2.11703
2.14242
2.16699
2.19075
2.21376
2.23604
2.25763
2.27856
2.29885
2.31853
2.33764
2.35619
2.3742
2.3917
2.40871
2.42524
2.44132
2.45696
2.47217
2.48698
2.5014
2.51543
2.52909
2.54239
2.55534
2.56794
2.5802
2.59215
2.60378
2.6151
2.62612
2.63686
2.6473
2.65747
2.66736
2.67698
2.68633
2.69542
2.70424
2.7128
2.7211
2.72913
2.7369
2.74441
2.75166
2.75863
2.76534
2.77178
2.77794
2.78382
2.78943
2.79475
2.79979
2.80455
2.80901
2.81318
2.81706
2.82066
2.82396
2.82701
2.82983
0.861316
0.813937
0.770764
0.731165
0.694689
0.661045
0.630052
0.601618
0.575716
0.552372
0.531671
0.513756
0.498837
0.487207
0.479253
0.475467
0.476447
0.48288
0.495498
0.515007
0.541992
0.576812
0.619504
0.669726
0.726757
0.789555
0.856862
0.927333
0.999655
1.07265
1.14531
1.21687
1.28674
1.35452
1.41994
1.48286
1.5432
1.60096
1.65618
1.7089
1.75923
1.80724
1.85306
1.89679
1.93854
1.97841
2.01652
2.05297
2.08784
2.12123
2.15322
2.18391
2.21335
2.24163
2.2688
2.29494
2.32009
2.34432
2.36767
2.3902
2.41193
2.43292
2.45321
2.47282
2.49179
2.51015
2.52793
2.54516
2.56186
2.57806
2.59378
2.60904
2.62386
2.63826
2.65225
2.66585
2.67908
2.69195
2.70448
2.71667
2.72854
2.7401
2.75135
2.7623
2.77297
2.78335
2.79348
2.80334
2.81295
2.82231
2.83144
2.84034
2.849
2.85745
2.86568
2.87369
2.88149
2.88908
2.89647
2.90364
2.91062
2.91738
2.92394
2.93029
2.93643
2.94236
2.94808
2.95359
2.95888
2.96395
2.96879
2.97341
2.9778
2.98196
2.98588
2.98957
2.99302
2.99623
2.9992
3.00193
3.00446
3.00678
0.861096
0.813121
0.768984
0.72822
0.69062
0.656144
0.62486
0.596913
0.572531
0.55204
0.535888
0.524686
0.519235
0.520534
0.529752
0.548115
0.576735
0.616374
0.667213
0.728704
0.799564
0.877927
0.961603
1.04837
1.1362
1.22344
1.30883
1.39148
1.47085
1.54662
1.61866
1.68694
1.75155
1.81261
1.87028
1.92474
1.97618
2.02479
2.07075
2.11425
2.15545
2.1945
2.23156
2.26677
2.30026
2.33214
2.36252
2.39151
2.4192
2.44568
2.47102
2.4953
2.51859
2.54094
2.56242
2.58308
2.60296
2.62212
2.64058
2.6584
2.6756
2.69222
2.70829
2.72384
2.73888
2.75346
2.76758
2.78128
2.79456
2.80746
2.81998
2.83215
2.84397
2.85546
2.86664
2.87752
2.88811
2.89842
2.90847
2.91824
2.92777
2.93704
2.94608
2.95489
2.96347
2.97185
2.98001
2.98798
2.99575
3.00334
3.01074
3.01796
3.02501
3.03188
3.03859
3.04513
3.05151
3.05772
3.06377
3.06966
3.07539
3.08096
3.08637
3.09162
3.0967
3.10161
3.10636
3.11093
3.11533
3.11956
3.12361
3.12747
3.13115
3.13464
3.13794
3.14105
3.14397
3.14668
3.14921
3.15153
3.15369
3.15566
0.860556
0.811383
0.765662
0.723372
0.684754
0.650177
0.620113
0.59517
0.576161
0.564196
0.560746
0.56765
0.586971
0.620647
0.669989
0.735153
0.814847
0.906433
1.0064
1.11104
1.21695
1.32148
1.42271
1.51944
1.61102
1.69718
1.7779
1.85333
1.92372
1.98938
2.05061
2.10776
2.16114
2.21105
2.25778
2.30158
2.3427
2.38136
2.41776
2.45209
2.48451
2.51518
2.54423
2.57179
2.59797
2.62288
2.64661
2.66925
2.69088
2.71156
2.73136
2.75034
2.76856
2.78606
2.80289
2.81909
2.8347
2.84975
2.86428
2.87831
2.89187
2.90498
2.91768
2.92997
2.94188
2.95344
2.96464
2.97552
2.98609
2.99636
3.00634
3.01604
3.02549
3.03468
3.04363
3.05235
3.06085
3.06913
3.0772
3.08506
3.09272
3.1002
3.10749
3.11461
3.12156
3.12835
3.13498
3.14145
3.14778
3.15397
3.16002
3.16593
3.1717
3.17735
3.18286
3.18825
3.19351
3.19865
3.20366
3.20855
3.21332
3.21796
3.22247
3.22686
3.23112
3.23524
3.23924
3.2431
3.24682
3.2504
3.25384
3.25713
3.26028
3.26327
3.26611
3.26879
3.27131
3.27368
3.27588
3.27792
3.27984
3.28157
0.859464
0.80833
0.760551
0.716886
0.678261
0.645727
0.620595
0.604638
0.600284
0.610661
0.639266
0.689119
0.761547
0.855222
0.966084
1.0883
1.21574
1.34312
1.46664
1.58393
1.69375
1.79567
1.88974
1.97629
2.05583
2.1289
2.19607
2.25789
2.31487
2.36747
2.41614
2.46126
2.50316
2.54216
2.57855
2.61255
2.64439
2.67428
2.70238
2.72885
2.75384
2.77746
2.79984
2.82107
2.84125
2.86047
2.87878
2.89627
2.91299
2.92901
2.94436
2.95909
2.97325
2.98688
3
3.01265
3.02486
3.03664
3.04804
3.05906
3.06973
3.08006
3.09008
3.0998
3.10923
3.11838
3.12728
3.13593
3.14434
3.15252
3.16049
3.16825
3.17581
3.18318
3.19037
3.19737
3.20421
3.21087
3.21738
3.22373
3.22992
3.23598
3.2419
3.24769
3.25335
3.25889
3.26431
3.26961
3.27481
3.27989
3.28487
3.28975
3.29453
3.29921
3.30379
3.30828
3.31267
3.31696
3.32117
3.32527
3.32928
3.3332
3.33702
3.34074
3.34436
3.34788
3.3513
3.35461
3.35781
3.3609
3.36388
3.36674
3.36948
3.3721
3.3746
3.37697
3.37921
3.38133
3.38331
3.38517
3.38692
3.3885
0.857582
0.803766
0.753927
0.709985
0.674001
0.648514
0.637038
0.644422
0.676518
0.738565
0.832541
0.955142
1.09823
1.25157
1.4059
1.55461
1.69386
1.82195
1.93852
2.04402
2.13923
2.22513
2.30268
2.37281
2.43637
2.49413
2.54676
2.59485
2.63892
2.67941
2.71673
2.75122
2.78318
2.81287
2.84052
2.86634
2.89051
2.91318
2.93449
2.95458
2.97355
2.99149
3.00851
3.02467
3.04005
3.05471
3.06872
3.08211
3.09494
3.10724
3.11906
3.13043
3.14138
3.15194
3.16212
3.17196
3.18147
3.19068
3.19959
3.20823
3.21661
3.22475
3.23264
3.24032
3.24778
3.25504
3.2621
3.26898
3.27568
3.28221
3.28858
3.29479
3.30086
3.30678
3.31256
3.31821
3.32372
3.3291
3.33437
3.33952
3.34456
3.34949
3.35433
3.35906
3.3637
3.36826
3.37272
3.3771
3.3814
3.38562
3.38976
3.39383
3.39782
3.40174
3.40559
3.40936
3.41307
3.41671
3.42027
3.42377
3.42719
3.43054
3.43382
3.43702
3.44015
3.4432
3.44617
3.44906
3.45186
3.45457
3.4572
3.45974
3.46218
3.46453
3.46677
3.46892
3.47097
3.47291
3.47475
3.47648
3.47814
3.47962
0.854751
0.797826
0.746765
0.70534
0.678073
0.671377
0.694173
0.756253
0.863298
1.01155
1.18777
1.37509
1.55938
1.7319
1.88865
2.0287
2.15276
2.26229
2.35898
2.44445
2.52023
2.58765
2.64784
2.7018
2.75036
2.79423
2.83402
2.87024
2.90333
2.93367
2.96157
2.98731
3.01114
3.03327
3.05386
3.0731
3.0911
3.108
3.1239
3.13889
3.15307
3.16651
3.17927
3.19141
3.20299
3.21406
3.22464
3.2348
3.24455
3.25392
3.26295
3.27166
3.28007
3.28819
3.29605
3.30367
3.31105
3.31821
3.32516
3.33191
3.33847
3.34486
3.35107
3.35712
3.36302
3.36876
3.37437
3.37984
3.38518
3.39039
3.39549
3.40047
3.40535
3.41011
3.41477
3.41933
3.42379
3.42816
3.43244
3.43664
3.44076
3.44481
3.44878
3.45268
3.45651
3.46028
3.46398
3.46763
3.47122
3.47475
3.47823
3.48165
3.48502
3.48834
3.49161
3.49483
3.49799
3.50111
3.50417
3.50719
3.51015
3.51306
3.51591
3.51871
3.52145
3.52414
3.52676
3.52932
3.53182
3.53425
3.53661
3.5389
3.54112
3.54326
3.54533
3.54731
3.54922
3.55104
3.55279
3.55444
3.55604
3.55748
0.850946
0.791039
0.741074
0.708546
0.704202
0.7434
0.841547
1.00216
1.20938
1.43613
1.65851
1.86259
2.04306
2.1997
2.33458
2.45052
2.55036
2.63665
2.71159
2.77701
2.83443
2.8851
2.93005
2.97012
3.00602
3.03833
3.06755
3.09408
3.11826
3.14039
3.16073
3.17947
3.19681
3.21291
3.2279
3.2419
3.25502
3.26734
3.27895
3.28993
3.30032
3.31019
3.31959
3.32856
3.33713
3.34535
3.35324
3.36083
3.36814
3.3752
3.38202
3.38862
3.39501
3.40121
3.40723
3.41307
3.41876
3.42429
3.42968
3.43493
3.44004
3.44503
3.44991
3.45466
3.45931
3.46385
3.46829
3.47263
3.47688
3.48105
3.48512
3.48912
3.49304
3.49688
3.50064
3.50433
3.50795
3.51151
3.51501
3.51845
3.52184
3.52517
3.52845
3.53168
3.53487
3.53802
3.54112
3.54418
3.5472
3.55019
3.55314
3.55605
3.55893
3.56177
3.56457
3.56735
3.57009
3.57279
3.57546
3.57809
3.58069
3.58325
3.58577
3.58825
3.59069
3.59309
3.59544
3.59775
3.60001
3.60222
3.60438
3.60648
3.60853
3.61052
3.61245
3.61432
3.61613
3.61788
3.61956
3.62117
3.62274
3.62414
0.846292
0.784482
0.740966
0.732137
0.78289
0.917939
1.13673
1.40461
1.67813
1.92885
2.1459
2.3288
2.48137
2.6085
2.7148
2.80421
2.87994
2.94455
3.00007
3.04813
3.09
3.12672
3.15913
3.18788
3.21354
3.23656
3.25731
3.2761
3.2932
3.30881
3.32314
3.33634
3.34855
3.35988
3.37043
3.3803
3.38955
3.39826
3.40648
3.41427
3.42167
3.42872
3.43545
3.44191
3.4481
3.45406
3.45981
3.46537
3.47075
3.47597
3.48103
3.48595
3.49074
3.49541
3.49996
3.50439
3.50873
3.51296
3.5171
3.52114
3.5251
3.52898
3.53277
3.53649
3.54013
3.54371
3.54721
3.55065
3.55403
3.55735
3.56061
3.56381
3.56696
3.57005
3.5731
3.57609
3.57904
3.58195
3.58482
3.58765
3.59045
3.59321
3.59594
3.59864
3.60132
3.60396
3.60658
3.60917
3.61174
3.61429
3.61682
3.61932
3.6218
3.62426
3.6267
3.62912
3.63152
3.63389
3.63624
3.63857
3.64088
3.64316
3.64542
3.64765
3.64985
3.65202
3.65416
3.65627
3.65835
3.66038
3.66238
3.66434
3.66626
3.66814
3.66997
3.67176
3.67349
3.67518
3.67682
3.67841
3.67997
3.68136
0.841078
0.780264
0.755504
0.803802
0.967329
1.24502
1.57667
1.89752
2.175
2.40285
2.5863
2.73353
2.85222
2.94869
3.02784
3.09342
3.14828
3.1946
3.23403
3.26789
3.29717
3.32267
3.34504
3.36477
3.38229
3.39793
3.41197
3.42464
3.43613
3.4466
3.45618
3.465
3.47314
3.4807
3.48774
3.49434
3.50053
3.50638
3.51191
3.51718
3.5222
3.52701
3.53164
3.53609
3.54039
3.54456
3.54861
3.55255
3.55639
3.56013
3.56379
3.56738
3.57088
3.57432
3.5777
3.581
3.58425
3.58744
3.59058
3.59366
3.59668
3.59966
3.60259
3.60547
3.60831
3.6111
3.61385
3.61656
3.61924
3.62187
3.62447
3.62704
3.62956
3.63206
3.63453
3.63696
3.63937
3.64176
3.64412
3.64646
3.64879
3.65109
3.65338
3.65565
3.65791
3.66015
3.66238
3.6646
3.66681
3.669
3.67119
3.67336
3.67553
3.67768
3.67982
3.68196
3.68408
3.68619
3.68829
3.69038
3.69245
3.69451
3.69656
3.69858
3.70059
3.70259
3.70456
3.70651
3.70843
3.71033
3.71221
3.71406
3.71587
3.71766
3.71941
3.72113
3.72282
3.72447
3.72608
3.72765
3.72921
3.73059
0.835835
0.782846
0.804872
0.972689
1.30328
1.70602
2.08215
2.39101
2.63171
2.81657
2.95888
3.0695
3.15657
3.22598
3.28202
3.32778
3.36557
3.39708
3.4236
3.44611
3.46538
3.48198
3.4964
3.509
3.52009
3.5299
3.53864
3.54647
3.55352
3.55992
3.56575
3.57109
3.57602
3.58059
3.58485
3.58885
3.59261
3.59618
3.59958
3.60284
3.60597
3.609
3.61194
3.6148
3.61759
3.62032
3.62301
3.62565
3.62826
3.63082
3.63336
3.63587
3.63835
3.6408
3.64323
3.64563
3.648
3.65035
3.65267
3.65497
3.65725
3.6595
3.66173
3.66394
3.66612
3.66828
3.67042
3.67255
3.67465
3.67673
3.6788
3.68085
3.68288
3.68489
3.68689
3.68887
3.69085
3.69281
3.69477
3.69672
3.69866
3.70059
3.70252
3.70445
3.70637
3.70829
3.71021
3.71212
3.71404
3.71595
3.71786
3.71977
3.72168
3.72359
3.72549
3.7274
3.7293
3.73119
3.73309
3.73498
3.73687
3.73875
3.74062
3.74248
3.74434
3.74618
3.74802
3.74984
3.75165
3.75344
3.75521
3.75697
3.75871
3.76042
3.76211
3.76378
3.76542
3.76704
3.76863
3.77019
3.77175
3.77312
0.831589
0.802127
0.9281
1.28649
1.77028
2.21974
2.57241
2.8326
3.02211
3.16115
3.26468
3.34305
3.40333
3.4504
3.48765
3.51748
3.54164
3.56138
3.57767
3.59122
3.60256
3.61214
3.62028
3.62725
3.63325
3.63846
3.643
3.647
3.65054
3.65371
3.65656
3.65915
3.66152
3.66371
3.66576
3.66768
3.66951
3.67127
3.67296
3.67461
3.67623
3.67783
3.67942
3.681
3.68258
3.68416
3.68575
3.68736
3.68897
3.69059
3.69222
3.69386
3.69551
3.69716
3.69882
3.70049
3.70215
3.70382
3.70549
3.70716
3.70883
3.71049
3.71216
3.71381
3.71547
3.71712
3.71877
3.72041
3.72206
3.72369
3.72533
3.72696
3.72858
3.7302
3.73183
3.73345
3.73507
3.7367
3.73832
3.73995
3.74159
3.74322
3.74487
3.74651
3.74817
3.74983
3.75149
3.75316
3.75484
3.75652
3.75822
3.75991
3.76161
3.76332
3.76503
3.76675
3.76847
3.7702
3.77193
3.77366
3.77539
3.77713
3.77886
3.78059
3.78232
3.78405
3.78577
3.78749
3.7892
3.7909
3.79259
3.79427
3.79594
3.7976
3.79924
3.80086
3.80247
3.80406
3.80563
3.80718
3.80873
3.8101
0.83047
0.859252
1.17557
1.73833
2.29171
2.71247
3.00523
3.20563
3.34431
3.44216
3.51263
3.56434
3.6029
3.63205
3.65435
3.67155
3.68493
3.69539
3.7036
3.71007
3.71517
3.71919
3.72237
3.72488
3.72685
3.72841
3.72962
3.73058
3.73133
3.73193
3.7324
3.73279
3.73312
3.73342
3.73369
3.73396
3.73424
3.73454
3.73486
3.73523
3.73563
3.73608
3.73658
3.73713
3.73773
3.73839
3.7391
3.73986
3.74067
3.74152
3.74242
3.74336
3.74433
3.74534
3.74638
3.74745
3.74854
3.74966
3.7508
3.75196
3.75313
3.75432
3.75552
3.75673
3.75796
3.7592
3.76045
3.7617
3.76297
3.76425
3.76553
3.76682
3.76812
3.76943
3.77075
3.77208
3.77342
3.77477
3.77614
3.77751
3.7789
3.7803
3.78171
3.78313
3.78457
3.78602
3.78748
3.78896
3.79045
3.79195
3.79346
3.79499
3.79652
3.79807
3.79963
3.8012
3.80277
3.80436
3.80596
3.80756
3.80917
3.81078
3.8124
3.81403
3.81566
3.81729
3.81892
3.82055
3.82218
3.82381
3.82543
3.82705
3.82866
3.83026
3.83186
3.83345
3.83502
3.83659
3.83814
3.83968
3.84122
3.84258
0.837083
0.991886
1.56879
2.26379
2.79675
3.14662
3.36902
3.51204
3.60619
3.66961
3.71316
3.74348
3.76477
3.77975
3.79024
3.79749
3.80236
3.8055
3.80733
3.80821
3.80837
3.808
3.80724
3.80621
3.80498
3.80363
3.80219
3.80072
3.79924
3.79779
3.79636
3.79499
3.79369
3.79246
3.79131
3.79025
3.78928
3.7884
3.78763
3.78695
3.78637
3.7859
3.78552
3.78524
3.78505
3.78495
3.78495
3.78502
3.78518
3.78541
3.78571
3.78608
3.78651
3.78699
3.78753
3.78811
3.78874
3.78941
3.79011
3.79085
3.79162
3.79243
3.79325
3.79411
3.79499
3.79589
3.79682
3.79777
3.79873
3.79972
3.80072
3.80174
3.80278
3.80384
3.80492
3.80601
3.80713
3.80826
3.80941
3.81058
3.81177
3.81298
3.81421
3.81546
3.81673
3.81801
3.81931
3.82063
3.82197
3.82333
3.8247
3.82609
3.82749
3.82891
3.83035
3.8318
3.83326
3.83474
3.83623
3.83773
3.83924
3.84076
3.84229
3.84383
3.84538
3.84693
3.84849
3.85005
3.85161
3.85318
3.85474
3.85631
3.85788
3.85944
3.861
3.86255
3.8641
3.86564
3.86717
3.8687
3.87023
3.87158
0.861181
1.2442
2.07273
2.79223
3.24675
3.51205
3.66751
3.76086
3.81819
3.85383
3.87594
3.88934
3.89701
3.90082
3.90201
3.9014
3.89957
3.89692
3.89371
3.89015
3.88638
3.88252
3.87863
3.87478
3.871
3.86732
3.86376
3.86035
3.85708
3.85397
3.85103
3.84824
3.84562
3.84316
3.84086
3.83873
3.83675
3.83493
3.83326
3.83174
3.83037
3.82914
3.82805
3.82709
3.82626
3.82555
3.82496
3.82448
3.82411
3.82383
3.82365
3.82355
3.82353
3.82359
3.82371
3.8239
3.82415
3.82445
3.8248
3.82521
3.82565
3.82614
3.82667
3.82723
3.82783
3.82847
3.82913
3.82983
3.83056
3.83131
3.83209
3.83289
3.83373
3.83459
3.83547
3.83638
3.83732
3.83828
3.83927
3.84028
3.84132
3.84238
3.84347
3.84458
3.84571
3.84687
3.84804
3.84924
3.85047
3.85171
3.85297
3.85426
3.85556
3.85688
3.85823
3.85958
3.86096
3.86235
3.86376
3.86518
3.86662
3.86807
3.86953
3.871
3.87249
3.87398
3.87548
3.87699
3.8785
3.88002
3.88155
3.88307
3.8846
3.88613
3.88766
3.88919
3.89071
3.89223
3.89375
3.89526
3.89678
3.89812
0.921567
1.63494
2.62374
3.27799
3.62928
3.8127
3.91021
3.96269
3.99047
4.00408
4.00927
4.00936
4.00629
4.0013
3.99516
3.98835
3.98121
3.97395
3.96674
3.95965
3.95276
3.9461
3.93971
3.93359
3.92776
3.92222
3.91696
3.91198
3.90728
3.90284
3.89866
3.89473
3.89105
3.88759
3.88437
3.88136
3.87857
3.87598
3.87358
3.87138
3.86936
3.86751
3.86584
3.86433
3.86297
3.86177
3.8607
3.85976
3.85895
3.85826
3.85768
3.8572
3.85681
3.85652
3.85631
3.85618
3.85611
3.85612
3.85619
3.85632
3.8565
3.85673
3.85702
3.85735
3.85773
3.85815
3.85861
3.8591
3.85964
3.86021
3.86081
3.86145
3.86212
3.86283
3.86357
3.86434
3.86514
3.86597
3.86683
3.86772
3.86864
3.86959
3.87057
3.87158
3.87261
3.87367
3.87476
3.87587
3.87701
3.87817
3.87936
3.88057
3.8818
3.88305
3.88432
3.88562
3.88693
3.88826
3.88961
3.89098
3.89236
3.89376
3.89518
3.89661
3.89805
3.8995
3.90096
3.90243
3.90391
3.9054
3.9069
3.90839
3.9099
3.91141
3.91291
3.91442
3.91593
3.91744
3.91895
3.92045
3.92196
3.92329
1.04783
2.14113
3.16618
3.70126
3.94668
4.05816
4.10789
4.12764
4.13203
4.12829
4.12018
4.10978
4.09826
4.08632
4.07436
4.06263
4.05126
4.04035
4.02993
4.02002
4.01062
4.00172
3.99332
3.98538
3.9779
3.97086
3.96422
3.95798
3.95211
3.94659
3.94141
3.93655
3.932
3.92774
3.92376
3.92005
3.91658
3.91336
3.91038
3.90761
3.90506
3.90272
3.90056
3.8986
3.89681
3.89519
3.89373
3.89242
3.89125
3.89022
3.88931
3.88851
3.88783
3.88725
3.88676
3.88636
3.88605
3.88581
3.88565
3.88556
3.88553
3.88556
3.88565
3.8858
3.886
3.88624
3.88654
3.88689
3.88727
3.8877
3.88817
3.88868
3.88923
3.88982
3.89045
3.89111
3.89182
3.89255
3.89332
3.89413
3.89497
3.89584
3.89674
3.89768
3.89864
3.89964
3.90067
3.90172
3.9028
3.90391
3.90504
3.9062
3.90739
3.9086
3.90983
3.91109
3.91236
3.91366
3.91498
3.91631
3.91767
3.91904
3.92043
3.92183
3.92325
3.92468
3.92613
3.92758
3.92905
3.93052
3.932
3.93349
3.93499
3.93648
3.93799
3.93949
3.941
3.9425
3.94401
3.94551
3.94702
3.94836
1.27351
2.71741
3.66587
4.05945
4.20804
4.25954
4.27093
4.26479
4.2508
4.23342
4.21483
4.19615
4.17794
4.16048
4.14389
4.12823
4.11348
4.09963
4.08664
4.07445
4.06303
4.05233
4.04229
4.03288
4.02406
4.01579
4.00804
4.00076
3.99394
3.98755
3.98155
3.97594
3.97068
3.96576
3.96116
3.95686
3.95285
3.94911
3.94564
3.94241
3.93942
3.93666
3.93411
3.93177
3.92963
3.92767
3.92588
3.92426
3.92279
3.92147
3.92029
3.91924
3.9183
3.91748
3.91677
3.91616
3.91564
3.9152
3.91485
3.91458
3.91438
3.91425
3.91419
3.91419
3.91425
3.91436
3.91454
3.91476
3.91504
3.91536
3.91573
3.91615
3.91661
3.91712
3.91767
3.91826
3.9189
3.91957
3.92028
3.92103
3.92182
3.92264
3.9235
3.92439
3.92532
3.92628
3.92727
3.92829
3.92934
3.93043
3.93154
3.93268
3.93384
3.93504
3.93625
3.9375
3.93876
3.94005
3.94136
3.94269
3.94404
3.94541
3.94679
3.9482
3.94962
3.95105
3.9525
3.95396
3.95543
3.95691
3.9584
3.9599
3.96141
3.96292
3.96443
3.96595
3.96747
3.96899
3.97051
3.97202
3.97354
3.9749
1.62357
3.31924
4.10848
4.35964
4.4251
4.42809
4.40914
4.38265
4.35419
4.32605
4.29917
4.27392
4.25037
4.22848
4.20818
4.18935
4.17187
4.15564
4.14056
4.12653
4.11346
4.10127
4.0899
4.07929
4.06937
4.06009
4.05142
4.0433
4.03569
4.02857
4.02191
4.01566
4.00982
4.00435
3.99924
3.99445
3.98999
3.98582
3.98194
3.97833
3.97498
3.97187
3.96899
3.96634
3.96389
3.96164
3.95958
3.9577
3.95598
3.95442
3.95301
3.95174
3.9506
3.94958
3.94867
3.94788
3.94719
3.94659
3.94609
3.94567
3.94534
3.94508
3.94489
3.94478
3.94473
3.94475
3.94483
3.94497
3.94516
3.94541
3.94571
3.94607
3.94647
3.94692
3.94743
3.94797
3.94857
3.9492
3.94988
3.95061
3.95137
3.95217
3.95301
3.95389
3.9548
3.95576
3.95674
3.95776
3.95881
3.9599
3.96101
3.96216
3.96333
3.96453
3.96576
3.96702
3.9683
3.9696
3.97093
3.97228
3.97366
3.97505
3.97646
3.97789
3.97934
3.9808
3.98228
3.98377
3.98527
3.98679
3.98831
3.98985
3.99139
3.99293
3.99448
3.99603
3.99759
3.99914
4.0007
4.00224
4.00379
4.0052
2.11223
3.91483
4.49453
4.61442
4.61117
4.57553
4.53268
4.49014
4.45023
4.41353
4.38001
4.34946
4.32159
4.29612
4.27279
4.25136
4.23164
4.21346
4.19665
4.18108
4.16664
4.15323
4.14075
4.12912
4.11828
4.10816
4.09871
4.08988
4.08162
4.07389
4.06665
4.05988
4.05354
4.04761
4.04206
4.03687
4.03202
4.02749
4.02326
4.01933
4.01566
4.01225
4.00909
4.00617
4.00346
4.00097
3.99867
3.99656
3.99463
3.99286
3.99126
3.9898
3.98848
3.98729
3.98623
3.98528
3.98445
3.98372
3.98308
3.98255
3.9821
3.98174
3.98146
3.98126
3.98113
3.98107
3.98108
3.98116
3.9813
3.98149
3.98175
3.98207
3.98244
3.98286
3.98334
3.98387
3.98445
3.98508
3.98575
3.98647
3.98723
3.98804
3.98889
3.98978
3.99071
3.99167
3.99268
3.99372
3.9948
3.99591
3.99706
3.99823
3.99944
4.00068
4.00195
4.00325
4.00457
4.00593
4.0073
4.0087
4.01013
4.01157
4.01304
4.01452
4.01603
4.01755
4.01909
4.02064
4.0222
4.02378
4.02537
4.02696
4.02857
4.03018
4.03179
4.03341
4.03503
4.03665
4.03826
4.03987
4.04147
4.04295
2.75671
4.49025
4.83644
4.84145
4.78254
4.71626
4.65444
4.59908
4.54993
4.50626
4.4673
4.43237
4.40091
4.37243
4.34654
4.32292
4.30129
4.28143
4.26313
4.24625
4.23063
4.21614
4.2027
4.1902
4.17855
4.1677
4.15757
4.14811
4.13927
4.131
4.12327
4.11603
4.10926
4.10292
4.09698
4.09143
4.08624
4.08138
4.07685
4.07262
4.06868
4.06501
4.06159
4.05843
4.05549
4.05277
4.05026
4.04795
4.04583
4.04388
4.04209
4.04047
4.03899
4.03765
4.03645
4.03537
4.03441
4.03356
4.03282
4.03218
4.03164
4.0312
4.03084
4.03056
4.03037
4.03026
4.03022
4.03026
4.03036
4.03053
4.03076
4.03106
4.03142
4.03184
4.03231
4.03284
4.03343
4.03407
4.03476
4.0355
4.03628
4.03712
4.038
4.03892
4.03989
4.0409
4.04195
4.04304
4.04417
4.04534
4.04654
4.04778
4.04905
4.05036
4.05169
4.05306
4.05446
4.05589
4.05734
4.05882
4.06033
4.06186
4.06341
4.06498
4.06658
4.06819
4.06982
4.07147
4.07313
4.0748
4.07648
4.07818
4.07988
4.08159
4.0833
4.08502
4.08673
4.08845
4.09016
4.09187
4.09356
4.09515
3.60496
5.05607
5.16201
5.06896
4.96489
4.87383
4.79645
4.7304
4.67342
4.62376
4.58005
4.54126
4.50659
4.4754
4.44719
4.42155
4.39816
4.37674
4.35706
4.33894
4.32219
4.3067
4.29233
4.27899
4.26658
4.25501
4.24423
4.23417
4.22476
4.21597
4.20775
4.20006
4.19286
4.18612
4.17981
4.1739
4.16838
4.16321
4.15838
4.15386
4.14965
4.14572
4.14206
4.13866
4.1355
4.13257
4.12985
4.12734
4.12503
4.1229
4.12095
4.11916
4.11753
4.11605
4.11471
4.1135
4.11242
4.11147
4.11063
4.1099
4.10928
4.10876
4.10833
4.108
4.10776
4.1076
4.10753
4.10753
4.10761
4.10777
4.10799
4.10829
4.10865
4.10908
4.10957
4.11013
4.11074
4.11141
4.11214
4.11292
4.11375
4.11463
4.11557
4.11655
4.11758
4.11866
4.11978
4.12095
4.12216
4.12341
4.12469
4.12602
4.12739
4.12879
4.13022
4.13169
4.1332
4.13473
4.1363
4.13789
4.13951
4.14116
4.14284
4.14453
4.14625
4.148
4.14976
4.15153
4.15333
4.15514
4.15696
4.15879
4.16063
4.16248
4.16434
4.16619
4.16805
4.1699
4.17176
4.1736
4.17541
4.17716
4.84955
5.68154
5.54072
5.36077
5.21733
5.1041
5.01232
4.93602
4.87132
4.8156
4.76698
4.72412
4.686
4.65185
4.62107
4.59318
4.5678
4.5446
4.52332
4.50375
4.48569
4.46901
4.45355
4.4392
4.42586
4.41344
4.40187
4.39107
4.38099
4.37156
4.36275
4.3545
4.34678
4.33955
4.33279
4.32645
4.32052
4.31497
4.30977
4.30492
4.30038
4.29614
4.29219
4.28851
4.28508
4.28189
4.27894
4.2762
4.27367
4.27134
4.26919
4.26722
4.26541
4.26377
4.26228
4.26093
4.25973
4.25865
4.25771
4.25688
4.25617
4.25557
4.25508
4.25469
4.2544
4.25421
4.2541
4.25409
4.25416
4.25431
4.25454
4.25484
4.25523
4.25568
4.25621
4.2568
4.25746
4.25818
4.25897
4.25982
4.26072
4.26169
4.2627
4.26378
4.2649
4.26608
4.2673
4.26858
4.2699
4.27127
4.27268
4.27413
4.27563
4.27717
4.27874
4.28036
4.28201
4.2837
4.28542
4.28718
4.28896
4.29078
4.29263
4.2945
4.2964
4.29832
4.30027
4.30223
4.30422
4.30622
4.30824
4.31026
4.3123
4.31435
4.3164
4.31846
4.32051
4.32257
4.32462
4.32666
4.32866
4.33063
6.07794
5.55972
5.2474
5.04169
4.89423
4.78182
4.69214
4.61828
4.55605
4.50269
4.45629
4.41549
4.37928
4.3469
4.31775
4.29137
4.26737
4.24546
4.22539
4.20693
4.18991
4.17419
4.15963
4.14612
4.13357
4.12188
4.111
4.10084
4.09135
4.08249
4.0742
4.06644
4.05918
4.05238
4.04602
4.04006
4.03447
4.02924
4.02435
4.01977
4.01549
4.0115
4.00776
4.00428
4.00104
3.99802
3.99521
3.99261
3.9902
3.98798
3.98593
3.98404
3.98231
3.98074
3.9793
3.97801
3.97684
3.9758
3.97488
3.97408
3.97339
3.9728
3.97232
3.97193
3.97164
3.97144
3.97133
3.9713
3.97136
3.97149
3.9717
3.97199
3.97235
3.97277
3.97327
3.97383
3.97446
3.97515
3.9759
3.9767
3.97757
3.97849
3.97946
3.98048
3.98156
3.98269
3.98386
3.98508
3.98635
3.98766
3.98901
3.99041
3.99185
3.99333
3.99485
3.9964
3.99799
3.99962
4.00128
4.00297
4.00469
4.00645
4.00823
4.01004
4.01187
4.01373
4.01562
4.01752
4.01944
4.02138
4.02333
4.0253
4.02728
4.02927
4.03126
4.03326
4.03525
4.03725
4.03925
4.04124
4.04316
4.04512
)
;

boundaryField
{
    lowerWall
    {
        type            kqRWallFunction;
        value           nonuniform List<scalar> 
122
(
6.07652
5.55942
5.24732
5.04165
4.8942
4.78178
4.69211
4.61825
4.55602
4.50265
4.45625
4.41545
4.37924
4.34686
4.31771
4.29132
4.26733
4.24542
4.22534
4.20688
4.18987
4.17415
4.15959
4.14608
4.13352
4.12184
4.11095
4.10079
4.09131
4.08244
4.07415
4.0664
4.05914
4.05234
4.04597
4.04001
4.03442
4.0292
4.0243
4.01972
4.01544
4.01144
4.00771
4.00422
4.00098
3.99796
3.99515
3.99255
3.99013
3.98791
3.98585
3.98396
3.98223
3.98065
3.97921
3.97792
3.97675
3.9757
3.97478
3.97398
3.97328
3.97269
3.97221
3.97182
3.97153
3.97133
3.97122
3.97119
3.97125
3.97138
3.97159
3.97188
3.97224
3.97267
3.97317
3.97374
3.97437
3.97506
3.97581
3.97662
3.97749
3.97841
3.97939
3.98042
3.9815
3.98263
3.98381
3.98504
3.98631
3.98762
3.98898
3.99039
3.99183
3.99331
3.99484
3.9964
3.99799
3.99962
4.00129
4.00299
4.00472
4.00648
4.00827
4.01008
4.01192
4.01379
4.01568
4.01759
4.01951
4.02146
4.02342
4.02539
4.02737
4.02936
4.03136
4.03336
4.03537
4.03737
4.03937
4.04136
4.04329
4.04525
)
;
    }
    upperWall
    {
        type            kqRWallFunction;
        value           nonuniform List<scalar> 
122
(
6.07794
5.55972
5.2474
5.04169
4.89423
4.78182
4.69214
4.61828
4.55605
4.50269
4.45629
4.41549
4.37928
4.3469
4.31775
4.29137
4.26737
4.24546
4.22539
4.20693
4.18991
4.17419
4.15963
4.14612
4.13357
4.12188
4.111
4.10084
4.09135
4.08249
4.0742
4.06644
4.05918
4.05238
4.04602
4.04006
4.03447
4.02924
4.02435
4.01977
4.01549
4.0115
4.00776
4.00428
4.00104
3.99802
3.99521
3.99261
3.9902
3.98798
3.98593
3.98404
3.98231
3.98074
3.9793
3.97801
3.97684
3.9758
3.97488
3.97408
3.97339
3.9728
3.97232
3.97193
3.97164
3.97144
3.97133
3.9713
3.97136
3.97149
3.9717
3.97199
3.97235
3.97277
3.97327
3.97383
3.97446
3.97515
3.9759
3.9767
3.97757
3.97849
3.97946
3.98048
3.98156
3.98269
3.98386
3.98508
3.98635
3.98766
3.98901
3.99041
3.99185
3.99333
3.99485
3.9964
3.99799
3.99962
4.00128
4.00297
4.00469
4.00645
4.00823
4.01004
4.01187
4.01373
4.01562
4.01752
4.01944
4.02138
4.02333
4.0253
4.02728
4.02927
4.03126
4.03326
4.03525
4.03725
4.03925
4.04124
4.04316
4.04512
)
;
    }
    inlet
    {
        type            turbulentIntensityKineticEnergyInlet;
        intensity       0.0223;
        value           uniform 0.91377;
    }
    outlet
    {
        type            zeroGradient;
    }
    frontAndBack
    {
        type            empty;
    }
}


// ************************************************************************* //
