/*--------------------------------*- C++ -*----------------------------------*\
  =========                 |
  \\      /  F ield         | OpenFOAM: The Open Source CFD Toolbox
   \\    /   O peration     | Website:  https://openfoam.org
    \\  /    A nd           | Version:  8
     \\/     M anipulation  |
\*---------------------------------------------------------------------------*/
FoamFile
{
    version     2.0;
    format      ascii;
    class       volScalarField;
    location    "650";
    object      nut;
}
// * * * * * * * * * * * * * * * * * * * * * * * * * * * * * * * * * * * * * //

dimensions      [0 2 -1 0 0 0 0];

internalField   nonuniform List<scalar> 
7320
(
0.000286299
0.000273847
0.000266049
0.000260783
0.000256941
0.000253973
0.00025158
0.000249592
0.000247905
0.000246449
0.000245176
0.000244051
0.000243048
0.000242148
0.000241334
0.000240596
0.000239922
0.000239306
0.000238739
0.000238217
0.000237735
0.000237288
0.000236874
0.000236489
0.000236131
0.000235797
0.000235485
0.000235194
0.000234922
0.000234667
0.000234429
0.000234206
0.000233997
0.000233801
0.000233617
0.000233445
0.000233283
0.000233132
0.000232991
0.000232858
0.000232734
0.000232619
0.00023251
0.000232409
0.000232315
0.000232228
0.000232147
0.000232071
0.000232002
0.000231937
0.000231878
0.000231823
0.000231773
0.000231727
0.000231686
0.000231648
0.000231615
0.000231585
0.000231558
0.000231535
0.000231515
0.000231498
0.000231484
0.000231472
0.000231464
0.000231458
0.000231455
0.000231454
0.000231455
0.000231459
0.000231465
0.000231473
0.000231483
0.000231496
0.00023151
0.000231526
0.000231544
0.000231563
0.000231585
0.000231608
0.000231633
0.000231659
0.000231687
0.000231716
0.000231747
0.000231779
0.000231813
0.000231847
0.000231884
0.000231921
0.00023196
0.000231999
0.00023204
0.000232083
0.000232126
0.00023217
0.000232215
0.000232262
0.000232309
0.000232357
0.000232406
0.000232456
0.000232506
0.000232558
0.00023261
0.000232662
0.000232716
0.00023277
0.000232824
0.000232879
0.000232934
0.00023299
0.000233046
0.000233102
0.000233158
0.000233214
0.00023327
0.000233327
0.000233383
0.000233439
0.000233493
0.000233548
0.000562815
0.000740638
0.000767571
0.000767651
0.000763096
0.000757975
0.000753148
0.000748779
0.000744861
0.00074135
0.000738193
0.000735345
0.000732764
0.000730416
0.000728271
0.000726307
0.000724501
0.000722838
0.000721301
0.000719879
0.00071856
0.000717334
0.000716194
0.000715131
0.00071414
0.000713215
0.00071235
0.000711541
0.000710785
0.000710076
0.000709413
0.000708791
0.000708209
0.000707664
0.000707154
0.000706676
0.000706229
0.000705811
0.000705421
0.000705057
0.000704718
0.000704403
0.00070411
0.000703838
0.000703586
0.000703354
0.000703139
0.000702942
0.000702761
0.000702595
0.000702444
0.000702306
0.000702181
0.000702068
0.000701967
0.000701877
0.000701796
0.000701726
0.000701665
0.000701612
0.000701568
0.000701532
0.000701503
0.000701482
0.000701467
0.000701459
0.000701458
0.000701463
0.000701473
0.000701489
0.000701511
0.000701538
0.000701571
0.000701608
0.00070165
0.000701698
0.000701749
0.000701806
0.000701866
0.000701931
0.000702001
0.000702074
0.000702151
0.000702231
0.000702316
0.000702404
0.000702496
0.00070259
0.000702689
0.00070279
0.000702894
0.000703002
0.000703112
0.000703225
0.00070334
0.000703458
0.000703579
0.000703702
0.000703827
0.000703954
0.000704084
0.000704215
0.000704348
0.000704483
0.00070462
0.000704757
0.000704897
0.000705037
0.000705179
0.000705321
0.000705465
0.000705609
0.000705754
0.000705899
0.000706044
0.00070619
0.000706335
0.00070648
0.000706625
0.000706769
0.000706913
0.000707042
0.00076108
0.00115457
0.00127125
0.00130573
0.00131552
0.00131688
0.00131508
0.00131204
0.00130855
0.00130497
0.00130147
0.00129811
0.00129493
0.00129193
0.00128913
0.0012865
0.00128405
0.00128176
0.00127961
0.00127761
0.00127574
0.00127398
0.00127234
0.0012708
0.00126936
0.00126801
0.00126674
0.00126555
0.00126444
0.0012634
0.00126242
0.0012615
0.00126065
0.00125984
0.00125909
0.00125839
0.00125774
0.00125713
0.00125656
0.00125604
0.00125555
0.0012551
0.00125469
0.00125431
0.00125396
0.00125365
0.00125336
0.00125309
0.00125286
0.00125265
0.00125246
0.00125229
0.00125214
0.00125201
0.00125189
0.00125179
0.00125171
0.00125164
0.00125158
0.00125153
0.0012515
0.00125148
0.00125147
0.00125146
0.00125147
0.00125148
0.00125151
0.00125154
0.00125158
0.00125163
0.00125168
0.00125174
0.00125181
0.00125189
0.00125197
0.00125206
0.00125215
0.00125225
0.00125236
0.00125248
0.0012526
0.00125272
0.00125285
0.00125299
0.00125313
0.00125327
0.00125342
0.00125358
0.00125374
0.0012539
0.00125407
0.00125424
0.00125442
0.0012546
0.00125479
0.00125497
0.00125516
0.00125536
0.00125556
0.00125576
0.00125596
0.00125616
0.00125637
0.00125658
0.00125679
0.00125701
0.00125722
0.00125744
0.00125766
0.00125788
0.0012581
0.00125832
0.00125855
0.00125877
0.00125899
0.00125922
0.00125944
0.00125967
0.00125989
0.00126011
0.00126034
0.00126052
0.00094219
0.00154866
0.00180331
0.00190635
0.0019512
0.00197187
0.00198147
0.00198555
0.00198668
0.00198617
0.00198472
0.00198276
0.00198051
0.00197813
0.00197571
0.00197331
0.00197095
0.00196867
0.00196648
0.00196438
0.00196238
0.00196047
0.00195867
0.00195695
0.00195534
0.00195381
0.00195237
0.00195101
0.00194973
0.00194853
0.0019474
0.00194634
0.00194535
0.00194442
0.00194356
0.00194276
0.00194201
0.00194132
0.00194069
0.00194011
0.00193957
0.00193909
0.00193865
0.00193825
0.0019379
0.00193759
0.00193731
0.00193707
0.00193686
0.00193669
0.00193654
0.00193642
0.00193632
0.00193624
0.00193619
0.00193615
0.00193613
0.00193613
0.00193614
0.00193616
0.0019362
0.00193625
0.0019363
0.00193637
0.00193645
0.00193654
0.00193664
0.00193674
0.00193686
0.00193698
0.0019371
0.00193724
0.00193738
0.00193753
0.00193769
0.00193785
0.00193803
0.00193821
0.00193839
0.00193858
0.00193878
0.00193899
0.0019392
0.00193942
0.00193964
0.00193987
0.0019401
0.00194035
0.00194059
0.00194084
0.0019411
0.00194136
0.00194163
0.0019419
0.00194217
0.00194245
0.00194273
0.00194302
0.00194331
0.0019436
0.0019439
0.00194419
0.0019445
0.0019448
0.0019451
0.00194541
0.00194572
0.00194603
0.00194635
0.00194666
0.00194697
0.00194729
0.00194761
0.00194792
0.00194824
0.00194856
0.00194887
0.00194919
0.00194951
0.00194982
0.00195014
0.00195038
0.00110978
0.00189233
0.00232606
0.0025368
0.00264438
0.00270313
0.00273713
0.00275765
0.00277031
0.00277817
0.00278296
0.00278574
0.00278718
0.00278769
0.00278758
0.00278703
0.00278618
0.00278514
0.00278397
0.00278273
0.00278144
0.00278014
0.00277885
0.00277758
0.00277634
0.00277515
0.002774
0.0027729
0.00277185
0.00277086
0.00276992
0.00276905
0.00276822
0.00276746
0.00276675
0.00276609
0.0027655
0.00276496
0.00276447
0.00276404
0.00276366
0.00276333
0.00276305
0.00276282
0.00276264
0.0027625
0.0027624
0.00276234
0.00276231
0.00276232
0.00276236
0.00276243
0.00276252
0.00276263
0.00276277
0.00276292
0.00276308
0.00276326
0.00276346
0.00276366
0.00276387
0.00276409
0.00276432
0.00276456
0.0027648
0.00276505
0.00276531
0.00276557
0.00276584
0.00276611
0.00276638
0.00276666
0.00276695
0.00276724
0.00276754
0.00276784
0.00276815
0.00276847
0.00276879
0.00276912
0.00276945
0.00276979
0.00277014
0.00277049
0.00277084
0.00277121
0.00277157
0.00277195
0.00277233
0.00277271
0.0027731
0.00277349
0.00277389
0.00277429
0.00277469
0.0027751
0.00277552
0.00277593
0.00277635
0.00277677
0.0027772
0.00277762
0.00277805
0.00277848
0.00277892
0.00277935
0.00277979
0.00278022
0.00278066
0.00278109
0.00278153
0.00278197
0.0027824
0.00278284
0.00278327
0.00278371
0.00278414
0.00278458
0.00278501
0.00278544
0.00278588
0.00278618
0.00129926
0.00216764
0.00280717
0.00316585
0.00336954
0.00349116
0.00356775
0.00361825
0.00365279
0.00367709
0.00369457
0.00370734
0.00371679
0.00372385
0.00372913
0.0037331
0.00373607
0.00373829
0.00373993
0.00374111
0.00374196
0.00374253
0.0037429
0.00374312
0.00374321
0.00374322
0.00374316
0.00374305
0.00374292
0.00374277
0.00374262
0.00374247
0.00374234
0.00374222
0.00374212
0.00374205
0.00374201
0.00374201
0.00374204
0.00374211
0.00374223
0.00374238
0.00374257
0.00374281
0.00374309
0.0037434
0.00374375
0.00374413
0.00374454
0.00374498
0.00374545
0.00374593
0.00374644
0.00374696
0.00374749
0.00374803
0.00374858
0.00374913
0.00374969
0.00375025
0.00375081
0.00375137
0.00375193
0.00375249
0.00375305
0.0037536
0.00375416
0.00375471
0.00375526
0.00375581
0.00375636
0.0037569
0.00375745
0.00375799
0.00375854
0.00375909
0.00375964
0.00376019
0.00376074
0.0037613
0.00376186
0.00376242
0.00376298
0.00376355
0.00376412
0.0037647
0.00376527
0.00376586
0.00376644
0.00376703
0.00376762
0.00376821
0.00376881
0.00376941
0.00377001
0.00377061
0.00377122
0.00377182
0.00377243
0.00377304
0.00377365
0.00377426
0.00377487
0.00377548
0.00377609
0.0037767
0.0037773
0.00377791
0.00377851
0.00377912
0.00377972
0.00378031
0.00378091
0.0037815
0.00378209
0.00378267
0.00378326
0.00378384
0.00378441
0.00378498
0.00378558
0.00378595
0.00158937
0.00236976
0.00321596
0.00375923
0.00409609
0.00431112
0.00445413
0.00455312
0.00462407
0.00467641
0.00471597
0.00474649
0.00477044
0.00478951
0.00480489
0.00481744
0.00482777
0.00483636
0.00484356
0.00484964
0.00485482
0.00485926
0.00486309
0.00486643
0.00486935
0.00487194
0.00487424
0.0048763
0.00487817
0.00487988
0.00488146
0.00488292
0.0048843
0.0048856
0.00488685
0.00488805
0.00488923
0.00489039
0.00489153
0.00489267
0.00489381
0.00489496
0.00489612
0.0048973
0.00489849
0.00489969
0.00490091
0.00490215
0.00490339
0.00490464
0.0049059
0.00490717
0.00490843
0.00490969
0.00491094
0.00491218
0.00491342
0.00491464
0.00491584
0.00491703
0.00491821
0.00491936
0.0049205
0.00492162
0.00492273
0.00492382
0.00492489
0.00492594
0.00492698
0.004928
0.00492901
0.00493
0.00493098
0.00493195
0.00493292
0.00493387
0.00493481
0.00493575
0.00493668
0.00493761
0.00493853
0.00493945
0.00494037
0.00494128
0.00494219
0.0049431
0.004944
0.00494491
0.00494581
0.00494671
0.00494761
0.00494851
0.0049494
0.0049503
0.00495119
0.00495208
0.00495297
0.00495385
0.00495474
0.00495562
0.00495649
0.00495736
0.00495823
0.00495909
0.00495994
0.00496079
0.00496164
0.00496248
0.00496331
0.00496413
0.00496495
0.00496576
0.00496656
0.00496735
0.00496814
0.00496892
0.00496969
0.00497045
0.0049712
0.00497194
0.00497271
0.00497317
0.00212976
0.0025187
0.00352583
0.00427893
0.00478634
0.00512981
0.00536872
0.00554022
0.00566706
0.00576335
0.00583815
0.00589739
0.00594511
0.00598413
0.00601644
0.00604351
0.00606643
0.006086
0.00610287
0.00611752
0.00613034
0.00614164
0.00615166
0.0061606
0.00616863
0.00617589
0.00618248
0.0061885
0.00619403
0.00619914
0.00620388
0.0062083
0.00621246
0.00621638
0.00622009
0.00622364
0.00622703
0.0062303
0.00623345
0.00623652
0.00623952
0.00624245
0.00624533
0.00624816
0.00625096
0.00625372
0.00625645
0.00625915
0.00626182
0.00626447
0.00626707
0.00626965
0.00627219
0.00627469
0.00627715
0.00627956
0.00628194
0.00628426
0.00628654
0.00628878
0.00629096
0.0062931
0.00629519
0.00629723
0.00629923
0.00630119
0.0063031
0.00630497
0.0063068
0.00630859
0.00631034
0.00631206
0.00631374
0.0063154
0.00631702
0.00631862
0.0063202
0.00632175
0.00632328
0.00632479
0.00632628
0.00632776
0.00632922
0.00633067
0.0063321
0.00633352
0.00633492
0.00633632
0.0063377
0.00633908
0.00634044
0.00634179
0.00634313
0.00634446
0.00634579
0.0063471
0.00634839
0.00634968
0.00635096
0.00635222
0.00635348
0.00635472
0.00635594
0.00635716
0.00635836
0.00635954
0.00636071
0.00636186
0.006363
0.00636412
0.00636522
0.00636631
0.00636738
0.00636843
0.00636946
0.00637048
0.00637147
0.00637245
0.00637342
0.00637435
0.00637533
0.00637586
0.0031541
0.00268382
0.00372393
0.00468584
0.00539542
0.00590413
0.0062731
0.00654666
0.00675434
0.00691556
0.00704326
0.00714624
0.00723059
0.00730064
0.00735953
0.00740958
0.00745254
0.00748974
0.00752221
0.00755076
0.00757603
0.00759856
0.00761874
0.00763693
0.00765342
0.00766842
0.00768215
0.00769477
0.00770642
0.00771722
0.00772727
0.00773667
0.00774549
0.0077538
0.00776165
0.00776911
0.00777622
0.00778301
0.00778953
0.00779582
0.00780189
0.00780777
0.00781348
0.00781904
0.00782447
0.00782978
0.00783497
0.00784005
0.00784503
0.0078499
0.00785468
0.00785936
0.00786394
0.00786842
0.0078728
0.00787708
0.00788126
0.00788534
0.00788932
0.0078932
0.00789698
0.00790067
0.00790426
0.00790775
0.00791116
0.00791448
0.00791771
0.00792087
0.00792394
0.00792693
0.00792985
0.0079327
0.00793548
0.0079382
0.00794086
0.00794346
0.00794601
0.00794851
0.00795096
0.00795337
0.00795574
0.00795806
0.00796036
0.00796261
0.00796483
0.00796702
0.00796918
0.00797131
0.00797342
0.00797549
0.00797754
0.00797956
0.00798156
0.00798353
0.00798547
0.00798739
0.00798928
0.00799115
0.00799299
0.0079948
0.00799659
0.00799835
0.00800008
0.00800178
0.00800346
0.0080051
0.00800671
0.00800829
0.00800984
0.00801135
0.00801283
0.00801428
0.00801569
0.00801706
0.00801841
0.00801971
0.00802099
0.00802223
0.00802343
0.00802459
0.00802579
0.0080264
0.00493181
0.00302612
0.0038337
0.00494834
0.00587406
0.00658116
0.00711649
0.00752622
0.00784508
0.00809766
0.00830115
0.00846767
0.00860586
0.00872198
0.00882067
0.00890539
0.00897879
0.00904289
0.00909931
0.00914929
0.00919386
0.00923383
0.00926988
0.00930254
0.00933228
0.00935949
0.00938448
0.00940752
0.00942885
0.00944867
0.00946714
0.00948443
0.00950066
0.00951594
0.00953037
0.00954405
0.00955705
0.00956945
0.00958131
0.00959267
0.0096036
0.00961414
0.00962432
0.00963417
0.00964373
0.00965301
0.00966204
0.00967083
0.0096794
0.00968774
0.00969588
0.00970381
0.00971154
0.00971907
0.00972641
0.00973356
0.00974052
0.00974729
0.00975388
0.00976029
0.00976651
0.00977257
0.00977846
0.00978418
0.00978974
0.00979514
0.0098004
0.00980551
0.00981048
0.00981532
0.00982001
0.00982459
0.00982904
0.00983338
0.00983761
0.00984174
0.00984577
0.0098497
0.00985355
0.00985731
0.00986099
0.0098646
0.00986814
0.00987161
0.00987501
0.00987835
0.00988162
0.00988484
0.00988801
0.00989111
0.00989417
0.00989717
0.00990012
0.00990302
0.00990587
0.00990866
0.00991141
0.0099141
0.00991675
0.00991935
0.00992189
0.00992438
0.00992682
0.0099292
0.00993153
0.00993381
0.00993602
0.00993818
0.00994028
0.00994232
0.0099443
0.00994622
0.00994808
0.00994987
0.0099516
0.00995327
0.00995488
0.00995643
0.00995792
0.00995933
0.00996076
0.00996142
0.00765447
0.00384129
0.0039599
0.0050637
0.00617752
0.00710148
0.0078361
0.00841791
0.00888249
0.00925803
0.00956562
0.00982082
0.0100351
0.0102171
0.0103732
0.0105082
0.0106261
0.0107298
0.0108217
0.0109035
0.0109768
0.0110429
0.0111028
0.0111573
0.011207
0.0112527
0.0112948
0.0113337
0.0113697
0.0114033
0.0114347
0.011464
0.0114916
0.0115175
0.011542
0.0115652
0.0115873
0.0116082
0.0116283
0.0116474
0.0116658
0.0116834
0.0117004
0.0117168
0.0117326
0.0117479
0.0117628
0.0117772
0.0117912
0.0118048
0.011818
0.0118308
0.0118433
0.0118554
0.0118672
0.0118786
0.0118898
0.0119006
0.0119111
0.0119213
0.0119312
0.0119408
0.0119501
0.0119592
0.011968
0.0119765
0.0119848
0.0119928
0.0120006
0.0120082
0.0120156
0.0120228
0.0120297
0.0120365
0.0120431
0.0120495
0.0120557
0.0120618
0.0120677
0.0120735
0.0120791
0.0120846
0.01209
0.0120953
0.0121004
0.0121055
0.0121104
0.0121152
0.0121199
0.0121246
0.0121291
0.0121335
0.0121379
0.0121421
0.0121463
0.0121503
0.0121543
0.0121582
0.012162
0.0121657
0.0121693
0.0121728
0.0121763
0.0121796
0.0121829
0.012186
0.0121891
0.012192
0.0121949
0.0121976
0.0122003
0.0122028
0.0122053
0.0122076
0.0122099
0.012212
0.012214
0.0122159
0.0122178
0.0122195
0.0122211
0.0122218
0.0113266
0.00551803
0.00435849
0.00510578
0.00628855
0.00740978
0.00836168
0.0091471
0.00979278
0.0103264
0.0107711
0.0111453
0.0114634
0.0117362
0.0119723
0.0121782
0.0123592
0.0125193
0.0126619
0.0127896
0.0129046
0.0130086
0.0131032
0.0131896
0.0132687
0.0133415
0.0134088
0.0134711
0.0135289
0.0135829
0.0136333
0.0136806
0.013725
0.0137668
0.0138063
0.0138437
0.0138792
0.013913
0.0139452
0.0139759
0.0140053
0.0140335
0.0140606
0.0140867
0.0141119
0.0141362
0.0141597
0.0141824
0.0142044
0.0142258
0.0142465
0.0142665
0.014286
0.0143049
0.0143232
0.014341
0.0143583
0.0143751
0.0143913
0.0144071
0.0144224
0.0144373
0.0144517
0.0144657
0.0144792
0.0144924
0.0145051
0.0145175
0.0145295
0.0145412
0.0145525
0.0145635
0.0145742
0.0145845
0.0145946
0.0146043
0.0146138
0.0146231
0.0146321
0.0146408
0.0146494
0.0146577
0.0146658
0.0146737
0.0146814
0.0146889
0.0146963
0.0147034
0.0147104
0.0147172
0.0147239
0.0147304
0.0147368
0.014743
0.014749
0.0147549
0.0147607
0.0147663
0.0147717
0.014777
0.0147822
0.0147872
0.014792
0.0147967
0.0148013
0.0148057
0.0148099
0.014814
0.0148179
0.0148217
0.0148253
0.0148287
0.0148319
0.014835
0.0148379
0.0148406
0.0148432
0.0148456
0.0148478
0.0148499
0.0148518
0.0148526
0.0157248
0.0083437
0.00547916
0.00531275
0.00627167
0.00748282
0.00862975
0.00963244
0.0104877
0.0112134
0.0118305
0.0123582
0.0128125
0.0132064
0.0135503
0.0138528
0.0141205
0.0143588
0.0145721
0.0147641
0.0149377
0.0150955
0.0152394
0.0153712
0.0154923
0.0156041
0.0157075
0.0158035
0.0158929
0.0159763
0.0160544
0.0161276
0.0161965
0.0162614
0.0163228
0.0163809
0.016436
0.0164884
0.0165383
0.016586
0.0166316
0.0166752
0.0167171
0.0167574
0.0167962
0.0168335
0.0168696
0.0169044
0.0169381
0.0169707
0.0170023
0.0170329
0.0170625
0.0170913
0.0171191
0.0171462
0.0171724
0.0171978
0.0172224
0.0172463
0.0172695
0.0172919
0.0173137
0.0173349
0.0173554
0.0173752
0.0173945
0.0174132
0.0174314
0.017449
0.017466
0.0174826
0.0174987
0.0175143
0.0175294
0.0175441
0.0175584
0.0175723
0.0175858
0.0175989
0.0176116
0.017624
0.0176361
0.0176479
0.0176593
0.0176705
0.0176813
0.0176919
0.0177022
0.0177122
0.017722
0.0177315
0.0177408
0.0177498
0.0177586
0.0177672
0.0177755
0.0177836
0.0177914
0.017799
0.0178064
0.0178135
0.0178204
0.0178271
0.0178335
0.0178397
0.0178456
0.0178513
0.0178567
0.0178618
0.0178667
0.0178714
0.0178758
0.0178799
0.0178837
0.0178873
0.0178906
0.0178936
0.0178964
0.0178989
0.0179012
0.017902
0.0204365
0.0122987
0.00781877
0.0061763
0.00638132
0.00739745
0.00862145
0.00980678
0.0108762
0.0118169
0.0126375
0.0133529
0.0139782
0.0145273
0.0150118
0.0154416
0.0158248
0.0161683
0.0164775
0.0167573
0.0170114
0.0172433
0.0174555
0.0176506
0.0178304
0.0179967
0.018151
0.0182945
0.0184284
0.0185535
0.0186709
0.0187811
0.0188848
0.0189827
0.0190752
0.0191629
0.0192461
0.0193252
0.0194006
0.0194725
0.0195412
0.019607
0.0196701
0.0197307
0.019789
0.0198451
0.0198992
0.0199515
0.0200019
0.0200507
0.0200978
0.0201435
0.0201877
0.0202306
0.0202721
0.0203123
0.0203513
0.0203891
0.0204257
0.0204613
0.0204958
0.0205292
0.0205616
0.020593
0.0206235
0.020653
0.0206817
0.0207095
0.0207365
0.0207627
0.0207881
0.0208127
0.0208366
0.0208598
0.0208823
0.0209041
0.0209253
0.0209459
0.0209659
0.0209853
0.0210042
0.0210225
0.0210404
0.0210577
0.0210746
0.021091
0.021107
0.0211225
0.0211376
0.0211523
0.0211666
0.0211805
0.021194
0.0212072
0.0212199
0.0212323
0.0212444
0.021256
0.0212673
0.0212783
0.0212888
0.021299
0.0213089
0.0213184
0.0213275
0.0213362
0.0213446
0.0213526
0.0213601
0.0213673
0.0213741
0.0213806
0.0213866
0.0213922
0.0213974
0.0214021
0.0214065
0.0214105
0.0214141
0.0214172
0.0214201
0.0214209
0.024966
0.017029
0.011559
0.0083344
0.00718515
0.00746836
0.008455
0.00967288
0.0108973
0.0120408
0.0130773
0.0140053
0.014833
0.0155712
0.0162309
0.0168222
0.0173542
0.0178345
0.01827
0.0186661
0.0190279
0.0193593
0.0196641
0.0199451
0.020205
0.0204461
0.0206704
0.0208795
0.0210749
0.021258
0.0214299
0.0215916
0.021744
0.021888
0.0220243
0.0221535
0.0222762
0.0223928
0.022504
0.0226101
0.0227116
0.0228087
0.0229017
0.0229911
0.023077
0.0231596
0.0232393
0.0233161
0.0233902
0.0234619
0.0235311
0.0235981
0.023663
0.0237257
0.0237866
0.0238455
0.0239026
0.023958
0.0240117
0.0240638
0.0241143
0.0241632
0.0242107
0.0242568
0.0243015
0.0243448
0.0243869
0.0244277
0.0244673
0.0245057
0.024543
0.0245791
0.0246142
0.0246483
0.0246813
0.0247134
0.0247446
0.0247748
0.0248042
0.0248327
0.0248604
0.0248873
0.0249135
0.0249389
0.0249636
0.0249876
0.0250109
0.0250336
0.0250557
0.0250771
0.0250979
0.0251182
0.0251378
0.0251569
0.0251754
0.0251933
0.0252107
0.0252276
0.0252439
0.0252597
0.0252749
0.0252895
0.0253037
0.0253173
0.0253303
0.0253428
0.0253547
0.025366
0.0253768
0.025387
0.0253966
0.0254056
0.025414
0.0254218
0.025429
0.0254356
0.0254416
0.025447
0.0254517
0.0254559
0.0254596
0.0254607
0.0288721
0.0219727
0.0163572
0.0121026
0.00944208
0.00839318
0.00856599
0.00943681
0.0106072
0.0118514
0.0130626
0.0141965
0.0152393
0.0161903
0.0170549
0.0178406
0.0185555
0.0192071
0.0198026
0.0203481
0.0208492
0.0213109
0.0217373
0.0221321
0.0224988
0.02284
0.0231583
0.0234559
0.0237348
0.0239966
0.024243
0.0244752
0.0246944
0.0249017
0.0250982
0.0252847
0.0254619
0.0256306
0.0257915
0.0259451
0.0260919
0.0262326
0.0263674
0.0264968
0.0266211
0.0267408
0.0268561
0.0269672
0.0270744
0.027178
0.0272781
0.027375
0.0274687
0.0275594
0.0276473
0.0277324
0.0278149
0.0278949
0.0279725
0.0280478
0.0281208
0.0281916
0.0282603
0.0283269
0.0283916
0.0284544
0.0285153
0.0285745
0.0286319
0.0286877
0.0287418
0.0287943
0.0288453
0.0288948
0.0289428
0.0289895
0.0290348
0.0290788
0.0291215
0.029163
0.0292034
0.0292425
0.0292806
0.0293176
0.0293535
0.0293884
0.0294223
0.0294553
0.0294873
0.0295184
0.0295486
0.0295779
0.0296064
0.029634
0.0296608
0.0296868
0.029712
0.0297363
0.0297599
0.0297826
0.0298046
0.0298257
0.0298461
0.0298656
0.0298844
0.0299023
0.0299194
0.0299357
0.0299511
0.0299657
0.0299794
0.0299923
0.0300043
0.0300154
0.0300256
0.030035
0.0300435
0.030051
0.0300577
0.0300635
0.0300686
0.0300705
0.0318859
0.0265354
0.0215162
0.0170871
0.0134893
0.0110289
0.00983786
0.0097379
0.0103766
0.011418
0.0126294
0.0138773
0.0150935
0.0162465
0.0173241
0.0183238
0.0192482
0.0201018
0.0208901
0.0216189
0.0222936
0.0229193
0.0235005
0.0240416
0.0245463
0.025018
0.0254596
0.0258738
0.0262632
0.0266297
0.0269754
0.0273019
0.0276108
0.0279036
0.0281814
0.0284455
0.0286968
0.0289363
0.0291648
0.0293833
0.0295922
0.0297924
0.0299845
0.0301689
0.0303461
0.0305167
0.030681
0.0308394
0.0309923
0.03114
0.0312827
0.0314207
0.0315543
0.0316836
0.0318089
0.0319303
0.032048
0.0321622
0.0322729
0.0323803
0.0324846
0.0325857
0.032684
0.0327793
0.0328719
0.0329618
0.0330491
0.0331338
0.0332162
0.0332962
0.0333739
0.0334494
0.0335227
0.0335939
0.0336631
0.0337303
0.0337956
0.033859
0.0339207
0.0339805
0.0340387
0.0340953
0.0341502
0.0342036
0.0342555
0.0343059
0.0343549
0.0344025
0.0344488
0.0344937
0.0345373
0.0345797
0.0346208
0.0346607
0.0346994
0.0347369
0.0347732
0.0348084
0.0348424
0.0348752
0.0349069
0.0349374
0.0349668
0.034995
0.0350221
0.035048
0.0350727
0.0350962
0.0351185
0.0351395
0.0351594
0.035178
0.0351954
0.0352115
0.0352263
0.0352399
0.0352522
0.0352632
0.035273
0.0352814
0.0352887
0.0352922
0.0339568
0.0302574
0.0262964
0.0224018
0.0187493
0.0155657
0.0131348
0.01166
0.0111401
0.0113925
0.0121663
0.0132379
0.014448
0.0156984
0.0169334
0.0181236
0.0192548
0.0203216
0.0213231
0.0222613
0.0231394
0.0239612
0.0247308
0.025452
0.0261288
0.0267645
0.0273626
0.0279259
0.0284574
0.0289594
0.0294343
0.0298842
0.0303109
0.0307162
0.0311016
0.0314686
0.0318185
0.0321525
0.0324716
0.032777
0.0330694
0.0333499
0.0336191
0.0338778
0.0341266
0.0343661
0.034597
0.0348196
0.0350346
0.0352422
0.035443
0.0356372
0.0358252
0.0360073
0.0361837
0.0363547
0.0365206
0.0366815
0.0368376
0.0369892
0.0371363
0.0372792
0.037418
0.0375529
0.0376839
0.0378112
0.0379349
0.0380551
0.038172
0.0382856
0.038396
0.0385034
0.0386077
0.0387092
0.0388078
0.0389036
0.0389968
0.0390874
0.0391755
0.0392612
0.0393445
0.0394254
0.0395042
0.0395807
0.0396551
0.0397274
0.0397977
0.039866
0.0399325
0.039997
0.0400597
0.0401206
0.0401797
0.040237
0.0402927
0.0403466
0.0403989
0.0404495
0.0404985
0.0405458
0.0405915
0.0406355
0.0406779
0.0407186
0.0407577
0.0407952
0.0408309
0.040865
0.0408973
0.040928
0.0409569
0.040984
0.0410094
0.041033
0.0410548
0.0410748
0.041093
0.0411094
0.041124
0.0411367
0.0411479
0.0411542
0.0352156
0.0329264
0.0301548
0.0271692
0.0241079
0.0210828
0.0182539
0.0158401
0.0140585
0.0130304
0.012737
0.0130508
0.0138009
0.0148263
0.0160022
0.0172434
0.018496
0.0197278
0.0209204
0.0220639
0.0231539
0.024189
0.0251701
0.026099
0.026978
0.0278099
0.0285976
0.0293438
0.0300513
0.0307226
0.0313602
0.0319664
0.0325433
0.0330929
0.033617
0.0341173
0.0345953
0.0350525
0.0354902
0.0359097
0.0363121
0.0366985
0.0370699
0.0374271
0.0377711
0.0381025
0.0384221
0.0387306
0.0390287
0.0393167
0.0395954
0.0398651
0.0401263
0.0403794
0.0406247
0.0408627
0.0410936
0.0413177
0.0415354
0.0417467
0.0419521
0.0421517
0.0423456
0.0425342
0.0427175
0.0428958
0.0430692
0.0432379
0.043402
0.0435616
0.0437169
0.043868
0.0440151
0.0441582
0.0442973
0.0444327
0.0445645
0.0446927
0.0448175
0.0449389
0.045057
0.0451719
0.0452837
0.0453925
0.0454984
0.0456013
0.0457015
0.0457989
0.0458936
0.0459856
0.0460751
0.0461621
0.0462466
0.0463287
0.0464083
0.0464855
0.0465604
0.046633
0.0467032
0.0467712
0.0468368
0.0469001
0.0469612
0.0470199
0.0470763
0.0471304
0.0471822
0.0472315
0.0472785
0.0473231
0.0473653
0.047405
0.0474423
0.0474771
0.0475093
0.0475391
0.0475663
0.047591
0.0476131
0.0476327
0.04765
0.0476615
0.0358864
0.034593
0.0328633
0.0308401
0.0286213
0.0262674
0.0238358
0.0214144
0.0191386
0.0171788
0.0156958
0.0147878
0.0144645
0.0146593
0.0152639
0.0161609
0.0172464
0.01844
0.0196844
0.0209413
0.0221859
0.0234025
0.0245816
0.025718
0.0268092
0.0278544
0.0288541
0.0298095
0.0307221
0.0315938
0.0324266
0.0332223
0.0339831
0.0347109
0.0354074
0.0360746
0.0367141
0.0373274
0.0379161
0.0384816
0.0390252
0.0395481
0.0400516
0.0405367
0.0410045
0.0414558
0.0418916
0.0423127
0.0427198
0.0431138
0.0434951
0.0438646
0.0442226
0.0445699
0.0449067
0.0452337
0.0455512
0.0458596
0.0461593
0.0464505
0.0467338
0.0470092
0.0472771
0.0475378
0.0477915
0.0480384
0.0482788
0.0485128
0.0487406
0.0489625
0.0491785
0.049389
0.049594
0.0497936
0.0499881
0.0501775
0.0503619
0.0505415
0.0507164
0.0508869
0.0510528
0.0512144
0.0513718
0.0515251
0.0516744
0.0518197
0.0519611
0.0520988
0.0522328
0.0523632
0.05249
0.0526134
0.0527333
0.0528499
0.0529631
0.053073
0.0531797
0.0532831
0.0533834
0.0534804
0.0535743
0.0536649
0.0537524
0.0538367
0.0539178
0.0539957
0.0540704
0.0541417
0.0542098
0.0542746
0.054336
0.0543941
0.0544487
0.0545
0.0545477
0.054592
0.0546328
0.0546701
0.054704
0.0547342
0.0547613
0.0547814
0.0361963
0.0354884
0.0345011
0.0332718
0.0318469
0.0302605
0.0285351
0.0266917
0.024764
0.0228124
0.0209309
0.0192398
0.0178631
0.0168966
0.0163857
0.0163216
0.0166534
0.0173069
0.0182017
0.0192644
0.020434
0.0216643
0.0229216
0.0241827
0.0254314
0.0266568
0.0278519
0.0290122
0.0301354
0.0312202
0.0322665
0.0332747
0.0342455
0.03518
0.0360795
0.0369453
0.0377789
0.0385817
0.0393551
0.0401005
0.0408192
0.0415125
0.0421817
0.0428279
0.0434523
0.0440559
0.0446398
0.0452049
0.0457522
0.0462824
0.0467963
0.0472948
0.0477785
0.0482481
0.0487041
0.0491472
0.0495778
0.0499966
0.0504038
0.0508001
0.0511858
0.0515612
0.0519267
0.0522827
0.0526295
0.0529674
0.0532966
0.0536174
0.0539301
0.054235
0.0545321
0.0548219
0.0551044
0.0553799
0.0556486
0.0559105
0.056166
0.0564149
0.0566576
0.0568943
0.0571251
0.0573501
0.0575694
0.0577833
0.0579917
0.0581948
0.0583928
0.0585856
0.0587735
0.0589566
0.0591348
0.0593083
0.0594771
0.0596413
0.059801
0.0599563
0.060107
0.0602534
0.0603954
0.0605331
0.0606664
0.0607953
0.0609199
0.0610402
0.061156
0.0612675
0.0613746
0.0614772
0.0615753
0.0616689
0.0617579
0.0618424
0.0619222
0.0619973
0.0620677
0.0621334
0.0621943
0.0622505
0.0623019
0.0623484
0.0623907
0.0624244
0.0363185
0.0358964
0.035342
0.0346443
0.0338099
0.0328502
0.0317745
0.0305881
0.0292942
0.0278982
0.0264145
0.0248739
0.0233287
0.0218531
0.0205352
0.0194615
0.0187
0.018288
0.0182293
0.0184992
0.0190539
0.0198402
0.020804
0.0218958
0.0230737
0.0243047
0.0255637
0.0268321
0.0280964
0.0293469
0.0305766
0.0317807
0.0329559
0.0341003
0.0352127
0.0362927
0.0373404
0.0383561
0.0393404
0.040294
0.0412178
0.0421128
0.0429799
0.0438201
0.0446346
0.0454243
0.0461903
0.0469334
0.0476546
0.0483548
0.0490349
0.0496957
0.0503379
0.0509624
0.0515697
0.0521607
0.0527359
0.0532959
0.0538413
0.0543726
0.0548903
0.0553948
0.0558867
0.0563663
0.056834
0.0572901
0.0577352
0.0581694
0.0585931
0.0590067
0.0594103
0.0598043
0.060189
0.0605645
0.0609311
0.061289
0.0616385
0.0619796
0.0623126
0.0626376
0.0629548
0.0632644
0.0635667
0.0638617
0.0641496
0.0644305
0.0647046
0.064972
0.0652328
0.0654871
0.065735
0.0659765
0.0662119
0.0664412
0.0666643
0.0668815
0.0670927
0.067298
0.0674974
0.0676909
0.0678786
0.0680604
0.0682364
0.0684065
0.0685707
0.068729
0.0688813
0.0690276
0.0691678
0.069302
0.06943
0.0695518
0.0696673
0.0697766
0.0698795
0.0699761
0.0700663
0.07015
0.0702274
0.0702983
0.0703633
0.0704182
0.0363591
0.0360515
0.0357024
0.0352937
0.0348163
0.0342669
0.0336458
0.0329534
0.032189
0.0313505
0.0304344
0.0294384
0.0283636
0.0272185
0.0260225
0.0248094
0.0236274
0.0225355
0.0215963
0.0208663
0.020387
0.0201807
0.0202495
0.0205783
0.0211397
0.021899
0.0228189
0.0238634
0.0249997
0.0262001
0.0274421
0.0287078
0.0299836
0.0312591
0.0325266
0.0337799
0.0350148
0.0362279
0.0374169
0.0385803
0.0397169
0.0408265
0.0419088
0.0429639
0.0439922
0.044994
0.04597
0.0469206
0.0478466
0.0487485
0.0496272
0.0504833
0.0513175
0.0521306
0.0529232
0.0536961
0.0544498
0.0551851
0.0559024
0.0566024
0.0572855
0.0579524
0.0586035
0.0592393
0.0598603
0.0604668
0.0610594
0.0616383
0.0622041
0.062757
0.0632974
0.0638257
0.064342
0.0648468
0.0653402
0.0658227
0.0662943
0.0667554
0.0672061
0.0676467
0.0680774
0.0684982
0.0689094
0.0693113
0.0697041
0.0700878
0.0704627
0.0708289
0.0711866
0.0715357
0.0718766
0.0722091
0.0725336
0.07285
0.0731584
0.0734588
0.0737515
0.0740363
0.0743133
0.0745825
0.0748439
0.0750976
0.0753435
0.0755816
0.0758119
0.0760343
0.0762487
0.0764552
0.0766536
0.0768438
0.0770259
0.0771998
0.0773653
0.0775225
0.0776713
0.0778116
0.0779435
0.0780668
0.0781817
0.078288
0.0783864
0.0784729
0.0363702
0.0360998
0.0358287
0.035546
0.0352425
0.0349115
0.0345487
0.0341513
0.0337177
0.0332458
0.0327334
0.0321771
0.0315728
0.0309161
0.0302028
0.0294306
0.0286007
0.02772
0.0268034
0.025875
0.0249679
0.0241225
0.023382
0.0227876
0.0223733
0.0221626
0.0221667
0.022385
0.0228072
0.023415
0.0241857
0.025094
0.0261145
0.0272231
0.0283982
0.029621
0.0308761
0.0321509
0.0334355
0.0347219
0.0360042
0.0372773
0.0385376
0.0397821
0.0410085
0.042215
0.0434003
0.0445635
0.0457042
0.046822
0.0479169
0.0489889
0.0500383
0.0510654
0.0520705
0.053054
0.0540162
0.0549576
0.0558786
0.0567796
0.0576612
0.0585237
0.0593677
0.0601936
0.0610019
0.0617929
0.0625672
0.0633251
0.0640671
0.0647934
0.0655045
0.0662008
0.0668824
0.0675498
0.0682033
0.0688432
0.0694697
0.0700831
0.0706837
0.0712718
0.0718475
0.072411
0.0729627
0.0735024
0.0740305
0.0745473
0.0750529
0.0755475
0.0760311
0.076504
0.0769663
0.077418
0.0778592
0.07829
0.0787106
0.0791209
0.0795211
0.0799111
0.080291
0.0806607
0.0810203
0.0813698
0.0817092
0.0820383
0.0823571
0.0826656
0.0829638
0.0832514
0.0835285
0.0837949
0.0840507
0.0842956
0.0845296
0.0847528
0.0849649
0.085166
0.085356
0.085535
0.0857028
0.0858597
0.0860062
0.0861387
0.0363726
0.0361118
0.0358643
0.0356247
0.0353882
0.0351497
0.0349053
0.0346516
0.0343862
0.034107
0.0338124
0.0335008
0.0331704
0.032819
0.0324439
0.032042
0.0316095
0.0311425
0.0306372
0.0300908
0.0295024
0.0288739
0.0282116
0.0275273
0.0268383
0.0261678
0.0255434
0.0249947
0.0245508
0.0242373
0.0240743
0.0240748
0.0242446
0.0245826
0.0250818
0.0257304
0.0265136
0.0274143
0.028415
0.0294982
0.0306475
0.0318481
0.0330868
0.0343525
0.0356361
0.0369297
0.0382275
0.0395243
0.0408163
0.0421003
0.0433736
0.0446342
0.0458802
0.0471103
0.0483234
0.0495185
0.050695
0.0518524
0.0529905
0.0541092
0.0552085
0.0562883
0.0573489
0.0583905
0.0594132
0.0604172
0.0614029
0.0623704
0.06332
0.0642519
0.0651664
0.0660638
0.0669443
0.0678082
0.0686558
0.0694873
0.0703031
0.0711033
0.0718883
0.0726584
0.0734137
0.0741544
0.0748808
0.075593
0.0762912
0.0769754
0.0776458
0.0783025
0.0789458
0.0795757
0.0801923
0.0807958
0.0813863
0.0819637
0.0825281
0.0830797
0.0836183
0.0841441
0.0846571
0.0851571
0.0856442
0.0861184
0.0865796
0.0870276
0.0874625
0.0878841
0.0882924
0.0886872
0.0890684
0.089436
0.0897897
0.0901297
0.0904556
0.0907676
0.0910655
0.0913493
0.091619
0.0918745
0.092116
0.0923434
0.0925576
0.0927558
0.036373
0.0361141
0.035872
0.0356439
0.0354272
0.0352191
0.0350173
0.0348192
0.0346229
0.0344266
0.0342287
0.034028
0.0338235
0.033614
0.0333987
0.0331765
0.0329461
0.0327063
0.0324551
0.0321905
0.0319101
0.031611
0.0312904
0.0309453
0.0305734
0.030173
0.0297441
0.0292888
0.0288122
0.0283227
0.0278324
0.0273568
0.0269145
0.0265254
0.0262099
0.0259869
0.0258729
0.0258803
0.0260177
0.0262891
0.0266943
0.0272294
0.0278877
0.0286598
0.0295349
0.030501
0.0315459
0.0326572
0.0338235
0.0350338
0.0362785
0.037549
0.0388379
0.040139
0.0414471
0.0427579
0.0440679
0.0453742
0.0466744
0.0479666
0.0492492
0.0505206
0.0517798
0.0530256
0.0542571
0.0554736
0.0566745
0.0578592
0.0590274
0.0601788
0.0613132
0.0624305
0.0635307
0.0646138
0.0656799
0.066729
0.0677614
0.068777
0.069776
0.0707585
0.0717246
0.0726745
0.0736081
0.0745256
0.075427
0.0763125
0.077182
0.0780355
0.078873
0.0796946
0.0805002
0.08129
0.0820641
0.0828225
0.0835651
0.0842919
0.0850031
0.0856984
0.0863779
0.0870415
0.0876892
0.0883207
0.0889361
0.0895351
0.0901178
0.0906839
0.0912332
0.0917658
0.0922815
0.09278
0.0932614
0.0937256
0.0941724
0.0946018
0.0950138
0.0954083
0.0957853
0.0961449
0.0964872
0.0968122
0.0971211
0.0974118
0.036373
0.0361144
0.0358731
0.0356473
0.035435
0.0352345
0.0350442
0.0348626
0.0346883
0.03452
0.0343566
0.0341972
0.0340406
0.0338863
0.0337335
0.0335815
0.03343
0.0332783
0.0331261
0.0329727
0.0328178
0.0326606
0.0325003
0.0323361
0.0321666
0.0319907
0.0318066
0.0316125
0.0314065
0.0311866
0.0309508
0.0306977
0.0304262
0.0301365
0.02983
0.0295099
0.0291813
0.0288519
0.0285312
0.028231
0.0279643
0.027745
0.027587
0.0275032
0.0275051
0.0276017
0.0278001
0.0281043
0.0285159
0.0290342
0.0296561
0.0303769
0.0311904
0.0320891
0.0330649
0.0341094
0.0352138
0.0363695
0.0375684
0.0388027
0.0400654
0.0413501
0.0426511
0.0439636
0.0452833
0.0466068
0.0479309
0.0492533
0.0505719
0.0518849
0.053191
0.0544888
0.0557773
0.0570555
0.0583225
0.0595776
0.0608201
0.0620493
0.0632646
0.0644655
0.0656514
0.0668221
0.067977
0.069116
0.0702388
0.0713451
0.0724348
0.0735077
0.0745638
0.0756028
0.0766246
0.0776289
0.0786158
0.0795848
0.0805359
0.0814691
0.0823842
0.083281
0.0841595
0.0850195
0.0858607
0.086683
0.0874862
0.0882702
0.0890346
0.0897795
0.0905045
0.0912097
0.0918947
0.0925596
0.0932042
0.0938284
0.0944323
0.0950156
0.0955785
0.0961209
0.0966429
0.0971445
0.0976259
0.0980872
0.0985295
0.098952
0.0363729
0.0361143
0.0358731
0.0356476
0.035436
0.0352369
0.0350488
0.0348708
0.0347016
0.0345405
0.0343865
0.0342388
0.0340968
0.0339597
0.0338271
0.0336984
0.0335731
0.0334509
0.0333314
0.0332143
0.0330994
0.0329864
0.0328751
0.0327653
0.032657
0.0325498
0.0324436
0.0323381
0.032233
0.032128
0.0320224
0.0319158
0.0318073
0.0316962
0.0315812
0.0314614
0.0313354
0.0312021
0.03106
0.0309083
0.030746
0.030573
0.0303897
0.0301975
0.0299987
0.0297972
0.029598
0.0294076
0.0292337
0.0290849
0.0289706
0.0289004
0.0288835
0.0289288
0.0290438
0.0292351
0.0295077
0.029865
0.0303087
0.0308393
0.0314557
0.0321556
0.0329356
0.0337912
0.0347176
0.035709
0.0367595
0.0378629
0.0390129
0.0402035
0.0414286
0.0426826
0.04396
0.0452561
0.0465663
0.0478866
0.0492136
0.0505442
0.0518756
0.0532056
0.0545322
0.0558538
0.057169
0.0584765
0.0597753
0.0610644
0.062343
0.0636104
0.0648658
0.0661086
0.067338
0.0685533
0.069754
0.0709395
0.0721088
0.0732615
0.0743965
0.0755135
0.076612
0.0776917
0.0787523
0.0797934
0.0808147
0.0818159
0.0827969
0.0837573
0.084697
0.0856158
0.0865135
0.0873901
0.0882455
0.0890795
0.089892
0.090683
0.0914524
0.0922003
0.0929265
0.093631
0.094314
0.0949754
0.0956163
0.0962361
0.0363728
0.0361141
0.035873
0.0356475
0.0354359
0.0352369
0.0350492
0.0348717
0.0347034
0.0345435
0.0343913
0.0342461
0.0341073
0.0339743
0.0338467
0.0337239
0.0336057
0.0334917
0.0333814
0.0332747
0.0331712
0.0330707
0.032973
0.032878
0.0327854
0.0326952
0.0326072
0.0325214
0.0324377
0.032356
0.0322764
0.0321988
0.0321231
0.0320494
0.0319776
0.0319077
0.0318395
0.031773
0.031708
0.0316444
0.0315817
0.0315198
0.0314581
0.0313961
0.0313333
0.031269
0.0312025
0.031133
0.0310599
0.0309824
0.0309001
0.0308127
0.0307204
0.0306237
0.0305237
0.0304224
0.0303223
0.0302268
0.0301402
0.0300674
0.0300143
0.029987
0.0299919
0.0300356
0.0301245
0.0302646
0.0304612
0.0307192
0.0310422
0.0314332
0.031894
0.0324258
0.0330285
0.0337012
0.0344426
0.0352502
0.0361211
0.0370521
0.0380391
0.0390781
0.0401646
0.0412943
0.0424624
0.0436643
0.0448957
0.0461521
0.0474295
0.0487239
0.0500316
0.0513494
0.0526741
0.0540031
0.0553338
0.0566641
0.0579921
0.0593162
0.0606348
0.0619467
0.0632505
0.0645449
0.0658293
0.0671028
0.068365
0.0696152
0.0708529
0.0720775
0.0732885
0.0744853
0.0756673
0.0768339
0.0779844
0.0791184
0.080235
0.0813338
0.0824139
0.0834748
0.0845158
0.0855364
0.086536
0.087514
0.0884707
0.0894038
0.0363728
0.0361141
0.0358729
0.0356474
0.0354358
0.0352368
0.0350491
0.0348716
0.0347034
0.0345437
0.0343917
0.0342468
0.0341085
0.0339761
0.0338494
0.0337277
0.0336109
0.0334984
0.0333901
0.0332856
0.0331847
0.0330872
0.0329928
0.0329013
0.0328125
0.0327264
0.0326427
0.0325613
0.0324821
0.0324051
0.0323301
0.032257
0.0321859
0.0321167
0.0320493
0.0319837
0.03192
0.0318582
0.0317983
0.0317403
0.0316844
0.0316305
0.0315788
0.0315294
0.0314822
0.0314375
0.0313953
0.0313557
0.0313187
0.0312844
0.0312528
0.031224
0.0311978
0.0311743
0.0311532
0.0311346
0.0311182
0.0311038
0.0310911
0.03108
0.0310701
0.0310613
0.0310535
0.0310466
0.031041
0.031037
0.0310353
0.031037
0.0310438
0.0310575
0.0310807
0.0311163
0.0311679
0.0312394
0.0313352
0.0314598
0.031618
0.0318146
0.0320544
0.0323419
0.0326813
0.0330764
0.0335305
0.0340464
0.0346261
0.0352712
0.0359827
0.0367609
0.0376054
0.0385154
0.0394895
0.0405259
0.0416222
0.0427758
0.0439836
0.0452421
0.0465479
0.0478971
0.0492856
0.0507094
0.0521642
0.0536459
0.0551502
0.0566729
0.0582099
0.0597573
0.0613112
0.0628679
0.0644239
0.0659758
0.0675205
0.0690549
0.0705764
0.0720822
0.0735701
0.0750379
0.0764836
0.0779054
0.0793016
0.0806709
0.0820121
0.0833208
0.0363728
0.0361141
0.0358729
0.0356474
0.0354358
0.0352368
0.0350491
0.0348716
0.0347034
0.0345437
0.0343917
0.0342468
0.0341085
0.0339761
0.0338494
0.0337277
0.0336109
0.0334984
0.0333901
0.0332856
0.0331847
0.0330872
0.0329927
0.0329012
0.0328125
0.0327264
0.0326427
0.0325613
0.0324821
0.0324051
0.0323301
0.032257
0.0321859
0.0321166
0.0320492
0.0319837
0.03192
0.0318582
0.0317982
0.0317403
0.0316843
0.0316305
0.0315788
0.0315293
0.0314821
0.0314374
0.0313952
0.0313555
0.0313185
0.0312841
0.0312525
0.0312236
0.0311974
0.0311738
0.0311527
0.0311339
0.0311174
0.0311029
0.0310901
0.0310788
0.0310688
0.0310599
0.0310519
0.031045
0.0310392
0.0310351
0.0310334
0.0310352
0.0310421
0.031056
0.0310794
0.0311153
0.0311674
0.0312394
0.0313358
0.0314611
0.0316201
0.0318176
0.0320584
0.0323468
0.0326872
0.0330833
0.0335384
0.034055
0.0346355
0.0352813
0.0359932
0.0367715
0.037616
0.0385257
0.0394993
0.0405348
0.0416299
0.042782
0.0439879
0.0452442
0.0465475
0.0478938
0.0492791
0.0506994
0.0521505
0.0536281
0.055128
0.0566462
0.0581785
0.0597211
0.06127
0.0628216
0.0643724
0.065919
0.0674583
0.0689874
0.0705035
0.0720039
0.0734865
0.0749489
0.0763893
0.0778058
0.0791968
0.0805609
0.081897
0.0832007
0.0363728
0.0361141
0.035873
0.0356475
0.0354359
0.0352369
0.0350492
0.0348717
0.0347034
0.0345435
0.0343913
0.0342461
0.0341073
0.0339743
0.0338466
0.0337239
0.0336057
0.0334916
0.0333814
0.0332746
0.0331711
0.0330706
0.0329729
0.0328778
0.0327853
0.032695
0.032607
0.0325212
0.0324375
0.0323558
0.0322761
0.0321985
0.0321228
0.032049
0.0319772
0.0319072
0.031839
0.0317724
0.0317073
0.0316436
0.0315808
0.0315187
0.0314568
0.0313947
0.0313317
0.0312671
0.0312003
0.0311305
0.0310569
0.030979
0.0308963
0.0308085
0.0307158
0.0306186
0.0305183
0.0304167
0.0303164
0.0302208
0.0301343
0.0300618
0.0300092
0.0299826
0.0299886
0.0300335
0.030124
0.0302658
0.0304645
0.0307247
0.0310501
0.0314436
0.0319072
0.0324416
0.0330471
0.0337227
0.0344668
0.0352771
0.0361506
0.0370839
0.0380732
0.0391141
0.0402024
0.0413335
0.0425027
0.0437055
0.0449373
0.0461937
0.0474707
0.0487642
0.0500707
0.0513867
0.0527093
0.0540356
0.0553632
0.0566899
0.0580138
0.0593333
0.0606469
0.0619532
0.0632508
0.0645386
0.0658159
0.067082
0.0683362
0.0695781
0.0708071
0.0720226
0.0732241
0.0744111
0.075583
0.0767392
0.0778791
0.0790021
0.0801076
0.081195
0.0822636
0.0833129
0.0843422
0.0853509
0.0863385
0.0873046
0.0882492
0.0891704
0.0363729
0.0361143
0.0358731
0.0356476
0.035436
0.0352369
0.0350488
0.0348708
0.0347016
0.0345405
0.0343864
0.0342387
0.0340967
0.0339596
0.033827
0.0336982
0.0335729
0.0334506
0.0333311
0.0332139
0.0330989
0.0329858
0.0328744
0.0327646
0.0326561
0.0325488
0.0324424
0.0323368
0.0322315
0.0321263
0.0320205
0.0319136
0.0318048
0.0316932
0.0315779
0.0314575
0.031331
0.031197
0.0310543
0.0309017
0.0307387
0.0305649
0.0303807
0.0301877
0.0299882
0.0297861
0.0295866
0.0293961
0.0292224
0.0290742
0.0289609
0.028892
0.0288768
0.0289242
0.0290417
0.0292358
0.0295113
0.0298718
0.0303189
0.0308529
0.0314728
0.0321762
0.0329596
0.0338186
0.0347483
0.0357428
0.0367963
0.0379025
0.0390552
0.0402482
0.0414755
0.0427315
0.0440106
0.0453082
0.0466196
0.047941
0.0492687
0.0505997
0.0519314
0.0532613
0.0545876
0.0559085
0.0572227
0.058529
0.0598262
0.0611134
0.0623899
0.0636547
0.0649072
0.0661467
0.0673724
0.0685838
0.0697801
0.0709607
0.0721248
0.0732718
0.0744006
0.075511
0.0766026
0.077675
0.0787278
0.0797607
0.0807734
0.0817656
0.0827371
0.0836877
0.0846173
0.0855255
0.0864124
0.0872778
0.0881216
0.0889437
0.0897441
0.0905228
0.0912796
0.0920146
0.0927278
0.0934192
0.0940889
0.0947369
0.0953642
0.0959705
0.036373
0.0361144
0.0358731
0.0356473
0.035435
0.0352345
0.0350441
0.0348625
0.0346881
0.0345198
0.0343564
0.0341968
0.0340401
0.0338856
0.0337326
0.0335805
0.0334287
0.0332768
0.0331243
0.0329707
0.0328154
0.0326578
0.0324971
0.0323323
0.0321623
0.0319857
0.0318008
0.0316059
0.0313989
0.0311779
0.0309409
0.0306865
0.0304137
0.0301226
0.0298147
0.0294933
0.0291638
0.0288337
0.0285128
0.0282128
0.027947
0.0277292
0.0275733
0.0274921
0.0274971
0.0275974
0.0277998
0.0281081
0.0285241
0.0290467
0.0296729
0.0303979
0.0312153
0.0321177
0.0330971
0.0341447
0.035252
0.0364104
0.0376116
0.038848
0.0401125
0.0413988
0.0427012
0.0440148
0.0453356
0.0466598
0.0479847
0.0493076
0.0506266
0.05194
0.0532462
0.054544
0.0558323
0.0571103
0.0583769
0.0596314
0.0608731
0.0621014
0.0633155
0.064515
0.0656994
0.0668682
0.0680211
0.0691578
0.070278
0.0713814
0.0724679
0.0735374
0.0745897
0.0756245
0.0766419
0.0776415
0.0786231
0.0795866
0.0805318
0.0814587
0.0823672
0.0832571
0.0841283
0.0849805
0.0858137
0.0866275
0.087422
0.0881967
0.0889517
0.0896868
0.0904017
0.0910964
0.0917707
0.0924246
0.0930579
0.0936706
0.0942626
0.094834
0.0953847
0.0959148
0.0964242
0.0969132
0.0973818
0.0978302
0.0982595
0.098669
0.036373
0.0361141
0.035872
0.0356439
0.0354271
0.035219
0.0350169
0.0348187
0.0346222
0.0344255
0.0342273
0.0340263
0.0338212
0.0336112
0.0333953
0.0331724
0.0329413
0.0327006
0.0324484
0.0321827
0.0319009
0.0316004
0.0312782
0.0309313
0.0305574
0.0301549
0.0297239
0.0292666
0.0287882
0.0282972
0.0278059
0.0273302
0.0268885
0.026501
0.026188
0.0259685
0.0258586
0.0258709
0.0260136
0.0262904
0.0267012
0.0272418
0.0279054
0.0286824
0.029562
0.0305322
0.0315805
0.0326949
0.0338638
0.0350762
0.0363227
0.0375946
0.0388845
0.0401864
0.0414951
0.0428062
0.0441165
0.0454229
0.0467231
0.0480153
0.0492977
0.0505689
0.0518278
0.0530732
0.0543043
0.0555204
0.0567207
0.0579048
0.0590723
0.0602229
0.0613565
0.0624729
0.063572
0.064654
0.0657187
0.0667665
0.0677972
0.0688111
0.0698082
0.0707887
0.0717525
0.0726999
0.0736308
0.0745454
0.0754436
0.0763256
0.0771914
0.0780409
0.0788741
0.0796911
0.0804919
0.0812766
0.0820452
0.0827977
0.0835343
0.0842548
0.0849592
0.0856475
0.0863197
0.0869757
0.0876154
0.0882388
0.0888456
0.0894359
0.0900095
0.0905662
0.091106
0.0916288
0.0921343
0.0926226
0.0930935
0.093547
0.0939829
0.0944013
0.094802
0.0951852
0.0955508
0.0958989
0.0962295
0.0965429
0.0968399
0.0971189
0.0363726
0.0361118
0.0358641
0.0356245
0.0353876
0.0351488
0.0349038
0.0346496
0.0343834
0.0341033
0.0338076
0.0334948
0.033163
0.03281
0.0324332
0.0320293
0.0315946
0.0311251
0.0306171
0.0300679
0.0294764
0.0288449
0.02818
0.0274934
0.026803
0.0261322
0.0255087
0.0249624
0.0245221
0.0242135
0.0240563
0.0240634
0.0242401
0.0245851
0.025091
0.025746
0.026535
0.0274408
0.0284459
0.0295328
0.0306851
0.031888
0.0331284
0.0343954
0.0356797
0.0369739
0.0382717
0.0395685
0.0408602
0.0421437
0.0434164
0.0446763
0.0459215
0.0471508
0.0483629
0.0495571
0.0507326
0.051889
0.0530261
0.0541438
0.055242
0.0563208
0.0573804
0.0584209
0.0594426
0.0604455
0.0614301
0.0623964
0.0633448
0.0642755
0.0651887
0.0660846
0.0669636
0.0678259
0.0686717
0.0695014
0.0703152
0.0711133
0.0718961
0.0726636
0.0734163
0.0741542
0.0748776
0.0755866
0.0762813
0.0769618
0.0776283
0.0782808
0.0789197
0.0795449
0.0801567
0.0807551
0.0813401
0.0819119
0.0824704
0.0830158
0.0835481
0.0840672
0.0845732
0.0850661
0.0855458
0.0860124
0.0864656
0.0869056
0.0873322
0.0877453
0.0881448
0.0885307
0.0889028
0.0892611
0.0896055
0.0899358
0.0902521
0.0905542
0.0908422
0.0911159
0.0913755
0.0916208
0.091852
0.0920691
0.0922731
0.092461
0.0363701
0.0360996
0.0358282
0.0355449
0.0352404
0.0349082
0.0345439
0.0341448
0.0337091
0.033235
0.0327199
0.0321608
0.0315533
0.0308931
0.0301759
0.0293997
0.0285656
0.0276812
0.0267614
0.0258308
0.0249231
0.0240788
0.0233414
0.022752
0.0223444
0.0221414
0.0221539
0.0223807
0.0228111
0.0234265
0.024204
0.0251181
0.0261434
0.0272557
0.0284336
0.0296585
0.030915
0.0321906
0.0334755
0.0347618
0.0360437
0.0373162
0.0385756
0.039819
0.0410442
0.0422493
0.0434332
0.044595
0.0457342
0.0468504
0.0479438
0.0490143
0.0500622
0.0510878
0.0520914
0.0530734
0.0540341
0.0549741
0.0558937
0.0567934
0.0576736
0.0585348
0.0593775
0.0602021
0.061009
0.0617987
0.0625716
0.0633281
0.0640687
0.0647935
0.0655031
0.0661977
0.0668776
0.0675433
0.0681948
0.0688327
0.069457
0.0700682
0.0706663
0.0712518
0.0718248
0.0723854
0.072934
0.0734704
0.0739951
0.0745083
0.07501
0.0755006
0.07598
0.0764485
0.0769061
0.0773529
0.0777891
0.0782147
0.0786298
0.0790345
0.0794287
0.0798127
0.0801863
0.0805495
0.0809025
0.0812451
0.0815774
0.0818993
0.0822108
0.0825118
0.0828022
0.083082
0.0833511
0.0836094
0.0838569
0.0840935
0.0843191
0.0845336
0.0847371
0.0849295
0.0851108
0.0852809
0.08544
0.0855879
0.0857256
0.0858493
0.0363589
0.0360506
0.0357003
0.0352898
0.03481
0.0342577
0.0336332
0.032937
0.0321685
0.0313253
0.0304043
0.0294031
0.028323
0.0271727
0.0259725
0.0247565
0.0235737
0.0224835
0.0215488
0.0208257
0.0203552
0.0201589
0.0202379
0.0205765
0.0211468
0.0219138
0.0228401
0.0238895
0.0250295
0.0262325
0.0274761
0.0287426
0.0300187
0.031294
0.0325607
0.0338131
0.0350468
0.0362585
0.0374459
0.0386075
0.0397423
0.04085
0.0419304
0.0429836
0.0440099
0.0450098
0.0459838
0.0469326
0.0478566
0.0487567
0.0496336
0.0504879
0.0513204
0.0521318
0.0529228
0.0536941
0.0544463
0.05518
0.0558959
0.0565944
0.0572762
0.0579416
0.0585914
0.0592258
0.0598453
0.0604505
0.0610416
0.0616191
0.0621834
0.0627348
0.0632736
0.0638002
0.0643148
0.0648177
0.0653092
0.0657896
0.0662591
0.0667179
0.0671663
0.0676044
0.0680324
0.0684504
0.0688587
0.0692575
0.069647
0.0700274
0.0703988
0.0707613
0.071115
0.0714601
0.0717967
0.0721249
0.0724448
0.0727565
0.07306
0.0733554
0.0736428
0.0739223
0.0741937
0.0744573
0.0747129
0.0749606
0.0752004
0.0754322
0.0756561
0.0758719
0.0760797
0.0762794
0.0764709
0.0766542
0.0768293
0.076996
0.0771543
0.0773042
0.0774456
0.0775785
0.0777029
0.0778188
0.0779262
0.078025
0.078116
0.078195
0.0363178
0.0358937
0.0353361
0.0346341
0.0337946
0.0328293
0.0317475
0.0305547
0.029254
0.0278511
0.0263611
0.0248153
0.0232671
0.0217916
0.0204772
0.0194107
0.0186592
0.0182589
0.0182122
0.0184936
0.0190584
0.0198531
0.0208233
0.0219197
0.0231008
0.0243337
0.0255936
0.0268621
0.0281259
0.0293754
0.0306037
0.0318062
0.0329796
0.034122
0.0352323
0.0363102
0.0373557
0.0383692
0.0393512
0.0403026
0.0412242
0.0421169
0.0429819
0.04382
0.0446324
0.04542
0.046184
0.0469251
0.0476444
0.0483428
0.0490211
0.0496802
0.0503207
0.0509435
0.0515493
0.0521388
0.0527125
0.053271
0.053815
0.0543449
0.0548613
0.0553645
0.055855
0.0563333
0.0567997
0.0572545
0.0576982
0.058131
0.0585533
0.0589654
0.0593675
0.0597599
0.0601429
0.0605166
0.0608814
0.0612374
0.0615849
0.0619239
0.0622547
0.0625774
0.0628921
0.0631992
0.0634988
0.0637911
0.064076
0.0643539
0.0646248
0.0648889
0.0651462
0.0653969
0.0656411
0.0658789
0.0661102
0.0663354
0.0665543
0.0667671
0.0669738
0.0671744
0.0673691
0.0675577
0.0677404
0.0679171
0.0680878
0.0682525
0.0684113
0.068564
0.0687107
0.0688513
0.0689857
0.069114
0.069236
0.0693518
0.0694613
0.0695644
0.0696611
0.0697515
0.0698355
0.069913
0.0699841
0.0700488
0.0701075
0.0701562
0.036194
0.0354812
0.034487
0.0332498
0.0318164
0.0302214
0.0284873
0.0266356
0.0247008
0.0227445
0.0208618
0.0191743
0.0178058
0.0168513
0.0163543
0.0163042
0.0166487
0.0173125
0.0182152
0.0192834
0.0204565
0.0216886
0.0229467
0.0242075
0.0254552
0.0266792
0.0278725
0.0290308
0.0301517
0.0312342
0.0322781
0.0332838
0.0342521
0.0351841
0.0360812
0.0369446
0.0377758
0.0385762
0.0393473
0.0400905
0.0408069
0.0414981
0.0421652
0.0428093
0.0434317
0.0440334
0.0446155
0.0451788
0.0457243
0.0462528
0.0467651
0.047262
0.0477442
0.0482123
0.0486669
0.0491086
0.0495379
0.0499554
0.0503614
0.0507564
0.0511408
0.051515
0.0518794
0.0522342
0.0525797
0.0529164
0.0532443
0.0535639
0.0538753
0.0541788
0.0544746
0.0547629
0.055044
0.0553179
0.0555849
0.0558451
0.0560987
0.0563458
0.0565866
0.0568212
0.0570498
0.0572726
0.0574896
0.0577009
0.0579068
0.0581073
0.0583025
0.0584925
0.0586774
0.0588573
0.0590323
0.0592025
0.0593679
0.0595286
0.0596847
0.0598362
0.0599832
0.0601256
0.0602636
0.0603971
0.0605261
0.0606508
0.060771
0.0608867
0.060998
0.0611048
0.0612072
0.061305
0.0613983
0.0614869
0.061571
0.0616504
0.0617252
0.0617952
0.0618605
0.061921
0.0619768
0.0620278
0.0620741
0.0621155
0.0621526
0.0621812
0.0358805
0.034577
0.0328355
0.0308006
0.0285705
0.0262063
0.0237664
0.0213399
0.0190641
0.0171105
0.0156395
0.0147471
0.0144401
0.0146497
0.0152661
0.0161715
0.0172625
0.0184591
0.0197048
0.0209616
0.0222052
0.0234202
0.0245972
0.0257312
0.0268199
0.0278625
0.0288595
0.0298122
0.0307221
0.0315912
0.0324212
0.0332144
0.0339727
0.034698
0.0353922
0.036057
0.0366942
0.0373054
0.0378919
0.0384554
0.038997
0.039518
0.0400196
0.0405029
0.0409689
0.0414185
0.0418526
0.0422722
0.0426778
0.0430703
0.0434502
0.0438183
0.044175
0.044521
0.0448566
0.0451824
0.0454988
0.045806
0.0461046
0.0463948
0.046677
0.0469514
0.0472183
0.0474779
0.0477305
0.0479764
0.0482157
0.0484485
0.0486752
0.0488959
0.0491108
0.04932
0.0495237
0.049722
0.049915
0.0501029
0.0502857
0.0504637
0.050637
0.0508056
0.0509697
0.0511294
0.0512848
0.051436
0.051583
0.051726
0.0518651
0.0520004
0.0521318
0.0522596
0.0523837
0.0525043
0.0526213
0.0527349
0.0528451
0.0529519
0.0530553
0.0531555
0.0532523
0.0533459
0.0534362
0.0535233
0.0536071
0.0536877
0.053765
0.053839
0.0539097
0.0539772
0.0540412
0.054102
0.0541593
0.0542132
0.0542637
0.0543108
0.0543544
0.0543945
0.0544311
0.0544642
0.0544938
0.0545199
0.0545428
0.0545587
0.0352026
0.0328963
0.0301085
0.0271089
0.0240365
0.0210044
0.0181744
0.0157675
0.0140001
0.0129902
0.0127151
0.0130442
0.0138053
0.0148377
0.0160172
0.0172597
0.018512
0.0197425
0.020933
0.0220741
0.0231613
0.0241936
0.0251718
0.0260977
0.0269738
0.0278028
0.0285877
0.0293312
0.030036
0.0307048
0.03134
0.0319438
0.0325184
0.0330658
0.0335878
0.034086
0.034562
0.0350173
0.0354532
0.0358709
0.0362716
0.0366563
0.0370261
0.0373818
0.0377242
0.0380542
0.0383725
0.0386797
0.0389764
0.0392632
0.0395407
0.0398092
0.0400693
0.0403214
0.0405657
0.0408027
0.0410326
0.0412558
0.0414726
0.0416831
0.0418875
0.0420862
0.0422793
0.042467
0.0426495
0.0428269
0.0429993
0.0431671
0.0433302
0.0434888
0.0436431
0.0437932
0.0439391
0.044081
0.044219
0.0443531
0.0444836
0.0446104
0.0447337
0.0448536
0.0449702
0.0450835
0.0451936
0.0453006
0.0454046
0.0455056
0.0456038
0.0456991
0.0457917
0.0458816
0.0459688
0.0460534
0.0461355
0.0462151
0.0462922
0.0463668
0.046439
0.0465089
0.0465763
0.0466414
0.0467041
0.0467645
0.0468225
0.0468781
0.0469314
0.0469824
0.0470309
0.047077
0.0471208
0.047162
0.0472009
0.0472372
0.0472711
0.0473025
0.0473314
0.0473577
0.0473815
0.0474028
0.0474216
0.0474377
0.0474517
0.0474598
0.0339322
0.0302091
0.0262302
0.0223236
0.0186661
0.0154863
0.0130691
0.0116143
0.0111152
0.0113844
0.0121697
0.0132476
0.0144605
0.0157111
0.0169448
0.0181328
0.0192614
0.0203251
0.0213235
0.0222585
0.0231335
0.0239522
0.0247188
0.0254372
0.0261111
0.0267442
0.0273397
0.0279006
0.0284297
0.0289295
0.0294023
0.0298501
0.0302749
0.0306783
0.0310619
0.0314272
0.0317754
0.0321078
0.0324254
0.0327292
0.0330203
0.0332994
0.0335672
0.0338246
0.0340722
0.0343106
0.0345403
0.0347619
0.0349758
0.0351825
0.0353822
0.0355755
0.0357626
0.0359438
0.0361194
0.0362897
0.0364547
0.0366149
0.0367703
0.0369211
0.0370676
0.0372098
0.0373479
0.037482
0.0376123
0.0377388
0.0378618
0.0379812
0.0380973
0.0382101
0.0383197
0.0384262
0.0385296
0.0386301
0.0387277
0.0388225
0.0389146
0.0390041
0.039091
0.0391754
0.0392573
0.0393369
0.0394142
0.0394893
0.0395621
0.0396328
0.0397015
0.0397681
0.0398328
0.0398955
0.0399563
0.0400153
0.0400724
0.0401277
0.0401813
0.0402331
0.0402831
0.0403315
0.0403782
0.0404231
0.0404664
0.040508
0.0405479
0.0405862
0.0406227
0.0406576
0.0406907
0.0407222
0.0407519
0.0407798
0.040806
0.0408305
0.0408531
0.040874
0.0408931
0.0409103
0.0409258
0.0409394
0.0409513
0.0409613
0.0409698
0.0409734
0.0318454
0.0264681
0.0214346
0.0170017
0.0134119
0.0109706
0.00980315
0.00972374
0.0103762
0.0114249
0.012639
0.0138867
0.0151011
0.0162514
0.0173258
0.0183222
0.0192431
0.0200934
0.0208785
0.0216042
0.0222759
0.0228987
0.0234773
0.0240158
0.0245181
0.0249874
0.0254269
0.0258391
0.0262264
0.0265911
0.026935
0.0272598
0.0275671
0.0278583
0.0281347
0.0283973
0.0286473
0.0288855
0.0291129
0.0293301
0.0295379
0.029737
0.029928
0.0301114
0.0302876
0.0304573
0.0306207
0.0307782
0.0309303
0.0310772
0.0312191
0.0313564
0.0314893
0.0316179
0.0317426
0.0318634
0.0319805
0.032094
0.0322041
0.032311
0.0324147
0.0325153
0.0326129
0.0327077
0.0327997
0.032889
0.0329757
0.0330599
0.0331416
0.0332209
0.033298
0.0333727
0.0334453
0.0335157
0.033584
0.0336504
0.0337148
0.0337773
0.0338379
0.0338968
0.0339539
0.0340093
0.0340631
0.0341152
0.0341658
0.034215
0.0342626
0.0343088
0.0343536
0.034397
0.0344391
0.0344799
0.0345194
0.0345576
0.0345946
0.0346303
0.0346649
0.0346982
0.0347303
0.0347612
0.034791
0.0348196
0.0348469
0.0348731
0.0348981
0.0349219
0.0349445
0.0349659
0.0349861
0.035005
0.0350227
0.0350391
0.0350543
0.0350682
0.0350809
0.0350923
0.0351024
0.0351112
0.0351188
0.035125
0.0351302
0.0351316
0.0288132
0.0218907
0.0162707
0.0120265
0.00938884
0.00836569
0.00855793
0.00943949
0.0106139
0.0118583
0.0130675
0.0141984
0.0152377
0.0161851
0.0170462
0.0178285
0.0185401
0.0191886
0.0197811
0.0203238
0.0208224
0.0212816
0.0217057
0.0220985
0.0224631
0.0228024
0.0231189
0.0234149
0.0236922
0.0239525
0.0241974
0.0244282
0.0246462
0.0248523
0.0250477
0.025233
0.0254092
0.0255769
0.0257368
0.0258894
0.0260354
0.0261751
0.0263091
0.0264377
0.0265613
0.0266803
0.0267948
0.0269053
0.0270119
0.0271148
0.0272144
0.0273106
0.0274038
0.027494
0.0275814
0.027666
0.0277481
0.0278276
0.0279048
0.0279796
0.0280521
0.0281225
0.0281908
0.028257
0.0283212
0.0283836
0.028444
0.0285027
0.0285596
0.0286148
0.0286684
0.0287203
0.0287707
0.0288195
0.0288669
0.0289129
0.0289575
0.0290007
0.0290426
0.0290833
0.0291227
0.029161
0.0291981
0.029234
0.0292689
0.0293028
0.0293356
0.0293674
0.0293982
0.0294281
0.0294571
0.0294851
0.0295123
0.0295385
0.0295639
0.0295885
0.0296122
0.0296351
0.0296571
0.0296783
0.0296987
0.0297183
0.029737
0.029755
0.0297721
0.0297883
0.0298037
0.0298183
0.029832
0.0298449
0.0298569
0.0298681
0.0298783
0.0298877
0.0298962
0.0299038
0.0299105
0.0299164
0.0299214
0.0299254
0.0299288
0.029929
0.0248902
0.0169415
0.0114817
0.00828227
0.00716077
0.00746284
0.00845808
0.0096779
0.0109008
0.0120413
0.0130741
0.0139984
0.0148224
0.015557
0.0162134
0.0168016
0.0173307
0.0178084
0.0182413
0.0186352
0.0189948
0.0193243
0.0196272
0.0199065
0.0201648
0.0204044
0.0206273
0.020835
0.0210292
0.0212111
0.0213819
0.0215426
0.0216941
0.0218371
0.0219725
0.0221008
0.0222227
0.0223386
0.0224491
0.0225545
0.0226552
0.0227516
0.0228441
0.0229328
0.0230181
0.0231002
0.0231793
0.0232556
0.0233293
0.0234004
0.0234692
0.0235358
0.0236002
0.0236626
0.0237231
0.0237817
0.0238384
0.0238935
0.0239468
0.0239986
0.0240487
0.0240974
0.0241445
0.0241903
0.0242346
0.0242776
0.0243193
0.0243597
0.0243989
0.0244369
0.0244737
0.0245094
0.024544
0.0245776
0.0246101
0.0246416
0.0246722
0.0247018
0.0247305
0.0247583
0.0247853
0.0248115
0.0248369
0.0248615
0.0248853
0.0249085
0.0249309
0.0249527
0.0249738
0.0249942
0.025014
0.0250332
0.0250518
0.0250698
0.0250872
0.025104
0.0251202
0.0251359
0.025151
0.0251655
0.0251795
0.0251929
0.0252058
0.025218
0.0252298
0.0252409
0.0252515
0.0252615
0.0252709
0.0252797
0.025288
0.0252956
0.0253026
0.0253091
0.0253149
0.0253201
0.0253248
0.0253288
0.0253322
0.025335
0.0253374
0.0253372
0.0203501
0.0122174
0.00776295
0.00615095
0.00637583
0.00739972
0.00862442
0.0098073
0.0108731
0.0118098
0.0126265
0.0133382
0.0139602
0.0145062
0.0149878
0.015415
0.0157959
0.0161371
0.0164444
0.0167223
0.0169748
0.0172051
0.0174159
0.0176097
0.0177883
0.0179534
0.0181066
0.0182492
0.0183821
0.0185063
0.0186228
0.0187322
0.0188352
0.0189324
0.0190243
0.0191113
0.0191939
0.0192724
0.0193472
0.0194186
0.0194868
0.0195521
0.0196148
0.0196749
0.0197328
0.0197885
0.0198422
0.019894
0.0199441
0.0199925
0.0200394
0.0200847
0.0201286
0.0201712
0.0202124
0.0202524
0.0202911
0.0203287
0.0203651
0.0204004
0.0204346
0.0204678
0.0204999
0.0205311
0.0205613
0.0205906
0.020619
0.0206465
0.0206732
0.020699
0.0207241
0.0207483
0.0207718
0.0207946
0.0208167
0.0208381
0.0208588
0.0208789
0.0208984
0.0209172
0.0209355
0.0209533
0.0209705
0.0209872
0.0210034
0.0210191
0.0210344
0.0210492
0.0210635
0.0210774
0.0210909
0.021104
0.0211166
0.0211289
0.0211408
0.0211523
0.0211634
0.0211741
0.0211844
0.0211944
0.021204
0.0212132
0.021222
0.0212305
0.0212386
0.0212462
0.0212536
0.0212605
0.021267
0.0212731
0.0212789
0.0212842
0.0212891
0.0212937
0.0212978
0.0213015
0.0213048
0.0213077
0.0213102
0.0213123
0.0213142
0.021314
0.015637
0.00827904
0.00544824
0.00530522
0.00627267
0.00748408
0.00862803
0.00962674
0.010478
0.0111998
0.0118133
0.0123378
0.0127892
0.0131806
0.0135223
0.0138226
0.0140884
0.014325
0.0145369
0.0147275
0.0148998
0.0150564
0.0151992
0.01533
0.0154503
0.0155612
0.0156638
0.0157591
0.0158477
0.0159305
0.016008
0.0160806
0.016149
0.0162134
0.0162743
0.0163319
0.0163866
0.0164386
0.0164881
0.0165353
0.0165805
0.0166238
0.0166654
0.0167053
0.0167438
0.0167808
0.0168166
0.0168512
0.0168846
0.016917
0.0169483
0.0169786
0.0170081
0.0170366
0.0170643
0.0170911
0.0171171
0.0171423
0.0171668
0.0171905
0.0172135
0.0172358
0.0172574
0.0172784
0.0172987
0.0173184
0.0173374
0.0173559
0.0173738
0.0173912
0.017408
0.0174242
0.01744
0.0174553
0.0174701
0.0174844
0.0174983
0.0175118
0.0175249
0.0175375
0.0175498
0.0175618
0.0175734
0.0175846
0.0175955
0.0176061
0.0176164
0.0176264
0.0176361
0.0176455
0.0176546
0.0176635
0.0176721
0.0176804
0.0176885
0.0176964
0.0177039
0.0177113
0.0177184
0.0177252
0.0177318
0.0177382
0.0177443
0.0177501
0.0177557
0.0177611
0.0177662
0.017771
0.0177756
0.01778
0.017784
0.0177878
0.0177914
0.0177946
0.0177976
0.0178004
0.0178029
0.0178051
0.017807
0.0178087
0.0178103
0.0178102
0.0112476
0.00547539
0.00434611
0.00510513
0.00628867
0.00740674
0.00835449
0.00913579
0.00977769
0.0103079
0.0107497
0.0111214
0.0114371
0.011708
0.0119423
0.0121466
0.0123262
0.012485
0.0126265
0.0127532
0.0128672
0.0129704
0.0130642
0.0131498
0.0132283
0.0133005
0.0133672
0.013429
0.0134864
0.0135398
0.0135898
0.0136367
0.0136807
0.0137222
0.0137613
0.0137984
0.0138336
0.013867
0.0138989
0.0139294
0.0139585
0.0139865
0.0140133
0.0140392
0.0140642
0.0140882
0.0141115
0.014134
0.0141559
0.014177
0.0141975
0.0142175
0.0142368
0.0142555
0.0142737
0.0142914
0.0143086
0.0143252
0.0143413
0.014357
0.0143722
0.0143869
0.0144012
0.014415
0.0144284
0.0144414
0.014454
0.0144663
0.0144781
0.0144896
0.0145007
0.0145114
0.0145218
0.0145319
0.0145417
0.0145512
0.0145604
0.0145694
0.014578
0.0145865
0.0145946
0.0146026
0.0146103
0.0146178
0.0146251
0.0146322
0.014639
0.0146457
0.0146523
0.0146586
0.0146648
0.0146708
0.0146766
0.0146823
0.0146878
0.0146931
0.0146983
0.0147033
0.0147082
0.0147129
0.0147174
0.0147218
0.0147261
0.0147302
0.0147341
0.0147379
0.0147415
0.0147449
0.0147482
0.0147513
0.0147542
0.014757
0.0147596
0.014762
0.0147643
0.0147664
0.0147683
0.0147701
0.0147717
0.0147731
0.0147745
0.0147746
0.00759178
0.00381868
0.0039565
0.00506317
0.00617406
0.0070938
0.00782429
0.00840242
0.00886384
0.00923667
0.00954195
0.00979516
0.0100077
0.0101882
0.010343
0.0104769
0.0105938
0.0106966
0.0107876
0.0108687
0.0109414
0.0110069
0.0110662
0.0111202
0.0111695
0.0112147
0.0112564
0.0112949
0.0113307
0.0113639
0.0113949
0.011424
0.0114513
0.011477
0.0115013
0.0115243
0.0115461
0.0115668
0.0115866
0.0116056
0.0116238
0.0116412
0.011658
0.0116743
0.0116899
0.0117051
0.0117198
0.0117341
0.0117479
0.0117614
0.0117745
0.0117872
0.0117996
0.0118116
0.0118233
0.0118347
0.0118457
0.0118564
0.0118669
0.011877
0.0118868
0.0118963
0.0119056
0.0119145
0.0119232
0.0119316
0.0119398
0.0119477
0.0119554
0.0119628
0.01197
0.011977
0.0119838
0.0119904
0.0119968
0.012003
0.012009
0.0120148
0.0120205
0.012026
0.0120314
0.0120366
0.0120417
0.0120466
0.0120514
0.0120561
0.0120607
0.0120652
0.0120695
0.0120738
0.0120779
0.0120819
0.0120859
0.0120897
0.0120934
0.0120971
0.0121006
0.0121041
0.0121074
0.0121107
0.0121138
0.0121169
0.0121199
0.0121227
0.0121255
0.0121282
0.0121307
0.0121332
0.0121356
0.0121378
0.01214
0.0121421
0.012144
0.0121459
0.0121476
0.0121492
0.0121508
0.0121522
0.0121536
0.0121548
0.012156
0.0121562
0.00488849
0.00301652
0.00383246
0.00494522
0.00586678
0.00656975
0.00710149
0.00750823
0.00782461
0.00807513
0.00827691
0.00844197
0.00857893
0.008694
0.00879177
0.00887569
0.00894837
0.00901185
0.00906771
0.00911719
0.00916131
0.00920088
0.00923655
0.00926887
0.00929831
0.00932522
0.00934995
0.00937274
0.00939385
0.00941345
0.00943173
0.00944883
0.00946487
0.00947999
0.00949426
0.00950779
0.00952064
0.0095329
0.00954461
0.00955585
0.00956665
0.00957707
0.00958713
0.00959687
0.00960632
0.00961551
0.00962444
0.00963314
0.00964162
0.00964989
0.00965795
0.00966581
0.00967348
0.00968095
0.00968823
0.00969532
0.00970222
0.00970894
0.00971547
0.00972182
0.009728
0.00973399
0.00973981
0.00974547
0.00975096
0.00975628
0.00976145
0.00976647
0.00977134
0.00977606
0.00978065
0.00978509
0.00978941
0.0097936
0.00979768
0.00980164
0.0098055
0.00980925
0.00981291
0.00981647
0.00981994
0.00982333
0.00982664
0.00982987
0.00983302
0.00983611
0.00983912
0.00984207
0.00984496
0.00984778
0.00985054
0.00985324
0.00985589
0.00985847
0.009861
0.00986348
0.00986589
0.00986826
0.00987056
0.00987282
0.00987501
0.00987715
0.00987924
0.00988126
0.00988323
0.00988514
0.00988699
0.00988878
0.00989052
0.00989219
0.0098938
0.00989534
0.00989683
0.00989825
0.00989962
0.00990092
0.00990216
0.00990334
0.00990447
0.00990553
0.00990661
0.00990693
0.00312828
0.00268014
0.00372157
0.0046797
0.00538514
0.00589032
0.00625644
0.00652772
0.00673357
0.00689332
0.00701982
0.00712179
0.00720529
0.00727462
0.0073329
0.00738241
0.00742491
0.00746169
0.00749379
0.00752202
0.007547
0.00756926
0.0075892
0.00760718
0.00762346
0.00763829
0.00765185
0.00766431
0.00767581
0.00768648
0.0076964
0.00770568
0.00771438
0.00772258
0.00773034
0.0077377
0.00774471
0.00775141
0.00775785
0.00776404
0.00777003
0.00777583
0.00778147
0.00778696
0.00779232
0.00779756
0.00780269
0.00780772
0.00781264
0.00781747
0.0078222
0.00782684
0.00783138
0.00783582
0.00784016
0.00784441
0.00784856
0.0078526
0.00785655
0.0078604
0.00786414
0.00786779
0.00787133
0.00787478
0.00787814
0.0078814
0.00788458
0.00788767
0.00789067
0.00789358
0.00789641
0.00789917
0.00790185
0.00790446
0.00790701
0.00790949
0.00791191
0.00791427
0.00791658
0.00791884
0.00792105
0.00792322
0.00792534
0.00792742
0.00792946
0.00793146
0.00793342
0.00793535
0.00793725
0.00793911
0.00794094
0.00794274
0.00794451
0.00794625
0.00794796
0.00794964
0.00795129
0.00795291
0.0079545
0.00795606
0.00795759
0.00795909
0.00796056
0.00796199
0.0079634
0.00796477
0.00796611
0.00796742
0.0079687
0.00796994
0.00797114
0.00797231
0.00797345
0.00797455
0.00797562
0.00797666
0.00797766
0.00797863
0.00797958
0.00798047
0.00798141
0.00798176
0.00211639
0.00251651
0.00352139
0.00427039
0.00477425
0.00511496
0.00535176
0.00552165
0.00564723
0.00574253
0.00581652
0.00587511
0.00592229
0.00596084
0.00599276
0.0060195
0.00604212
0.00606144
0.00607808
0.00609253
0.00610517
0.00611631
0.00612618
0.00613499
0.0061429
0.00615005
0.00615654
0.00616246
0.00616791
0.00617293
0.0061776
0.00618195
0.00618604
0.00618989
0.00619355
0.00619703
0.00620037
0.00620358
0.00620668
0.0062097
0.00621264
0.00621553
0.00621836
0.00622115
0.0062239
0.00622663
0.00622932
0.00623199
0.00623463
0.00623724
0.00623982
0.00624237
0.00624489
0.00624737
0.00624981
0.00625221
0.00625456
0.00625687
0.00625913
0.00626134
0.0062635
0.00626562
0.00626768
0.00626969
0.00627166
0.00627358
0.00627545
0.00627728
0.00627906
0.00628079
0.00628248
0.00628413
0.00628575
0.00628733
0.00628887
0.00629038
0.00629187
0.00629332
0.00629475
0.00629615
0.00629753
0.00629889
0.00630023
0.00630155
0.00630285
0.00630413
0.0063054
0.00630665
0.00630788
0.0063091
0.00631031
0.0063115
0.00631268
0.00631384
0.00631499
0.00631613
0.00631725
0.00631836
0.00631946
0.00632054
0.00632161
0.00632266
0.0063237
0.00632472
0.00632573
0.00632672
0.00632769
0.00632865
0.00632959
0.00633051
0.00633142
0.0063323
0.00633317
0.00633403
0.00633486
0.00633568
0.00633648
0.00633727
0.00633804
0.00633879
0.00633958
0.00633993
0.001583
0.00236704
0.00320964
0.00374928
0.00408339
0.00429644
0.00443801
0.00453595
0.00460609
0.00465781
0.00469687
0.00472699
0.00475062
0.00476941
0.00478457
0.00479691
0.00480708
0.00481552
0.00482259
0.00482856
0.00483363
0.00483798
0.00484174
0.004845
0.00484786
0.00485039
0.00485263
0.00485464
0.00485647
0.00485813
0.00485966
0.00486109
0.00486243
0.00486369
0.00486491
0.00486608
0.00486723
0.00486835
0.00486946
0.00487057
0.00487169
0.00487281
0.00487395
0.0048751
0.00487626
0.00487744
0.00487864
0.00487986
0.00488109
0.00488233
0.00488357
0.00488482
0.00488607
0.00488732
0.00488857
0.0048898
0.00489103
0.00489224
0.00489343
0.00489461
0.00489577
0.00489692
0.00489804
0.00489914
0.00490023
0.00490129
0.00490234
0.00490336
0.00490437
0.00490535
0.00490632
0.00490727
0.0049082
0.00490912
0.00491002
0.00491092
0.0049118
0.00491267
0.00491353
0.00491438
0.00491523
0.00491606
0.00491689
0.00491772
0.00491854
0.00491935
0.00492016
0.00492096
0.00492176
0.00492255
0.00492334
0.00492413
0.00492491
0.00492569
0.00492647
0.00492723
0.004928
0.00492876
0.00492952
0.00493027
0.00493101
0.00493175
0.00493249
0.00493322
0.00493394
0.00493465
0.00493536
0.00493606
0.00493676
0.00493744
0.00493812
0.00493879
0.00493945
0.00494011
0.00494076
0.0049414
0.00494203
0.00494265
0.00494327
0.00494388
0.00494452
0.00494485
0.00129599
0.00216382
0.0027997
0.00315555
0.00335732
0.00347765
0.00355334
0.00360321
0.00363728
0.00366123
0.00367843
0.00369099
0.00370026
0.00370717
0.00371233
0.0037162
0.00371909
0.00372123
0.0037228
0.00372393
0.00372473
0.00372526
0.00372559
0.00372577
0.00372583
0.00372581
0.00372572
0.00372559
0.00372544
0.00372527
0.0037251
0.00372493
0.00372478
0.00372464
0.00372453
0.00372444
0.00372439
0.00372437
0.00372439
0.00372445
0.00372454
0.00372468
0.00372487
0.00372509
0.00372535
0.00372566
0.003726
0.00372637
0.00372678
0.00372721
0.00372767
0.00372815
0.00372865
0.00372917
0.0037297
0.00373023
0.00373078
0.00373133
0.00373188
0.00373244
0.00373299
0.00373355
0.0037341
0.00373465
0.0037352
0.00373574
0.00373628
0.00373681
0.00373734
0.00373787
0.00373839
0.0037389
0.00373942
0.00373993
0.00374044
0.00374095
0.00374146
0.00374197
0.00374247
0.00374298
0.00374349
0.00374399
0.0037445
0.00374501
0.00374552
0.00374603
0.00374655
0.00374706
0.00374758
0.00374809
0.00374861
0.00374913
0.00374965
0.00375018
0.0037507
0.00375122
0.00375174
0.00375227
0.00375279
0.00375332
0.00375384
0.00375436
0.00375488
0.00375541
0.00375593
0.00375644
0.00375696
0.00375747
0.00375799
0.00375849
0.003759
0.00375951
0.00376001
0.00376051
0.003761
0.0037615
0.00376199
0.00376248
0.00376296
0.00376344
0.00376395
0.00376424
0.00110753
0.00188763
0.00231832
0.00252711
0.00263351
0.00269151
0.00272503
0.00274521
0.00275765
0.00276533
0.00276999
0.00277267
0.00277402
0.00277447
0.00277431
0.00277371
0.00277284
0.00277176
0.00277057
0.0027693
0.002768
0.00276668
0.00276538
0.0027641
0.00276285
0.00276164
0.00276049
0.00275938
0.00275832
0.00275733
0.00275638
0.0027555
0.00275467
0.0027539
0.00275318
0.00275253
0.00275192
0.00275138
0.00275088
0.00275044
0.00275006
0.00274972
0.00274944
0.00274921
0.00274902
0.00274888
0.00274877
0.00274871
0.00274869
0.00274869
0.00274873
0.0027488
0.00274889
0.002749
0.00274914
0.00274929
0.00274946
0.00274964
0.00274983
0.00275003
0.00275024
0.00275046
0.00275069
0.00275092
0.00275115
0.0027514
0.00275164
0.0027519
0.00275215
0.00275241
0.00275267
0.00275293
0.0027532
0.00275347
0.00275375
0.00275403
0.00275432
0.00275461
0.0027549
0.0027552
0.0027555
0.0027558
0.00275611
0.00275643
0.00275675
0.00275707
0.0027574
0.00275773
0.00275807
0.00275841
0.00275875
0.0027591
0.00275945
0.0027598
0.00276016
0.00276052
0.00276088
0.00276124
0.00276161
0.00276198
0.00276235
0.00276272
0.0027631
0.00276347
0.00276385
0.00276423
0.00276461
0.00276498
0.00276536
0.00276574
0.00276612
0.0027665
0.00276687
0.00276725
0.00276763
0.00276801
0.00276838
0.00276876
0.00276913
0.0027695
0.0027699
0.00277014
0.000940091
0.00154366
0.00179618
0.00189808
0.00194231
0.00196263
0.00197202
0.00197596
0.001977
0.00197642
0.00197493
0.00197293
0.00197066
0.00196827
0.00196583
0.00196342
0.00196106
0.00195877
0.00195657
0.00195447
0.00195247
0.00195056
0.00194876
0.00194704
0.00194543
0.0019439
0.00194246
0.0019411
0.00193982
0.00193862
0.00193749
0.00193644
0.00193545
0.00193452
0.00193366
0.00193285
0.00193211
0.00193142
0.00193078
0.0019302
0.00192966
0.00192918
0.00192874
0.00192834
0.00192799
0.00192768
0.0019274
0.00192716
0.00192696
0.00192678
0.00192663
0.00192651
0.00192642
0.00192634
0.00192629
0.00192625
0.00192624
0.00192623
0.00192625
0.00192627
0.00192631
0.00192635
0.00192641
0.00192648
0.00192656
0.00192664
0.00192674
0.00192684
0.00192694
0.00192706
0.00192718
0.0019273
0.00192744
0.00192758
0.00192772
0.00192787
0.00192803
0.0019282
0.00192837
0.00192854
0.00192872
0.00192891
0.0019291
0.0019293
0.0019295
0.00192971
0.00192992
0.00193014
0.00193036
0.00193059
0.00193082
0.00193106
0.0019313
0.00193154
0.00193179
0.00193204
0.00193229
0.00193255
0.00193281
0.00193307
0.00193334
0.00193361
0.00193388
0.00193415
0.00193442
0.0019347
0.00193498
0.00193525
0.00193553
0.00193581
0.0019361
0.00193638
0.00193666
0.00193694
0.00193723
0.00193751
0.0019378
0.00193808
0.00193836
0.00193864
0.00193894
0.00193914
0.00075892
0.00114997
0.00126545
0.00129943
0.00130899
0.00131025
0.00130839
0.00130531
0.00130181
0.00129822
0.00129471
0.00129135
0.00128818
0.00128519
0.00128239
0.00127977
0.00127732
0.00127503
0.0012729
0.0012709
0.00126903
0.00126728
0.00126564
0.00126411
0.00126267
0.00126133
0.00126006
0.00125888
0.00125777
0.00125673
0.00125576
0.00125484
0.00125399
0.00125319
0.00125244
0.00125174
0.00125109
0.00125048
0.00124992
0.00124939
0.00124891
0.00124846
0.00124805
0.00124767
0.00124732
0.00124701
0.00124672
0.00124646
0.00124623
0.00124602
0.00124583
0.00124566
0.00124551
0.00124538
0.00124527
0.00124517
0.00124509
0.00124502
0.00124496
0.00124492
0.00124489
0.00124487
0.00124485
0.00124485
0.00124486
0.00124487
0.00124489
0.00124492
0.00124496
0.00124501
0.00124506
0.00124511
0.00124518
0.00124525
0.00124533
0.00124541
0.0012455
0.00124559
0.00124569
0.0012458
0.00124591
0.00124603
0.00124615
0.00124627
0.00124641
0.00124654
0.00124668
0.00124683
0.00124697
0.00124713
0.00124728
0.00124744
0.00124761
0.00124778
0.00124795
0.00124812
0.0012483
0.00124848
0.00124866
0.00124885
0.00124904
0.00124923
0.00124942
0.00124962
0.00124981
0.00125001
0.00125021
0.00125041
0.00125062
0.00125082
0.00125103
0.00125123
0.00125144
0.00125165
0.00125185
0.00125206
0.00125227
0.00125248
0.00125268
0.00125289
0.0012531
0.00125327
0.000560691
0.000737105
0.000763632
0.000763607
0.000759028
0.000753908
0.000749091
0.000744734
0.000740829
0.00073733
0.000734186
0.000731348
0.000728778
0.00072644
0.000724305
0.000722349
0.000720551
0.000718895
0.000717366
0.00071595
0.000714637
0.000713417
0.000712282
0.000711224
0.000710238
0.000709317
0.000708456
0.000707651
0.000706898
0.000706193
0.000705532
0.000704914
0.000704334
0.000703792
0.000703284
0.000702808
0.000702363
0.000701948
0.000701559
0.000701197
0.00070086
0.000700546
0.000700254
0.000699984
0.000699733
0.000699502
0.000699289
0.000699093
0.000698913
0.000698749
0.000698599
0.000698462
0.000698339
0.000698227
0.000698127
0.000698038
0.000697959
0.000697889
0.000697829
0.000697777
0.000697734
0.000697698
0.00069767
0.000697649
0.000697635
0.000697627
0.000697625
0.00069763
0.00069764
0.000697655
0.000697676
0.000697702
0.000697733
0.000697769
0.00069781
0.000697856
0.000697905
0.00069796
0.000698018
0.000698081
0.000698147
0.000698217
0.000698292
0.000698369
0.000698451
0.000698535
0.000698623
0.000698715
0.000698809
0.000698907
0.000699007
0.00069911
0.000699216
0.000699325
0.000699436
0.00069955
0.000699666
0.000699784
0.000699905
0.000700027
0.000700152
0.000700278
0.000700406
0.000700536
0.000700667
0.0007008
0.000700934
0.000701069
0.000701205
0.000701343
0.000701481
0.000701619
0.000701758
0.000701898
0.000702038
0.000702178
0.000702318
0.000702458
0.000702597
0.000702736
0.000702874
0.000702998
0.000284746
0.000272336
0.000264576
0.000259339
0.000255518
0.000252566
0.000250187
0.00024821
0.000246532
0.000245084
0.000243818
0.000242699
0.000241702
0.000240807
0.000239998
0.000239264
0.000238594
0.000237981
0.000237417
0.000236898
0.000236419
0.000235975
0.000235563
0.00023518
0.000234824
0.000234491
0.000234182
0.000233892
0.000233621
0.000233368
0.000233131
0.000232909
0.000232701
0.000232506
0.000232324
0.000232152
0.000231992
0.000231842
0.000231701
0.000231569
0.000231446
0.000231331
0.000231223
0.000231123
0.00023103
0.000230943
0.000230862
0.000230787
0.000230718
0.000230654
0.000230595
0.000230541
0.000230491
0.000230446
0.000230404
0.000230367
0.000230334
0.000230304
0.000230278
0.000230255
0.000230235
0.000230218
0.000230204
0.000230193
0.000230184
0.000230179
0.000230175
0.000230175
0.000230176
0.00023018
0.000230186
0.000230194
0.000230204
0.000230216
0.00023023
0.000230246
0.000230264
0.000230283
0.000230304
0.000230327
0.000230351
0.000230377
0.000230405
0.000230434
0.000230464
0.000230496
0.000230529
0.000230564
0.000230599
0.000230636
0.000230675
0.000230714
0.000230755
0.000230796
0.000230839
0.000230883
0.000230928
0.000230973
0.00023102
0.000231068
0.000231116
0.000231165
0.000231215
0.000231266
0.000231318
0.00023137
0.000231423
0.000231476
0.00023153
0.000231584
0.000231639
0.000231694
0.000231749
0.000231805
0.00023186
0.000231916
0.000231972
0.000232028
0.000232083
0.000232139
0.000232192
0.000232247
)
;

boundaryField
{
    lowerWall
    {
        type            nutkWallFunction;
        Cmu             0.09;
        kappa           0.41;
        E               9.8;
        value           nonuniform List<scalar> 
122
(
3.38542e-05
3.22344e-05
3.12155e-05
3.05252e-05
3.00205e-05
2.96299e-05
2.93146e-05
2.90524e-05
2.88296e-05
2.86371e-05
2.84688e-05
2.83199e-05
2.81871e-05
2.80679e-05
2.79601e-05
2.78622e-05
2.77729e-05
2.76911e-05
2.76159e-05
2.75466e-05
2.74825e-05
2.74232e-05
2.73682e-05
2.7317e-05
2.72694e-05
2.7225e-05
2.71836e-05
2.71449e-05
2.71087e-05
2.70748e-05
2.70431e-05
2.70134e-05
2.69856e-05
2.69595e-05
2.6935e-05
2.69121e-05
2.68906e-05
2.68705e-05
2.68516e-05
2.6834e-05
2.68174e-05
2.6802e-05
2.67876e-05
2.67741e-05
2.67616e-05
2.67499e-05
2.6739e-05
2.67289e-05
2.67196e-05
2.6711e-05
2.6703e-05
2.66957e-05
2.6689e-05
2.66828e-05
2.66773e-05
2.66722e-05
2.66677e-05
2.66637e-05
2.66601e-05
2.6657e-05
2.66543e-05
2.6652e-05
2.66501e-05
2.66486e-05
2.66474e-05
2.66467e-05
2.66462e-05
2.66461e-05
2.66463e-05
2.66469e-05
2.66477e-05
2.66488e-05
2.66502e-05
2.66519e-05
2.66538e-05
2.6656e-05
2.66585e-05
2.66611e-05
2.66641e-05
2.66672e-05
2.66706e-05
2.66742e-05
2.6678e-05
2.66819e-05
2.66861e-05
2.66905e-05
2.66951e-05
2.66998e-05
2.67048e-05
2.67099e-05
2.67151e-05
2.67206e-05
2.67262e-05
2.67319e-05
2.67378e-05
2.67438e-05
2.675e-05
2.67563e-05
2.67628e-05
2.67693e-05
2.6776e-05
2.67828e-05
2.67897e-05
2.67968e-05
2.68039e-05
2.68111e-05
2.68184e-05
2.68257e-05
2.68332e-05
2.68407e-05
2.68482e-05
2.68558e-05
2.68634e-05
2.68711e-05
2.68788e-05
2.68865e-05
2.68942e-05
2.69019e-05
2.69096e-05
2.69173e-05
2.69247e-05
2.69322e-05
)
;
    }
    upperWall
    {
        type            nutkWallFunction;
        Cmu             0.09;
        kappa           0.41;
        E               9.8;
        value           nonuniform List<scalar> 
122
(
3.36526e-05
3.20374e-05
3.10226e-05
3.03355e-05
2.98333e-05
2.94446e-05
2.91308e-05
2.88699e-05
2.86481e-05
2.84567e-05
2.82891e-05
2.8141e-05
2.80089e-05
2.78902e-05
2.77829e-05
2.76855e-05
2.75966e-05
2.75152e-05
2.74404e-05
2.73714e-05
2.73077e-05
2.72486e-05
2.71939e-05
2.7143e-05
2.70956e-05
2.70514e-05
2.70102e-05
2.69716e-05
2.69356e-05
2.69019e-05
2.68704e-05
2.68408e-05
2.68131e-05
2.67871e-05
2.67628e-05
2.674e-05
2.67186e-05
2.66986e-05
2.66798e-05
2.66623e-05
2.66458e-05
2.66305e-05
2.66161e-05
2.66027e-05
2.65902e-05
2.65786e-05
2.65678e-05
2.65578e-05
2.65485e-05
2.65399e-05
2.6532e-05
2.65248e-05
2.65181e-05
2.6512e-05
2.65065e-05
2.65015e-05
2.6497e-05
2.6493e-05
2.64894e-05
2.64863e-05
2.64836e-05
2.64814e-05
2.64795e-05
2.6478e-05
2.64769e-05
2.64761e-05
2.64757e-05
2.64756e-05
2.64758e-05
2.64763e-05
2.64771e-05
2.64782e-05
2.64796e-05
2.64813e-05
2.64832e-05
2.64853e-05
2.64878e-05
2.64904e-05
2.64933e-05
2.64964e-05
2.64998e-05
2.65033e-05
2.65071e-05
2.6511e-05
2.65152e-05
2.65195e-05
2.65241e-05
2.65288e-05
2.65337e-05
2.65387e-05
2.65439e-05
2.65493e-05
2.65549e-05
2.65606e-05
2.65664e-05
2.65724e-05
2.65785e-05
2.65848e-05
2.65912e-05
2.65977e-05
2.66043e-05
2.6611e-05
2.66179e-05
2.66249e-05
2.66319e-05
2.66391e-05
2.66463e-05
2.66536e-05
2.6661e-05
2.66684e-05
2.66759e-05
2.66835e-05
2.6691e-05
2.66987e-05
2.67063e-05
2.67139e-05
2.67216e-05
2.67293e-05
2.67369e-05
2.67445e-05
2.67519e-05
2.67594e-05
)
;
    }
    inlet
    {
        type            calculated;
        value           uniform 0.0366503;
    }
    outlet
    {
        type            calculated;
        value           nonuniform List<scalar> 
60
(
0.000233548
0.000707042
0.00126052
0.00195038
0.00278618
0.00378595
0.00497317
0.00637586
0.0080264
0.00996142
0.0122218
0.0148526
0.017902
0.0214209
0.0254607
0.0300705
0.0352922
0.0411542
0.0476615
0.0547814
0.0624244
0.0704182
0.0784729
0.0861387
0.0927558
0.0974118
0.098952
0.0962361
0.0894038
0.0833208
0.0832007
0.0891704
0.0959705
0.098669
0.0971189
0.092461
0.0858493
0.078195
0.0701562
0.0621812
0.0545587
0.0474598
0.0409734
0.0351316
0.029929
0.0253372
0.021314
0.0178102
0.0147746
0.0121562
0.00990693
0.00798176
0.00633993
0.00494485
0.00376424
0.00277014
0.00193914
0.00125327
0.000702998
0.000232247
)
;
    }
    frontAndBack
    {
        type            empty;
    }
}


// ************************************************************************* //
