/*--------------------------------*- C++ -*----------------------------------*\
  =========                 |
  \\      /  F ield         | OpenFOAM: The Open Source CFD Toolbox
   \\    /   O peration     | Website:  https://openfoam.org
    \\  /    A nd           | Version:  8
     \\/     M anipulation  |
\*---------------------------------------------------------------------------*/
FoamFile
{
    version     2.0;
    format      ascii;
    class       volScalarField;
    location    "800";
    object      epsilon;
}
// * * * * * * * * * * * * * * * * * * * * * * * * * * * * * * * * * * * * * //

dimensions      [0 2 -3 0 0 0 0];

internalField   nonuniform List<scalar> 
7320
(
11607.3
10157.7
9314.43
8772.21
8390.2
8102.79
7875.93
7690.7
7535.77
7403.76
7289.61
7189.73
7101.46
7022.84
6952.31
6888.69
6831
6778.46
6730.43
6686.38
6645.85
6608.48
6573.93
6541.93
6512.24
6484.64
6458.97
6435.04
6412.73
6391.9
6372.45
6354.26
6337.25
6321.34
6306.45
6292.52
6279.48
6267.29
6255.87
6245.21
6235.23
6225.92
6217.23
6209.13
6201.59
6194.58
6188.07
6182.04
6176.46
6171.32
6166.59
6162.26
6158.3
6154.71
6151.46
6148.54
6145.94
6143.63
6141.62
6139.88
6138.41
6137.19
6136.21
6135.45
6134.91
6134.59
6134.46
6134.52
6134.76
6135.18
6135.77
6136.53
6137.44
6138.51
6139.73
6141.1
6142.61
6144.27
6146.07
6148.02
6150.11
6152.34
6154.71
6157.22
6159.87
6162.67
6165.6
6168.67
6171.89
6175.24
6178.73
6182.35
6186.11
6190.01
6194.03
6198.18
6202.46
6206.86
6211.37
6216.01
6220.75
6225.6
6230.55
6235.59
6240.72
6245.94
6251.23
6256.58
6262
6267.47
6272.99
6278.54
6284.11
6289.71
6295.3
6300.9
6306.48
6312.04
6317.56
6323.04
6328.32
6333.66
3749.32
3919.37
3598.69
3368.86
3210.19
3093.2
3002.11
2928.43
2867.18
2815.25
2770.5
2731.45
2697.02
2666.41
2638.99
2614.29
2591.92
2571.56
2552.97
2535.93
2520.26
2505.82
2492.48
2480.12
2468.66
2458.02
2448.11
2438.89
2430.29
2422.26
2414.76
2407.75
2401.19
2395.06
2389.33
2383.96
2378.93
2374.23
2369.83
2365.72
2361.88
2358.28
2354.93
2351.81
2348.89
2346.19
2343.67
2341.34
2339.18
2337.19
2335.36
2333.68
2332.14
2330.75
2329.48
2328.34
2327.32
2326.42
2325.63
2324.94
2324.36
2323.87
2323.48
2323.17
2322.95
2322.81
2322.75
2322.76
2322.84
2322.99
2323.21
2323.49
2323.84
2324.25
2324.71
2325.23
2325.81
2326.45
2327.14
2327.88
2328.68
2329.53
2330.43
2331.39
2332.39
2333.45
2334.56
2335.72
2336.93
2338.19
2339.5
2340.86
2342.26
2343.71
2345.21
2346.75
2348.33
2349.96
2351.63
2353.34
2355.08
2356.86
2358.68
2360.52
2362.4
2364.31
2366.24
2368.19
2370.16
2372.15
2374.16
2376.17
2378.2
2380.22
2382.25
2384.28
2386.3
2388.31
2390.31
2392.29
2394.21
2396.14
1528.99
1989.05
1884.98
1770.23
1685.89
1623.05
1574.14
1534.67
1501.95
1474.25
1450.43
1429.67
1411.39
1395.16
1380.63
1367.55
1355.71
1344.94
1335.11
1326.11
1317.83
1310.2
1303.16
1296.64
1290.59
1284.98
1279.75
1274.89
1270.35
1266.12
1262.16
1258.47
1255.01
1251.78
1248.75
1245.92
1243.27
1240.79
1238.47
1236.31
1234.28
1232.38
1230.61
1228.97
1227.43
1226
1224.67
1223.44
1222.3
1221.25
1220.28
1219.39
1218.57
1217.83
1217.16
1216.56
1216.02
1215.54
1215.12
1214.75
1214.44
1214.18
1213.97
1213.81
1213.69
1213.61
1213.57
1213.57
1213.6
1213.68
1213.78
1213.92
1214.09
1214.29
1214.52
1214.78
1215.06
1215.38
1215.72
1216.09
1216.48
1216.9
1217.35
1217.82
1218.32
1218.85
1219.4
1219.98
1220.58
1221.21
1221.87
1222.55
1223.26
1223.99
1224.75
1225.53
1226.34
1227.17
1228.03
1228.91
1229.81
1230.73
1231.67
1232.64
1233.62
1234.62
1235.64
1236.67
1237.72
1238.78
1239.85
1240.94
1242.03
1243.13
1244.23
1245.33
1246.44
1247.55
1248.65
1249.75
1250.83
1251.9
720.941
1168.15
1165.72
1105.65
1054.38
1014.75
983.61
958.429
937.557
919.91
904.751
891.558
879.953
869.656
860.45
852.168
844.676
837.868
831.656
825.967
820.741
815.927
811.482
807.369
803.556
800.014
796.721
793.654
790.795
788.127
785.635
783.306
781.129
779.092
777.187
775.403
773.734
772.172
770.71
769.343
768.064
766.87
765.754
764.714
763.744
762.841
762.002
761.224
760.504
759.838
759.225
758.662
758.147
757.678
757.252
756.869
756.525
756.221
755.952
755.719
755.52
755.352
755.215
755.106
755.025
754.97
754.94
754.932
754.947
754.982
755.038
755.113
755.207
755.318
755.447
755.593
755.754
755.932
756.126
756.336
756.562
756.804
757.061
757.335
757.624
757.931
758.254
758.593
758.95
759.323
759.714
760.123
760.548
760.992
761.453
761.931
762.427
762.941
763.472
764.02
764.584
765.165
765.762
766.374
767.001
767.643
768.299
768.968
769.648
770.341
771.044
771.756
772.477
773.206
773.941
774.681
775.425
776.172
776.921
777.669
778.406
779.14
358.82
725.629
779.829
754.392
722.982
696.536
675.147
657.664
643.11
630.786
620.195
610.98
602.879
595.694
589.274
583.502
578.284
573.544
569.221
565.264
561.63
558.284
555.195
552.337
549.689
547.229
544.943
542.813
540.829
538.977
537.247
535.631
534.12
532.707
531.384
530.146
528.987
527.903
526.888
525.938
525.05
524.22
523.445
522.722
522.047
521.419
520.835
520.293
519.791
519.328
518.9
518.507
518.147
517.819
517.521
517.253
517.012
516.797
516.608
516.444
516.302
516.182
516.083
516.003
515.942
515.898
515.87
515.858
515.86
515.876
515.905
515.947
516
516.065
516.141
516.228
516.326
516.434
516.552
516.681
516.821
516.971
517.132
517.305
517.489
517.685
517.892
518.112
518.345
518.59
518.848
519.12
519.404
519.703
520.015
520.341
520.681
521.035
521.403
521.784
522.179
522.588
523.01
523.444
523.891
524.351
524.822
525.304
525.797
526.3
526.813
527.334
527.864
528.4
528.943
529.492
530.045
530.602
531.161
531.721
532.277
532.828
180.95
454.606
539.365
539.228
522.289
504.944
489.985
477.422
466.83
457.801
450.016
443.23
437.258
431.96
427.226
422.969
419.121
415.626
412.44
409.523
406.846
404.381
402.106
400.001
398.051
396.241
394.557
392.99
391.529
390.166
388.893
387.704
386.592
385.551
384.577
383.666
382.813
382.014
381.266
380.567
379.913
379.301
378.729
378.196
377.698
377.234
376.803
376.402
376.031
375.688
375.371
375.08
374.813
374.569
374.348
374.148
373.968
373.808
373.666
373.542
373.434
373.342
373.265
373.203
373.153
373.116
373.09
373.075
373.07
373.074
373.087
373.11
373.14
373.178
373.224
373.277
373.338
373.407
373.482
373.566
373.657
373.756
373.863
373.979
374.103
374.237
374.38
374.532
374.695
374.867
375.05
375.244
375.449
375.665
375.892
376.13
376.38
376.641
376.914
377.198
377.494
377.801
378.119
378.448
378.787
379.137
379.497
379.866
380.244
380.632
381.027
381.43
381.84
382.256
382.678
383.105
383.536
383.97
384.407
384.845
385.282
385.713
91.0616
278.177
374.321
393.387
388.302
378.207
368.135
359.167
351.387
344.653
338.793
333.658
329.123
325.091
321.482
318.234
315.297
312.628
310.193
307.964
305.918
304.034
302.295
300.686
299.195
297.811
296.524
295.326
294.209
293.167
292.194
291.284
290.434
289.638
288.893
288.195
287.542
286.931
286.359
285.823
285.321
284.853
284.414
284.005
283.623
283.267
282.936
282.628
282.343
282.078
281.834
281.61
281.403
281.215
281.044
280.888
280.748
280.623
280.512
280.415
280.329
280.256
280.194
280.142
280.1
280.067
280.043
280.026
280.017
280.015
280.019
280.029
280.046
280.068
280.096
280.129
280.168
280.213
280.263
280.319
280.382
280.45
280.525
280.606
280.695
280.791
280.894
281.006
281.125
281.253
281.389
281.535
281.689
281.853
282.026
282.208
282.4
282.602
282.813
283.034
283.264
283.504
283.753
284.011
284.278
284.553
284.837
285.129
285.429
285.735
286.049
286.369
286.694
287.025
287.361
287.7
288.043
288.389
288.737
289.086
289.434
289.777
46.0967
162.189
254.261
286.985
292.083
288.344
282.427
276.399
270.841
265.871
261.463
257.553
254.072
250.96
248.165
245.642
243.355
241.274
239.374
237.632
236.033
234.559
233.198
231.938
230.77
229.686
228.677
227.738
226.862
226.045
225.281
224.568
223.9
223.275
222.69
222.142
221.629
221.149
220.699
220.278
219.883
219.514
219.169
218.847
218.546
218.265
218.003
217.76
217.534
217.325
217.132
216.954
216.79
216.641
216.504
216.38
216.268
216.168
216.078
215.999
215.929
215.869
215.817
215.773
215.737
215.708
215.685
215.668
215.657
215.65
215.649
215.653
215.661
215.673
215.69
215.711
215.737
215.767
215.801
215.841
215.885
215.934
215.988
216.048
216.114
216.185
216.263
216.348
216.439
216.537
216.643
216.755
216.876
217.004
217.14
217.284
217.435
217.595
217.763
217.939
218.122
218.314
218.513
218.719
218.933
219.154
219.382
219.616
219.856
220.103
220.355
220.612
220.873
221.139
221.409
221.681
221.956
222.234
222.512
222.792
223.071
223.344
24.139
88.6484
164.986
205.253
218.887
220.976
218.885
215.492
211.862
208.378
205.161
202.236
199.59
197.197
195.031
193.064
191.273
189.637
188.14
186.765
185.499
184.331
183.252
182.251
181.323
180.461
179.658
178.91
178.212
177.561
176.952
176.382
175.849
175.35
174.883
174.445
174.035
173.65
173.29
172.953
172.637
172.341
172.064
171.805
171.564
171.338
171.128
170.932
170.75
170.582
170.426
170.282
170.149
170.028
169.917
169.816
169.725
169.642
169.569
169.503
169.445
169.395
169.351
169.313
169.282
169.255
169.234
169.218
169.206
169.197
169.193
169.193
169.196
169.202
169.212
169.226
169.243
169.264
169.288
169.316
169.348
169.385
169.426
169.471
169.521
169.576
169.637
169.703
169.774
169.852
169.935
170.025
170.12
170.223
170.331
170.447
170.568
170.697
170.832
170.974
171.122
171.276
171.437
171.604
171.777
171.956
172.14
172.329
172.524
172.723
172.926
173.134
173.345
173.559
173.777
173.996
174.217
174.44
174.664
174.887
175.111
175.33
13.5084
45.5623
99.8141
140.768
160.687
168.047
169.612
168.74
166.918
164.789
162.633
160.564
158.629
156.839
155.192
153.678
152.288
151.01
149.834
148.749
147.746
146.819
145.959
145.161
144.42
143.729
143.086
142.486
141.925
141.401
140.911
140.452
140.022
139.62
139.243
138.889
138.557
138.246
137.955
137.681
137.425
137.185
136.961
136.751
136.554
136.371
136.2
136.04
135.892
135.754
135.627
135.509
135.4
135.301
135.209
135.126
135.051
134.982
134.921
134.866
134.817
134.774
134.737
134.704
134.677
134.653
134.634
134.619
134.606
134.598
134.592
134.589
134.589
134.592
134.598
134.607
134.618
134.633
134.651
134.672
134.696
134.724
134.755
134.79
134.829
134.873
134.921
134.973
135.03
135.092
135.159
135.231
135.308
135.39
135.478
135.572
135.67
135.775
135.884
135.999
136.119
136.245
136.375
136.511
136.651
136.796
136.945
137.099
137.256
137.418
137.582
137.75
137.92
138.093
138.268
138.445
138.623
138.802
138.981
139.16
139.339
139.513
8.23297
22.8776
55.2867
90.2281
113.178
124.85
129.856
131.463
131.425
130.618
129.473
128.204
126.919
125.67
124.481
123.362
122.317
121.343
120.436
119.594
118.81
118.08
117.401
116.769
116.178
115.627
115.113
114.631
114.181
113.759
113.364
112.994
112.647
112.321
112.016
111.729
111.46
111.207
110.97
110.747
110.539
110.343
110.16
109.988
109.828
109.677
109.537
109.406
109.285
109.172
109.067
108.97
108.88
108.798
108.722
108.653
108.59
108.533
108.481
108.435
108.394
108.358
108.326
108.298
108.273
108.253
108.235
108.221
108.21
108.201
108.195
108.191
108.189
108.19
108.194
108.199
108.207
108.218
108.231
108.247
108.266
108.287
108.312
108.339
108.371
108.405
108.444
108.486
108.532
108.581
108.636
108.694
108.756
108.823
108.895
108.971
109.051
109.135
109.224
109.318
109.416
109.518
109.624
109.734
109.848
109.965
110.087
110.211
110.339
110.469
110.602
110.738
110.875
111.015
111.155
111.297
111.44
111.584
111.727
111.87
112.013
112.152
5.47937
11.9932
28.2309
52.6649
74.495
88.7635
96.7042
100.69
102.44
102.969
102.841
102.365
101.714
100.983
100.226
99.4735
98.7429
98.0428
97.3776
96.7488
96.1563
95.5991
95.0758
94.5845
94.1235
93.6909
93.2848
92.9036
92.5457
92.2096
91.8938
91.5971
91.3182
91.0561
90.8097
90.5781
90.3604
90.1557
89.9634
89.7827
89.613
89.4537
89.3043
89.1642
89.033
88.9101
88.7953
88.6881
88.5882
88.4952
88.4089
88.3289
88.2549
88.1867
88.1241
88.0667
88.0144
87.9668
87.9238
87.885
87.8503
87.8194
87.7921
87.7681
87.7473
87.7293
87.7141
87.7014
87.691
87.6829
87.6767
87.6726
87.6704
87.6703
87.6721
87.6758
87.6817
87.6896
87.6996
87.7119
87.7265
87.7435
87.7631
87.7853
87.8103
87.8382
87.8691
87.903
87.9403
87.9808
88.0247
88.072
88.1229
88.1773
88.2353
88.297
88.3622
88.4311
88.5035
88.5795
88.6589
88.7418
88.8279
88.9173
89.0097
89.1051
89.2032
89.304
89.4072
89.5126
89.6201
89.7294
89.8402
89.9524
90.0656
90.1796
90.2941
90.4088
90.5234
90.6376
90.7515
90.8624
3.95841
6.92866
14.0447
27.7128
44.4801
58.7408
68.535
74.555
78.0226
79.9011
80.8188
81.1603
81.1575
80.9504
80.6246
80.2329
79.8081
79.3708
78.9339
78.5054
78.0901
77.6909
77.3093
76.9458
76.6006
76.2734
75.9636
75.6707
75.3939
75.1325
74.8858
74.6529
74.4332
74.2259
74.0305
73.8463
73.6726
73.509
73.3549
73.2099
73.0734
72.9451
72.8245
72.7112
72.605
72.5054
72.4122
72.325
72.2437
72.1679
72.0974
72.0319
71.9714
71.9155
71.864
71.8168
71.7736
71.7343
71.6987
71.6665
71.6376
71.6118
71.5889
71.5688
71.5511
71.5359
71.5229
71.512
71.503
71.4959
71.4904
71.4866
71.4844
71.4838
71.4849
71.4876
71.492
71.4981
71.506
71.5158
71.5274
71.5411
71.5569
71.5749
71.5951
71.6177
71.6428
71.6704
71.7007
71.7336
71.7693
71.8078
71.8492
71.8935
71.9407
71.9908
72.0439
72.0998
72.1587
72.2203
72.2848
72.352
72.4219
72.4943
72.5692
72.6464
72.7257
72.8072
72.8905
72.9756
73.0622
73.1502
73.2394
73.3295
73.4204
73.5117
73.6033
73.695
73.7864
73.8774
73.9681
74.0566
3.07723
4.48267
7.4297
13.6627
23.6765
35.0257
44.8492
52.0825
56.9685
60.1185
62.0853
63.271
63.946
64.2875
64.4108
64.3915
64.2795
64.1082
63.8999
63.6698
63.4282
63.1824
62.937
62.6954
62.4598
62.2316
62.0117
61.8007
61.5987
61.4059
61.2221
61.0473
60.8811
60.7234
60.5738
60.4321
60.2979
60.171
60.051
59.9377
59.8307
59.7298
59.6348
59.5453
59.4612
59.3822
59.3081
59.2387
59.1739
59.1133
59.0569
59.0045
58.9559
58.9109
58.8695
58.8315
58.7966
58.7649
58.736
58.71
58.6866
58.6656
58.647
58.6306
58.6163
58.6039
58.5933
58.5844
58.5771
58.5714
58.567
58.564
58.5622
58.5618
58.5627
58.565
58.5686
58.5737
58.5802
58.5882
58.5978
58.6091
58.622
58.6368
58.6534
58.6719
58.6924
58.715
58.7397
58.7666
58.7957
58.8271
58.8608
58.8969
58.9353
58.976
59.0191
59.0646
59.1123
59.1623
59.2146
59.2691
59.3256
59.3842
59.4447
59.5071
59.5712
59.6369
59.7041
59.7726
59.8423
59.913
59.9846
60.0569
60.1297
60.2028
60.276
60.3491
60.422
60.4944
60.5665
60.637
2.55068
3.21778
4.43832
6.94254
11.6103
18.4647
26.1707
33.1843
38.7612
42.8701
45.7762
47.7853
49.1524
50.0674
50.6656
51.0415
51.2609
51.37
51.4011
51.3772
51.3148
51.2258
51.1186
50.9996
50.8734
50.7434
50.6119
50.4809
50.3516
50.225
50.1018
49.9825
49.8673
49.7566
49.6503
49.5486
49.4515
49.3589
49.2708
49.187
49.1074
49.0321
48.9607
48.8933
48.8297
48.7698
48.7134
48.6604
48.6108
48.5644
48.5211
48.4808
48.4433
48.4087
48.3767
48.3473
48.3204
48.2959
48.2737
48.2536
48.2355
48.2194
48.2051
48.1926
48.1817
48.1723
48.1644
48.1579
48.1526
48.1486
48.1457
48.1439
48.143
48.1433
48.1445
48.1469
48.1504
48.155
48.1607
48.1677
48.176
48.1856
48.1965
48.2089
48.2227
48.2381
48.2552
48.2738
48.2942
48.3163
48.3402
48.3659
48.3935
48.4229
48.4542
48.4874
48.5224
48.5594
48.5981
48.6387
48.6811
48.7252
48.7709
48.8183
48.8672
48.9175
48.9692
49.0221
49.0762
49.1313
49.1873
49.244
49.3014
49.3593
49.4175
49.4759
49.5343
49.5925
49.6504
49.7079
49.7651
49.8213
2.23299
2.5213
3.02004
3.97831
5.81132
8.95327
13.4245
18.6064
23.6547
28.0086
31.4918
34.1618
36.1611
37.6393
38.7238
39.5144
40.0865
40.4959
40.7841
40.9815
41.1107
41.1886
41.2279
41.238
41.2264
41.1984
41.1584
41.1096
41.0547
40.9954
40.9335
40.87
40.806
40.7421
40.6789
40.6169
40.5563
40.4975
40.4405
40.3857
40.333
40.2825
40.2342
40.1882
40.1445
40.1031
40.0639
40.0269
39.9921
39.9595
39.9289
39.9004
39.8739
39.8494
39.8268
39.806
39.787
39.7697
39.7541
39.7401
39.7276
39.7165
39.7068
39.6984
39.6913
39.6853
39.6804
39.6765
39.6737
39.6717
39.6707
39.6706
39.6712
39.6725
39.6747
39.6777
39.6815
39.6862
39.6919
39.6984
39.706
39.7146
39.7242
39.735
39.7469
39.7601
39.7745
39.7902
39.8073
39.8257
39.8456
39.8668
39.8896
39.9138
39.9395
39.9666
39.9953
40.0254
40.057
40.09
40.1244
40.1601
40.1972
40.2355
40.275
40.3156
40.3572
40.3998
40.4433
40.4876
40.5325
40.578
40.6239
40.6702
40.7166
40.7632
40.8096
40.8559
40.9018
40.9473
40.9926
41.0373
2.04415
2.12289
2.29752
2.64296
3.30166
4.4877
6.42603
9.18516
12.5445
16.0848
19.4152
22.3108
24.7067
26.6315
28.1526
29.344
30.2729
30.9955
31.5567
31.9918
32.3282
32.5874
32.7857
32.936
33.0484
33.1307
33.1891
33.2286
33.253
33.2653
33.2683
33.2638
33.2534
33.2386
33.2203
33.1995
33.1768
33.1528
33.1281
33.1029
33.0777
33.0527
33.028
33.0039
32.9806
32.958
32.9363
32.9156
32.896
32.8774
32.8599
32.8435
32.8283
32.8141
32.8012
32.7893
32.7786
32.7689
32.7603
32.7528
32.7462
32.7406
32.736
32.7322
32.7292
32.7271
32.7257
32.725
32.7251
32.7257
32.7271
32.729
32.7316
32.7346
32.7382
32.7424
32.7472
32.7526
32.7586
32.7654
32.7729
32.7811
32.7902
32.8001
32.8109
32.8226
32.8353
32.849
32.8637
32.8794
32.8963
32.9142
32.9333
32.9535
32.9748
32.9973
33.021
33.0457
33.0716
33.0986
33.1267
33.1558
33.186
33.2171
33.2491
33.2819
33.3155
33.3499
33.3849
33.4205
33.4565
33.4929
33.5297
33.5666
33.6036
33.6406
33.6775
33.7141
33.7504
33.7863
33.822
33.8575
1.93662
1.89378
1.9091
1.99887
2.20581
2.60135
3.28857
4.38475
5.96585
7.99812
10.3235
12.7231
15.0051
17.0512
18.8156
20.3
21.5307
22.5425
23.3709
24.0479
24.6009
25.053
25.4228
25.7255
25.9736
26.1769
26.3435
26.4799
26.5915
26.6825
26.7565
26.8165
26.8647
26.9033
26.9338
26.9576
26.9759
26.9896
26.9995
27.0063
27.0106
27.0128
27.0134
27.0127
27.0111
27.0086
27.0057
27.0024
26.9989
26.9953
26.9918
26.9884
26.9852
26.9824
26.9798
26.9777
26.9759
26.9746
26.9738
26.9734
26.9735
26.9741
26.9751
26.9766
26.9785
26.9808
26.9836
26.9867
26.9903
26.9942
26.9985
27.0031
27.0082
27.0135
27.0192
27.0252
27.0315
27.0382
27.0454
27.053
27.061
27.0696
27.0788
27.0886
27.099
27.11
27.1218
27.1342
27.1474
27.1614
27.1762
27.1918
27.2083
27.2256
27.2438
27.2628
27.2827
27.3034
27.325
27.3473
27.3705
27.3945
27.4193
27.4447
27.4708
27.4976
27.5249
27.5527
27.581
27.6096
27.6386
27.6678
27.6972
27.7267
27.7561
27.7855
27.8147
27.8437
27.8723
27.9005
27.9284
27.9564
1.87971
1.76618
1.6969
1.6702
1.69599
1.79455
1.99808
2.35263
2.91532
3.74022
4.85282
6.22679
7.78258
9.41177
11.0108
12.5043
13.8504
15.0348
16.0607
16.9406
17.6911
18.3291
18.8711
19.3314
19.7227
20.0558
20.3398
20.5824
20.79
20.968
21.121
21.2527
21.3662
21.4643
21.5492
21.6228
21.6868
21.7424
21.7909
21.8332
21.8703
21.9029
21.9315
21.9568
21.9792
21.9992
22.017
22.033
22.0474
22.0606
22.0726
22.0837
22.094
22.1037
22.1129
22.1217
22.1301
22.1383
22.1463
22.1542
22.1619
22.1696
22.1773
22.185
22.1926
22.2004
22.2081
22.2159
22.2237
22.2317
22.2397
22.2478
22.2559
22.2643
22.2727
22.2812
22.2898
22.2986
22.3075
22.3166
22.326
22.3357
22.3457
22.3561
22.3668
22.378
22.3896
22.4017
22.4143
22.4274
22.4411
22.4553
22.4701
22.4855
22.5016
22.5182
22.5354
22.5533
22.5717
22.5907
22.6103
22.6304
22.6511
22.6723
22.6939
22.7159
22.7384
22.7611
22.7842
22.8074
22.8309
22.8544
22.8781
22.9017
22.9252
22.9485
22.9716
22.9945
23.0169
23.0389
23.0607
23.0827
1.85262
1.70013
1.58443
1.50014
1.44691
1.42874
1.45383
1.53512
1.69135
1.94726
2.33147
2.87025
3.57781
4.44717
5.44734
6.52935
7.63811
8.72432
9.75159
10.698
11.554
12.3183
12.995
13.5909
14.114
14.5724
14.974
15.3259
15.6346
15.9057
16.1442
16.3544
16.5401
16.7043
16.85
16.9795
17.0948
17.1977
17.2898
17.3725
17.4468
17.5138
17.5743
17.6291
17.679
17.7244
17.7659
17.8039
17.8389
17.8712
17.9011
17.9288
17.9547
17.9789
18.0016
18.0231
18.0433
18.0626
18.0809
18.0985
18.1153
18.1314
18.147
18.1621
18.1767
18.1909
18.2048
18.2182
18.2314
18.2443
18.257
18.2695
18.2817
18.2938
18.3058
18.3177
18.3294
18.341
18.3526
18.3641
18.3756
18.3871
18.3988
18.4105
18.4225
18.4346
18.4469
18.4594
18.4723
18.4854
18.4988
18.5126
18.5267
18.5412
18.5561
18.5713
18.587
18.603
18.6194
18.6361
18.6532
18.6707
18.6885
18.7066
18.7249
18.7435
18.7623
18.7813
18.8004
18.8196
18.8389
18.8581
18.8773
18.8964
18.9152
18.9339
18.9523
18.9703
18.9879
19.0051
19.022
19.0392
1.84139
1.6697
1.52946
1.4157
1.32537
1.25752
1.21298
1.19428
1.2059
1.25453
1.3495
1.50277
1.72823
2.03963
2.44734
2.95456
3.55469
4.23102
4.95936
5.71237
6.46405
7.19312
7.88439
8.52869
9.1217
9.66265
10.153
10.5957
10.9943
11.3526
11.6744
11.9636
12.2235
12.4574
12.668
12.858
13.0296
13.1849
13.3256
13.4534
13.5697
13.6757
13.7726
13.8612
13.9425
14.0172
14.0861
14.1496
14.2084
14.2629
14.3135
14.3607
14.4048
14.446
14.4846
14.521
14.5553
14.5876
14.6183
14.6474
14.675
14.7014
14.7265
14.7506
14.7737
14.7958
14.8171
14.8376
14.8574
14.8766
14.8951
14.9131
14.9305
14.9475
14.964
14.9802
14.996
15.0114
15.0266
15.0414
15.056
15.0703
15.0845
15.0986
15.1126
15.1265
15.1404
15.1544
15.1683
15.1824
15.1965
15.2108
15.2251
15.2396
15.2543
15.2692
15.2842
15.2994
15.3147
15.3303
15.346
15.3618
15.3778
15.3939
15.4102
15.4264
15.4428
15.4591
15.4755
15.4918
15.508
15.5241
15.54
15.5556
15.5711
15.5862
15.6009
15.6153
15.6292
15.6427
15.6558
15.6692
1.83747
1.65774
1.50597
1.37779
1.26982
1.17973
1.10613
1.0485
1.0071
0.982967
0.978021
0.995182
1.03851
1.11327
1.22579
1.383
1.59157
1.8566
2.1803
2.56083
2.992
3.4637
3.96324
4.47698
4.99199
5.49723
5.98422
6.44713
6.88244
7.28853
7.66513
8.01289
8.33305
8.6272
8.89711
9.14461
9.37153
9.57963
9.77058
9.94593
10.1071
10.2554
10.3921
10.5181
10.6345
10.7422
10.842
10.9346
11.0207
11.1008
11.1755
11.2453
11.3106
11.3718
11.4292
11.4832
11.534
11.582
11.6273
11.6703
11.7109
11.7496
11.7863
11.8213
11.8547
11.8866
11.9171
11.9463
11.9743
12.0012
12.027
12.0519
12.0759
12.0991
12.1214
12.1431
12.1641
12.1845
12.2043
12.2236
12.2423
12.2606
12.2784
12.2958
12.3129
12.3297
12.3462
12.3625
12.3786
12.3945
12.4103
12.426
12.4416
12.4571
12.4726
12.488
12.5034
12.5188
12.5342
12.5495
12.5648
12.5801
12.5953
12.6105
12.6256
12.6406
12.6556
12.6703
12.685
12.6994
12.7136
12.7276
12.7413
12.7546
12.7676
12.7802
12.7924
12.8041
12.8153
12.826
12.8364
12.8468
1.83635
1.65389
1.49762
1.36332
1.24761
1.14783
1.062
0.988661
0.926848
0.875995
0.835924
0.806832
0.789309
0.784375
0.793528
0.818789
0.862716
0.928351
1.01906
1.13827
1.28904
1.47355
1.69265
1.94546
2.22922
2.53944
2.87029
3.21516
3.56728
3.92031
4.26872
4.60806
4.93502
5.24734
5.54368
5.8234
6.08641
6.33298
6.56365
6.7791
6.98013
7.16758
7.34233
7.50524
7.65716
7.79889
7.9312
8.05481
8.17038
8.27855
8.37987
8.47489
8.56409
8.64792
8.72679
8.80109
8.87117
8.93734
8.99991
9.05914
9.11527
9.16853
9.21913
9.26725
9.31307
9.35674
9.39841
9.43821
9.47627
9.5127
9.5476
9.58108
9.61322
9.64412
9.67384
9.70246
9.73007
9.75671
9.78247
9.80739
9.83153
9.85494
9.87763
9.89962
9.92098
9.94176
9.96201
9.98178
10.0011
10.02
10.0386
10.0568
10.0746
10.0922
10.1095
10.1266
10.1434
10.16
10.1764
10.1925
10.2085
10.2242
10.2397
10.2549
10.27
10.2847
10.2992
10.3134
10.3273
10.3409
10.3541
10.3669
10.3794
10.3914
10.4029
10.4139
10.4244
10.4344
10.4438
10.4526
10.461
10.4694
1.8361
1.6529
1.49526
1.35888
1.24033
1.13688
1.04634
0.966998
0.8975
0.836801
0.784121
0.738903
0.700795
0.66963
0.645428
0.628393
0.618928
0.617651
0.625408
0.643286
0.672608
0.714903
0.771843
0.845141
0.936407
1.04697
1.17771
1.32885
1.49987
1.68946
1.89555
2.11545
2.34602
2.58391
2.82576
3.06842
3.30912
3.54551
3.77573
3.99839
4.21254
4.41758
4.61322
4.79938
4.97614
5.14372
5.30238
5.45248
5.59439
5.72851
5.85524
5.97499
6.08818
6.1952
6.29643
6.39223
6.48296
6.56894
6.65047
6.72785
6.80133
6.87117
6.9376
7.00083
7.06106
7.11849
7.17328
7.22561
7.27561
7.32344
7.36922
7.41307
7.45511
7.49545
7.53417
7.57139
7.60718
7.64163
7.67482
7.70682
7.7377
7.76753
7.79638
7.82429
7.8513
7.8774
7.90268
7.92718
7.95097
7.97407
7.99655
8.01842
8.03973
8.06051
8.08079
8.10058
8.1199
8.13878
8.15723
8.17525
8.19285
8.21003
8.2268
8.24316
8.25908
8.27458
8.28963
8.30424
8.31837
8.33201
8.34516
8.35778
8.36985
8.38137
8.3923
8.40262
8.41232
8.42136
8.42975
8.43746
8.44467
8.45177
1.83605
1.6527
1.49473
1.35782
1.23848
1.13393
1.04192
0.960651
0.888632
0.82467
0.767793
0.717216
0.672311
0.632587
0.597667
0.567277
0.541239
0.519467
0.501959
0.488804
0.480185
0.476377
0.477764
0.484832
0.498176
0.518492
0.546563
0.583231
0.629359
0.685782
0.753241
0.832318
0.923369
1.02647
1.14136
1.26745
1.40383
1.54927
1.70234
1.86143
2.02486
2.19096
2.35813
2.52492
2.69004
2.85242
3.0112
3.1657
3.31545
3.46011
3.5995
3.73352
3.86218
3.98552
4.10364
4.21668
4.32478
4.42813
4.52689
4.62125
4.71141
4.79755
4.87987
4.95856
5.03379
5.10574
5.17459
5.2405
5.30362
5.3641
5.42207
5.47766
5.531
5.58221
5.63139
5.67864
5.72406
5.76776
5.80981
5.85031
5.88933
5.92696
5.96326
5.99832
6.03218
6.06493
6.09659
6.12719
6.15674
6.18533
6.213
6.23979
6.26575
6.29092
6.31532
6.339
6.36196
6.38425
6.40586
6.42683
6.44716
6.46685
6.48592
6.50437
6.52219
6.53939
6.55596
6.57188
6.58717
6.60179
6.61575
6.62902
6.6416
6.65347
6.66461
6.67502
6.68468
6.69358
6.7017
6.70906
6.7158
6.72226
1.83603
1.65264
1.49462
1.3576
1.23811
1.13332
1.04098
0.959246
0.886595
0.821781
0.76377
0.711705
0.664871
0.622675
0.584622
0.550304
0.519386
0.491594
0.466712
0.444572
0.425055
0.408081
0.393614
0.381659
0.372259
0.365503
0.36152
0.360489
0.362632
0.368221
0.377575
0.391057
0.409065
0.432026
0.460379
0.49456
0.534977
0.581988
0.635878
0.696829
0.764908
0.840041
0.922014
1.01047
1.1049
1.2047
1.30914
1.41744
1.52877
1.64228
1.75715
1.87259
1.98789
2.10238
2.21553
2.32684
2.43596
2.54256
2.64645
2.74745
2.84547
2.94046
3.03239
3.12129
3.20719
3.29013
3.37018
3.44739
3.52186
3.59365
3.66285
3.72954
3.7938
3.85572
3.91539
3.9729
4.02832
4.08175
4.13327
4.18296
4.23089
4.27715
4.32181
4.36493
4.40659
4.44685
4.48576
4.5234
4.5598
4.59499
4.62898
4.66181
4.69352
4.72416
4.75378
4.7824
4.81005
4.83677
4.86258
4.88748
4.91151
4.93468
4.95699
4.97846
4.99908
5.01886
5.0378
5.0559
5.07316
5.08957
5.10512
5.11981
5.13364
5.1466
5.15867
5.16987
5.18018
5.1896
5.19812
5.20577
5.21269
5.21915
1.83602
1.65261
1.49457
1.35754
1.23801
1.13319
1.0408
0.958995
0.886239
0.821274
0.763051
0.710688
0.663449
0.620708
0.581938
0.54669
0.514581
0.485287
0.45853
0.434076
0.411723
0.391305
0.372681
0.355736
0.340378
0.326535
0.314157
0.30321
0.293681
0.285572
0.278905
0.273723
0.270083
0.268068
0.267776
0.26933
0.272873
0.278569
0.2866
0.297167
0.310483
0.326773
0.346263
0.369176
0.395724
0.426099
0.460464
0.498941
0.541609
0.588492
0.639552
0.694695
0.75376
0.816527
0.882722
0.952021
1.02406
1.09844
1.17475
1.25258
1.33149
1.41109
1.49098
1.57081
1.65025
1.72902
1.80685
1.88355
1.95893
2.03285
2.1052
2.17591
2.24492
2.31218
2.3777
2.44145
2.50344
2.5637
2.62223
2.67907
2.73424
2.78778
2.83971
2.89007
2.9389
2.98622
3.03208
3.07651
3.11955
3.16124
3.20161
3.2407
3.27852
3.31505
3.35032
3.38436
3.41721
3.44889
3.47943
3.50884
3.53714
3.56436
3.59049
3.61555
3.63955
3.66248
3.68437
3.7052
3.72499
3.74374
3.76144
3.7781
3.79372
3.80831
3.82187
3.83441
3.84592
3.85644
3.86595
3.87449
3.88218
3.88925
1.83602
1.65258
1.49453
1.35749
1.23795
1.13313
1.04073
0.958918
0.886153
0.821175
0.76293
0.710534
0.663244
0.620428
0.581551
0.546153
0.513841
0.484276
0.457165
0.432255
0.409327
0.388188
0.368672
0.350636
0.333951
0.31851
0.304216
0.290989
0.278758
0.267465
0.25706
0.247503
0.238763
0.230816
0.223648
0.217252
0.211627
0.206783
0.202736
0.199511
0.19714
0.195665
0.195138
0.195619
0.197177
0.199891
0.203849
0.209148
0.215891
0.224188
0.234154
0.245907
0.259563
0.275239
0.293043
0.313077
0.335429
0.360174
0.387365
0.417036
0.449197
0.483832
0.520899
0.560329
0.602025
0.645867
0.69171
0.739389
0.788723
0.839513
0.891554
0.944634
0.998536
1.05305
1.10796
1.16308
1.21822
1.27319
1.32784
1.38202
1.43561
1.48848
1.54056
1.59174
1.64197
1.69118
1.73935
1.78642
1.83238
1.8772
1.92089
1.96342
2.00479
2.04502
2.08409
2.12199
2.15868
2.19414
2.22839
2.26143
2.29326
2.32387
2.35329
2.3815
2.40851
2.43432
2.45894
2.48238
2.50463
2.52572
2.54564
2.56442
2.58205
2.59857
2.61398
2.6283
2.64155
2.65376
2.66494
2.67513
2.68442
2.69301
1.83601
1.65256
1.4945
1.35744
1.2379
1.13307
1.04068
0.958862
0.886097
0.821119
0.762874
0.710479
0.663188
0.620369
0.581486
0.546077
0.513746
0.484154
0.457003
0.432037
0.409031
0.387791
0.368143
0.349936
0.333036
0.317326
0.302702
0.28907
0.276348
0.264464
0.253353
0.242957
0.233225
0.224112
0.215578
0.207589
0.200113
0.193125
0.186603
0.180527
0.174883
0.169658
0.164845
0.160438
0.156435
0.152837
0.149649
0.146879
0.144537
0.142639
0.141203
0.140252
0.139811
0.139912
0.140587
0.141877
0.143823
0.146472
0.149874
0.154083
0.159153
0.165145
0.172118
0.180133
0.18925
0.199529
0.211026
0.223795
0.237884
0.253335
0.270183
0.288452
0.308161
0.329314
0.351904
0.375915
0.401316
0.428064
0.456104
0.48537
0.515783
0.547256
0.579691
0.612983
0.647022
0.681689
0.716867
0.752434
0.788267
0.824248
0.860259
0.896187
0.931924
0.967369
1.00243
1.03702
1.07107
1.10452
1.13726
1.16924
1.2004
1.23069
1.26009
1.28855
1.31607
1.34262
1.36819
1.39278
1.41639
1.43902
1.46068
1.48137
1.50111
1.5199
1.53778
1.55474
1.57082
1.58602
1.60038
1.6139
1.62665
1.63871
1.83601
1.65254
1.49448
1.35742
1.23787
1.13304
1.04064
0.958826
0.886061
0.821083
0.762838
0.710444
0.663153
0.620336
0.581454
0.546046
0.513716
0.484124
0.456972
0.432004
0.408994
0.387747
0.368088
0.349865
0.332945
0.317207
0.302545
0.288866
0.276084
0.264125
0.25292
0.24241
0.232539
0.223258
0.214524
0.206295
0.198537
0.191216
0.184303
0.177772
0.171597
0.165758
0.160235
0.155011
0.150069
0.145397
0.140981
0.136812
0.132879
0.129176
0.125696
0.122433
0.119385
0.116549
0.113924
0.11151
0.109309
0.107324
0.105559
0.104021
0.102718
0.101657
0.10085
0.10031
0.10005
0.100086
0.100436
0.101121
0.102161
0.10358
0.105402
0.107655
0.110367
0.113566
0.117284
0.121551
0.1264
0.131862
0.137968
0.144748
0.152233
0.160448
0.16942
0.179168
0.189712
0.201066
0.213239
0.226235
0.240053
0.254686
0.270122
0.286342
0.30332
0.321028
0.339428
0.35848
0.37814
0.398357
0.419084
0.44027
0.461853
0.483769
0.50595
0.528333
0.55085
0.573439
0.596036
0.618581
0.641015
0.663284
0.685335
0.70712
0.728594
0.749716
0.770447
0.790755
0.810608
0.829981
0.848849
0.867194
0.885003
0.902239
1.83601
1.65254
1.49448
1.35742
1.23787
1.13304
1.04064
0.958826
0.886061
0.821083
0.762838
0.710444
0.663153
0.620336
0.581454
0.546046
0.513716
0.484124
0.456972
0.432004
0.408994
0.387747
0.368088
0.349865
0.332945
0.317207
0.302545
0.288866
0.276084
0.264125
0.25292
0.24241
0.232539
0.223258
0.214524
0.206296
0.198538
0.191217
0.184304
0.177773
0.171599
0.16576
0.160237
0.155013
0.150072
0.1454
0.140984
0.136815
0.132883
0.129181
0.125701
0.122439
0.119392
0.116557
0.113933
0.11152
0.10932
0.107336
0.105573
0.104037
0.102735
0.101676
0.100872
0.100333
0.100076
0.100115
0.100468
0.101156
0.102199
0.103622
0.105448
0.107705
0.110421
0.113625
0.117347
0.12162
0.126473
0.13194
0.138051
0.144837
0.152326
0.160547
0.169522
0.179275
0.189822
0.201179
0.213353
0.226349
0.240167
0.254798
0.27023
0.286445
0.303417
0.321116
0.339507
0.358548
0.378195
0.398398
0.41911
0.440281
0.461849
0.483749
0.505916
0.528285
0.55079
0.573369
0.595959
0.6185
0.640933
0.663204
0.685262
0.707058
0.728548
0.74969
0.770446
0.790783
0.810671
0.830083
0.848994
0.867387
0.885248
0.902539
1.83601
1.65256
1.4945
1.35744
1.2379
1.13307
1.04068
0.958862
0.886097
0.821119
0.762874
0.710479
0.663188
0.62037
0.581486
0.546077
0.513746
0.484154
0.457003
0.432037
0.409032
0.387791
0.368143
0.349936
0.333037
0.317327
0.302703
0.289071
0.27635
0.264467
0.253356
0.242961
0.23323
0.224118
0.215585
0.207597
0.200123
0.193138
0.186617
0.180544
0.174903
0.169682
0.164872
0.16047
0.156472
0.152879
0.149698
0.146934
0.144601
0.142712
0.141286
0.140346
0.139918
0.140032
0.140723
0.14203
0.143995
0.146665
0.15009
0.154323
0.159422
0.165443
0.172448
0.180497
0.189651
0.199969
0.211508
0.22432
0.238455
0.253953
0.27085
0.28917
0.30893
0.330136
0.352779
0.376843
0.402297
0.429096
0.457187
0.486501
0.516961
0.548478
0.580953
0.614283
0.648354
0.683052
0.718255
0.753842
0.789692
0.825686
0.861705
0.897638
0.933377
0.968822
1.00388
1.03846
1.07251
1.10595
1.1387
1.17067
1.20183
1.23213
1.26153
1.29001
1.31754
1.34412
1.36972
1.39435
1.418
1.44068
1.4624
1.48316
1.50297
1.52185
1.53982
1.55688
1.57307
1.58838
1.60285
1.6165
1.62939
1.64158
1.83602
1.65258
1.49453
1.35749
1.23795
1.13313
1.04073
0.958918
0.886153
0.821175
0.76293
0.710535
0.663244
0.620429
0.581551
0.546154
0.513842
0.484277
0.457167
0.432258
0.40933
0.388192
0.368678
0.350643
0.33396
0.318521
0.30423
0.291006
0.27878
0.267491
0.257092
0.247542
0.238809
0.230871
0.223714
0.21733
0.211719
0.206891
0.202862
0.199657
0.197309
0.195862
0.195365
0.19588
0.197477
0.200234
0.204241
0.209594
0.216397
0.224761
0.2348
0.246633
0.260376
0.276145
0.294049
0.31419
0.336655
0.361518
0.388832
0.418631
0.450922
0.48569
0.522891
0.562455
0.604284
0.648257
0.694228
0.742032
0.791484
0.842388
0.894537
0.947716
1.00171
1.05631
1.1113
1.16649
1.22168
1.2767
1.33139
1.3856
1.43921
1.4921
1.54418
1.59537
1.64559
1.69479
1.74293
1.78998
1.83591
1.88071
1.92436
1.96685
2.00819
2.04839
2.08744
2.12531
2.16197
2.19742
2.23166
2.26469
2.29652
2.32716
2.35659
2.38484
2.41189
2.43776
2.46245
2.48596
2.50831
2.52949
2.54953
2.56843
2.58621
2.60287
2.61844
2.63293
2.64636
2.65876
2.67014
2.68053
2.69003
2.69883
1.83602
1.65261
1.49457
1.35754
1.23801
1.13319
1.0408
0.958996
0.88624
0.821275
0.763052
0.71069
0.663451
0.620712
0.581943
0.546697
0.514591
0.4853
0.458547
0.434097
0.411751
0.39134
0.372725
0.355791
0.340446
0.32662
0.31426
0.303335
0.293831
0.285752
0.279121
0.273979
0.270387
0.268426
0.268197
0.269824
0.27345
0.27924
0.287378
0.298066
0.311518
0.327959
0.347615
0.370711
0.397458
0.428047
0.46264
0.501358
0.544277
0.591418
0.642743
0.698152
0.757484
0.820514
0.886966
0.956512
1.02879
1.10339
1.17991
1.25793
1.33701
1.41677
1.4968
1.57675
1.6563
1.73516
1.81307
1.88983
1.96526
2.03922
2.11161
2.18233
2.25135
2.31862
2.38412
2.44785
2.50983
2.57005
2.62855
2.68534
2.74047
2.79395
2.84582
2.89611
2.94487
2.99212
3.03791
3.08227
3.12524
3.16685
3.20715
3.24617
3.28393
3.32039
3.35561
3.38961
3.42242
3.45408
3.4846
3.51401
3.54232
3.56956
3.59573
3.62084
3.64491
3.66793
3.68992
3.71087
3.73079
3.74969
3.76756
3.78441
3.80024
3.81505
3.82884
3.84163
3.85341
3.8642
3.874
3.88284
3.89083
3.89822
1.83603
1.65264
1.49462
1.35761
1.23811
1.13332
1.04099
0.95925
0.8866
0.821788
0.763781
0.71172
0.664891
0.622702
0.584658
0.550352
0.519448
0.491674
0.466814
0.444702
0.425217
0.408283
0.393863
0.381964
0.372631
0.365954
0.362065
0.361143
0.363415
0.369155
0.378685
0.392369
0.41061
0.433835
0.462486
0.496998
0.53778
0.585189
0.639504
0.700907
0.769455
0.84507
0.92753
1.01647
1.11137
1.21163
1.3165
1.42521
1.5369
1.65075
1.76591
1.88161
1.99712
2.1118
2.2251
2.33654
2.44574
2.55243
2.65636
2.7574
2.85544
2.95043
3.04237
3.13126
3.21713
3.30005
3.38006
3.45724
3.53166
3.6034
3.67255
3.73918
3.80337
3.86523
3.92482
3.98225
4.03759
4.09093
4.14235
4.19194
4.23977
4.28592
4.33047
4.37348
4.41502
4.45516
4.49396
4.53149
4.56778
4.60286
4.63675
4.66949
4.70111
4.73168
4.76123
4.7898
4.81741
4.84411
4.8699
4.89482
4.91888
4.94209
4.96447
4.98602
5.00676
5.02667
5.04577
5.06405
5.08151
5.09815
5.11396
5.12893
5.14305
5.15633
5.16874
5.1803
5.19099
5.2008
5.20973
5.2178
5.22515
5.23204
1.83605
1.6527
1.49473
1.35782
1.23849
1.13394
1.04194
0.960672
0.888663
0.824713
0.767852
0.717295
0.672418
0.632727
0.597848
0.567509
0.541536
0.519841
0.502429
0.48939
0.480911
0.477274
0.478865
0.486178
0.499814
0.520476
0.548952
0.58609
0.632756
0.689785
0.757917
0.837727
0.929562
1.03348
1.14921
1.27614
1.41334
1.55958
1.71338
1.87315
2.03718
2.20381
2.37143
2.53859
2.70402
2.86664
3.02559
3.18023
3.33006
3.47477
3.61418
3.74819
3.87682
4.00012
4.11818
4.23116
4.33919
4.44245
4.54113
4.63541
4.72548
4.81153
4.89376
4.97235
5.04748
5.11934
5.1881
5.25391
5.31693
5.37731
5.43518
5.49067
5.5439
5.59499
5.64405
5.69118
5.73647
5.78004
5.82195
5.86231
5.90119
5.93867
5.97482
6.00972
6.04344
6.07603
6.10755
6.13799
6.16741
6.19586
6.22341
6.25009
6.27595
6.30104
6.32537
6.349
6.37194
6.39421
6.41584
6.43685
6.45724
6.47703
6.49622
6.51482
6.53283
6.55024
6.56705
6.58326
6.59885
6.61382
6.62814
6.64182
6.65483
6.66716
6.67879
6.68971
6.6999
6.70935
6.71805
6.72599
6.73333
6.7404
1.8361
1.65291
1.49527
1.3589
1.24036
1.13692
1.04641
0.967098
0.897637
0.836986
0.784367
0.739227
0.701217
0.670177
0.646129
0.629287
0.620063
0.619085
0.627212
0.645545
0.675421
0.718385
0.776119
0.850345
0.942674
1.05443
1.18646
1.33896
1.51139
1.70239
1.90983
2.131
2.36273
2.60162
2.84433
3.08771
3.32897
3.56578
3.7963
4.01916
4.23343
4.43853
4.63416
4.82027
4.99695
5.16441
5.32294
5.4729
5.61465
5.7486
5.87516
5.99475
6.10777
6.21461
6.31568
6.41132
6.50189
6.58771
6.6691
6.74633
6.81967
6.88938
6.95567
7.01878
7.07889
7.13619
7.19086
7.24306
7.29294
7.34064
7.38629
7.43001
7.47191
7.5121
7.55068
7.58774
7.62337
7.65765
7.69067
7.72248
7.75318
7.78283
7.81148
7.8392
7.86602
7.89194
7.91703
7.94136
7.96498
7.98793
8.01026
8.03201
8.05322
8.07392
8.09413
8.11389
8.13322
8.15212
8.17063
8.18874
8.20648
8.22383
8.24081
8.25741
8.27363
8.28946
8.30489
8.3199
8.33449
8.34864
8.36232
8.37552
8.38822
8.40039
8.412
8.42304
8.43348
8.44329
8.45246
8.46098
8.46901
8.47693
1.83636
1.65391
1.49766
1.3634
1.24773
1.14801
1.06225
0.989009
0.927316
0.876617
0.836745
0.807909
0.790715
0.786204
0.795899
0.821852
0.866653
0.933377
1.02542
1.14622
1.29883
1.48541
1.70674
1.96185
2.24789
2.56029
2.89312
3.23972
3.59328
3.94745
4.29671
4.63666
4.964
5.27653
5.57294
5.85263
6.11552
6.36191
6.59235
6.80754
7.00829
7.19545
7.3699
7.53251
7.68412
7.82556
7.95758
8.08092
8.19622
8.30413
8.40521
8.49999
8.58896
8.67257
8.75124
8.82534
8.89523
8.96123
9.02362
9.08269
9.13867
9.19178
9.24224
9.29022
9.3359
9.37944
9.42098
9.46065
9.49857
9.53485
9.56961
9.60293
9.63491
9.66563
9.69517
9.72361
9.75101
9.77745
9.80299
9.82769
9.8516
9.87478
9.89723
9.91898
9.9401
9.96066
9.98069
10.0003
10.0194
10.0381
10.0565
10.0746
10.0924
10.1099
10.1272
10.1442
10.1611
10.1778
10.1943
10.2106
10.2268
10.2428
10.2586
10.2742
10.2897
10.305
10.32
10.3348
10.3494
10.3637
10.3777
10.3913
10.4046
10.4175
10.43
10.442
10.4535
10.4645
10.475
10.4849
10.4944
10.5039
1.8375
1.65781
1.50612
1.37805
1.2702
1.18027
1.10687
1.04951
1.00845
0.984782
0.980453
0.998438
1.04286
1.11906
1.23344
1.39298
1.60436
1.87266
2.19993
2.58419
3.019
3.49408
3.99655
4.51268
5.02952
5.53606
6.02388
6.48724
6.9227
7.32872
7.70509
8.0525
8.37224
8.66592
8.93532
9.1823
9.40871
9.6163
9.80676
9.98163
10.1423
10.2902
10.4264
10.5521
10.6681
10.7755
10.875
10.9672
11.053
11.1328
11.2073
11.2768
11.3418
11.4028
11.46
11.5138
11.5644
11.6122
11.6574
11.7002
11.7407
11.7792
11.8158
11.8507
11.8839
11.9157
11.946
11.9751
12.0029
12.0297
12.0553
12.0801
12.1038
12.1268
12.149
12.1704
12.1911
12.2113
12.2308
12.2498
12.2683
12.2862
12.3038
12.3209
12.3377
12.3542
12.3704
12.3865
12.4024
12.4181
12.4338
12.4493
12.4648
12.4803
12.4958
12.5113
12.5268
12.5424
12.558
12.5736
12.5893
12.605
12.6208
12.6365
12.6523
12.668
12.6838
12.6994
12.715
12.7304
12.7457
12.7608
12.7757
12.7903
12.8046
12.8185
12.8321
12.8452
12.8578
12.8699
12.8817
12.8937
1.84147
1.66992
1.52989
1.41637
1.32636
1.2589
1.21488
1.19691
1.20954
1.25958
1.35651
1.51247
1.74146
2.05731
2.47028
2.98331
3.58935
4.27125
5.00441
5.76123
6.51568
7.24653
7.93878
8.58342
9.17633
9.71685
10.2066
10.6485
11.0463
11.4037
11.7247
12.013
12.2721
12.5052
12.715
12.9043
13.0753
13.2299
13.3701
13.4973
13.6131
13.7187
13.8151
13.9033
13.9842
14.0585
14.127
14.1902
14.2487
14.3029
14.3533
14.4002
14.4441
14.4851
14.5235
14.5597
14.5938
14.626
14.6565
14.6854
14.7129
14.7391
14.7642
14.7881
14.811
14.833
14.8542
14.8746
14.8942
14.9132
14.9315
14.9493
14.9665
14.9832
14.9995
15.0153
15.0308
15.046
15.0608
15.0753
15.0895
15.1035
15.1173
15.131
15.1447
15.1583
15.1719
15.1856
15.1993
15.2131
15.2271
15.2412
15.2556
15.2701
15.2848
15.2998
15.3151
15.3306
15.3463
15.3623
15.3786
15.3951
15.4118
15.4288
15.4459
15.4633
15.4807
15.4983
15.5159
15.5336
15.5513
15.5689
15.5864
15.6037
15.6209
15.6378
15.6544
15.6706
15.6864
15.7017
15.7168
15.732
1.85285
1.70072
1.58546
1.5017
1.44916
1.43197
1.45847
1.54185
1.70114
1.96146
2.3517
2.89816
3.61465
4.49337
5.50231
6.59165
7.70585
8.79557
9.82472
10.7718
11.6275
12.391
13.0665
13.6611
14.1827
14.6397
15.0399
15.3905
15.6979
15.9679
16.2053
16.4145
16.5991
16.7625
16.9074
17.0361
17.1507
17.253
17.3446
17.4266
17.5004
17.5669
17.627
17.6815
17.7309
17.776
17.8172
17.8549
17.8896
17.9216
17.9512
17.9787
18.0044
18.0284
18.0509
18.0722
18.0923
18.1114
18.1296
18.147
18.1636
18.1797
18.1952
18.2101
18.2246
18.2387
18.2523
18.2657
18.2787
18.2914
18.3038
18.316
18.328
18.3398
18.3514
18.3629
18.3743
18.3855
18.3966
18.4077
18.4188
18.4299
18.4411
18.4524
18.4639
18.4757
18.4876
18.4999
18.5124
18.5254
18.5387
18.5523
18.5665
18.581
18.5961
18.6116
18.6276
18.6441
18.6611
18.6785
18.6965
18.7149
18.7337
18.753
18.7726
18.7927
18.813
18.8336
18.8545
18.8756
18.8968
18.9181
18.9394
18.9607
18.9818
19.0028
19.0236
19.044
19.064
19.0837
19.103
19.1226
1.88026
1.76748
1.69908
1.67351
1.70095
1.80207
2.00961
2.37039
2.94219
3.77923
4.90608
6.29451
7.86286
9.50137
11.1062
12.6024
13.9491
15.1326
16.1567
17.0345
17.7826
18.4184
18.9581
19.4163
19.8056
20.1369
20.4192
20.6603
20.8665
21.0433
21.1951
21.3258
21.4383
21.5356
21.6197
21.6925
21.7558
21.8108
21.8587
21.9005
21.9371
21.9692
21.9975
22.0224
22.0444
22.064
22.0815
22.0972
22.1114
22.1243
22.1361
22.147
22.1571
22.1666
22.1756
22.1842
22.1925
22.2006
22.2084
22.2162
22.2238
22.2314
22.2389
22.2465
22.254
22.2616
22.2691
22.2767
22.2844
22.2921
22.2998
22.3076
22.3154
22.3233
22.3314
22.3394
22.3476
22.3558
22.3642
22.3728
22.3817
22.3908
22.4003
22.4101
22.4204
22.4311
22.4423
22.454
22.4663
22.4792
22.4928
22.507
22.5219
22.5375
22.5538
22.5709
22.5887
22.6072
22.6265
22.6465
22.6673
22.6887
22.7109
22.7337
22.7571
22.781
22.8055
22.8305
22.8559
22.8816
22.9077
22.9339
22.9604
22.9868
23.0133
23.0397
23.0659
23.0918
23.1174
23.1425
23.1674
23.1924
1.9378
1.89636
1.91341
2.00574
2.21689
2.61955
3.31844
4.43183
6.03458
8.0893
10.4335
12.8459
15.1344
17.1824
18.9456
20.4273
21.6544
22.6625
23.4872
24.1607
24.7106
25.1597
25.5269
25.8273
26.0733
26.2747
26.4396
26.5745
26.6847
26.7745
26.8474
26.9063
26.9536
26.9913
27.0211
27.0442
27.0618
27.0749
27.0843
27.0906
27.0944
27.0962
27.0964
27.0953
27.0933
27.0906
27.0873
27.0837
27.0799
27.0761
27.0724
27.0688
27.0654
27.0624
27.0597
27.0574
27.0555
27.0541
27.0531
27.0527
27.0527
27.0531
27.054
27.0554
27.0571
27.0593
27.0619
27.0648
27.0681
27.0717
27.0757
27.0799
27.0845
27.0894
27.0945
27.0999
27.1057
27.1117
27.1182
27.1251
27.1326
27.1405
27.149
27.1581
27.1679
27.1784
27.1897
27.2017
27.2147
27.2285
27.2432
27.2588
27.2755
27.2931
27.3117
27.3314
27.3521
27.3739
27.3967
27.4205
27.4453
27.471
27.4978
27.5254
27.5539
27.5832
27.6132
27.644
27.6753
27.7072
27.7396
27.7723
27.8053
27.8385
27.8718
27.905
27.9382
27.9711
28.0036
28.0357
28.0676
28.0994
2.04645
2.12773
2.30595
2.65758
3.32772
4.53374
6.5018
9.29579
12.6862
16.2471
19.587
22.4842
24.877
26.7966
28.3117
29.4973
30.4207
31.1383
31.6951
32.1263
32.4594
32.7155
32.9112
33.0592
33.1695
33.25
33.3068
33.3447
33.3678
33.379
33.3808
33.3753
33.3641
33.3484
33.3294
33.3079
33.2846
33.26
33.2347
33.2091
33.1834
33.158
33.1329
33.1085
33.0847
33.0619
33.0399
33.0189
32.999
32.9802
32.9625
32.9459
32.9305
32.9162
32.9031
32.8911
32.8802
32.8704
32.8618
32.8541
32.8475
32.8418
32.837
32.8331
32.83
32.8276
32.826
32.8251
32.8248
32.8251
32.826
32.8275
32.8295
32.8319
32.8349
32.8383
32.8423
32.8469
32.8522
32.8581
32.8647
32.8721
32.8804
32.8895
32.8996
32.9106
32.9227
32.936
32.9503
32.9659
32.9827
33.0008
33.0202
33.0409
33.063
33.0864
33.1112
33.1374
33.165
33.1939
33.2241
33.2556
33.2884
33.3223
33.3575
33.3937
33.4309
33.469
33.508
33.5478
33.5882
33.6291
33.6705
33.7121
33.754
33.7959
33.8378
33.8794
33.9207
33.9616
34.0022
34.0424
2.23713
2.53016
3.03691
4.01133
5.87533
9.06502
13.589
18.8108
23.8791
28.2371
31.7155
34.377
36.3669
37.8362
38.9126
39.6962
40.2622
40.6664
40.9501
41.1436
41.2695
41.3445
41.3812
41.3891
41.3754
41.3456
41.304
41.2538
41.1976
41.1372
41.0742
41.0097
40.9448
40.8801
40.8162
40.7535
40.6923
40.6329
40.5754
40.52
40.4668
40.4159
40.3673
40.3209
40.2769
40.2351
40.1956
40.1583
40.1233
40.0904
40.0596
40.0309
40.0043
39.9796
39.9568
39.9359
39.9168
39.8994
39.8837
39.8696
39.857
39.8459
39.8361
39.8276
39.8202
39.814
39.8089
39.8047
39.8014
39.7991
39.7975
39.7967
39.7966
39.7972
39.7985
39.8006
39.8035
39.8072
39.8117
39.8172
39.8237
39.8312
39.8399
39.8497
39.8608
39.8731
39.8869
39.9021
39.9188
39.9371
39.9569
39.9785
40.0017
40.0266
40.0533
40.0818
40.1121
40.1441
40.1778
40.2133
40.2505
40.2894
40.3299
40.372
40.4155
40.4604
40.5067
40.5542
40.6028
40.6524
40.7029
40.7541
40.8059
40.8582
40.9108
40.9635
41.0163
41.0688
41.1211
41.1728
41.2242
41.2749
2.55791
3.23424
4.47415
7.02087
11.7607
18.6935
26.4515
33.4836
39.0574
43.1541
46.0457
48.041
49.396
50.3008
50.8904
51.259
51.4724
51.5763
51.603
51.5754
51.5097
51.4178
51.3082
51.187
51.0588
50.927
50.7939
50.6615
50.5309
50.4031
50.2788
50.1585
50.0425
49.9309
49.8239
49.7215
49.6238
49.5305
49.4418
49.3575
49.2775
49.2017
49.1299
49.0621
48.9981
48.9379
48.8812
48.8279
48.778
48.7313
48.6878
48.6473
48.6097
48.5749
48.5428
48.5133
48.4863
48.4617
48.4393
48.4192
48.4011
48.3849
48.3705
48.3578
48.3467
48.3371
48.3289
48.322
48.3162
48.3116
48.308
48.3054
48.3037
48.303
48.3032
48.3044
48.3066
48.3099
48.3144
48.32
48.3269
48.3352
48.3448
48.356
48.3688
48.3832
48.3994
48.4175
48.4374
48.4594
48.4834
48.5095
48.5377
48.5682
48.6009
48.6358
48.6729
48.7123
48.7539
48.7978
48.8438
48.8919
48.942
48.9942
49.0482
49.1041
49.1616
49.2207
49.2813
49.3432
49.4062
49.4702
49.535
49.6005
49.6664
49.7326
49.7988
49.865
49.9308
49.996
50.0609
50.1246
3.0897
4.51457
7.5105
13.8436
23.9762
35.3993
45.2416
52.4633
57.3279
60.4562
62.4041
63.5741
64.2364
64.5675
64.6822
64.6559
64.538
64.3617
64.1491
63.9153
63.6705
63.4218
63.1739
62.9301
62.6925
62.4625
62.241
62.0284
61.8251
61.631
61.4462
61.2703
61.1032
60.9446
60.7942
60.6517
60.5168
60.3893
60.2687
60.1548
60.0473
59.9459
59.8504
59.7605
59.676
59.5966
59.5222
59.4525
59.3873
59.3265
59.2698
59.2172
59.1684
59.1233
59.0817
59.0436
59.0087
58.9768
58.948
58.9219
58.8984
58.8774
58.8587
58.8421
58.8276
58.8149
58.8039
58.7945
58.7867
58.7802
58.775
58.7709
58.7681
58.7664
58.766
58.7668
58.7688
58.7723
58.7771
58.7834
58.7913
58.8009
58.8123
58.8255
58.8407
58.8581
58.8776
58.8994
58.9237
58.9504
58.9797
59.0116
59.0462
59.0835
59.1237
59.1666
59.2124
59.261
59.3124
59.3665
59.4234
59.483
59.5451
59.6097
59.6767
59.746
59.8175
59.891
59.9663
60.0433
60.1218
60.2016
60.2825
60.3643
60.4467
60.5296
60.6127
60.6957
60.7784
60.8605
60.9422
61.0221
3.9802
6.99437
14.2291
28.0769
44.9651
59.2527
69.0256
75.0123
78.4486
80.3017
81.1992
81.5248
81.5093
81.2921
80.9579
80.5593
80.1287
79.6864
79.2452
78.8129
78.3944
77.9922
77.6079
77.2421
76.8948
76.5657
76.2542
75.9596
75.6814
75.4186
75.1706
74.9366
74.7158
74.5076
74.3112
74.1262
73.9517
73.7874
73.6326
73.4869
73.3499
73.221
73.0998
72.9861
72.8794
72.7794
72.6858
72.5983
72.5166
72.4405
72.3697
72.3041
72.2433
72.1872
72.1356
72.0883
72.0451
72.0057
71.9701
71.9379
71.909
71.8831
71.8601
71.8398
71.8219
71.8064
71.7929
71.7814
71.7717
71.7637
71.7572
71.7521
71.7485
71.7464
71.7457
71.7466
71.749
71.753
71.7588
71.7664
71.7759
71.7875
71.8013
71.8173
71.8358
71.857
71.8808
71.9074
71.9371
71.9698
72.0056
72.0448
72.0873
72.1332
72.1826
72.2354
72.2918
72.3516
72.415
72.4818
72.552
72.6255
72.7023
72.7822
72.8652
72.951
73.0395
73.1306
73.2241
73.3197
73.4173
73.5165
73.6173
73.7192
73.8221
73.9257
74.0296
74.1335
74.2372
74.3404
74.4431
74.5433
5.51862
12.1358
28.618
53.2721
75.163
89.4015
97.2921
101.233
102.948
103.451
103.303
102.812
102.148
101.406
100.641
99.882
99.1454
98.4402
97.7705
97.1377
96.5417
95.9814
95.4551
94.9613
94.4979
94.0631
93.6551
93.2721
92.9126
92.5749
92.2577
91.9597
91.6796
91.4163
91.1689
90.9362
90.7176
90.5121
90.3189
90.1375
89.9671
89.8072
89.6571
89.5165
89.3847
89.2614
89.1461
89.0385
88.9382
88.8449
88.7582
88.678
88.6038
88.5354
88.4726
88.4152
88.3628
88.3152
88.2722
88.2334
88.1987
88.1678
88.1404
88.1163
88.0951
88.0768
88.061
88.0476
88.0364
88.0271
88.0197
88.014
88.0101
88.008
88.0077
88.0091
88.0125
88.0178
88.0251
88.0347
88.0465
88.0609
88.0779
88.0977
88.1204
88.1464
88.1756
88.2083
88.2447
88.2848
88.3288
88.3769
88.429
88.4854
88.546
88.6109
88.6801
88.7537
88.8316
88.9138
89.0003
89.0908
89.1855
89.284
89.3863
89.4923
89.6017
89.7143
89.83
89.9484
90.0694
90.1926
90.3177
90.4445
90.5726
90.7017
90.8314
90.9614
91.0913
91.2207
91.3497
91.4753
8.30684
23.1874
55.9835
91.0944
114.02
125.618
130.558
132.117
132.044
131.21
130.045
128.76
127.463
126.203
125.006
123.88
122.828
121.848
120.937
120.09
119.302
118.569
117.887
117.251
116.658
116.105
115.588
115.104
114.652
114.228
113.832
113.46
113.111
112.784
112.477
112.189
111.919
111.665
111.427
111.204
110.994
110.798
110.614
110.442
110.28
110.13
109.989
109.858
109.735
109.622
109.517
109.419
109.329
109.247
109.171
109.102
109.039
108.982
108.93
108.884
108.843
108.807
108.775
108.746
108.722
108.701
108.683
108.668
108.655
108.645
108.637
108.632
108.628
108.626
108.627
108.63
108.635
108.642
108.652
108.664
108.68
108.698
108.719
108.744
108.772
108.804
108.84
108.881
108.925
108.975
109.029
109.088
109.152
109.221
109.295
109.375
109.459
109.55
109.645
109.746
109.852
109.963
110.08
110.201
110.327
110.457
110.592
110.731
110.874
111.02
111.17
111.322
111.477
111.634
111.794
111.954
112.116
112.278
112.44
112.602
112.764
112.922
13.6539
46.1866
100.89
141.893
161.711
168.972
170.465
169.543
167.685
165.531
163.354
161.269
159.321
157.52
155.863
154.341
152.944
151.66
150.477
149.387
148.38
147.449
146.585
145.784
145.039
144.345
143.699
143.096
142.533
142.007
141.515
141.054
140.623
140.219
139.84
139.485
139.152
138.839
138.547
138.272
138.015
137.774
137.549
137.338
137.141
136.956
136.784
136.624
136.476
136.337
136.209
136.091
135.982
135.882
135.791
135.708
135.632
135.564
135.503
135.448
135.399
135.356
135.319
135.286
135.258
135.234
135.214
135.198
135.185
135.174
135.166
135.161
135.159
135.159
135.162
135.167
135.175
135.185
135.199
135.215
135.235
135.259
135.286
135.317
135.353
135.393
135.438
135.488
135.543
135.604
135.67
135.743
135.821
135.906
135.997
136.095
136.199
136.309
136.426
136.55
136.68
136.816
136.959
137.108
137.262
137.422
137.588
137.759
137.934
138.115
138.299
138.488
138.679
138.874
139.071
139.271
139.472
139.674
139.876
140.079
140.281
140.478
24.4338
89.7616
166.479
206.652
220.133
222.111
219.946
216.502
212.836
209.324
206.086
203.143
200.483
198.078
195.9
193.923
192.124
190.481
188.976
187.595
186.324
185.151
184.066
183.062
182.13
181.264
180.457
179.706
179.005
178.351
177.739
177.168
176.632
176.131
175.662
175.222
174.81
174.424
174.063
173.724
173.407
173.109
172.832
172.572
172.329
172.103
171.891
171.695
171.512
171.343
171.187
171.042
170.909
170.788
170.677
170.576
170.484
170.402
170.328
170.263
170.205
170.155
170.111
170.073
170.041
170.015
169.993
169.975
169.962
169.952
169.945
169.942
169.942
169.945
169.951
169.961
169.973
169.989
170.008
170.031
170.058
170.089
170.124
170.165
170.21
170.261
170.318
170.38
170.449
170.525
170.607
170.697
170.794
170.898
171.01
171.13
171.258
171.394
171.537
171.689
171.848
172.015
172.19
172.372
172.562
172.758
172.962
173.171
173.387
173.609
173.836
174.068
174.305
174.545
174.789
175.036
175.285
175.536
175.788
176.041
176.293
176.54
46.6901
163.957
256.213
288.718
293.63
289.774
283.781
277.7
272.104
267.103
262.671
258.74
255.242
252.116
249.307
246.772
244.475
242.385
240.476
238.727
237.12
235.639
234.272
233.007
231.834
230.745
229.732
228.789
227.909
227.088
226.321
225.604
224.934
224.306
223.719
223.169
222.654
222.171
221.719
221.296
220.9
220.529
220.183
219.859
219.557
219.275
219.012
218.768
218.541
218.331
218.137
217.959
217.795
217.644
217.508
217.383
217.272
217.171
217.082
217.003
216.933
216.873
216.822
216.778
216.741
216.712
216.688
216.67
216.657
216.649
216.645
216.646
216.65
216.659
216.671
216.687
216.707
216.731
216.76
216.792
216.83
216.872
216.92
216.974
217.034
217.1
217.173
217.253
217.34
217.436
217.54
217.652
217.773
217.903
218.042
218.191
218.349
218.516
218.693
218.88
219.076
219.281
219.496
219.72
219.953
220.195
220.444
220.702
220.968
221.241
221.52
221.806
222.098
222.394
222.696
223.001
223.309
223.62
223.933
224.247
224.561
224.868
92.208
280.768
376.825
395.574
390.283
380.065
369.912
360.886
353.062
346.293
340.404
335.243
330.687
326.636
323.011
319.748
316.797
314.116
311.67
309.431
307.376
305.483
303.736
302.12
300.623
299.232
297.94
296.736
295.614
294.567
293.59
292.676
291.822
291.022
290.274
289.573
288.918
288.303
287.728
287.19
286.687
286.216
285.776
285.364
284.981
284.623
284.291
283.981
283.695
283.429
283.184
282.959
282.752
282.563
282.391
282.236
282.096
281.971
281.86
281.763
281.678
281.605
281.543
281.491
281.449
281.416
281.391
281.373
281.362
281.358
281.359
281.366
281.379
281.396
281.419
281.447
281.479
281.517
281.56
281.609
281.663
281.724
281.791
281.865
281.946
282.035
282.132
282.238
282.353
282.477
282.611
282.755
282.909
283.074
283.25
283.437
283.635
283.845
284.066
284.299
284.543
284.798
285.065
285.342
285.63
285.929
286.238
286.557
286.885
287.222
287.567
287.92
288.28
288.647
289.019
289.397
289.779
290.165
290.553
290.942
291.332
291.715
183.056
458.245
542.617
542.087
524.925
507.445
492.394
479.763
469.116
460.043
452.22
445.402
439.403
434.08
429.323
425.046
421.181
417.67
414.468
411.538
408.848
406.372
404.086
401.972
400.013
398.194
396.503
394.928
393.46
392.091
390.812
389.617
388.5
387.454
386.476
385.561
384.703
383.901
383.15
382.447
381.79
381.175
380.601
380.065
379.565
379.099
378.666
378.264
377.891
377.546
377.228
376.935
376.667
376.423
376.201
376.001
375.821
375.66
375.519
375.395
375.288
375.196
375.12
375.057
375.007
374.97
374.943
374.927
374.921
374.923
374.933
374.952
374.978
375.011
375.051
375.098
375.152
375.213
375.28
375.355
375.438
375.528
375.626
375.733
375.849
375.974
376.109
376.255
376.412
376.579
376.759
376.95
377.154
377.371
377.6
377.843
378.099
378.369
378.652
378.949
379.26
379.584
379.921
380.271
380.634
381.009
381.397
381.796
382.207
382.628
383.059
383.499
383.948
384.405
384.869
385.34
385.815
386.295
386.778
387.264
387.748
388.226
362.553
730.72
784.22
758.32
726.657
700.051
678.548
660.977
646.352
633.968
623.326
614.067
605.927
598.708
592.258
586.458
581.215
576.452
572.108
568.132
564.48
561.118
558.014
555.143
552.481
550.01
547.712
545.573
543.578
541.717
539.98
538.356
536.837
535.417
534.088
532.844
531.679
530.59
529.57
528.616
527.723
526.889
526.11
525.384
524.706
524.075
523.488
522.944
522.44
521.973
521.544
521.149
520.788
520.459
520.16
519.891
519.649
519.435
519.246
519.082
518.94
518.821
518.722
518.642
518.581
518.537
518.509
518.496
518.497
518.511
518.537
518.575
518.624
518.684
518.754
518.834
518.924
519.023
519.133
519.253
519.383
519.524
519.675
519.838
520.012
520.199
520.398
520.611
520.836
521.076
521.33
521.599
521.883
522.182
522.497
522.828
523.175
523.537
523.916
524.312
524.723
525.15
525.592
526.051
526.524
527.011
527.513
528.029
528.557
529.098
529.65
530.214
530.786
531.368
531.958
532.555
533.158
533.766
534.377
534.99
535.599
536.204
727.535
1175.53
1172.05
1111.42
1059.84
1020
988.702
963.396
942.421
924.688
909.454
896.195
884.534
874.185
864.934
856.61
849.082
842.239
835.996
830.279
825.027
820.189
815.721
811.587
807.755
804.196
800.886
797.803
794.93
792.248
789.744
787.404
785.215
783.168
781.253
779.46
777.783
776.213
774.743
773.369
772.084
770.884
769.763
768.717
767.743
766.835
765.992
765.21
764.486
763.818
763.202
762.636
762.119
761.648
761.221
760.836
760.492
760.186
759.918
759.685
759.486
759.318
759.181
759.073
758.992
758.937
758.906
758.898
758.911
758.945
758.998
759.069
759.158
759.265
759.387
759.526
759.68
759.85
760.035
760.235
760.451
760.683
760.931
761.194
761.475
761.772
762.087
762.419
762.77
763.139
763.526
763.933
764.359
764.805
765.27
765.755
766.26
766.785
767.33
767.894
768.477
769.08
769.701
770.341
770.998
771.672
772.362
773.069
773.789
774.524
775.271
776.03
776.8
777.579
778.366
779.159
779.958
780.761
781.566
782.371
783.166
783.959
1541.16
2000.71
1895.11
1779.62
1694.82
1631.66
1582.51
1542.85
1509.96
1482.12
1458.17
1437.31
1418.94
1402.62
1388.01
1374.87
1362.96
1352.14
1342.26
1333.21
1324.89
1317.22
1310.14
1303.59
1297.51
1291.86
1286.61
1281.72
1277.16
1272.91
1268.93
1265.22
1261.74
1258.49
1255.45
1252.61
1249.94
1247.45
1245.12
1242.94
1240.9
1239
1237.22
1235.56
1234.02
1232.58
1231.25
1230.01
1228.86
1227.8
1226.83
1225.94
1225.12
1224.38
1223.7
1223.1
1222.55
1222.07
1221.65
1221.29
1220.97
1220.71
1220.5
1220.34
1220.22
1220.14
1220.1
1220.1
1220.13
1220.2
1220.3
1220.44
1220.6
1220.8
1221.02
1221.27
1221.55
1221.85
1222.19
1222.55
1222.93
1223.34
1223.78
1224.25
1224.74
1225.26
1225.8
1226.38
1226.98
1227.61
1228.27
1228.95
1229.66
1230.41
1231.17
1231.97
1232.8
1233.65
1234.52
1235.43
1236.36
1237.31
1238.29
1239.29
1240.31
1241.35
1242.42
1243.5
1244.6
1245.71
1246.83
1247.97
1249.12
1250.28
1251.44
1252.61
1253.78
1254.95
1256.12
1257.28
1258.42
1259.56
3775.04
3941.35
3618.18
3387.09
3227.6
3110.01
3018.46
2944.39
2882.83
2830.61
2785.63
2746.37
2711.76
2680.99
2653.43
2628.59
2606.1
2585.64
2566.94
2549.81
2534.06
2519.54
2506.12
2493.7
2482.18
2471.48
2461.52
2452.25
2443.6
2435.53
2427.99
2420.94
2414.35
2408.19
2402.42
2397.02
2391.97
2387.24
2382.82
2378.68
2374.82
2371.21
2367.84
2364.7
2361.77
2359.05
2356.52
2354.17
2352.01
2350.01
2348.16
2346.47
2344.93
2343.53
2342.26
2341.11
2340.09
2339.19
2338.39
2337.7
2337.12
2336.63
2336.23
2335.93
2335.7
2335.56
2335.5
2335.5
2335.58
2335.73
2335.94
2336.22
2336.56
2336.95
2337.41
2337.92
2338.49
2339.12
2339.8
2340.53
2341.32
2342.16
2343.06
2344.01
2345.01
2346.07
2347.18
2348.34
2349.56
2350.83
2352.16
2353.53
2354.96
2356.43
2357.96
2359.54
2361.16
2362.83
2364.55
2366.31
2368.11
2369.95
2371.83
2373.75
2375.7
2377.68
2379.69
2381.72
2383.78
2385.85
2387.95
2390.05
2392.17
2394.29
2396.41
2398.53
2400.64
2402.74
2404.83
2406.9
2408.9
2410.91
11676.1
10215.1
9366.55
8821.2
8437.04
8148.03
7919.9
7733.64
7577.86
7445.12
7330.33
7229.89
7141.14
7062.08
6991.16
6927.18
6869.17
6816.34
6768.04
6723.75
6683
6645.41
6610.67
6578.49
6548.64
6520.89
6495.07
6471.01
6448.58
6427.63
6408.07
6389.78
6372.68
6356.68
6341.71
6327.7
6314.59
6302.32
6290.85
6280.12
6270.09
6260.73
6251.99
6243.85
6236.26
6229.21
6222.67
6216.6
6210.99
6205.82
6201.07
6196.72
6192.74
6189.13
6185.87
6182.93
6180.32
6178.01
6175.99
6174.25
6172.78
6171.55
6170.56
6169.81
6169.27
6168.93
6168.79
6168.84
6169.07
6169.47
6170.04
6170.77
6171.65
6172.68
6173.87
6175.2
6176.67
6178.29
6180.05
6181.95
6184
6186.19
6188.53
6191.01
6193.64
6196.42
6199.35
6202.43
6205.65
6209.03
6212.55
6216.23
6220.05
6224.02
6228.14
6232.4
6236.8
6241.33
6246
6250.81
6255.73
6260.78
6265.94
6271.21
6276.58
6282.04
6287.59
6293.22
6298.93
6304.69
6310.5
6316.36
6322.24
6328.15
6334.07
6339.98
6345.88
6351.76
6357.59
6363.38
6368.97
6374.61
)
;

boundaryField
{
    lowerWall
    {
        type            epsilonWallFunction;
        value           nonuniform List<scalar> 
122
(
11607.3
10157.7
9314.43
8772.21
8390.2
8102.79
7875.93
7690.7
7535.77
7403.76
7289.61
7189.73
7101.46
7022.84
6952.31
6888.69
6831
6778.46
6730.43
6686.38
6645.85
6608.48
6573.93
6541.93
6512.24
6484.64
6458.97
6435.04
6412.73
6391.9
6372.45
6354.26
6337.25
6321.34
6306.45
6292.52
6279.48
6267.29
6255.87
6245.21
6235.23
6225.92
6217.23
6209.13
6201.59
6194.58
6188.07
6182.04
6176.46
6171.32
6166.59
6162.26
6158.3
6154.71
6151.46
6148.54
6145.94
6143.63
6141.62
6139.88
6138.41
6137.19
6136.21
6135.45
6134.91
6134.59
6134.46
6134.52
6134.76
6135.18
6135.77
6136.53
6137.44
6138.51
6139.73
6141.1
6142.61
6144.27
6146.07
6148.02
6150.11
6152.34
6154.71
6157.22
6159.87
6162.67
6165.6
6168.67
6171.89
6175.24
6178.73
6182.35
6186.11
6190.01
6194.03
6198.18
6202.46
6206.86
6211.37
6216.01
6220.75
6225.6
6230.55
6235.59
6240.72
6245.94
6251.23
6256.58
6262
6267.47
6272.99
6278.54
6284.11
6289.71
6295.3
6300.9
6306.48
6312.04
6317.56
6323.04
6328.32
6333.66
)
;
    }
    upperWall
    {
        type            epsilonWallFunction;
        value           nonuniform List<scalar> 
122
(
11676.1
10215.1
9366.55
8821.2
8437.04
8148.03
7919.9
7733.64
7577.86
7445.12
7330.33
7229.89
7141.14
7062.08
6991.16
6927.18
6869.17
6816.34
6768.04
6723.75
6683
6645.41
6610.67
6578.49
6548.64
6520.89
6495.07
6471.01
6448.58
6427.63
6408.07
6389.78
6372.68
6356.68
6341.71
6327.7
6314.59
6302.32
6290.85
6280.12
6270.09
6260.73
6251.99
6243.85
6236.26
6229.21
6222.67
6216.6
6210.99
6205.82
6201.07
6196.72
6192.74
6189.13
6185.87
6182.93
6180.32
6178.01
6175.99
6174.25
6172.78
6171.55
6170.56
6169.81
6169.27
6168.93
6168.79
6168.84
6169.07
6169.47
6170.04
6170.77
6171.65
6172.68
6173.87
6175.2
6176.67
6178.29
6180.05
6181.95
6184
6186.19
6188.53
6191.01
6193.64
6196.42
6199.35
6202.43
6205.65
6209.03
6212.55
6216.23
6220.05
6224.02
6228.14
6232.4
6236.8
6241.33
6246
6250.81
6255.73
6260.78
6265.94
6271.21
6276.58
6282.04
6287.59
6293.22
6298.93
6304.69
6310.5
6316.36
6322.24
6328.15
6334.07
6339.98
6345.88
6351.76
6357.59
6363.38
6368.97
6374.61
)
;
    }
    inlet
    {
        type            turbulentMixingLengthDissipationRateInlet;
        mixingLength    0.07;
        phi             phi;
        k               k;
        value           uniform 2.0504;
    }
    outlet
    {
        type            zeroGradient;
    }
    frontAndBack
    {
        type            empty;
    }
}


// ************************************************************************* //
