/*--------------------------------*- C++ -*----------------------------------*\
  =========                 |
  \\      /  F ield         | OpenFOAM: The Open Source CFD Toolbox
   \\    /   O peration     | Website:  https://openfoam.org
    \\  /    A nd           | Version:  8
     \\/     M anipulation  |
\*---------------------------------------------------------------------------*/
FoamFile
{
    version     2.0;
    format      ascii;
    class       volScalarField;
    location    "800";
    object      nut;
}
// * * * * * * * * * * * * * * * * * * * * * * * * * * * * * * * * * * * * * //

dimensions      [0 2 -1 0 0 0 0];

internalField   nonuniform List<scalar> 
7320
(
0.000286299
0.000273847
0.000266049
0.000260783
0.000256941
0.000253973
0.00025158
0.000249592
0.000247905
0.000246449
0.000245176
0.000244051
0.000243048
0.000242148
0.000241334
0.000240596
0.000239922
0.000239306
0.000238739
0.000238217
0.000237735
0.000237288
0.000236874
0.000236489
0.000236131
0.000235797
0.000235485
0.000235194
0.000234922
0.000234667
0.000234429
0.000234206
0.000233997
0.000233801
0.000233617
0.000233445
0.000233284
0.000233132
0.000232991
0.000232858
0.000232734
0.000232618
0.00023251
0.000232409
0.000232315
0.000232227
0.000232146
0.00023207
0.000232001
0.000231936
0.000231877
0.000231823
0.000231773
0.000231728
0.000231687
0.000231651
0.000231618
0.000231589
0.000231564
0.000231542
0.000231524
0.000231508
0.000231496
0.000231487
0.00023148
0.000231476
0.000231475
0.000231476
0.000231479
0.000231484
0.000231492
0.000231501
0.000231513
0.000231526
0.000231541
0.000231558
0.000231577
0.000231597
0.00023162
0.000231643
0.000231669
0.000231696
0.000231725
0.000231756
0.000231788
0.000231822
0.000231857
0.000231895
0.000231934
0.000231974
0.000232017
0.000232061
0.000232106
0.000232154
0.000232203
0.000232253
0.000232306
0.00023236
0.000232415
0.000232472
0.00023253
0.00023259
0.000232651
0.000232713
0.000232777
0.000232842
0.000232908
0.000232974
0.000233042
0.000233111
0.00023318
0.00023325
0.00023332
0.000233391
0.000233462
0.000233533
0.000233604
0.000233675
0.000233746
0.000233816
0.000233884
0.000233953
0.000562815
0.000740638
0.000767571
0.000767651
0.000763096
0.000757975
0.000753148
0.000748779
0.000744861
0.00074135
0.000738193
0.000735345
0.000732764
0.000730416
0.000728271
0.000726307
0.000724501
0.000722838
0.000721301
0.000719879
0.00071856
0.000717334
0.000716194
0.000715131
0.00071414
0.000713215
0.00071235
0.000711541
0.000710784
0.000710076
0.000709412
0.00070879
0.000708208
0.000707662
0.000707151
0.000706672
0.000706223
0.000705803
0.000705411
0.000705044
0.000704701
0.000704381
0.000704083
0.000703806
0.000703548
0.000703309
0.000703088
0.000702884
0.000702696
0.000702525
0.000702368
0.000702225
0.000702096
0.000701981
0.000701878
0.000701788
0.00070171
0.000701642
0.000701586
0.00070154
0.000701504
0.000701477
0.000701458
0.000701448
0.000701444
0.000701448
0.000701458
0.000701473
0.000701493
0.000701518
0.000701547
0.000701579
0.000701616
0.000701655
0.000701698
0.000701744
0.000701792
0.000701844
0.000701899
0.000701957
0.000702018
0.000702084
0.000702153
0.000702227
0.000702305
0.000702388
0.000702477
0.000702572
0.000702673
0.00070278
0.000702895
0.000703016
0.000703146
0.000703283
0.000703429
0.000703583
0.000703746
0.000703918
0.000704099
0.000704289
0.000704489
0.000704697
0.000704915
0.000705142
0.000705379
0.000705624
0.000705878
0.000706141
0.000706412
0.000706692
0.000706979
0.000707273
0.000707575
0.000707883
0.000708197
0.000708517
0.000708842
0.000709171
0.000709504
0.00070984
0.000710179
0.000710505
0.00076108
0.00115457
0.00127125
0.00130573
0.00131552
0.00131688
0.00131508
0.00131204
0.00130855
0.00130497
0.00130147
0.00129811
0.00129493
0.00129193
0.00128913
0.0012865
0.00128405
0.00128176
0.00127961
0.00127761
0.00127574
0.00127398
0.00127234
0.0012708
0.00126936
0.00126801
0.00126674
0.00126555
0.00126444
0.0012634
0.00126242
0.0012615
0.00126064
0.00125983
0.00125908
0.00125837
0.00125772
0.0012571
0.00125652
0.00125599
0.00125549
0.00125502
0.00125459
0.0012542
0.00125383
0.00125349
0.00125318
0.0012529
0.00125264
0.00125241
0.0012522
0.00125201
0.00125185
0.00125171
0.00125159
0.00125149
0.00125141
0.00125134
0.0012513
0.00125127
0.00125126
0.00125126
0.00125127
0.0012513
0.00125133
0.00125138
0.00125143
0.00125149
0.00125155
0.00125161
0.00125168
0.00125175
0.00125183
0.0012519
0.00125197
0.00125205
0.00125213
0.0012522
0.00125228
0.00125237
0.00125245
0.00125254
0.00125264
0.00125275
0.00125286
0.00125298
0.00125311
0.00125326
0.00125342
0.0012536
0.00125379
0.001254
0.00125423
0.00125447
0.00125474
0.00125504
0.00125535
0.00125569
0.00125605
0.00125644
0.00125686
0.0012573
0.00125776
0.00125825
0.00125877
0.00125931
0.00125988
0.00126047
0.00126109
0.00126173
0.00126239
0.00126307
0.00126378
0.00126451
0.00126525
0.00126602
0.00126679
0.00126759
0.0012684
0.00126921
0.00127005
0.00127084
0.00094219
0.00154866
0.00180331
0.00190635
0.0019512
0.00197187
0.00198147
0.00198555
0.00198668
0.00198617
0.00198472
0.00198276
0.00198051
0.00197813
0.00197571
0.00197331
0.00197095
0.00196867
0.00196648
0.00196438
0.00196238
0.00196047
0.00195867
0.00195695
0.00195534
0.00195381
0.00195237
0.00195101
0.00194973
0.00194852
0.00194739
0.00194633
0.00194534
0.0019444
0.00194353
0.00194272
0.00194196
0.00194125
0.0019406
0.00193999
0.00193943
0.00193891
0.00193844
0.00193801
0.00193761
0.00193725
0.00193693
0.00193665
0.00193639
0.00193617
0.00193598
0.00193583
0.0019357
0.0019356
0.00193553
0.00193549
0.00193547
0.00193548
0.00193551
0.00193557
0.00193564
0.00193574
0.00193585
0.00193597
0.0019361
0.00193625
0.0019364
0.00193655
0.0019367
0.00193686
0.00193701
0.00193715
0.0019373
0.00193744
0.00193757
0.0019377
0.00193783
0.00193795
0.00193807
0.0019382
0.00193832
0.00193845
0.00193859
0.00193873
0.00193889
0.00193907
0.00193926
0.00193948
0.00193972
0.00193999
0.00194029
0.00194063
0.001941
0.00194141
0.00194186
0.00194236
0.0019429
0.00194349
0.00194412
0.0019448
0.00194554
0.00194632
0.00194716
0.00194805
0.00194899
0.00194998
0.00195102
0.00195212
0.00195326
0.00195445
0.00195568
0.00195696
0.00195829
0.00195965
0.00196105
0.00196249
0.00196396
0.00196546
0.00196699
0.00196854
0.00197012
0.00197163
0.00110978
0.00189233
0.00232606
0.0025368
0.00264438
0.00270313
0.00273713
0.00275765
0.00277031
0.00277817
0.00278296
0.00278574
0.00278718
0.00278769
0.00278758
0.00278703
0.00278618
0.00278514
0.00278397
0.00278273
0.00278144
0.00278014
0.00277885
0.00277758
0.00277634
0.00277515
0.002774
0.0027729
0.00277185
0.00277085
0.00276991
0.00276903
0.0027682
0.00276742
0.00276669
0.00276602
0.0027654
0.00276483
0.00276431
0.00276383
0.0027634
0.00276302
0.00276268
0.00276238
0.00276212
0.0027619
0.00276172
0.00276158
0.00276148
0.00276141
0.00276137
0.00276138
0.00276141
0.00276148
0.00276159
0.00276173
0.00276189
0.00276209
0.00276232
0.00276257
0.00276284
0.00276314
0.00276345
0.00276378
0.00276411
0.00276445
0.00276479
0.00276513
0.00276546
0.00276578
0.00276609
0.00276639
0.00276667
0.00276694
0.00276719
0.00276743
0.00276766
0.00276787
0.00276807
0.00276828
0.00276847
0.00276868
0.00276889
0.00276911
0.00276935
0.00276961
0.00276991
0.00277023
0.0027706
0.00277101
0.00277147
0.00277198
0.00277256
0.0027732
0.00277391
0.00277468
0.00277554
0.00277647
0.00277748
0.00277857
0.00277975
0.00278102
0.00278237
0.00278381
0.00278533
0.00278695
0.00278864
0.00279042
0.00279229
0.00279424
0.00279626
0.00279836
0.00280053
0.00280277
0.00280508
0.00280744
0.00280986
0.00281234
0.00281485
0.0028174
0.00282001
0.00282249
0.00129926
0.00216764
0.00280717
0.00316585
0.00336954
0.00349116
0.00356775
0.00361825
0.00365279
0.00367709
0.00369457
0.00370734
0.00371679
0.00372385
0.00372913
0.0037331
0.00373607
0.00373829
0.00373993
0.00374111
0.00374196
0.00374253
0.0037429
0.00374312
0.00374321
0.00374322
0.00374316
0.00374305
0.00374292
0.00374276
0.0037426
0.00374244
0.00374229
0.00374216
0.00374204
0.00374194
0.00374186
0.00374181
0.00374179
0.00374179
0.00374183
0.00374189
0.00374199
0.00374211
0.00374227
0.00374246
0.00374268
0.00374293
0.00374322
0.00374353
0.00374388
0.00374426
0.00374468
0.00374512
0.0037456
0.00374611
0.00374666
0.00374723
0.00374784
0.00374846
0.00374911
0.00374978
0.00375046
0.00375115
0.00375185
0.00375254
0.00375322
0.00375389
0.00375454
0.00375516
0.00375575
0.00375632
0.00375686
0.00375736
0.00375783
0.00375827
0.00375868
0.00375907
0.00375944
0.00375979
0.00376014
0.00376048
0.00376082
0.00376118
0.00376156
0.00376198
0.00376243
0.00376292
0.00376347
0.00376409
0.00376478
0.00376555
0.00376641
0.00376736
0.00376841
0.00376957
0.00377085
0.00377224
0.00377375
0.00377539
0.00377715
0.00377905
0.00378108
0.00378324
0.00378553
0.00378795
0.00379051
0.00379319
0.003796
0.00379894
0.00380199
0.00380516
0.00380845
0.00381183
0.00381531
0.00381889
0.00382255
0.00382629
0.0038301
0.00383396
0.00383791
0.00384166
0.00158937
0.00236976
0.00321596
0.00375923
0.00409609
0.00431112
0.00445413
0.00455312
0.00462407
0.00467641
0.00471597
0.00474649
0.00477044
0.00478951
0.00480489
0.00481744
0.00482777
0.00483636
0.00484356
0.00484964
0.00485482
0.00485926
0.00486309
0.00486643
0.00486936
0.00487194
0.00487424
0.0048763
0.00487817
0.00487987
0.00488143
0.00488288
0.00488423
0.00488551
0.00488673
0.00488789
0.00488901
0.0048901
0.00489116
0.0048922
0.00489323
0.00489425
0.00489527
0.00489628
0.0048973
0.00489832
0.00489935
0.00490039
0.00490144
0.00490251
0.00490359
0.00490469
0.00490581
0.00490696
0.00490813
0.00490932
0.00491053
0.00491177
0.00491303
0.00491431
0.00491561
0.00491691
0.00491822
0.00491952
0.00492081
0.00492209
0.00492334
0.00492456
0.00492574
0.00492687
0.00492795
0.00492897
0.00492994
0.00493084
0.0049317
0.00493249
0.00493324
0.00493394
0.0049346
0.00493523
0.00493583
0.00493642
0.00493701
0.00493761
0.00493823
0.00493888
0.00493958
0.00494034
0.00494118
0.0049421
0.00494311
0.00494424
0.00494548
0.00494686
0.00494838
0.00495005
0.00495187
0.00495386
0.00495602
0.00495836
0.00496088
0.00496359
0.00496648
0.00496956
0.00497283
0.0049763
0.00497994
0.00498378
0.00498779
0.00499198
0.00499635
0.00500088
0.00500557
0.00501041
0.0050154
0.00502051
0.00502575
0.00503111
0.00503656
0.00504209
0.00504773
0.00505311
0.00212976
0.00251869
0.00352583
0.00427893
0.00478634
0.00512981
0.00536872
0.00554022
0.00566706
0.00576335
0.00583815
0.00589739
0.00594512
0.00598413
0.00601645
0.00604352
0.00606643
0.00608601
0.00610287
0.00611753
0.00613035
0.00614164
0.00615166
0.00616061
0.00616864
0.00617589
0.00618248
0.00618849
0.00619402
0.00619911
0.00620384
0.00620825
0.00621238
0.00621626
0.00621993
0.00622341
0.00622673
0.0062299
0.00623295
0.00623588
0.00623872
0.00624147
0.00624415
0.00624677
0.00624932
0.00625183
0.00625429
0.00625672
0.00625912
0.00626149
0.00626384
0.00626619
0.00626852
0.00627085
0.00627317
0.0062755
0.00627784
0.00628017
0.00628251
0.00628485
0.00628719
0.00628952
0.00629183
0.00629411
0.00629637
0.00629858
0.00630074
0.00630284
0.00630487
0.00630681
0.00630867
0.00631043
0.0063121
0.00631368
0.00631516
0.00631655
0.00631785
0.00631908
0.00632023
0.00632133
0.00632238
0.00632339
0.00632439
0.00632539
0.0063264
0.00632745
0.00632855
0.00632972
0.00633098
0.00633234
0.00633383
0.00633545
0.00633723
0.00633919
0.00634133
0.00634366
0.00634621
0.00634898
0.00635198
0.00635521
0.0063587
0.00636243
0.00636642
0.00637066
0.00637517
0.00637993
0.00638495
0.00639022
0.00639574
0.00640151
0.00640752
0.00641375
0.00642021
0.00642687
0.00643373
0.00644078
0.006448
0.00645537
0.00646288
0.00647051
0.00647829
0.0064857
0.0031541
0.00268382
0.00372393
0.00468584
0.00539542
0.00590413
0.00627311
0.00654666
0.00675434
0.00691556
0.00704326
0.00714624
0.00723059
0.00730064
0.00735953
0.00740959
0.00745254
0.00748974
0.00752221
0.00755076
0.00757604
0.00759856
0.00761874
0.00763694
0.00765342
0.00766843
0.00768215
0.00769477
0.00770641
0.0077172
0.00772723
0.0077366
0.00774539
0.00775365
0.00776144
0.00776882
0.00777583
0.0077825
0.00778888
0.00779499
0.00780085
0.00780649
0.00781194
0.00781721
0.00782232
0.00782728
0.00783211
0.00783682
0.00784143
0.00784594
0.00785036
0.00785472
0.007859
0.00786324
0.00786742
0.00787157
0.00787567
0.00787974
0.00788378
0.00788779
0.00789175
0.00789567
0.00789954
0.00790336
0.0079071
0.00791075
0.00791432
0.00791778
0.00792112
0.00792433
0.0079274
0.00793033
0.00793311
0.00793574
0.00793823
0.00794057
0.00794278
0.00794486
0.00794682
0.00794868
0.00795046
0.00795218
0.00795385
0.0079555
0.00795715
0.00795882
0.00796055
0.00796234
0.00796424
0.00796626
0.00796843
0.00797077
0.0079733
0.00797604
0.00797902
0.00798225
0.00798575
0.00798953
0.0079936
0.00799799
0.0080027
0.00800774
0.0080131
0.00801881
0.00802486
0.00803125
0.00803797
0.00804503
0.00805243
0.00806015
0.00806818
0.00807653
0.00808517
0.00809409
0.00810327
0.0081127
0.00812236
0.00813224
0.0081423
0.00815252
0.00816294
0.00817289
0.00493181
0.00302612
0.0038337
0.00494834
0.00587406
0.00658116
0.00711649
0.00752622
0.00784508
0.00809766
0.00830115
0.00846767
0.00860586
0.00872199
0.00882068
0.0089054
0.00897879
0.0090429
0.00909931
0.00914929
0.00919386
0.00923384
0.00926988
0.00930254
0.00933229
0.00935949
0.00938448
0.00940751
0.00942883
0.00944864
0.00946709
0.00948435
0.00950053
0.00951576
0.00953012
0.0095437
0.00955658
0.00956883
0.0095805
0.00959165
0.00960232
0.00961255
0.00962239
0.00963187
0.00964101
0.00964985
0.00965841
0.00966672
0.00967479
0.00968265
0.00969032
0.00969781
0.00970514
0.00971233
0.00971939
0.00972633
0.00973317
0.0097399
0.00974653
0.00975307
0.00975952
0.00976586
0.00977209
0.00977821
0.0097842
0.00979004
0.00979573
0.00980125
0.00980659
0.00981172
0.00981664
0.00982135
0.00982583
0.0098301
0.00983414
0.00983797
0.00984159
0.00984501
0.00984826
0.00985134
0.00985429
0.00985712
0.00985986
0.00986255
0.00986521
0.00986787
0.00987056
0.00987333
0.00987619
0.00987919
0.00988236
0.00988572
0.00988931
0.00989315
0.00989727
0.00990171
0.00990647
0.00991159
0.00991707
0.00992294
0.00992922
0.0099359
0.00994301
0.00995055
0.00995853
0.00996694
0.00997578
0.00998506
0.00999476
0.0100049
0.0100154
0.0100264
0.0100377
0.0100493
0.0100614
0.0100737
0.0100864
0.0100993
0.0101125
0.0101259
0.0101395
0.0101526
0.00765447
0.00384129
0.0039599
0.0050637
0.00617752
0.00710148
0.0078361
0.00841791
0.00888249
0.00925803
0.00956562
0.00982082
0.0100351
0.0102171
0.0103732
0.0105082
0.0106262
0.0107298
0.0108217
0.0109035
0.0109768
0.0110429
0.0111028
0.0111573
0.011207
0.0112527
0.0112948
0.0113337
0.0113697
0.0114033
0.0114346
0.0114639
0.0114914
0.0115173
0.0115417
0.0115648
0.0115867
0.0116075
0.0116273
0.0116462
0.0116642
0.0116815
0.0116981
0.011714
0.0117293
0.0117441
0.0117583
0.0117721
0.0117855
0.0117984
0.011811
0.0118233
0.0118352
0.0118469
0.0118583
0.0118694
0.0118804
0.0118911
0.0119016
0.011912
0.0119221
0.011932
0.0119418
0.0119513
0.0119606
0.0119697
0.0119786
0.0119871
0.0119954
0.0120034
0.0120111
0.0120185
0.0120256
0.0120323
0.0120387
0.0120448
0.0120506
0.0120561
0.0120613
0.0120663
0.012071
0.0120756
0.01208
0.0120844
0.0120886
0.0120928
0.012097
0.0121012
0.0121055
0.01211
0.0121146
0.0121195
0.0121246
0.01213
0.0121357
0.0121418
0.0121482
0.0121551
0.0121625
0.0121703
0.0121786
0.0121874
0.0121967
0.0122065
0.0122169
0.0122278
0.0122393
0.0122513
0.0122638
0.0122769
0.0122905
0.0123046
0.0123192
0.0123342
0.0123497
0.0123656
0.0123818
0.0123985
0.0124154
0.0124327
0.0124502
0.012467
0.0113266
0.00551803
0.00435849
0.00510578
0.00628855
0.00740978
0.00836168
0.0091471
0.00979278
0.0103264
0.0107711
0.0111453
0.0114634
0.0117362
0.0119723
0.0121782
0.0123592
0.0125193
0.0126619
0.0127896
0.0129046
0.0130086
0.0131032
0.0131896
0.0132687
0.0133415
0.0134088
0.0134711
0.0135289
0.0135829
0.0136333
0.0136805
0.0137248
0.0137666
0.013806
0.0138433
0.0138786
0.0139122
0.0139441
0.0139745
0.0140036
0.0140313
0.014058
0.0140835
0.014108
0.0141317
0.0141544
0.0141764
0.0141976
0.0142182
0.0142381
0.0142574
0.0142762
0.0142945
0.0143123
0.0143297
0.0143467
0.0143633
0.0143795
0.0143954
0.014411
0.0144262
0.0144411
0.0144556
0.0144698
0.0144836
0.0144971
0.0145101
0.0145228
0.014535
0.0145468
0.0145581
0.014569
0.0145793
0.0145893
0.0145988
0.0146078
0.0146164
0.0146247
0.0146325
0.0146401
0.0146473
0.0146543
0.0146611
0.0146678
0.0146743
0.0146808
0.0146872
0.0146938
0.0147004
0.0147072
0.0147142
0.0147215
0.0147291
0.014737
0.0147454
0.0147542
0.0147635
0.0147733
0.0147836
0.0147945
0.014806
0.0148182
0.0148309
0.0148444
0.0148584
0.0148731
0.0148885
0.0149046
0.0149212
0.0149385
0.0149564
0.014975
0.0149941
0.0150137
0.0150338
0.0150544
0.0150755
0.015097
0.0151188
0.015141
0.0151623
0.0157248
0.0083437
0.00547916
0.00531275
0.00627167
0.00748282
0.00862975
0.00963244
0.0104877
0.0112134
0.0118305
0.0123582
0.0128125
0.0132064
0.0135503
0.0138528
0.0141205
0.0143588
0.0145721
0.0147641
0.0149377
0.0150955
0.0152394
0.0153712
0.0154923
0.0156041
0.0157075
0.0158035
0.0158929
0.0159763
0.0160543
0.0161275
0.0161964
0.0162612
0.0163225
0.0163804
0.0164354
0.0164875
0.0165372
0.0165845
0.0166296
0.0166728
0.0167141
0.0167537
0.0167918
0.0168283
0.0168635
0.0168975
0.0169302
0.0169618
0.0169925
0.0170221
0.0170509
0.0170788
0.017106
0.0171325
0.0171583
0.0171834
0.0172079
0.0172319
0.0172553
0.0172781
0.0173005
0.0173222
0.0173435
0.0173641
0.0173843
0.0174038
0.0174228
0.0174411
0.0174588
0.0174758
0.0174923
0.017508
0.0175231
0.0175376
0.0175515
0.0175648
0.0175775
0.0175897
0.0176014
0.0176127
0.0176235
0.0176341
0.0176443
0.0176544
0.0176643
0.0176741
0.0176839
0.0176938
0.0177038
0.0177139
0.0177244
0.0177351
0.0177462
0.0177577
0.0177697
0.0177823
0.0177954
0.0178091
0.0178235
0.0178385
0.0178543
0.0178708
0.017888
0.017906
0.0179248
0.0179444
0.0179647
0.0179858
0.0180076
0.0180302
0.0180534
0.0180774
0.018102
0.0181272
0.018153
0.0181794
0.0182062
0.0182334
0.0182611
0.0182877
0.0204365
0.0122987
0.00781877
0.0061763
0.00638132
0.00739745
0.00862145
0.00980678
0.0108762
0.0118169
0.0126375
0.0133529
0.0139782
0.0145273
0.0150118
0.0154416
0.0158248
0.0161683
0.0164775
0.0167573
0.0170115
0.0172433
0.0174556
0.0176506
0.0178304
0.0179968
0.018151
0.0182945
0.0184284
0.0185535
0.0186708
0.018781
0.0188847
0.0189825
0.0190749
0.0191624
0.0192454
0.0193243
0.0193994
0.0194709
0.0195391
0.0196044
0.0196669
0.0197267
0.0197842
0.0198394
0.0198925
0.0199436
0.0199929
0.0200406
0.0200866
0.0201311
0.0201743
0.0202161
0.0202567
0.0202962
0.0203346
0.020372
0.0204084
0.0204439
0.0204786
0.0205123
0.0205453
0.0205774
0.0206087
0.0206392
0.0206688
0.0206976
0.0207256
0.0207527
0.0207789
0.0208042
0.0208287
0.0208522
0.0208749
0.0208966
0.0209175
0.0209376
0.0209569
0.0209755
0.0209933
0.0210105
0.0210272
0.0210433
0.0210589
0.0210742
0.0210892
0.021104
0.0211186
0.0211332
0.0211479
0.0211626
0.0211776
0.0211928
0.0212083
0.0212243
0.0212408
0.0212578
0.0212754
0.0212937
0.0213126
0.0213324
0.0213529
0.0213742
0.0213963
0.0214193
0.0214432
0.021468
0.0214936
0.0215201
0.0215475
0.0215757
0.0216047
0.0216345
0.021665
0.0216963
0.0217283
0.0217608
0.021794
0.0218276
0.0218617
0.0218945
0.024966
0.017029
0.011559
0.0083344
0.00718515
0.00746836
0.008455
0.00967289
0.0108973
0.0120408
0.0130773
0.0140053
0.014833
0.0155712
0.0162309
0.0168222
0.0173542
0.0178345
0.01827
0.0186661
0.0190279
0.0193593
0.0196641
0.0199451
0.020205
0.0204461
0.0206704
0.0208795
0.0210749
0.021258
0.0214298
0.0215915
0.0217439
0.0218879
0.022024
0.0221531
0.0222755
0.022392
0.0225028
0.0226086
0.0227095
0.022806
0.0228984
0.0229869
0.0230718
0.0231535
0.023232
0.0233075
0.0233804
0.0234507
0.0235186
0.0235842
0.0236478
0.0237093
0.023769
0.023827
0.0238833
0.0239381
0.0239914
0.0240432
0.0240938
0.024143
0.024191
0.0242378
0.0242833
0.0243277
0.0243708
0.0244128
0.0244536
0.0244931
0.0245314
0.0245685
0.0246044
0.024639
0.0246725
0.0247047
0.0247358
0.0247657
0.0247945
0.0248223
0.0248491
0.024875
0.0249
0.0249242
0.0249478
0.0249707
0.0249932
0.0250152
0.0250369
0.0250584
0.0250798
0.0251012
0.0251227
0.0251443
0.0251662
0.0251884
0.0252111
0.0252343
0.0252581
0.0252825
0.0253077
0.0253336
0.0253604
0.025388
0.0254165
0.0254459
0.0254762
0.0255075
0.0255398
0.025573
0.0256072
0.0256423
0.0256783
0.0257152
0.0257529
0.0257914
0.0258306
0.0258706
0.0259111
0.0259522
0.0259939
0.0260339
0.0288721
0.0219727
0.0163572
0.0121026
0.00944208
0.00839318
0.00856599
0.00943681
0.0106072
0.0118514
0.0130626
0.0141965
0.0152393
0.0161903
0.0170549
0.0178406
0.0185555
0.0192071
0.0198026
0.0203481
0.0208492
0.0213109
0.0217373
0.0221321
0.0224988
0.02284
0.0231583
0.0234559
0.0237348
0.0239966
0.024243
0.0244751
0.0246943
0.0249016
0.025098
0.0252843
0.0254613
0.0256298
0.0257904
0.0259436
0.0260899
0.0262299
0.026364
0.0264925
0.0266158
0.0267344
0.0268484
0.0269582
0.027064
0.027166
0.0272646
0.0273598
0.027452
0.0275412
0.0276277
0.0277116
0.027793
0.0278722
0.0279491
0.028024
0.0280968
0.0281678
0.0282369
0.0283042
0.0283697
0.0284335
0.0284956
0.028556
0.0286148
0.0286718
0.0287272
0.0287809
0.0288329
0.0288833
0.028932
0.0289791
0.0290246
0.0290685
0.029111
0.029152
0.0291916
0.0292299
0.0292671
0.029303
0.029338
0.029372
0.0294052
0.0294378
0.0294697
0.0295012
0.0295323
0.0295632
0.0295939
0.0296247
0.0296556
0.0296866
0.029718
0.0297498
0.0297821
0.029815
0.0298486
0.0298829
0.0299179
0.0299539
0.0299907
0.0300284
0.0300671
0.0301068
0.0301475
0.0301891
0.0302318
0.0302754
0.03032
0.0303655
0.0304118
0.030459
0.030507
0.0305557
0.0306051
0.0306549
0.0307055
0.0307539
0.0318859
0.0265354
0.0215162
0.0170871
0.0134893
0.0110289
0.00983786
0.0097379
0.0103766
0.011418
0.0126294
0.0138773
0.0150935
0.0162465
0.0173241
0.0183239
0.0192482
0.0201018
0.0208901
0.0216189
0.0222936
0.0229193
0.0235006
0.0240417
0.0245463
0.025018
0.0254596
0.0258739
0.0262632
0.0266297
0.0269754
0.0273019
0.0276108
0.0279035
0.0281812
0.0284451
0.0286963
0.0289355
0.0291638
0.0293818
0.0295903
0.0297899
0.0299812
0.0301646
0.0303409
0.0305102
0.0306732
0.0308302
0.0309815
0.0311274
0.0312684
0.0314046
0.0315364
0.031664
0.0317876
0.0319075
0.0320238
0.0321368
0.0322465
0.0323533
0.0324571
0.0325582
0.0326566
0.0327524
0.0328457
0.0329366
0.033025
0.0331111
0.0331949
0.0332763
0.0333555
0.0334324
0.033507
0.0335793
0.0336494
0.0337174
0.0337832
0.0338469
0.0339086
0.0339683
0.0340261
0.0340822
0.0341365
0.0341892
0.0342404
0.0342903
0.0343389
0.0343864
0.0344329
0.0344786
0.0345236
0.034568
0.034612
0.0346557
0.0346993
0.0347428
0.0347864
0.0348302
0.0348743
0.0349188
0.0349638
0.0350095
0.0350558
0.0351028
0.0351507
0.0351994
0.035249
0.0352995
0.035351
0.0354034
0.0354568
0.0355111
0.0355663
0.0356224
0.0356794
0.0357372
0.0357957
0.0358549
0.0359148
0.0359751
0.036036
0.0360944
0.0339568
0.0302574
0.0262964
0.0224018
0.0187493
0.0155657
0.0131348
0.01166
0.0111401
0.0113925
0.0121663
0.0132379
0.014448
0.0156984
0.0169334
0.0181236
0.0192548
0.0203216
0.0213231
0.0222613
0.0231394
0.0239613
0.0247308
0.0254521
0.0261288
0.0267645
0.0273626
0.027926
0.0284574
0.0289594
0.0294343
0.0298842
0.0303109
0.0307161
0.0311014
0.0314683
0.0318181
0.0321518
0.0324707
0.0327757
0.0330677
0.0333475
0.033616
0.0338738
0.0341215
0.0343599
0.0345893
0.0348105
0.0350237
0.0352295
0.0354284
0.0356206
0.0358065
0.0359866
0.0361611
0.0363302
0.0364944
0.0366537
0.0368086
0.0369591
0.0371055
0.037248
0.0373867
0.0375217
0.0376532
0.0377813
0.037906
0.0380275
0.0381458
0.0382608
0.0383728
0.0384817
0.0385876
0.0386904
0.0387902
0.0388871
0.0389812
0.0390725
0.039161
0.0392469
0.0393302
0.039411
0.0394895
0.0395657
0.0396399
0.0397121
0.0397824
0.0398511
0.0399183
0.0399841
0.0400487
0.0401122
0.0401749
0.0402368
0.0402982
0.0403591
0.0404197
0.0404802
0.0405407
0.0406013
0.0406621
0.0407232
0.0407848
0.0408469
0.0409095
0.0409728
0.0410369
0.0411016
0.0411672
0.0412335
0.0413006
0.0413686
0.0414373
0.0415068
0.0415769
0.0416478
0.0417193
0.0417913
0.0418639
0.0419367
0.0420101
0.0420804
0.0352156
0.0329264
0.0301548
0.0271692
0.0241079
0.0210828
0.0182539
0.0158401
0.0140585
0.0130304
0.012737
0.0130508
0.0138009
0.0148263
0.0160022
0.0172434
0.018496
0.0197278
0.0209204
0.0220639
0.0231539
0.024189
0.0251701
0.026099
0.026978
0.0278099
0.0285976
0.0293438
0.0300513
0.0307226
0.0313602
0.0319664
0.0325433
0.0330929
0.0336169
0.0341171
0.0345949
0.035052
0.0354894
0.0359086
0.0363106
0.0366964
0.0370671
0.0374235
0.0377664
0.0380966
0.0384149
0.0387218
0.0390181
0.0393043
0.0395809
0.0398484
0.0401074
0.0403582
0.0406014
0.0408372
0.041066
0.0412882
0.0415042
0.0417141
0.0419183
0.042117
0.0423105
0.0424989
0.0426824
0.0428611
0.0430353
0.0432049
0.0433702
0.0435313
0.0436881
0.0438408
0.0439894
0.044134
0.0442746
0.0444113
0.0445442
0.0446734
0.044799
0.044921
0.0450396
0.0451548
0.0452669
0.0453759
0.0454819
0.0455852
0.0456859
0.0457842
0.0458802
0.0459741
0.0460661
0.0461564
0.0462452
0.0463326
0.0464188
0.046504
0.0465883
0.046672
0.0467551
0.0468379
0.0469204
0.0470028
0.0470851
0.0471676
0.0472503
0.0473333
0.0474166
0.0475003
0.0475844
0.047669
0.0477541
0.0478397
0.0479257
0.0480123
0.0480992
0.0481865
0.0482742
0.0483621
0.0484503
0.0485385
0.048627
0.0487117
0.0358864
0.034593
0.0328633
0.0308401
0.0286213
0.0262674
0.0238358
0.0214144
0.0191386
0.0171788
0.0156958
0.0147878
0.0144645
0.0146593
0.0152639
0.0161609
0.0172464
0.01844
0.0196844
0.0209414
0.0221859
0.0234025
0.0245816
0.025718
0.0268092
0.0278544
0.0288542
0.0298096
0.0307222
0.0315939
0.0324266
0.0332223
0.0339831
0.0347108
0.0354074
0.0360745
0.0367138
0.037327
0.0379154
0.0384806
0.0390239
0.0395463
0.0400492
0.0405335
0.0410003
0.0414505
0.0418849
0.0423045
0.0427099
0.043102
0.0434813
0.0438485
0.0442042
0.044549
0.0448834
0.0452079
0.045523
0.0458291
0.0461267
0.0464161
0.0466977
0.0469718
0.0472387
0.0474987
0.047752
0.047999
0.0482396
0.0484743
0.048703
0.048926
0.0491434
0.0493553
0.0495618
0.049763
0.049959
0.0501498
0.0503355
0.0505164
0.0506924
0.0508638
0.0510305
0.0511929
0.051351
0.0515049
0.0516548
0.051801
0.0519435
0.0520826
0.0522184
0.0523512
0.0524812
0.0526085
0.0527334
0.052856
0.0529766
0.0530954
0.0532125
0.0533282
0.0534426
0.0535558
0.0536681
0.0537796
0.0538905
0.0540007
0.0541106
0.0542201
0.0543293
0.0544384
0.0545473
0.0546562
0.0547649
0.0548737
0.0549823
0.055091
0.0551995
0.0553079
0.0554162
0.0555243
0.055632
0.0557393
0.0558466
0.0559492
0.0361963
0.0354884
0.0345011
0.0332718
0.0318469
0.0302605
0.0285351
0.0266917
0.024764
0.0228124
0.0209309
0.0192398
0.0178631
0.0168966
0.0163857
0.0163216
0.0166534
0.0173069
0.0182017
0.0192644
0.020434
0.0216643
0.0229216
0.0241827
0.0254314
0.0266568
0.0278519
0.0290123
0.0301354
0.0312203
0.0322666
0.0332747
0.0342455
0.03518
0.0360794
0.0369452
0.0377787
0.0385814
0.0393546
0.0400998
0.0408181
0.041511
0.0421797
0.0428252
0.0434487
0.0440513
0.0446339
0.0451976
0.0457432
0.0462716
0.0467835
0.0472797
0.047761
0.0482281
0.0486815
0.0491219
0.0495499
0.0499661
0.0503709
0.0507648
0.0511483
0.0515219
0.0518859
0.0522406
0.0525865
0.0529238
0.0532528
0.0535737
0.0538868
0.0541924
0.0544905
0.0547814
0.0550652
0.055342
0.0556121
0.0558754
0.0561322
0.0563825
0.0566264
0.0568643
0.0570961
0.0573221
0.0575425
0.0577573
0.0579668
0.0581712
0.0583706
0.0585654
0.0587556
0.0589415
0.0591233
0.0593012
0.0594756
0.0596465
0.0598143
0.059979
0.0601411
0.0603006
0.0604577
0.0606127
0.0607657
0.0609169
0.0610665
0.0612145
0.0613612
0.0615066
0.0616509
0.061794
0.0619362
0.0620774
0.0622177
0.0623571
0.0624956
0.0626332
0.06277
0.0629058
0.0630407
0.0631746
0.0633074
0.0634391
0.0635699
0.0636953
0.0363185
0.0358964
0.035342
0.0346443
0.0338099
0.0328502
0.0317745
0.0305881
0.0292942
0.0278982
0.0264145
0.0248739
0.0233287
0.0218531
0.0205352
0.0194615
0.0187
0.018288
0.0182293
0.0184992
0.0190539
0.0198402
0.020804
0.0218958
0.0230737
0.0243048
0.0255638
0.0268322
0.0280965
0.0293469
0.0305766
0.0317807
0.0329559
0.0341003
0.0352127
0.0362927
0.0373403
0.0383559
0.03934
0.0402934
0.041217
0.0421116
0.0429782
0.0438179
0.0446317
0.0454205
0.0461853
0.0469271
0.0476468
0.0483453
0.0490235
0.0496821
0.050322
0.0509439
0.0515487
0.0521369
0.0527092
0.0532664
0.053809
0.0543376
0.0548528
0.055355
0.0558447
0.0563225
0.0567886
0.0572436
0.0576878
0.0581215
0.058545
0.0589586
0.0593626
0.0597572
0.0601427
0.0605192
0.0608869
0.061246
0.0615966
0.061939
0.0622732
0.0625993
0.0629176
0.0632284
0.0635319
0.0638281
0.0641173
0.0643997
0.0646755
0.064945
0.0652083
0.0654657
0.0657175
0.0659639
0.0662051
0.0664413
0.0666729
0.0669
0.0671228
0.0673417
0.0675568
0.0677684
0.0679765
0.0681815
0.0683834
0.0685826
0.068779
0.0689728
0.0691641
0.0693531
0.0695398
0.0697243
0.0699066
0.0700867
0.0702648
0.0704408
0.0706147
0.0707866
0.0709562
0.0711238
0.0712892
0.0714522
0.0716135
0.0717681
0.0363591
0.0360515
0.0357024
0.0352937
0.0348163
0.0342669
0.0336458
0.0329534
0.032189
0.0313505
0.0304344
0.0294384
0.0283636
0.0272185
0.0260225
0.0248094
0.0236274
0.0225355
0.0215963
0.0208663
0.020387
0.0201807
0.0202495
0.0205783
0.0211397
0.021899
0.0228189
0.0238634
0.0249997
0.0262001
0.0274421
0.0287078
0.0299836
0.0312592
0.0325266
0.0337799
0.0350147
0.0362278
0.0374167
0.0385799
0.0397163
0.0408256
0.0419075
0.0429622
0.0439899
0.044991
0.045966
0.0469155
0.0478402
0.0487406
0.0496175
0.0504716
0.0513037
0.0521144
0.0529044
0.0536746
0.0544255
0.0551578
0.0558721
0.0565692
0.0572495
0.0579136
0.0585621
0.0591955
0.0598143
0.060419
0.06101
0.0615877
0.0621525
0.0627048
0.0632449
0.0637731
0.0642897
0.0647949
0.0652889
0.0657721
0.0662446
0.0667066
0.0671583
0.0675998
0.0680315
0.0684533
0.0688656
0.0692687
0.0696628
0.070048
0.0704247
0.070793
0.0711532
0.0715055
0.0718502
0.0721875
0.0725176
0.0728409
0.0731576
0.0734679
0.0737721
0.0740704
0.0743631
0.0746503
0.0749323
0.0752092
0.0754813
0.0757488
0.0760117
0.0762702
0.0765245
0.0767747
0.0770207
0.0772628
0.077501
0.0777354
0.0779659
0.0781927
0.0784157
0.0786349
0.0788503
0.079062
0.0792699
0.079474
0.0796748
0.0798677
0.0363702
0.0360998
0.0358287
0.035546
0.0352425
0.0349115
0.0345487
0.0341513
0.0337177
0.0332458
0.0327334
0.0321771
0.0315728
0.0309161
0.0302028
0.0294306
0.0286007
0.02772
0.0268034
0.025875
0.0249679
0.0241225
0.023382
0.0227876
0.0223733
0.0221626
0.0221667
0.022385
0.0228072
0.023415
0.0241857
0.0250941
0.0261146
0.0272232
0.0283982
0.029621
0.0308761
0.0321509
0.0334354
0.0347217
0.0360038
0.0372768
0.0385368
0.039781
0.0410069
0.0422128
0.0433973
0.0445597
0.0456993
0.0468158
0.0479092
0.0489795
0.050027
0.0510519
0.0520547
0.0530355
0.053995
0.0549335
0.0558515
0.0567495
0.057628
0.0584875
0.0593285
0.0601516
0.0609572
0.0617458
0.0625179
0.0632738
0.0640141
0.0647391
0.0654492
0.0661446
0.0668258
0.067493
0.0681464
0.0687865
0.0694133
0.0700272
0.0706284
0.071217
0.0717935
0.0723578
0.0729102
0.0734509
0.0739801
0.0744982
0.0750053
0.0755017
0.0759877
0.0764634
0.0769291
0.0773851
0.0778315
0.0782688
0.078697
0.0791165
0.0795275
0.0799302
0.0803249
0.0807118
0.0810911
0.081463
0.0818276
0.0821853
0.082536
0.08288
0.0832174
0.0835483
0.0838728
0.084191
0.0845029
0.0848087
0.0851084
0.085402
0.0856896
0.0859712
0.0862468
0.0865166
0.0867804
0.0870383
0.0872911
0.0875345
0.0363726
0.0361118
0.0358643
0.0356247
0.0353882
0.0351497
0.0349053
0.0346516
0.0343862
0.034107
0.0338124
0.0335008
0.0331704
0.032819
0.0324439
0.032042
0.0316095
0.0311425
0.0306372
0.0300908
0.0295024
0.0288739
0.0282116
0.0275273
0.0268383
0.0261678
0.0255434
0.0249947
0.0245508
0.0242373
0.0240743
0.0240748
0.0242446
0.0245827
0.0250818
0.0257305
0.0265136
0.0274143
0.028415
0.0294982
0.0306474
0.0318478
0.0330864
0.0343519
0.0356351
0.0369284
0.0382256
0.0395218
0.040813
0.042096
0.0433681
0.0446273
0.0458717
0.0471
0.048311
0.0495038
0.0506778
0.0518325
0.0529678
0.0540835
0.0551797
0.0562564
0.0573138
0.0583523
0.059372
0.0603731
0.061356
0.062321
0.0632683
0.0641982
0.0651109
0.0660067
0.066886
0.0677489
0.0685957
0.0694268
0.0702422
0.0710424
0.0718275
0.0725977
0.0733533
0.0740945
0.0748214
0.0755342
0.0762332
0.0769183
0.0775898
0.078248
0.078893
0.0795252
0.0801447
0.0807518
0.0813466
0.0819294
0.0825004
0.0830599
0.083608
0.084145
0.0846712
0.0851866
0.0856915
0.0861861
0.0866706
0.087145
0.0876096
0.0880645
0.0885098
0.0889457
0.0893721
0.0897893
0.0901974
0.0905963
0.0909862
0.0913672
0.0917393
0.0921026
0.0924572
0.0928032
0.0931406
0.0934696
0.093791
0.0941014
0.036373
0.0361141
0.035872
0.0356439
0.0354272
0.0352191
0.0350173
0.0348192
0.0346229
0.0344266
0.0342287
0.034028
0.0338235
0.033614
0.0333987
0.0331765
0.0329461
0.0327063
0.0324551
0.0321905
0.0319101
0.031611
0.0312904
0.0309453
0.0305734
0.030173
0.0297441
0.0292888
0.0288122
0.0283227
0.0278324
0.0273568
0.0269145
0.0265254
0.0262099
0.025987
0.0258729
0.0258804
0.0260178
0.0262892
0.0266943
0.0272295
0.0278877
0.0286597
0.0295346
0.0305005
0.031545
0.032656
0.0338217
0.0350314
0.0362753
0.0375448
0.0388325
0.0401322
0.0414386
0.0427475
0.0440554
0.0453594
0.0466571
0.0479466
0.0492262
0.0504947
0.0517507
0.0529933
0.0542216
0.0554349
0.0566327
0.0578144
0.0589797
0.0601284
0.0612603
0.0623754
0.0634736
0.064555
0.0656196
0.0666676
0.0676989
0.0687138
0.0697123
0.0706945
0.0716605
0.0726104
0.0735442
0.074462
0.0753639
0.07625
0.0771203
0.0779748
0.0788136
0.0796369
0.0804447
0.0812372
0.0820147
0.0827773
0.0835251
0.0842583
0.0849772
0.0856817
0.0863722
0.0870487
0.0877113
0.0883604
0.0889958
0.0896179
0.0902267
0.0908222
0.0914047
0.0919743
0.092531
0.0930749
0.0936062
0.094125
0.0946314
0.0951255
0.0956075
0.0960774
0.0965355
0.0969819
0.0974167
0.0978401
0.0982532
0.0986537
0.036373
0.0361144
0.0358731
0.0356473
0.035435
0.0352345
0.0350442
0.0348626
0.0346883
0.03452
0.0343566
0.0341972
0.0340406
0.0338863
0.0337335
0.0335815
0.03343
0.0332783
0.0331261
0.0329727
0.0328178
0.0326606
0.0325003
0.0323361
0.0321666
0.0319907
0.0318066
0.0316125
0.0314065
0.0311866
0.0309508
0.0306977
0.0304262
0.0301365
0.02983
0.0295099
0.0291814
0.0288519
0.0285313
0.0282311
0.0279644
0.0277452
0.0275872
0.0275034
0.0275052
0.0276018
0.0278001
0.0281041
0.0285155
0.0290335
0.029655
0.0303753
0.031188
0.0320858
0.0330606
0.0341037
0.0352066
0.0363606
0.0375574
0.0387895
0.0400497
0.0413317
0.0426299
0.0439393
0.0452558
0.046576
0.0478969
0.049216
0.0505313
0.0518411
0.0531441
0.054439
0.0557248
0.0570005
0.0582653
0.0595184
0.0607592
0.0619869
0.063201
0.064401
0.0655862
0.0667564
0.0679111
0.0690501
0.070173
0.0712797
0.07237
0.0734437
0.0745008
0.0755411
0.0765646
0.0775711
0.0785606
0.0795328
0.0804878
0.0814259
0.0823469
0.0832509
0.0841379
0.0850079
0.0858611
0.0866973
0.0875168
0.0883194
0.0891054
0.0898748
0.0906276
0.091364
0.0920841
0.0927881
0.0934761
0.0941482
0.0948047
0.0954456
0.0960713
0.0966819
0.0972777
0.0978588
0.0984255
0.0989781
0.099518
0.100044
0.0363729
0.0361143
0.0358731
0.0356476
0.035436
0.0352369
0.0350488
0.0348708
0.0347016
0.0345405
0.0343865
0.0342388
0.0340968
0.0339597
0.0338271
0.0336984
0.0335731
0.0334509
0.0333314
0.0332143
0.0330994
0.0329864
0.0328751
0.0327653
0.032657
0.0325498
0.0324436
0.0323381
0.032233
0.032128
0.0320224
0.0319158
0.0318073
0.0316962
0.0315812
0.0314614
0.0313354
0.0312021
0.03106
0.0309083
0.0307461
0.0305731
0.0303898
0.0301976
0.0299988
0.0297973
0.0295981
0.0294077
0.0292338
0.029085
0.0289706
0.0289002
0.0288831
0.0289281
0.0290427
0.0292335
0.0295053
0.0298617
0.0303043
0.0308336
0.0314484
0.0321464
0.0329242
0.0337774
0.0347011
0.0356896
0.036737
0.0378371
0.0389838
0.0401709
0.0413924
0.0426428
0.0439168
0.0452095
0.0465166
0.0478339
0.0491582
0.0504862
0.0518154
0.0531435
0.0544686
0.0557889
0.0571031
0.0584099
0.0597083
0.0609974
0.0622763
0.0635441
0.0648004
0.0660442
0.067275
0.0684922
0.0696952
0.0708833
0.0720559
0.0732124
0.074352
0.0754744
0.0765795
0.077667
0.0787367
0.0797885
0.0808223
0.0818381
0.0828358
0.0838154
0.0847771
0.0857209
0.0866469
0.0875553
0.0884462
0.0893199
0.0901764
0.0910161
0.091839
0.0926455
0.0934356
0.0942097
0.094968
0.0957106
0.096439
0.0971522
0.0363728
0.0361141
0.035873
0.0356475
0.0354359
0.0352369
0.0350492
0.0348717
0.0347034
0.0345435
0.0343913
0.0342461
0.0341073
0.0339743
0.0338467
0.0337239
0.0336057
0.0334917
0.0333814
0.0332747
0.0331712
0.0330707
0.032973
0.032878
0.0327854
0.0326952
0.0326072
0.0325214
0.0324377
0.032356
0.0322764
0.0321988
0.0321231
0.0320494
0.0319776
0.0319077
0.0318395
0.031773
0.031708
0.0316444
0.0315817
0.0315198
0.0314581
0.0313961
0.0313333
0.031269
0.0312025
0.0311331
0.0310599
0.0309824
0.0309001
0.0308127
0.0307204
0.0306236
0.0305236
0.0304222
0.0303219
0.0302261
0.0301392
0.0300661
0.0300124
0.0299844
0.0299885
0.0300311
0.0301187
0.0302572
0.0304521
0.030708
0.0310286
0.031417
0.031875
0.0324036
0.0330029
0.0336722
0.0344099
0.0352138
0.036081
0.0370082
0.0379915
0.039027
0.0401103
0.0412368
0.0424021
0.0436016
0.0448309
0.0460856
0.0473617
0.0486552
0.0499625
0.0512803
0.0526055
0.0539354
0.0552676
0.0565999
0.0579304
0.0592576
0.0605801
0.0618965
0.0632056
0.0645063
0.0657979
0.06708
0.0683521
0.0696138
0.0708647
0.0721045
0.0733329
0.0745495
0.075754
0.0769462
0.0781255
0.0792918
0.0804446
0.0815837
0.0827086
0.0838191
0.0849148
0.0859953
0.0870605
0.0881101
0.0891445
0.0901615
0.0363728
0.0361141
0.0358729
0.0356474
0.0354358
0.0352368
0.0350491
0.0348716
0.0347034
0.0345437
0.0343917
0.0342468
0.0341085
0.0339761
0.0338494
0.0337277
0.0336109
0.0334984
0.0333901
0.0332856
0.0331847
0.0330872
0.0329928
0.0329013
0.0328125
0.0327264
0.0326427
0.0325613
0.0324821
0.0324051
0.0323301
0.032257
0.0321859
0.0321167
0.0320493
0.0319837
0.03192
0.0318582
0.0317983
0.0317403
0.0316844
0.0316305
0.0315788
0.0315294
0.0314822
0.0314375
0.0313953
0.0313557
0.0313187
0.0312844
0.0312528
0.0312239
0.0311978
0.0311742
0.0311532
0.0311346
0.0311181
0.0311036
0.0310909
0.0310796
0.0310696
0.0310607
0.0310527
0.0310455
0.0310395
0.0310351
0.0310328
0.0310339
0.0310397
0.0310524
0.0310743
0.0311084
0.0311583
0.0312278
0.0313212
0.0314431
0.0315984
0.0317919
0.0320282
0.0323119
0.0326474
0.0330384
0.0334882
0.0339998
0.0345751
0.035216
0.0359233
0.0366974
0.0375381
0.0384446
0.0394156
0.0404494
0.0415436
0.0426957
0.0439026
0.0451611
0.0464675
0.0478183
0.0492094
0.0506368
0.0520965
0.0535843
0.0550962
0.0566281
0.0581761
0.0597363
0.0613052
0.0628793
0.0644552
0.06603
0.0676006
0.0691644
0.070719
0.0722621
0.0737917
0.075306
0.0768033
0.0782823
0.0797416
0.0811803
0.0825975
0.0839887
0.0363728
0.0361141
0.0358729
0.0356474
0.0354358
0.0352368
0.0350491
0.0348716
0.0347034
0.0345437
0.0343917
0.0342468
0.0341085
0.0339761
0.0338494
0.0337277
0.0336109
0.0334984
0.0333901
0.0332856
0.0331847
0.0330872
0.0329927
0.0329012
0.0328125
0.0327264
0.0326427
0.0325613
0.0324821
0.0324051
0.0323301
0.032257
0.0321859
0.0321166
0.0320492
0.0319837
0.03192
0.0318582
0.0317982
0.0317403
0.0316843
0.0316305
0.0315788
0.0315293
0.0314821
0.0314374
0.0313952
0.0313555
0.0313185
0.0312841
0.0312525
0.0312236
0.0311973
0.0311737
0.0311526
0.0311338
0.0311172
0.0311026
0.0310897
0.0310783
0.0310681
0.0310589
0.0310507
0.0310433
0.0310371
0.0310323
0.0310298
0.0310306
0.0310362
0.0310486
0.0310703
0.0311043
0.031154
0.0312234
0.0313167
0.0314387
0.0315941
0.0317876
0.0320241
0.0323081
0.0326438
0.033035
0.0334851
0.0339968
0.0345723
0.0352133
0.0359206
0.0366946
0.037535
0.038441
0.0394114
0.0404441
0.0415371
0.0426877
0.0438927
0.045149
0.0464529
0.0478008
0.0491887
0.0506126
0.0520685
0.0535522
0.0550598
0.0565871
0.0581305
0.059686
0.0612502
0.0628195
0.0643909
0.0659612
0.0675276
0.0690876
0.0706387
0.0721788
0.0737059
0.0752182
0.0767142
0.0781924
0.0796517
0.0810911
0.0825098
0.0839034
0.0363728
0.0361141
0.035873
0.0356475
0.0354359
0.0352369
0.0350492
0.0348717
0.0347034
0.0345435
0.0343913
0.0342461
0.0341073
0.0339743
0.0338466
0.0337239
0.0336057
0.0334916
0.0333814
0.0332746
0.0331711
0.0330706
0.0329729
0.0328778
0.0327853
0.032695
0.032607
0.0325212
0.0324375
0.0323558
0.0322761
0.0321985
0.0321228
0.032049
0.0319772
0.0319072
0.031839
0.0317724
0.0317073
0.0316436
0.0315808
0.0315187
0.0314568
0.0313947
0.0313317
0.0312671
0.0312003
0.0311305
0.0310569
0.030979
0.0308963
0.0308084
0.0307156
0.0306184
0.0305179
0.0304161
0.0303155
0.0302195
0.0301325
0.0300595
0.030006
0.0299784
0.029983
0.0300265
0.0301151
0.0302548
0.030451
0.0307084
0.0310307
0.0314207
0.0318805
0.032411
0.0330123
0.0336835
0.0344231
0.0352289
0.0360979
0.0370269
0.038012
0.039049
0.0401336
0.0412614
0.0424277
0.0436279
0.0448576
0.0461124
0.0473881
0.0486809
0.0499871
0.0513032
0.0526262
0.0539534
0.0552823
0.0566108
0.0579369
0.0592591
0.0605761
0.0618864
0.0631889
0.0644826
0.0657668
0.0670411
0.0683052
0.0695586
0.0708011
0.0720326
0.0732526
0.0744611
0.0756579
0.0768426
0.0780151
0.0791751
0.0803225
0.0814569
0.0825782
0.0836862
0.0847805
0.0858611
0.0869276
0.0879801
0.089019
0.090042
0.0363729
0.0361143
0.0358731
0.0356476
0.035436
0.0352369
0.0350488
0.0348708
0.0347016
0.0345405
0.0343864
0.0342387
0.0340967
0.0339596
0.033827
0.0336982
0.0335729
0.0334506
0.0333311
0.0332139
0.0330989
0.0329858
0.0328744
0.0327646
0.0326561
0.0325488
0.0324424
0.0323368
0.0322315
0.0321263
0.0320205
0.0319136
0.0318048
0.0316932
0.0315779
0.0314575
0.031331
0.031197
0.0310543
0.0309018
0.0307387
0.0305649
0.0303808
0.0301877
0.0299883
0.0297862
0.0295866
0.0293961
0.0292224
0.0290741
0.0289606
0.0288915
0.0288761
0.028923
0.0290399
0.0292332
0.0295078
0.029867
0.0303127
0.0308449
0.0314628
0.0321638
0.0329444
0.0338005
0.0347268
0.0357178
0.0367675
0.0378698
0.0390184
0.0402072
0.0414304
0.0426823
0.0439576
0.0452514
0.0465594
0.0478776
0.0492025
0.050531
0.0518604
0.0531885
0.0545133
0.0558331
0.0571464
0.0584521
0.0597489
0.061036
0.0623125
0.0635775
0.0648304
0.0660704
0.0672969
0.0685092
0.0697068
0.070889
0.0720553
0.073205
0.0743373
0.0754522
0.0765493
0.0776286
0.0786899
0.0797331
0.0807584
0.0817656
0.0827549
0.0837264
0.0846802
0.0856166
0.0865358
0.0874381
0.0883237
0.0891929
0.090046
0.0908833
0.0917051
0.0925118
0.0933037
0.094081
0.0948442
0.0955935
0.0963303
0.0970538
0.036373
0.0361144
0.0358731
0.0356473
0.035435
0.0352345
0.0350441
0.0348625
0.0346881
0.0345198
0.0343564
0.0341968
0.0340401
0.0338856
0.0337326
0.0335805
0.0334287
0.0332768
0.0331243
0.0329707
0.0328154
0.0326578
0.0324971
0.0323323
0.0321623
0.0319857
0.0318008
0.0316059
0.0313989
0.0311779
0.030941
0.0306865
0.0304137
0.0301226
0.0298147
0.0294934
0.0291639
0.0288337
0.0285128
0.0282129
0.0279471
0.0277293
0.0275734
0.0274922
0.0274972
0.0275974
0.0277996
0.0281078
0.0285235
0.0290457
0.0296714
0.0303957
0.0312122
0.0321136
0.0330916
0.0341377
0.0352431
0.0363994
0.0375982
0.0388319
0.0400934
0.0413765
0.0426755
0.0439856
0.0453026
0.0466232
0.0479443
0.0492635
0.0505789
0.0518887
0.0531916
0.0544864
0.0557719
0.0570473
0.0583118
0.0595644
0.0608045
0.0620314
0.0632444
0.064443
0.0656267
0.066795
0.0679475
0.0690839
0.0702038
0.0713071
0.0723934
0.0734628
0.0745151
0.0755501
0.0765678
0.0775681
0.0785509
0.079516
0.0804635
0.0813938
0.0823067
0.0832024
0.084081
0.0849425
0.0857871
0.0866148
0.0874259
0.0882206
0.0889988
0.0897609
0.0905071
0.0912375
0.0919524
0.092652
0.0933366
0.0940064
0.0946618
0.095303
0.0959304
0.0965442
0.0971447
0.0977323
0.0983073
0.09887
0.0994218
0.0999615
0.036373
0.0361141
0.035872
0.0356439
0.0354271
0.035219
0.0350169
0.0348187
0.0346222
0.0344255
0.0342273
0.0340263
0.0338212
0.0336112
0.0333953
0.0331724
0.0329413
0.0327006
0.0324484
0.0321827
0.0319009
0.0316004
0.0312782
0.0309313
0.0305574
0.0301549
0.0297239
0.0292666
0.0287882
0.0282972
0.027806
0.0273302
0.0268885
0.026501
0.026188
0.0259685
0.0258587
0.025871
0.0260136
0.0262905
0.0267012
0.0272419
0.0279053
0.0286822
0.0295617
0.0305316
0.0315796
0.0326935
0.0338618
0.0350735
0.036319
0.0375897
0.0388783
0.0401785
0.0414853
0.0427943
0.0441021
0.0454058
0.0467031
0.0479922
0.0492713
0.0505391
0.0517944
0.0530363
0.0542638
0.0554764
0.0566733
0.0578542
0.0590187
0.0601666
0.0612977
0.0624119
0.0635091
0.0645895
0.0656529
0.0666996
0.0677295
0.0687428
0.0697394
0.0707195
0.071683
0.0726301
0.0735607
0.074475
0.0753729
0.0762546
0.07712
0.0779693
0.0788024
0.0796195
0.0804207
0.0812062
0.0819764
0.0827313
0.0834712
0.0841962
0.0849067
0.0856029
0.0862849
0.0869531
0.0876076
0.0882486
0.0888765
0.0894913
0.0900934
0.0906829
0.0912601
0.0918251
0.0923782
0.0929196
0.0934495
0.0939682
0.0944758
0.0949725
0.0954586
0.0959343
0.0963998
0.0968553
0.097301
0.0977373
0.0981653
0.0985825
0.0363726
0.0361118
0.0358641
0.0356245
0.0353876
0.0351488
0.0349038
0.0346496
0.0343834
0.0341033
0.0338076
0.0334948
0.033163
0.03281
0.0324332
0.0320293
0.0315946
0.0311251
0.0306171
0.0300679
0.0294764
0.0288449
0.02818
0.0274934
0.026803
0.0261322
0.0255088
0.0249624
0.0245221
0.0242135
0.0240563
0.0240634
0.0242401
0.0245851
0.0250911
0.0257461
0.026535
0.0274409
0.0284459
0.0295327
0.030685
0.0318877
0.033128
0.0343948
0.0356787
0.0369724
0.0382697
0.0395658
0.0408566
0.042139
0.0434104
0.0446687
0.0459122
0.0471394
0.0483492
0.0495407
0.0507135
0.0518669
0.0530008
0.0541152
0.05521
0.0562854
0.0573416
0.0583787
0.0593971
0.0603971
0.0613788
0.0623426
0.0632887
0.0642174
0.0651289
0.0660236
0.0669015
0.067763
0.0686083
0.0694377
0.0702513
0.0710493
0.071832
0.0725996
0.0733522
0.07409
0.0748132
0.0755219
0.0762163
0.0768965
0.0775626
0.0782149
0.0788538
0.0794794
0.0800919
0.0806917
0.081279
0.081854
0.0824171
0.0829685
0.0835086
0.0840375
0.0845557
0.0850634
0.0855608
0.0860482
0.086526
0.0869944
0.0874535
0.0879037
0.0883451
0.088778
0.0892026
0.089619
0.0900275
0.0904282
0.0908213
0.0912069
0.0915852
0.0919564
0.0923206
0.0926778
0.0930283
0.0933722
0.0937104
0.0940394
0.0363701
0.0360996
0.0358282
0.0355449
0.0352404
0.0349082
0.0345439
0.0341448
0.0337091
0.033235
0.0327199
0.0321608
0.0315533
0.0308931
0.0301759
0.0293997
0.0285656
0.0276812
0.0267614
0.0258308
0.0249231
0.0240788
0.0233415
0.022752
0.0223444
0.0221414
0.0221539
0.0223807
0.0228111
0.0234265
0.024204
0.0251181
0.0261434
0.0272557
0.0284336
0.0296585
0.030915
0.0321905
0.0334753
0.0347616
0.0360433
0.0373156
0.0385748
0.0398178
0.0410425
0.0422471
0.0434302
0.044591
0.045729
0.0468439
0.0479356
0.0490042
0.05005
0.0510732
0.0520742
0.0530534
0.0540111
0.054948
0.0558643
0.0567607
0.0576377
0.0584957
0.0593352
0.0601568
0.0609611
0.0617483
0.0625191
0.0632738
0.0640129
0.0647366
0.0654454
0.0661395
0.0668192
0.0674848
0.0681366
0.0687747
0.0693994
0.070011
0.0706095
0.0711952
0.0717683
0.072329
0.0728774
0.0734136
0.073938
0.0744508
0.0749523
0.0754428
0.0759224
0.0763914
0.0768502
0.0772989
0.077738
0.0781677
0.0785883
0.0790002
0.0794036
0.0797988
0.0801863
0.0805662
0.0809389
0.0813047
0.0816639
0.0820166
0.0823632
0.0827038
0.0830388
0.0833683
0.0836925
0.0840115
0.0843256
0.0846348
0.0849394
0.0852393
0.0855348
0.0858258
0.0861126
0.0863951
0.0866734
0.0869476
0.0872183
0.0874814
0.0363589
0.0360506
0.0357003
0.0352898
0.03481
0.0342577
0.0336332
0.032937
0.0321685
0.0313253
0.0304043
0.0294031
0.028323
0.0271727
0.0259725
0.0247565
0.0235737
0.0224835
0.0215488
0.0208257
0.0203552
0.0201589
0.0202379
0.0205765
0.0211468
0.0219138
0.0228401
0.0238895
0.0250295
0.0262325
0.0274761
0.0287427
0.0300187
0.031294
0.0325607
0.0338131
0.0350467
0.0362583
0.0374456
0.0386071
0.0397418
0.0408492
0.0419292
0.0429819
0.0440076
0.0450067
0.0459798
0.0469273
0.04785
0.0487485
0.0496234
0.0504756
0.0513058
0.0521146
0.0529028
0.0536712
0.0544203
0.055151
0.0558637
0.0565591
0.0572379
0.0579005
0.0585476
0.0591796
0.0597972
0.0604006
0.0609904
0.0615669
0.0621305
0.0626816
0.0632204
0.0637472
0.0642623
0.0647659
0.0652582
0.0657394
0.0662097
0.0666692
0.0671182
0.0675567
0.0679848
0.0684029
0.068811
0.0692096
0.0695988
0.0699788
0.0703498
0.0707122
0.0710661
0.0714119
0.0717499
0.0720803
0.0724035
0.0727197
0.0730293
0.0733326
0.0736299
0.0739216
0.0742079
0.0744891
0.0747655
0.0750375
0.0753052
0.075569
0.0758291
0.0760856
0.0763389
0.076589
0.0768362
0.0770805
0.0773222
0.0775614
0.0777981
0.0780325
0.0782645
0.0784943
0.0787219
0.0789472
0.0791704
0.0793913
0.0796106
0.0798234
0.0363178
0.0358937
0.0353361
0.0346341
0.0337946
0.0328293
0.0317475
0.0305547
0.029254
0.0278511
0.0263611
0.0248153
0.0232671
0.0217916
0.0204772
0.0194107
0.0186592
0.0182589
0.0182122
0.0184936
0.0190584
0.0198531
0.0208233
0.0219197
0.0231008
0.0243337
0.0255936
0.0268621
0.0281259
0.0293754
0.0306037
0.0318062
0.0329796
0.034122
0.0352323
0.0363102
0.0373556
0.038369
0.0393509
0.0403021
0.0412234
0.0421158
0.0429803
0.0438178
0.0446294
0.0454161
0.0461789
0.0469187
0.0476365
0.048333
0.0490093
0.0496661
0.0503041
0.0509243
0.0515273
0.0521138
0.0526846
0.0532402
0.0537813
0.0543085
0.0548223
0.0553231
0.0558116
0.0562882
0.0567532
0.0572071
0.0576501
0.0580827
0.0585052
0.0589177
0.0593205
0.0597138
0.0600979
0.0604728
0.0608388
0.0611959
0.0615444
0.0618842
0.0622156
0.0625386
0.0628536
0.0631606
0.0634599
0.0637516
0.064036
0.0643133
0.0645837
0.0648475
0.0651049
0.0653562
0.0656017
0.0658416
0.0660763
0.0663061
0.0665313
0.0667521
0.066969
0.0671821
0.0673918
0.0675984
0.0678021
0.0680032
0.0682019
0.0683985
0.0685932
0.0687863
0.0689778
0.0691679
0.0693569
0.0695447
0.0697316
0.0699176
0.0701028
0.0702872
0.0704709
0.0706539
0.0708362
0.0710178
0.0711986
0.0713785
0.071558
0.0717322
0.036194
0.0354812
0.034487
0.0332498
0.0318164
0.0302214
0.0284873
0.0266356
0.0247008
0.0227445
0.0208618
0.0191743
0.0178058
0.0168513
0.0163543
0.0163042
0.0166487
0.0173125
0.0182152
0.0192834
0.0204565
0.0216886
0.0229467
0.0242075
0.0254552
0.0266792
0.0278725
0.0290308
0.0301517
0.0312342
0.0322781
0.0332838
0.0342521
0.0351841
0.0360811
0.0369445
0.0377756
0.0385759
0.0393469
0.0400898
0.0408059
0.0414967
0.0421632
0.0428066
0.0434282
0.0440288
0.0446096
0.0451714
0.0457152
0.0462418
0.046752
0.0472466
0.0477262
0.0481917
0.0486436
0.0490825
0.0495091
0.0499239
0.0503274
0.0507201
0.0511025
0.051475
0.0518379
0.0521916
0.0525365
0.0528729
0.053201
0.053521
0.0538332
0.0541377
0.0544347
0.0547244
0.0550069
0.0552823
0.0555506
0.0558121
0.0560667
0.0563145
0.0565558
0.0567906
0.0570191
0.0572415
0.0574579
0.0576684
0.0578734
0.0580729
0.0582672
0.0584566
0.0586413
0.0588215
0.0589976
0.0591697
0.0593383
0.0595034
0.0596656
0.059825
0.0599818
0.0601365
0.0602892
0.0604402
0.0605898
0.0607381
0.0608855
0.0610322
0.0611782
0.0613238
0.0614692
0.0616145
0.0617598
0.0619052
0.0620507
0.0621966
0.0623428
0.0624893
0.0626361
0.0627833
0.0629308
0.0630785
0.0632265
0.0633745
0.0635229
0.063667
0.0358805
0.034577
0.0328355
0.0308006
0.0285705
0.0262063
0.0237664
0.0213399
0.0190641
0.0171105
0.0156395
0.0147471
0.0144401
0.0146497
0.0152661
0.0161715
0.0172625
0.0184591
0.0197048
0.0209616
0.0222052
0.0234202
0.0245972
0.0257313
0.0268199
0.0278625
0.0288596
0.0298122
0.0307222
0.0315912
0.0324213
0.0332144
0.0339727
0.034698
0.0353921
0.0360569
0.036694
0.037305
0.0378913
0.0384545
0.0389957
0.0395163
0.0400172
0.0404997
0.0409648
0.0414132
0.041846
0.042264
0.0426678
0.0430583
0.0434362
0.0438019
0.0441563
0.0444997
0.0448329
0.0451561
0.0454701
0.0457751
0.0460716
0.0463599
0.0466406
0.0469138
0.0471798
0.047439
0.0476916
0.0479378
0.0481777
0.0484116
0.0486395
0.0488616
0.0490781
0.0492889
0.0494942
0.049694
0.0498884
0.0500774
0.050261
0.0504396
0.050613
0.0507815
0.0509452
0.0511041
0.0512584
0.0514083
0.051554
0.0516956
0.0518334
0.0519677
0.0520985
0.0522262
0.052351
0.0524731
0.0525929
0.0527106
0.0528264
0.0529406
0.0530534
0.0531651
0.053276
0.0533862
0.053496
0.0536056
0.0537151
0.0538248
0.0539349
0.0540454
0.0541565
0.0542684
0.054381
0.0544946
0.0546091
0.0547246
0.0548411
0.0549586
0.0550772
0.0551967
0.0553172
0.0554386
0.0555607
0.0556835
0.0558073
0.0559274
0.0352026
0.0328963
0.0301085
0.0271089
0.0240365
0.0210044
0.0181744
0.0157675
0.0140001
0.0129902
0.0127151
0.0130442
0.0138053
0.0148377
0.0160172
0.0172597
0.018512
0.0197425
0.020933
0.0220741
0.0231613
0.0241936
0.0251718
0.0260977
0.0269738
0.0278028
0.0285877
0.0293312
0.0300361
0.0307048
0.03134
0.0319438
0.0325184
0.0330658
0.0335877
0.0340858
0.0345617
0.0350168
0.0354525
0.0358698
0.0362701
0.0366543
0.0370234
0.0373782
0.0377196
0.0380484
0.0383653
0.0386709
0.0389659
0.0392508
0.0395262
0.0397925
0.0400504
0.0403001
0.0405422
0.040777
0.0410049
0.0412262
0.0414413
0.0416504
0.0418539
0.0420519
0.0422447
0.0424324
0.0426153
0.0427935
0.042967
0.0431361
0.0433007
0.043461
0.043617
0.0437687
0.0439162
0.0440595
0.0441987
0.0443337
0.0444647
0.0445917
0.0447149
0.0448342
0.0449499
0.0450619
0.0451705
0.0452758
0.045378
0.0454772
0.0455737
0.0456676
0.0457591
0.0458485
0.045936
0.0460219
0.0461062
0.0461894
0.0462716
0.046353
0.0464338
0.0465144
0.0465948
0.0466753
0.0467561
0.0468373
0.0469192
0.0470018
0.0470854
0.0471699
0.0472556
0.0473425
0.0474307
0.0475203
0.0476112
0.0477036
0.0477973
0.0478925
0.0479891
0.048087
0.0481862
0.0482866
0.0483881
0.0484906
0.0485943
0.0486949
0.0339322
0.0302091
0.0262302
0.0223236
0.0186661
0.0154863
0.0130691
0.0116143
0.0111152
0.0113844
0.0121697
0.0132476
0.0144605
0.0157111
0.0169448
0.0181328
0.0192614
0.0203251
0.0213235
0.0222585
0.0231335
0.0239523
0.0247188
0.0254372
0.0261111
0.0267442
0.0273397
0.0279006
0.0284298
0.0289295
0.0294023
0.0298501
0.0302748
0.0306782
0.0310617
0.0314269
0.031775
0.0321072
0.0324245
0.032728
0.0330186
0.0332971
0.0335643
0.0338208
0.0340673
0.0343045
0.0345328
0.0347529
0.0349651
0.0351699
0.0353677
0.035559
0.035744
0.0359232
0.0360968
0.0362652
0.0364286
0.0365873
0.0367415
0.0368914
0.0370372
0.0371792
0.0373174
0.0374519
0.037583
0.0377106
0.0378349
0.0379558
0.0380735
0.038188
0.0382992
0.0384073
0.0385121
0.0386137
0.0387122
0.0388076
0.0388999
0.0389892
0.0390755
0.0391589
0.0392396
0.0393175
0.0393929
0.0394658
0.0395365
0.0396051
0.0396717
0.0397365
0.0397998
0.0398617
0.0399224
0.0399822
0.0400411
0.0400995
0.0401576
0.0402154
0.0402733
0.0403314
0.0403899
0.0404489
0.0405086
0.0405692
0.0406308
0.0406936
0.0407575
0.0408228
0.0408895
0.0409577
0.0410274
0.0410987
0.0411716
0.0412461
0.0413222
0.0413998
0.041479
0.0415597
0.0416418
0.0417252
0.0418099
0.0418956
0.0419827
0.0420672
0.0318454
0.0264681
0.0214346
0.0170017
0.0134119
0.0109706
0.00980315
0.00972374
0.0103762
0.0114249
0.012639
0.0138867
0.0151011
0.0162514
0.0173258
0.0183222
0.0192431
0.0200934
0.0208785
0.0216042
0.0222759
0.0228987
0.0234773
0.0240159
0.0245181
0.0249874
0.0254269
0.0258391
0.0262264
0.0265911
0.026935
0.0272598
0.0275671
0.0278582
0.0281345
0.028397
0.0286468
0.0288848
0.0291119
0.0293287
0.0295361
0.0297346
0.0299248
0.0301073
0.0302825
0.030451
0.0306131
0.0307692
0.0309196
0.0310648
0.031205
0.0313405
0.0314716
0.0315985
0.0317214
0.0318407
0.0319564
0.0320689
0.0321782
0.0322845
0.0323879
0.0324886
0.0325866
0.0326821
0.0327751
0.0328656
0.0329537
0.0330394
0.0331227
0.0332036
0.0332821
0.0333582
0.0334319
0.0335032
0.0335721
0.0336387
0.0337029
0.0337649
0.0338245
0.0338821
0.0339375
0.0339909
0.0340425
0.0340923
0.0341405
0.0341871
0.0342325
0.0342767
0.0343199
0.0343623
0.034404
0.0344452
0.0344862
0.034527
0.0345679
0.034609
0.0346504
0.0346924
0.0347351
0.0347787
0.0348231
0.0348687
0.0349155
0.0349635
0.0350129
0.0350638
0.0351162
0.0351702
0.0352258
0.0352829
0.0353418
0.0354022
0.0354643
0.0355279
0.0355931
0.0356597
0.0357278
0.0357973
0.0358679
0.0359397
0.0360127
0.0360836
0.0288132
0.0218907
0.0162707
0.0120265
0.00938884
0.00836569
0.00855793
0.00943949
0.0106139
0.0118583
0.0130675
0.0141984
0.0152377
0.0161851
0.0170462
0.0178285
0.0185401
0.0191886
0.0197811
0.0203238
0.0208224
0.0212816
0.0217057
0.0220985
0.0224631
0.0228024
0.023119
0.0234149
0.0236922
0.0239525
0.0241974
0.0244282
0.0246461
0.0248522
0.0250474
0.0252327
0.0254087
0.0255761
0.0257357
0.025888
0.0260335
0.0261726
0.0263059
0.0264336
0.0265562
0.0266741
0.0267874
0.0268965
0.0270016
0.0271031
0.027201
0.0272957
0.0273873
0.0274761
0.0275621
0.0276455
0.0277265
0.0278053
0.0278818
0.0279564
0.0280289
0.0280996
0.0281685
0.0282355
0.0283008
0.0283644
0.0284262
0.0284863
0.0285447
0.0286013
0.0286561
0.0287091
0.0287604
0.0288098
0.0288575
0.0289033
0.0289474
0.0289898
0.0290305
0.0290695
0.0291071
0.0291431
0.0291778
0.0292113
0.0292436
0.0292749
0.0293054
0.0293351
0.0293642
0.0293929
0.0294213
0.0294496
0.0294779
0.0295063
0.0295351
0.0295643
0.0295941
0.0296246
0.029656
0.0296883
0.0297217
0.0297562
0.029792
0.0298292
0.0298677
0.0299077
0.0299491
0.0299921
0.0300367
0.0300828
0.0301304
0.0301797
0.0302304
0.0302826
0.0303363
0.0303914
0.0304478
0.0305054
0.0305643
0.0306241
0.0306851
0.0307443
0.0248902
0.0169415
0.0114817
0.00828227
0.00716076
0.00746284
0.00845808
0.0096779
0.0109008
0.0120413
0.0130741
0.0139984
0.0148224
0.015557
0.0162134
0.0168016
0.0173307
0.0178084
0.0182413
0.0186352
0.0189948
0.0193243
0.0196272
0.0199065
0.0201648
0.0204044
0.0206273
0.020835
0.0210292
0.0212111
0.0213819
0.0215426
0.021694
0.021837
0.0219722
0.0221004
0.0222221
0.0223378
0.0224479
0.022553
0.0226532
0.0227491
0.0228408
0.0229288
0.0230132
0.0230943
0.0231722
0.0232473
0.0233197
0.0233895
0.023457
0.0235222
0.0235853
0.0236465
0.0237058
0.0237635
0.0238195
0.023874
0.023927
0.0239787
0.024029
0.0240781
0.0241259
0.0241725
0.0242179
0.024262
0.024305
0.0243467
0.0243871
0.0244263
0.0244642
0.0245007
0.0245359
0.0245697
0.0246022
0.0246334
0.0246632
0.0246918
0.0247191
0.0247452
0.0247702
0.0247941
0.0248171
0.0248392
0.0248605
0.0248811
0.0249013
0.024921
0.0249403
0.0249596
0.0249788
0.024998
0.0250175
0.0250373
0.0250576
0.0250784
0.0251
0.0251223
0.0251455
0.0251697
0.0251949
0.0252213
0.025249
0.0252779
0.0253081
0.0253397
0.0253726
0.025407
0.0254428
0.0254801
0.0255188
0.0255588
0.0256003
0.0256431
0.0256872
0.0257325
0.0257791
0.0258267
0.0258754
0.0259249
0.0259755
0.0260247
0.0203501
0.0122174
0.00776295
0.00615095
0.00637583
0.00739972
0.00862442
0.0098073
0.0108731
0.0118098
0.0126265
0.0133382
0.0139602
0.0145062
0.0149878
0.015415
0.0157959
0.0161371
0.0164444
0.0167223
0.0169748
0.0172051
0.017416
0.0176097
0.0177883
0.0179535
0.0181067
0.0182492
0.0183821
0.0185063
0.0186228
0.0187322
0.0188351
0.0189322
0.019024
0.0191109
0.0191933
0.0192716
0.0193461
0.0194171
0.0194849
0.0195497
0.0196117
0.0196711
0.0197281
0.0197829
0.0198357
0.0198864
0.0199354
0.0199827
0.0200284
0.0200726
0.0201155
0.020157
0.0201974
0.0202366
0.0202748
0.020312
0.0203482
0.0203836
0.0204181
0.0204518
0.0204846
0.0205166
0.0205478
0.0205781
0.0206076
0.0206362
0.020664
0.0206908
0.0207166
0.0207414
0.0207653
0.0207881
0.02081
0.0208308
0.0208507
0.0208696
0.0208876
0.0209047
0.0209211
0.0209366
0.0209515
0.0209658
0.0209796
0.020993
0.0210061
0.021019
0.0210317
0.0210445
0.0210573
0.0210704
0.0210838
0.0210976
0.021112
0.0211269
0.0211426
0.021159
0.0211763
0.0211946
0.0212138
0.0212341
0.0212556
0.0212782
0.021302
0.021327
0.0213533
0.0213808
0.0214096
0.0214396
0.0214709
0.0215035
0.0215372
0.0215721
0.0216081
0.0216452
0.0216833
0.0217224
0.0217623
0.0218031
0.0218446
0.021885
0.015637
0.00827904
0.00544824
0.00530522
0.00627267
0.00748408
0.00862803
0.00962674
0.010478
0.0111998
0.0118133
0.0123378
0.0127892
0.0131806
0.0135223
0.0138226
0.0140884
0.0143251
0.0145369
0.0147275
0.0148998
0.0150564
0.0151992
0.0153301
0.0154503
0.0155612
0.0156638
0.0157591
0.0158477
0.0159305
0.0160079
0.0160806
0.0161489
0.0162132
0.016274
0.0163315
0.016386
0.0164378
0.016487
0.0165339
0.0165787
0.0166215
0.0166625
0.0167018
0.0167396
0.0167758
0.0168108
0.0168444
0.0168769
0.0169083
0.0169387
0.0169681
0.0169967
0.0170245
0.0170514
0.0170777
0.0171034
0.0171284
0.0171528
0.0171766
0.0172
0.0172227
0.017245
0.0172667
0.0172879
0.0173085
0.0173285
0.0173478
0.0173666
0.0173847
0.017402
0.0174187
0.0174346
0.0174498
0.0174643
0.017478
0.017491
0.0175033
0.0175149
0.0175259
0.0175363
0.0175462
0.0175557
0.0175648
0.0175735
0.017582
0.0175904
0.0175987
0.017607
0.0176154
0.0176239
0.0176328
0.017642
0.0176517
0.0176619
0.0176727
0.0176842
0.0176964
0.0177093
0.0177232
0.0177379
0.0177536
0.0177703
0.017788
0.0178068
0.0178266
0.0178475
0.0178695
0.0178926
0.0179167
0.0179419
0.0179681
0.0179954
0.0180236
0.0180528
0.0180829
0.0181138
0.0181456
0.018178
0.0182111
0.0182449
0.0182777
0.0112476
0.00547539
0.00434611
0.00510513
0.00628867
0.00740674
0.00835449
0.00913579
0.00977769
0.0103079
0.0107497
0.0111214
0.0114371
0.011708
0.0119423
0.0121466
0.0123262
0.012485
0.0126265
0.0127532
0.0128672
0.0129704
0.0130642
0.0131498
0.0132283
0.0133005
0.0133672
0.013429
0.0134863
0.0135398
0.0135898
0.0136366
0.0136806
0.013722
0.013761
0.013798
0.013833
0.0138663
0.0138979
0.0139281
0.0139569
0.0139844
0.0140108
0.0140361
0.0140605
0.0140839
0.0141064
0.0141282
0.0141493
0.0141696
0.0141894
0.0142086
0.0142272
0.0142454
0.0142631
0.0142803
0.0142972
0.0143137
0.0143299
0.0143457
0.0143612
0.0143764
0.0143913
0.0144058
0.0144199
0.0144337
0.014447
0.01446
0.0144725
0.0144845
0.014496
0.014507
0.0145174
0.0145274
0.0145367
0.0145456
0.0145539
0.0145617
0.0145691
0.014576
0.0145825
0.0145886
0.0145945
0.0146001
0.0146055
0.0146108
0.014616
0.0146213
0.0146266
0.0146321
0.0146379
0.0146439
0.0146503
0.0146571
0.0146644
0.0146722
0.0146807
0.0146898
0.0146996
0.0147101
0.0147215
0.0147336
0.0147466
0.0147605
0.0147752
0.0147908
0.0148074
0.0148248
0.0148432
0.0148624
0.0148825
0.0149035
0.0149253
0.014948
0.0149713
0.0149955
0.0150203
0.0150457
0.0150718
0.0150983
0.0151254
0.0151517
0.00759178
0.00381868
0.0039565
0.00506317
0.00617406
0.0070938
0.00782429
0.00840243
0.00886384
0.00923667
0.00954195
0.00979516
0.0100077
0.0101882
0.010343
0.0104769
0.0105938
0.0106966
0.0107876
0.0108687
0.0109414
0.0110069
0.0110662
0.0111202
0.0111695
0.0112147
0.0112564
0.0112949
0.0113306
0.0113639
0.0113949
0.0114239
0.0114512
0.0114768
0.011501
0.0115239
0.0115456
0.0115662
0.0115858
0.0116045
0.0116223
0.0116394
0.0116558
0.0116716
0.0116868
0.0117014
0.0117155
0.0117292
0.0117424
0.0117553
0.0117678
0.0117799
0.0117917
0.0118033
0.0118146
0.0118257
0.0118366
0.0118473
0.0118577
0.011868
0.0118781
0.0118881
0.0118978
0.0119073
0.0119166
0.0119256
0.0119344
0.0119429
0.0119511
0.0119589
0.0119664
0.0119735
0.0119802
0.0119866
0.0119925
0.0119981
0.0120033
0.0120082
0.0120127
0.0120169
0.0120208
0.0120245
0.012028
0.0120314
0.0120347
0.0120379
0.0120411
0.0120444
0.0120479
0.0120515
0.0120553
0.0120594
0.0120638
0.0120686
0.0120739
0.0120796
0.0120859
0.0120927
0.0121001
0.0121082
0.0121169
0.0121263
0.0121364
0.0121471
0.0121587
0.0121709
0.0121839
0.0121976
0.0122121
0.0122273
0.0122432
0.0122597
0.012277
0.0122949
0.0123134
0.0123324
0.0123521
0.0123722
0.0123928
0.0124138
0.0124352
0.0124559
0.00488849
0.00301652
0.00383246
0.00494522
0.00586678
0.00656975
0.00710149
0.00750823
0.00782461
0.00807513
0.00827691
0.00844198
0.00857893
0.008694
0.00879177
0.00887569
0.00894838
0.00901186
0.00906771
0.0091172
0.00916132
0.00920088
0.00923655
0.00926888
0.00929831
0.00932523
0.00934995
0.00937274
0.00939383
0.00941342
0.00943168
0.00944875
0.00946476
0.00947982
0.00949403
0.00950746
0.00952021
0.00953232
0.00954387
0.00955489
0.00956545
0.00957558
0.00958531
0.00959469
0.00960374
0.00961248
0.00962096
0.00962917
0.00963717
0.00964495
0.00965254
0.00965996
0.00966723
0.00967436
0.00968136
0.00968826
0.00969505
0.00970176
0.00970837
0.0097149
0.00972133
0.00972767
0.00973389
0.00974
0.00974597
0.00975179
0.00975743
0.00976288
0.00976812
0.00977312
0.00977788
0.00978237
0.0097866
0.00979056
0.00979424
0.00979766
0.00980082
0.00980373
0.00980642
0.0098089
0.0098112
0.00981335
0.00981539
0.00981735
0.00981928
0.0098212
0.00982316
0.00982521
0.00982739
0.00982974
0.00983231
0.00983512
0.00983824
0.00984168
0.00984549
0.00984971
0.00985436
0.00985947
0.00986507
0.00987119
0.00987784
0.00988504
0.0098928
0.00990113
0.00991005
0.00991955
0.00992963
0.0099403
0.00995154
0.00996336
0.00997572
0.00998863
0.0100021
0.010016
0.0100304
0.0100452
0.0100605
0.0100762
0.0100922
0.0101085
0.0101251
0.0101412
0.00312828
0.00268014
0.00372157
0.0046797
0.00538514
0.00589032
0.00625644
0.00652772
0.00673357
0.00689332
0.00701982
0.00712179
0.00720529
0.00727462
0.0073329
0.00738242
0.00742491
0.00746169
0.0074938
0.00752202
0.007547
0.00756926
0.00758921
0.00760718
0.00762346
0.00763829
0.00765185
0.0076643
0.0076758
0.00768645
0.00769636
0.00770562
0.00771429
0.00772245
0.00773014
0.00773743
0.00774435
0.00775094
0.00775724
0.00776327
0.00776906
0.00777464
0.00778002
0.00778523
0.00779027
0.00779517
0.00779995
0.0078046
0.00780915
0.00781361
0.00781799
0.0078223
0.00782655
0.00783074
0.0078349
0.00783901
0.0078431
0.00784716
0.00785119
0.00785519
0.00785915
0.00786307
0.00786695
0.00787075
0.00787449
0.00787813
0.00788166
0.00788507
0.00788834
0.00789145
0.00789439
0.00789715
0.00789973
0.00790213
0.00790434
0.00790637
0.00790822
0.0079099
0.00791144
0.00791284
0.00791413
0.00791533
0.00791647
0.00791757
0.00791867
0.00791979
0.00792097
0.00792224
0.00792363
0.00792517
0.0079269
0.00792885
0.00793104
0.00793351
0.00793628
0.00793938
0.00794282
0.00794664
0.00795084
0.00795545
0.00796048
0.00796595
0.00797185
0.0079782
0.007985
0.00799225
0.00799996
0.00800812
0.00801671
0.00802575
0.00803521
0.00804508
0.00805534
0.00806599
0.008077
0.00808835
0.00810001
0.00811196
0.00812417
0.0081366
0.0081493
0.00816155
0.00211639
0.00251651
0.00352139
0.00427039
0.00477425
0.00511496
0.00535176
0.00552165
0.00564723
0.00574253
0.00581652
0.00587511
0.00592229
0.00596084
0.00599277
0.0060195
0.00604212
0.00606144
0.00607808
0.00609253
0.00610518
0.00611631
0.00612619
0.006135
0.00614291
0.00615005
0.00615653
0.00616246
0.00616789
0.00617291
0.00617756
0.0061819
0.00618596
0.00618978
0.00619339
0.00619682
0.00620009
0.00620321
0.00620621
0.0062091
0.0062119
0.00621461
0.00621725
0.00621982
0.00622234
0.00622481
0.00622724
0.00622963
0.006232
0.00623434
0.00623667
0.00623898
0.00624129
0.0062436
0.00624591
0.00624822
0.00625055
0.00625288
0.00625522
0.00625756
0.0062599
0.00626223
0.00626455
0.00626683
0.00626908
0.00627128
0.00627342
0.00627548
0.00627746
0.00627932
0.00628108
0.00628273
0.00628425
0.00628564
0.00628692
0.00628807
0.00628911
0.00629005
0.00629088
0.00629163
0.00629232
0.00629296
0.00629356
0.00629416
0.00629477
0.00629541
0.00629611
0.0062969
0.00629779
0.00629882
0.00629999
0.00630134
0.00630289
0.00630466
0.00630666
0.00630892
0.00631145
0.00631427
0.00631738
0.00632081
0.00632455
0.00632863
0.00633304
0.00633778
0.00634287
0.0063483
0.00635406
0.00636017
0.0063666
0.00637336
0.00638043
0.00638782
0.00639549
0.00640345
0.00641167
0.00642014
0.00642884
0.00643775
0.00644686
0.00645612
0.00646558
0.00647469
0.001583
0.00236704
0.00320964
0.00374928
0.00408339
0.00429644
0.00443801
0.00453595
0.00460609
0.00465781
0.00469688
0.004727
0.00475062
0.00476942
0.00478457
0.00479691
0.00480708
0.00481552
0.00482259
0.00482856
0.00483364
0.00483799
0.00484174
0.004845
0.00484786
0.00485039
0.00485263
0.00485464
0.00485646
0.00485811
0.00485964
0.00486105
0.00486237
0.00486361
0.00486479
0.00486593
0.00486702
0.00486808
0.00486912
0.00487013
0.00487114
0.00487214
0.00487313
0.00487413
0.00487512
0.00487613
0.00487714
0.00487816
0.00487919
0.00488024
0.00488131
0.00488239
0.0048835
0.00488463
0.00488579
0.00488698
0.00488819
0.00488943
0.00489069
0.00489198
0.00489328
0.00489459
0.0048959
0.00489721
0.0048985
0.00489977
0.004901
0.0049022
0.00490334
0.00490441
0.00490542
0.00490635
0.00490721
0.00490799
0.0049087
0.00490932
0.00490988
0.00491037
0.0049108
0.00491118
0.00491152
0.00491184
0.00491215
0.00491246
0.00491279
0.00491316
0.00491358
0.00491408
0.00491466
0.00491534
0.00491614
0.00491708
0.00491817
0.00491942
0.00492085
0.00492247
0.0049243
0.00492634
0.00492859
0.00493108
0.0049338
0.00493677
0.00493997
0.00494342
0.00494713
0.00495107
0.00495527
0.00495971
0.00496439
0.0049693
0.00497444
0.0049798
0.00498537
0.00499114
0.0049971
0.00500325
0.00500955
0.00501601
0.0050226
0.0050293
0.00503614
0.00504273
0.00129599
0.00216382
0.0027997
0.00315555
0.00335732
0.00347765
0.00355334
0.00360321
0.00363728
0.00366123
0.00367843
0.00369099
0.00370026
0.00370717
0.00371233
0.0037162
0.00371909
0.00372123
0.0037228
0.00372393
0.00372473
0.00372526
0.00372559
0.00372577
0.00372583
0.00372581
0.00372572
0.00372559
0.00372543
0.00372526
0.00372508
0.00372491
0.00372474
0.00372459
0.00372445
0.00372434
0.00372425
0.00372419
0.00372415
0.00372414
0.00372417
0.00372422
0.00372431
0.00372442
0.00372457
0.00372475
0.00372496
0.0037252
0.00372548
0.00372579
0.00372613
0.0037265
0.00372691
0.00372735
0.00372783
0.00372834
0.00372888
0.00372946
0.00373006
0.0037307
0.00373135
0.00373203
0.00373271
0.00373341
0.0037341
0.00373479
0.00373546
0.00373611
0.00373674
0.00373732
0.00373787
0.00373838
0.00373884
0.00373925
0.00373962
0.00373994
0.00374023
0.00374047
0.00374068
0.00374086
0.00374103
0.00374118
0.00374134
0.0037415
0.00374169
0.00374191
0.00374217
0.00374248
0.00374286
0.00374332
0.00374387
0.00374451
0.00374526
0.00374614
0.00374714
0.00374827
0.00374955
0.00375098
0.00375256
0.0037543
0.00375621
0.00375829
0.00376054
0.00376295
0.00376555
0.00376831
0.00377124
0.00377435
0.00377761
0.00378105
0.00378463
0.00378837
0.00379226
0.00379628
0.00380044
0.00380472
0.00380911
0.0038136
0.00381819
0.00382285
0.00382761
0.00383219
0.00110753
0.00188763
0.00231832
0.00252711
0.00263351
0.00269151
0.00272503
0.00274521
0.00275765
0.00276533
0.00276999
0.00277267
0.00277402
0.00277447
0.00277431
0.00277371
0.00277284
0.00277176
0.00277057
0.0027693
0.002768
0.00276668
0.00276538
0.0027641
0.00276285
0.00276164
0.00276048
0.00275938
0.00275832
0.00275732
0.00275637
0.00275548
0.00275465
0.00275386
0.00275313
0.00275246
0.00275183
0.00275126
0.00275073
0.00275025
0.00274982
0.00274943
0.00274909
0.00274878
0.00274852
0.0027483
0.00274812
0.00274797
0.00274786
0.00274779
0.00274775
0.00274775
0.00274779
0.00274786
0.00274796
0.0027481
0.00274827
0.00274847
0.0027487
0.00274896
0.00274924
0.00274954
0.00274985
0.00275018
0.00275052
0.00275086
0.00275119
0.00275152
0.00275184
0.00275214
0.00275242
0.00275267
0.00275291
0.00275312
0.00275331
0.00275347
0.00275361
0.00275373
0.00275384
0.00275393
0.00275401
0.0027541
0.00275418
0.00275428
0.0027544
0.00275454
0.00275471
0.00275492
0.00275517
0.00275548
0.00275585
0.00275629
0.0027568
0.00275738
0.00275806
0.00275882
0.00275967
0.00276063
0.00276169
0.00276285
0.00276412
0.0027655
0.00276699
0.0027686
0.00277032
0.00277214
0.00277408
0.00277613
0.00277829
0.00278056
0.00278292
0.00278538
0.00278794
0.00279059
0.00279333
0.00279614
0.00279903
0.00280198
0.002805
0.00280806
0.00281119
0.0028142
0.000940091
0.00154366
0.00179618
0.00189808
0.00194231
0.00196263
0.00197202
0.00197596
0.001977
0.00197642
0.00197493
0.00197293
0.00197066
0.00196827
0.00196583
0.00196342
0.00196106
0.00195877
0.00195657
0.00195447
0.00195247
0.00195056
0.00194876
0.00194704
0.00194543
0.0019439
0.00194246
0.0019411
0.00193982
0.00193862
0.00193749
0.00193643
0.00193543
0.0019345
0.00193363
0.00193282
0.00193206
0.00193135
0.0019307
0.00193009
0.00192953
0.00192901
0.00192854
0.0019281
0.00192771
0.00192735
0.00192703
0.00192674
0.00192649
0.00192627
0.00192608
0.00192592
0.00192579
0.00192569
0.00192563
0.00192558
0.00192557
0.00192558
0.00192562
0.00192568
0.00192575
0.00192585
0.00192597
0.00192609
0.00192623
0.00192637
0.00192652
0.00192667
0.00192681
0.00192695
0.00192709
0.00192721
0.00192733
0.00192744
0.00192753
0.00192762
0.0019277
0.00192777
0.00192783
0.00192789
0.00192795
0.00192801
0.00192807
0.00192815
0.00192824
0.00192834
0.00192846
0.00192861
0.00192879
0.001929
0.00192925
0.00192954
0.00192987
0.00193025
0.00193068
0.00193116
0.0019317
0.0019323
0.00193296
0.00193369
0.00193447
0.00193532
0.00193624
0.00193722
0.00193827
0.00193938
0.00194056
0.00194181
0.00194312
0.00194449
0.00194592
0.00194741
0.00194895
0.00195055
0.0019522
0.00195389
0.00195563
0.00195741
0.00195923
0.00196107
0.00196295
0.00196476
0.00075892
0.00114997
0.00126545
0.00129943
0.00130899
0.00131025
0.00130839
0.00130531
0.00130181
0.00129822
0.00129471
0.00129136
0.00128818
0.00128519
0.00128239
0.00127977
0.00127732
0.00127503
0.0012729
0.0012709
0.00126903
0.00126728
0.00126564
0.00126411
0.00126267
0.00126133
0.00126006
0.00125888
0.00125777
0.00125673
0.00125575
0.00125484
0.00125398
0.00125318
0.00125243
0.00125172
0.00125107
0.00125045
0.00124988
0.00124934
0.00124885
0.00124838
0.00124796
0.00124756
0.00124719
0.00124686
0.00124655
0.00124626
0.00124601
0.00124578
0.00124557
0.00124538
0.00124522
0.00124508
0.00124496
0.00124486
0.00124478
0.00124472
0.00124468
0.00124465
0.00124464
0.00124464
0.00124466
0.00124468
0.00124472
0.00124477
0.00124482
0.00124487
0.00124493
0.00124499
0.00124505
0.00124511
0.00124517
0.00124523
0.00124529
0.00124534
0.0012454
0.00124545
0.0012455
0.00124556
0.00124561
0.00124567
0.00124573
0.0012458
0.00124588
0.00124596
0.00124606
0.00124618
0.0012463
0.00124645
0.00124661
0.0012468
0.00124701
0.00124724
0.0012475
0.00124779
0.0012481
0.00124844
0.00124882
0.00124922
0.00124966
0.00125013
0.00125063
0.00125116
0.00125173
0.00125233
0.00125296
0.00125362
0.00125432
0.00125504
0.0012558
0.00125658
0.00125739
0.00125823
0.00125909
0.00125998
0.00126089
0.00126181
0.00126276
0.00126371
0.00126469
0.00126563
0.000560691
0.000737105
0.000763632
0.000763607
0.000759028
0.000753908
0.000749091
0.000744734
0.000740829
0.00073733
0.000734186
0.000731348
0.000728778
0.00072644
0.000724305
0.000722349
0.000720551
0.000718895
0.000717366
0.00071595
0.000714637
0.000713417
0.000712282
0.000711224
0.000710238
0.000709317
0.000708456
0.000707651
0.000706898
0.000706192
0.000705532
0.000704913
0.000704333
0.00070379
0.000703281
0.000702804
0.000702358
0.00070194
0.000701549
0.000701184
0.000700842
0.000700524
0.000700227
0.000699951
0.000699695
0.000699457
0.000699237
0.000699034
0.000698847
0.000698676
0.00069852
0.000698378
0.00069825
0.000698135
0.000698034
0.000697944
0.000697866
0.0006978
0.000697745
0.0006977
0.000697665
0.000697639
0.000697621
0.000697611
0.000697609
0.000697613
0.000697622
0.000697637
0.000697656
0.000697679
0.000697706
0.000697735
0.000697768
0.000697802
0.000697839
0.000697879
0.00069792
0.000697963
0.000698009
0.000698057
0.000698108
0.000698162
0.00069822
0.000698282
0.000698349
0.00069842
0.000698498
0.000698581
0.000698671
0.000698769
0.000698874
0.000698988
0.00069911
0.000699242
0.000699384
0.000699535
0.000699698
0.00069987
0.000700054
0.000700249
0.000700456
0.000700673
0.000700903
0.000701143
0.000701396
0.000701659
0.000701934
0.000702219
0.000702516
0.000702822
0.000703139
0.000703465
0.0007038
0.000704143
0.000704495
0.000704854
0.00070522
0.000705592
0.000705969
0.00070635
0.000706735
0.000707108
0.000284746
0.000272336
0.000264576
0.000259339
0.000255518
0.000252566
0.000250187
0.00024821
0.000246532
0.000245084
0.000243818
0.000242699
0.000241702
0.000240807
0.000239998
0.000239264
0.000238594
0.000237981
0.000237417
0.000236898
0.000236419
0.000235975
0.000235563
0.00023518
0.000234824
0.000234491
0.000234182
0.000233892
0.000233621
0.000233368
0.000233131
0.000232909
0.000232701
0.000232506
0.000232324
0.000232152
0.000231992
0.000231842
0.000231701
0.000231569
0.000231446
0.000231331
0.000231223
0.000231122
0.000231029
0.000230942
0.000230861
0.000230786
0.000230716
0.000230652
0.000230593
0.000230539
0.00023049
0.000230445
0.000230405
0.000230368
0.000230336
0.000230307
0.000230282
0.000230261
0.000230243
0.000230228
0.000230215
0.000230206
0.0002302
0.000230196
0.000230194
0.000230195
0.000230198
0.000230203
0.00023021
0.00023022
0.00023023
0.000230243
0.000230258
0.000230274
0.000230292
0.000230311
0.000230333
0.000230356
0.00023038
0.000230406
0.000230434
0.000230464
0.000230495
0.000230528
0.000230563
0.0002306
0.000230638
0.000230678
0.00023072
0.000230764
0.000230809
0.000230857
0.000230906
0.000230957
0.00023101
0.000231065
0.000231121
0.000231179
0.000231239
0.0002313
0.000231363
0.000231427
0.000231493
0.00023156
0.000231628
0.000231698
0.000231768
0.00023184
0.000231912
0.000231985
0.000232059
0.000232133
0.000232208
0.000232282
0.000232357
0.000232432
0.000232506
0.00023258
0.000232652
0.000232725
)
;

boundaryField
{
    lowerWall
    {
        type            nutkWallFunction;
        Cmu             0.09;
        kappa           0.41;
        E               9.8;
        value           nonuniform List<scalar> 
122
(
3.38542e-05
3.22344e-05
3.12155e-05
3.05252e-05
3.00205e-05
2.96299e-05
2.93146e-05
2.90524e-05
2.88296e-05
2.86371e-05
2.84688e-05
2.83199e-05
2.81871e-05
2.80679e-05
2.79601e-05
2.78622e-05
2.77729e-05
2.76911e-05
2.76159e-05
2.75466e-05
2.74825e-05
2.74232e-05
2.73682e-05
2.7317e-05
2.72694e-05
2.7225e-05
2.71836e-05
2.71449e-05
2.71087e-05
2.70748e-05
2.70431e-05
2.70134e-05
2.69856e-05
2.69595e-05
2.6935e-05
2.69121e-05
2.68906e-05
2.68705e-05
2.68517e-05
2.6834e-05
2.68175e-05
2.68021e-05
2.67877e-05
2.67742e-05
2.67617e-05
2.675e-05
2.67392e-05
2.67291e-05
2.67198e-05
2.67112e-05
2.67033e-05
2.66961e-05
2.66895e-05
2.66835e-05
2.6678e-05
2.66732e-05
2.66688e-05
2.66649e-05
2.66616e-05
2.66587e-05
2.66562e-05
2.66542e-05
2.66525e-05
2.66513e-05
2.66504e-05
2.66498e-05
2.66496e-05
2.66497e-05
2.66501e-05
2.66508e-05
2.66518e-05
2.66531e-05
2.66546e-05
2.66564e-05
2.66585e-05
2.66607e-05
2.66633e-05
2.6666e-05
2.6669e-05
2.66723e-05
2.66757e-05
2.66794e-05
2.66834e-05
2.66875e-05
2.66919e-05
2.66966e-05
2.67014e-05
2.67065e-05
2.67118e-05
2.67174e-05
2.67232e-05
2.67292e-05
2.67354e-05
2.67418e-05
2.67485e-05
2.67554e-05
2.67624e-05
2.67697e-05
2.67772e-05
2.67849e-05
2.67927e-05
2.68007e-05
2.68089e-05
2.68173e-05
2.68258e-05
2.68344e-05
2.68431e-05
2.6852e-05
2.6861e-05
2.687e-05
2.68792e-05
2.68884e-05
2.68976e-05
2.69069e-05
2.69161e-05
2.69254e-05
2.69346e-05
2.69439e-05
2.6953e-05
2.69621e-05
2.69709e-05
2.69797e-05
)
;
    }
    upperWall
    {
        type            nutkWallFunction;
        Cmu             0.09;
        kappa           0.41;
        E               9.8;
        value           nonuniform List<scalar> 
122
(
3.36526e-05
3.20374e-05
3.10226e-05
3.03355e-05
2.98333e-05
2.94446e-05
2.91308e-05
2.88699e-05
2.86481e-05
2.84567e-05
2.82891e-05
2.8141e-05
2.80089e-05
2.78902e-05
2.77829e-05
2.76855e-05
2.75966e-05
2.75152e-05
2.74404e-05
2.73714e-05
2.73077e-05
2.72486e-05
2.71939e-05
2.7143e-05
2.70956e-05
2.70514e-05
2.70102e-05
2.69716e-05
2.69356e-05
2.69019e-05
2.68704e-05
2.68408e-05
2.68131e-05
2.67872e-05
2.67628e-05
2.674e-05
2.67186e-05
2.66986e-05
2.66799e-05
2.66623e-05
2.66459e-05
2.66305e-05
2.66162e-05
2.66028e-05
2.65903e-05
2.65787e-05
2.65679e-05
2.65579e-05
2.65486e-05
2.65401e-05
2.65322e-05
2.6525e-05
2.65185e-05
2.65125e-05
2.65071e-05
2.65022e-05
2.64979e-05
2.64941e-05
2.64908e-05
2.64879e-05
2.64854e-05
2.64834e-05
2.64818e-05
2.64805e-05
2.64796e-05
2.64791e-05
2.64789e-05
2.6479e-05
2.64793e-05
2.648e-05
2.64809e-05
2.64822e-05
2.64836e-05
2.64853e-05
2.64873e-05
2.64895e-05
2.64919e-05
2.64946e-05
2.64975e-05
2.65006e-05
2.6504e-05
2.65076e-05
2.65114e-05
2.65155e-05
2.65198e-05
2.65243e-05
2.65291e-05
2.65341e-05
2.65394e-05
2.65449e-05
2.65507e-05
2.65567e-05
2.6563e-05
2.65694e-05
2.65762e-05
2.65831e-05
2.65903e-05
2.65977e-05
2.66054e-05
2.66132e-05
2.66213e-05
2.66296e-05
2.6638e-05
2.66466e-05
2.66554e-05
2.66644e-05
2.66735e-05
2.66827e-05
2.6692e-05
2.67015e-05
2.6711e-05
2.67206e-05
2.67302e-05
2.67399e-05
2.67496e-05
2.67593e-05
2.6769e-05
2.67787e-05
2.67883e-05
2.67978e-05
2.6807e-05
2.68163e-05
)
;
    }
    inlet
    {
        type            calculated;
        value           uniform 0.0366503;
    }
    outlet
    {
        type            calculated;
        value           nonuniform List<scalar> 
60
(
0.000233953
0.000710505
0.00127084
0.00197163
0.00282249
0.00384166
0.00505311
0.0064857
0.00817289
0.0101526
0.012467
0.0151623
0.0182877
0.0218945
0.0260339
0.0307539
0.0360944
0.0420804
0.0487117
0.0559492
0.0636953
0.0717681
0.0798677
0.0875345
0.0941014
0.0986537
0.100044
0.0971522
0.0901615
0.0839887
0.0839034
0.090042
0.0970538
0.0999615
0.0985825
0.0940394
0.0874814
0.0798234
0.0717322
0.063667
0.0559274
0.0486949
0.0420672
0.0360836
0.0307443
0.0260247
0.021885
0.0182777
0.0151517
0.0124559
0.0101412
0.00816155
0.00647469
0.00504273
0.00383219
0.0028142
0.00196476
0.00126563
0.000707108
0.000232725
)
;
    }
    frontAndBack
    {
        type            empty;
    }
}


// ************************************************************************* //
