/*--------------------------------*- C++ -*----------------------------------*\
  =========                 |
  \\      /  F ield         | OpenFOAM: The Open Source CFD Toolbox
   \\    /   O peration     | Website:  https://openfoam.org
    \\  /    A nd           | Version:  8
     \\/     M anipulation  |
\*---------------------------------------------------------------------------*/
FoamFile
{
    version     2.0;
    format      ascii;
    class       volScalarField;
    location    "900";
    object      k;
}
// * * * * * * * * * * * * * * * * * * * * * * * * * * * * * * * * * * * * * //

dimensions      [0 2 -2 0 0 0 0];

internalField   nonuniform List<scalar> 
7320
(
6.07652
5.55942
5.24732
5.04165
4.8942
4.78178
4.69211
4.61825
4.55602
4.50265
4.45625
4.41545
4.37924
4.34686
4.31771
4.29132
4.26733
4.24542
4.22534
4.20689
4.18987
4.17415
4.15959
4.14608
4.13352
4.12184
4.11095
4.10079
4.09131
4.08244
4.07416
4.0664
4.05914
4.05234
4.04598
4.04002
4.03444
4.02921
4.02432
4.01974
4.01546
4.01146
4.00773
4.00425
4.00101
3.99799
3.99519
3.99259
3.99019
3.98797
3.98593
3.98406
3.98235
3.9808
3.97939
3.97813
3.977
3.976
3.97512
3.97437
3.97373
3.97321
3.97279
3.97247
3.97226
3.97214
3.97212
3.97219
3.97234
3.97258
3.97291
3.97331
3.97379
3.97434
3.97497
3.97566
3.97641
3.97722
3.97809
3.97901
3.97998
3.98099
3.98205
3.98314
3.98427
3.98544
3.98663
3.98786
3.98911
3.99039
3.9917
3.99304
3.99441
3.9958
3.99722
3.99868
4.00017
4.00169
4.00325
4.00485
4.00649
4.00817
4.0099
4.01168
4.0135
4.01538
4.01731
4.0193
4.02134
4.02343
4.02558
4.02779
4.03005
4.03236
4.03473
4.03714
4.0396
4.0421
4.04465
4.04722
4.04978
4.0524
4.84215
5.67924
5.54001
5.36046
5.21715
5.10399
5.01225
4.93597
4.87129
4.81558
4.76697
4.72412
4.68601
4.65186
4.62109
4.59321
4.56782
4.54462
4.52335
4.50378
4.48573
4.46904
4.45358
4.43924
4.4259
4.41348
4.40191
4.39111
4.38103
4.37161
4.3628
4.35455
4.34683
4.3396
4.33284
4.3265
4.32057
4.31501
4.30982
4.30495
4.30041
4.29616
4.2922
4.28851
4.28507
4.28187
4.2789
4.27615
4.27361
4.27127
4.26911
4.26714
4.26534
4.2637
4.26223
4.2609
4.25972
4.25867
4.25777
4.25699
4.25633
4.25579
4.25537
4.25505
4.25485
4.25475
4.25475
4.25484
4.25503
4.25531
4.25569
4.25615
4.2567
4.25732
4.25803
4.25881
4.25966
4.26058
4.26156
4.2626
4.26369
4.26484
4.26602
4.26725
4.26852
4.26981
4.27114
4.27249
4.27387
4.27527
4.27668
4.27812
4.27957
4.28105
4.28254
4.28405
4.28558
4.28714
4.28872
4.29033
4.29198
4.29366
4.29538
4.29715
4.29896
4.30082
4.30274
4.30471
4.30674
4.30884
4.311
4.31322
4.31551
4.31787
4.3203
4.3228
4.32536
4.32799
4.33069
4.33344
4.33621
4.33903
3.59581
5.0514
5.15997
5.06781
4.96411
4.87324
4.79598
4.72999
4.67307
4.62344
4.57977
4.541
4.50635
4.47517
4.44698
4.42135
4.39797
4.37656
4.35689
4.33877
4.32204
4.30655
4.29219
4.27885
4.26644
4.25488
4.2441
4.23404
4.22464
4.21585
4.20763
4.19994
4.19274
4.186
4.17969
4.17378
4.16824
4.16307
4.15822
4.15369
4.14946
4.14551
4.14183
4.13839
4.1352
4.13223
4.12948
4.12694
4.12459
4.12243
4.12044
4.11863
4.11698
4.11549
4.11414
4.11294
4.11187
4.11094
4.11013
4.10944
4.10886
4.1084
4.10805
4.1078
4.10766
4.10761
4.10766
4.10781
4.10804
4.10837
4.10878
4.10928
4.10986
4.11053
4.11127
4.11209
4.11298
4.11393
4.11495
4.11602
4.11714
4.1183
4.1195
4.12074
4.122
4.12328
4.12458
4.12588
4.1272
4.12852
4.12984
4.13116
4.13247
4.13379
4.13511
4.13643
4.13775
4.13908
4.14042
4.14178
4.14316
4.14456
4.146
4.14748
4.149
4.15058
4.15222
4.15392
4.1557
4.15755
4.15948
4.16151
4.16362
4.16583
4.16815
4.17056
4.17308
4.1757
4.17843
4.18126
4.18418
4.18713
2.74725
4.48339
4.83294
4.83938
4.78111
4.71517
4.65355
4.59832
4.54927
4.50567
4.46677
4.43188
4.40045
4.372
4.34614
4.32254
4.30093
4.28108
4.2628
4.24593
4.23032
4.21585
4.20241
4.18991
4.17828
4.16743
4.15731
4.14786
4.13902
4.13076
4.12302
4.11579
4.10901
4.10267
4.09673
4.09117
4.08597
4.0811
4.07654
4.07229
4.06832
4.06461
4.06116
4.05794
4.05496
4.05218
4.04962
4.04725
4.04507
4.04306
4.04123
4.03956
4.03804
4.03667
4.03545
4.03436
4.0334
4.03256
4.03185
4.03125
4.03077
4.03039
4.03011
4.02993
4.02986
4.02987
4.02999
4.03019
4.03048
4.03086
4.03133
4.03189
4.03253
4.03325
4.03405
4.03493
4.03587
4.03688
4.03795
4.03907
4.04023
4.04143
4.04267
4.04392
4.04519
4.04647
4.04776
4.04903
4.0503
4.05156
4.0528
4.05402
4.05522
4.05641
4.05758
4.05873
4.05987
4.061
4.06214
4.06328
4.06444
4.06562
4.06683
4.06808
4.06939
4.07075
4.07218
4.07369
4.07529
4.07699
4.0788
4.08071
4.08276
4.08493
4.08723
4.08967
4.09226
4.09499
4.09787
4.1009
4.10406
4.10727
2.10346
3.90602
4.48941
4.61127
4.60898
4.57387
4.53133
4.489
4.44924
4.41265
4.37922
4.34873
4.32092
4.29549
4.27219
4.2508
4.23111
4.21295
4.19616
4.18061
4.16619
4.15279
4.14032
4.12871
4.11788
4.10777
4.09833
4.08951
4.08125
4.07353
4.0663
4.05953
4.05319
4.04725
4.04169
4.03649
4.03163
4.02708
4.02282
4.01885
4.01515
4.01169
4.00848
4.00549
4.00272
4.00015
3.99778
3.99559
3.99359
3.99175
3.99007
3.98855
3.98718
3.98595
3.98486
3.98389
3.98305
3.98233
3.98172
3.98123
3.98084
3.98055
3.98037
3.98028
3.98028
3.98038
3.98057
3.98085
3.98121
3.98167
3.98221
3.98284
3.98355
3.98434
3.98521
3.98616
3.98717
3.98825
3.98938
3.99055
3.99177
3.99302
3.99429
3.99557
3.99686
3.99815
3.99942
4.00068
4.00191
4.00312
4.00429
4.00543
4.00653
4.0076
4.00864
4.00965
4.01064
4.01162
4.01258
4.01355
4.01452
4.01552
4.01655
4.01763
4.01876
4.01997
4.02126
4.02264
4.02413
4.02574
4.02748
4.02936
4.0314
4.03359
4.03595
4.03849
4.04121
4.04412
4.04721
4.05049
4.05396
4.05749
1.61624
3.30894
4.10161
4.35522
4.42201
4.42574
4.40724
4.38106
4.35281
4.32483
4.29808
4.27292
4.24944
4.22762
4.20738
4.18859
4.17115
4.15496
4.13991
4.1259
4.11285
4.10069
4.08934
4.07874
4.06884
4.05958
4.05091
4.0428
4.03521
4.02809
4.02143
4.01519
4.00935
4.00388
3.99875
3.99396
3.98947
3.98528
3.98137
3.97772
3.97432
3.97115
3.96821
3.96548
3.96295
3.96061
3.95846
3.95649
3.95468
3.95304
3.95155
3.9502
3.94899
3.94792
3.94698
3.94616
3.94546
3.94488
3.9444
3.94402
3.94375
3.94358
3.9435
3.94352
3.94362
3.94382
3.94411
3.94448
3.94493
3.94548
3.94611
3.94682
3.94762
3.94849
3.94945
3.95047
3.95156
3.95271
3.95391
3.95516
3.95644
3.95774
3.95906
3.96038
3.96169
3.963
3.96428
3.96552
3.96674
3.96791
3.96903
3.97011
3.97114
3.97212
3.97306
3.97396
3.97484
3.97568
3.97652
3.97735
3.97819
3.97905
3.97995
3.9809
3.98192
3.98301
3.9842
3.98551
3.98693
3.9885
3.99023
3.99211
3.99418
3.99644
3.9989
4.00156
4.00444
4.00754
4.01086
4.0144
4.01818
4.02203
1.26812
2.7064
3.65726
4.05358
4.20386
4.25636
4.26838
4.26267
4.24897
4.23181
4.21339
4.19484
4.17674
4.15936
4.14285
4.12725
4.11255
4.09875
4.0858
4.07365
4.06226
4.05158
4.04157
4.03219
4.02339
4.01514
4.0074
4.00014
3.99333
3.98695
3.98096
3.97535
3.97009
3.96516
3.96055
3.95624
3.95221
3.94844
3.94493
3.94166
3.93862
3.93579
3.93317
3.93074
3.92851
3.92645
3.92456
3.92284
3.92127
3.91985
3.91858
3.91744
3.91643
3.91555
3.9148
3.91415
3.91362
3.91319
3.91287
3.91265
3.91252
3.91248
3.91254
3.91268
3.91291
3.91323
3.91363
3.91412
3.91468
3.91533
3.91607
3.91688
3.91778
3.91876
3.91981
3.92092
3.9221
3.92334
3.92462
3.92595
3.9273
3.92867
3.93004
3.93141
3.93277
3.9341
3.93541
3.93667
3.93788
3.93904
3.94014
3.94119
3.94217
3.9431
3.94398
3.94481
3.94561
3.94637
3.94712
3.94786
3.94861
3.94938
3.9502
3.95106
3.952
3.95303
3.95417
3.95543
3.95683
3.95838
3.96011
3.96203
3.96415
3.96648
3.96903
3.97182
3.97485
3.97813
3.98166
3.98545
3.9895
3.99363
1.04443
2.13048
3.15609
3.69382
3.94125
4.05401
4.10457
4.12487
4.12967
4.12622
4.11833
4.10811
4.09673
4.0849
4.07304
4.06139
4.0501
4.03924
4.02888
4.01901
4.00966
4.0008
3.99243
3.98452
3.97707
3.97005
3.96343
3.95721
3.95135
3.94585
3.94068
3.93583
3.93128
3.92702
3.92303
3.9193
3.91582
3.91257
3.90954
3.90672
3.90411
3.90169
3.89946
3.89741
3.89552
3.8938
3.89223
3.8908
3.88953
3.88838
3.88737
3.88649
3.88572
3.88507
3.88454
3.88411
3.88378
3.88355
3.88341
3.88337
3.88342
3.88355
3.88377
3.88407
3.88445
3.88491
3.88546
3.88608
3.88678
3.88756
3.88842
3.88936
3.89038
3.89147
3.89263
3.89385
3.89514
3.89648
3.89786
3.89927
3.90071
3.90216
3.90361
3.90505
3.90647
3.90786
3.90921
3.9105
3.91175
3.91293
3.91404
3.91509
3.91607
3.91699
3.91784
3.91865
3.91941
3.92013
3.92084
3.92153
3.92223
3.92296
3.92373
3.92455
3.92545
3.92644
3.92755
3.92879
3.93019
3.93175
3.9335
3.93544
3.93761
3.94001
3.94265
3.94554
3.94869
3.95211
3.95581
3.95978
3.96405
3.9684
0.919762
1.62589
2.61278
3.26902
3.62244
3.80741
3.90596
3.95917
3.98747
4.00145
4.00694
4.00725
4.00438
3.99954
3.99352
3.98681
3.97977
3.97259
3.96544
3.95842
3.95158
3.94497
3.93862
3.93255
3.92675
3.92124
3.91601
3.91105
3.90637
3.90195
3.89779
3.89387
3.89019
3.88673
3.8835
3.88048
3.87766
3.87504
3.8726
3.87035
3.86826
3.86634
3.86458
3.86298
3.86152
3.8602
3.85902
3.85796
3.85704
3.85623
3.85554
3.85496
3.85449
3.85413
3.85386
3.85369
3.85361
3.85362
3.85371
3.85389
3.85415
3.85449
3.85491
3.8554
3.85596
3.85661
3.85732
3.85812
3.85898
3.85992
3.86093
3.86201
3.86317
3.8644
3.86569
3.86705
3.86846
3.86992
3.87142
3.87294
3.87449
3.87604
3.87759
3.87912
3.88063
3.8821
3.88352
3.88488
3.88619
3.88742
3.88858
3.88967
3.89069
3.89163
3.89251
3.89333
3.8941
3.89484
3.89554
3.89623
3.89693
3.89765
3.8984
3.89922
3.90011
3.90109
3.9022
3.90344
3.90484
3.90641
3.90817
3.91015
3.91235
3.91479
3.91748
3.92044
3.92367
3.92719
3.93099
3.93508
3.93949
3.94398
0.860369
1.23773
2.06198
2.78202
3.23846
3.50547
3.66218
3.75644
3.81442
3.85055
3.87304
3.88674
3.89464
3.89864
3.89999
3.89953
3.89781
3.89526
3.89213
3.88865
3.88496
3.88115
3.87732
3.87351
3.86978
3.86614
3.86262
3.85924
3.856
3.85291
3.84999
3.84722
3.8446
3.84215
3.83985
3.8377
3.8357
3.83385
3.83214
3.83056
3.82913
3.82782
3.82664
3.82559
3.82465
3.82383
3.82312
3.82252
3.82202
3.82162
3.82133
3.82112
3.82101
3.82099
3.82105
3.8212
3.82143
3.82173
3.82211
3.82256
3.82308
3.82367
3.82433
3.82505
3.82584
3.8267
3.82763
3.82863
3.82969
3.83082
3.83201
3.83327
3.8346
3.83599
3.83745
3.83896
3.84052
3.84212
3.84376
3.84543
3.8471
3.84879
3.85046
3.85211
3.85374
3.85532
3.85685
3.85832
3.85972
3.86104
3.8623
3.86347
3.86456
3.86558
3.86653
3.86741
3.86823
3.86901
3.86976
3.8705
3.87123
3.87197
3.87276
3.87359
3.8745
3.8755
3.87662
3.87787
3.87928
3.88086
3.88263
3.88462
3.88683
3.88929
3.892
3.89498
3.89825
3.9018
3.90564
3.90978
3.91425
3.9188
0.836787
0.98815
1.55966
2.25312
2.7872
3.13869
3.36248
3.50657
3.60152
3.66555
3.70958
3.74028
3.76186
3.77709
3.78779
3.79521
3.80023
3.80349
3.80544
3.80641
3.80665
3.80636
3.80567
3.8047
3.80353
3.80223
3.80084
3.79941
3.79796
3.79653
3.79514
3.79379
3.7925
3.79127
3.79012
3.78905
3.78806
3.78716
3.78635
3.78562
3.78498
3.78442
3.78396
3.78358
3.78328
3.78307
3.78295
3.7829
3.78293
3.78304
3.78322
3.78348
3.78381
3.78421
3.78468
3.78522
3.78582
3.78648
3.7872
3.78798
3.78883
3.78972
3.79068
3.79169
3.79276
3.79389
3.79507
3.79632
3.79762
3.79898
3.80039
3.80187
3.80341
3.805
3.80665
3.80835
3.81009
3.81187
3.81368
3.81551
3.81736
3.8192
3.82103
3.82284
3.82461
3.82634
3.82801
3.82963
3.83117
3.83263
3.83401
3.83531
3.83653
3.83766
3.83872
3.83971
3.84063
3.84151
3.84235
3.84316
3.84396
3.84478
3.84562
3.8465
3.84746
3.84849
3.84964
3.85091
3.85234
3.85393
3.8557
3.85769
3.85989
3.86234
3.86504
3.868
3.87124
3.87477
3.87859
3.88271
3.88715
3.89169
0.830413
0.857509
1.16926
1.7285
2.28148
2.70333
2.99742
3.19899
3.33861
3.4372
3.50825
3.56042
3.59936
3.62883
3.65138
3.6688
3.68236
3.69298
3.70133
3.70792
3.71312
3.71725
3.72051
3.72309
3.72514
3.72675
3.72802
3.72903
3.72983
3.73046
3.73097
3.73139
3.73174
3.73204
3.73232
3.73259
3.73285
3.73312
3.73341
3.73373
3.73407
3.73445
3.73487
3.73532
3.73582
3.73636
3.73695
3.73758
3.73827
3.739
3.73977
3.7406
3.74147
3.74239
3.74336
3.74437
3.74543
3.74654
3.74768
3.74888
3.75011
3.75139
3.75271
3.75407
3.75548
3.75693
3.75843
3.75998
3.76158
3.76322
3.76491
3.76665
3.76844
3.77028
3.77216
3.77409
3.77605
3.77805
3.78007
3.78211
3.78415
3.7862
3.78822
3.79022
3.79219
3.7941
3.79596
3.79776
3.79948
3.80112
3.80268
3.80415
3.80554
3.80684
3.80806
3.8092
3.81027
3.81129
3.81226
3.81319
3.81411
3.81503
3.81596
3.81693
3.81795
3.81905
3.82024
3.82155
3.823
3.8246
3.82638
3.82835
3.83053
3.83294
3.83559
3.8385
3.84167
3.84513
3.84887
3.8529
3.85726
3.86171
0.831632
0.801461
0.924682
1.27902
1.76057
2.20994
2.5635
2.82478
3.0153
3.15518
3.2594
3.33832
3.39906
3.44651
3.48408
3.51418
3.53856
3.5585
3.57496
3.58866
3.60014
3.60984
3.61808
3.62514
3.63123
3.63651
3.64112
3.64518
3.64878
3.652
3.65489
3.65751
3.65991
3.66212
3.66418
3.66611
3.66793
3.66967
3.67133
3.67294
3.67451
3.67604
3.67754
3.67903
3.68051
3.68199
3.68346
3.68494
3.68642
3.68792
3.68943
3.69096
3.6925
3.69406
3.69564
3.69724
3.69887
3.70052
3.70219
3.70388
3.7056
3.70734
3.70911
3.71091
3.71273
3.71459
3.71647
3.71839
3.72035
3.72234
3.72437
3.72643
3.72853
3.73067
3.73284
3.73505
3.73729
3.73955
3.74183
3.74412
3.74642
3.7487
3.75097
3.75321
3.75541
3.75756
3.75965
3.76168
3.76363
3.7655
3.76728
3.76897
3.77058
3.77209
3.77352
3.77486
3.77613
3.77733
3.77848
3.77959
3.78066
3.78172
3.78279
3.78387
3.785
3.78619
3.78745
3.78881
3.7903
3.79192
3.79369
3.79565
3.7978
3.80015
3.80274
3.80556
3.80864
3.81198
3.8156
3.81949
3.82369
3.828
0.835915
0.782667
0.803403
0.968303
1.29566
1.69673
2.07275
2.38225
2.62383
2.80953
2.95259
3.06386
3.15146
3.22133
3.27774
3.32383
3.3619
3.39365
3.42038
3.44308
3.46251
3.47926
3.4938
3.50652
3.51771
3.52762
3.53644
3.54435
3.55147
3.55793
3.56381
3.5692
3.57417
3.57877
3.58305
3.58705
3.59082
3.59438
3.59776
3.60098
3.60407
3.60703
3.6099
3.61267
3.61537
3.618
3.62057
3.6231
3.62558
3.62803
3.63044
3.63284
3.63521
3.63756
3.6399
3.64223
3.64456
3.64688
3.64919
3.65151
3.65382
3.65614
3.65846
3.66079
3.66313
3.66548
3.66784
3.67022
3.67262
3.67504
3.67748
3.67994
3.68243
3.68494
3.68747
3.69002
3.6926
3.69518
3.69778
3.70038
3.70298
3.70557
3.70813
3.71066
3.71315
3.71558
3.71796
3.72027
3.7225
3.72465
3.72671
3.72868
3.73056
3.73234
3.73403
3.73563
3.73715
3.73859
3.73997
3.74129
3.74257
3.74382
3.74506
3.74631
3.74758
3.74888
3.75025
3.75169
3.75324
3.75489
3.75669
3.75863
3.76075
3.76305
3.76556
3.76829
3.77125
3.77445
3.7779
3.78161
3.78562
3.78973
0.841165
0.780282
0.755
0.801817
0.962762
1.23783
1.56799
1.88853
2.16639
2.39488
2.57903
2.72692
2.8462
2.94318
3.02278
3.08874
3.14394
3.19054
3.23023
3.26431
3.29379
3.31947
3.34199
3.36186
3.37951
3.39527
3.40941
3.42217
3.43374
3.44429
3.45394
3.46281
3.47101
3.47861
3.48568
3.4923
3.4985
3.50435
3.50988
3.51512
3.5201
3.52486
3.52942
3.5338
3.53802
3.54209
3.54603
3.54986
3.55358
3.55721
3.56076
3.56422
3.56762
3.57096
3.57425
3.57748
3.58067
3.58382
3.58694
3.59002
3.59307
3.5961
3.59911
3.6021
3.60507
3.60803
3.61099
3.61394
3.61689
3.61984
3.62279
3.62574
3.6287
3.63167
3.63464
3.63763
3.64061
3.64361
3.6466
3.64958
3.65255
3.6555
3.65842
3.66131
3.66415
3.66694
3.66967
3.67232
3.67489
3.67738
3.67978
3.68209
3.68429
3.6864
3.68841
3.69033
3.69215
3.69389
3.69555
3.69715
3.69869
3.70019
3.70165
3.70311
3.70456
3.70604
3.70755
3.70911
3.71074
3.71247
3.7143
3.71626
3.71836
3.72062
3.72306
3.72569
3.72852
3.73156
3.73484
3.73835
3.74213
3.746
0.846372
0.784571
0.740866
0.731421
0.780818
0.913761
1.13036
1.39676
1.66969
1.92048
2.13792
2.32135
2.47447
2.60211
2.70889
2.79873
2.87484
2.93979
2.99561
3.04393
3.08604
3.12297
3.15556
3.18449
3.2103
3.23346
3.25433
3.27323
3.29043
3.30614
3.32056
3.33383
3.3461
3.35748
3.36808
3.37798
3.38726
3.39598
3.4042
3.41198
3.41936
3.42637
3.43305
3.43944
3.44556
3.45144
3.4571
3.46255
3.46782
3.47293
3.47788
3.48269
3.48738
3.49194
3.4964
3.50076
3.50503
3.50922
3.51333
3.51736
3.52134
3.52525
3.5291
3.53291
3.53667
3.5404
3.54408
3.54774
3.55137
3.55497
3.55856
3.56213
3.56568
3.56922
3.57274
3.57626
3.57976
3.58325
3.58672
3.59018
3.59361
3.59702
3.60038
3.6037
3.60698
3.61019
3.61333
3.61641
3.61939
3.62229
3.6251
3.62781
3.63042
3.63292
3.63532
3.63761
3.63981
3.64192
3.64393
3.64586
3.64773
3.64953
3.65129
3.65301
3.65471
3.6564
3.6581
3.65983
3.66161
3.66344
3.66536
3.66736
3.66948
3.67172
3.67411
3.67665
3.67936
3.68226
3.68535
3.68865
3.69219
3.69581
0.851011
0.791143
0.741126
0.708367
0.70346
0.741579
0.838108
0.996907
1.20263
1.4285
1.65059
1.85477
2.03555
2.19259
2.3279
2.44426
2.54449
2.63115
2.70642
2.77214
2.82983
2.88074
2.9259
2.96617
3.00225
3.03473
3.0641
3.09076
3.11507
3.13731
3.15775
3.17658
3.19401
3.21018
3.22523
3.23928
3.25243
3.26478
3.27641
3.28739
3.29777
3.30762
3.31698
3.3259
3.33442
3.34256
3.35037
3.35787
3.36509
3.37205
3.37876
3.38526
3.39155
3.39765
3.40358
3.40935
3.41497
3.42045
3.4258
3.43103
3.43614
3.44116
3.44608
3.4509
3.45565
3.46032
3.46492
3.46945
3.47393
3.47835
3.48273
3.48706
3.49135
3.4956
3.49982
3.50399
3.50814
3.51225
3.51633
3.52037
3.52437
3.52833
3.53225
3.5361
3.5399
3.54363
3.54729
3.55087
3.55436
3.55776
3.56105
3.56425
3.56734
3.57031
3.57318
3.57594
3.57859
3.58113
3.58357
3.58592
3.58818
3.59036
3.59248
3.59454
3.59655
3.59853
3.60049
3.60246
3.60443
3.60643
3.60848
3.61058
3.61276
3.61502
3.6174
3.61989
3.62251
3.62528
3.62821
3.63131
3.63461
3.63799
0.854799
0.797919
0.746862
0.705362
0.677885
0.670753
0.692779
0.753704
0.85933
1.00619
1.18133
1.368
1.55204
1.72458
1.88152
2.02185
2.14624
2.2561
2.35311
2.43889
2.51496
2.58264
2.64307
2.69726
2.74602
2.79009
2.83005
2.86643
2.89966
2.93013
2.95815
2.98401
3.00794
3.03015
3.05083
3.07013
3.08818
3.10513
3.12106
3.13608
3.15026
3.1637
3.17644
3.18855
3.20009
3.2111
3.22162
3.2317
3.24137
3.25066
3.2596
3.26821
3.27653
3.28456
3.29234
3.29987
3.30718
3.31428
3.32119
3.32792
3.33447
3.34086
3.34711
3.35322
3.35919
3.36505
3.37079
3.37642
3.38196
3.38741
3.39277
3.39806
3.40327
3.40842
3.41349
3.4185
3.42345
3.42834
3.43317
3.43795
3.44266
3.44732
3.4519
3.45642
3.46087
3.46524
3.46952
3.47372
3.47782
3.48182
3.48571
3.48949
3.49316
3.49671
3.50014
3.50345
3.50664
3.50971
3.51267
3.51552
3.51827
3.52092
3.52348
3.52596
3.52837
3.53072
3.53303
3.5353
3.53755
3.53979
3.54204
3.5443
3.54661
3.54896
3.55137
3.55387
3.55645
3.55913
3.56193
3.56486
3.56795
3.5711
0.857613
0.803838
0.754023
0.710069
0.674015
0.648368
0.636594
0.64348
0.674826
0.73588
0.828724
0.950234
1.09243
1.24518
1.3992
1.54782
1.68713
1.81538
1.93217
2.03791
2.13338
2.21952
2.29731
2.36767
2.43146
2.48942
2.54224
2.59051
2.63474
2.67539
2.71285
2.74747
2.77954
2.80934
2.83709
2.86299
2.88723
2.90997
2.93133
2.95146
2.97045
2.98841
3.00543
3.02158
3.03694
3.05157
3.06553
3.07886
3.09163
3.10386
3.11561
3.1269
3.13776
3.14823
3.15834
3.16811
3.17755
3.1867
3.19557
3.20417
3.21254
3.22067
3.22858
3.2363
3.24382
3.25116
3.25834
3.26536
3.27223
3.27896
3.28557
3.29205
3.29843
3.30469
3.31085
3.31691
3.32287
3.32874
3.33452
3.34021
3.34582
3.35134
3.35677
3.36212
3.36737
3.37252
3.37758
3.38253
3.38738
3.39211
3.39672
3.40122
3.40559
3.40983
3.41394
3.41792
3.42176
3.42548
3.42907
3.43253
3.43587
3.43909
3.4422
3.4452
3.44811
3.45093
3.45367
3.45635
3.45897
3.46154
3.46408
3.4666
3.46911
3.47163
3.47416
3.47673
3.47933
3.482
3.48473
3.48753
3.49046
3.49343
0.859482
0.808378
0.760626
0.716973
0.678334
0.645749
0.620512
0.604371
0.599722
0.609658
0.637654
0.686738
0.758296
0.851094
0.961178
1.08279
1.20982
1.33698
1.46042
1.57773
1.68765
1.78972
1.88396
1.9707
2.05043
2.12369
2.19105
2.25304
2.31019
2.36296
2.41178
2.45704
2.49907
2.5382
2.57469
2.6088
2.64074
2.6707
2.69887
2.7254
2.75043
2.77409
2.79649
2.81774
2.83792
2.85712
2.87541
2.89286
2.90954
2.9255
2.94079
2.95547
2.96956
2.98311
2.99617
3.00875
3.02089
3.03263
3.04397
3.05496
3.0656
3.07593
3.08595
3.09569
3.10517
3.11439
3.12338
3.13214
3.1407
3.14905
3.15723
3.16522
3.17305
3.18073
3.18825
3.19563
3.20288
3.20998
3.21696
3.22381
3.23054
3.23716
3.24365
3.25003
3.25628
3.26242
3.26844
3.27433
3.2801
3.28573
3.29123
3.2966
3.30182
3.3069
3.31184
3.31663
3.32127
3.32577
3.33012
3.33432
3.33838
3.3423
3.34608
3.34974
3.35327
3.35668
3.35998
3.36317
3.36628
3.36929
3.37224
3.37511
3.37794
3.38072
3.38347
3.3862
3.38892
3.39165
3.39439
3.39716
3.39999
3.40284
0.860565
0.811411
0.765711
0.723439
0.684828
0.650242
0.620147
0.595142
0.57603
0.563904
0.56022
0.566795
0.585676
0.618805
0.66751
0.731993
0.811019
0.902008
1.00149
1.10577
1.21146
1.31586
1.41705
1.51381
1.60547
1.69173
1.77257
1.84814
1.91867
1.98447
2.04585
2.10313
2.15664
2.20668
2.25352
2.29744
2.33866
2.37742
2.4139
2.44831
2.48079
2.51151
2.54061
2.5682
2.5944
2.61932
2.64304
2.66567
2.68727
2.70792
2.72769
2.74662
2.76479
2.78224
2.79901
2.81516
2.83071
2.84571
2.86019
2.87418
2.88772
2.90082
2.91351
2.92582
2.93776
2.94936
2.96064
2.97161
2.9823
2.99271
3.00286
3.01277
3.02244
3.0319
3.04115
3.05021
3.05907
3.06775
3.07624
3.08457
3.09272
3.10071
3.10854
3.11622
3.12375
3.13112
3.13834
3.1454
3.15231
3.15907
3.16567
3.17211
3.17839
3.1845
3.19045
3.19624
3.20185
3.2073
3.21258
3.21769
3.22263
3.22741
3.23202
3.23647
3.24077
3.24492
3.24892
3.25278
3.25651
3.2601
3.26358
3.26695
3.27022
3.27339
3.27648
3.27949
3.28245
3.28535
3.2882
3.29103
3.29387
3.29668
0.861099
0.813133
0.76901
0.728261
0.690673
0.656203
0.624916
0.596953
0.57254
0.551996
0.535764
0.524447
0.518835
0.519919
0.528854
0.546863
0.575059
0.614217
0.66454
0.725513
0.795886
0.87382
0.957145
1.04364
1.13129
1.21842
1.30375
1.3864
1.4658
1.54163
1.61374
1.68211
1.74682
1.80798
1.86575
1.92031
1.97184
2.02055
2.0666
2.11017
2.15144
2.19056
2.22768
2.26294
2.29646
2.32837
2.35877
2.38776
2.41545
2.44192
2.46724
2.4915
2.51475
2.53707
2.55851
2.57912
2.59896
2.61808
2.6365
2.65429
2.67146
2.68806
2.70412
2.71967
2.73474
2.74935
2.76352
2.77729
2.79066
2.80367
2.81634
2.82867
2.84069
2.85241
2.86384
2.87501
2.88592
2.89658
2.90701
2.9172
2.92717
2.93691
2.94644
2.95577
2.9649
2.97383
2.98256
2.9911
2.99946
3.00762
3.01559
3.02337
3.03096
3.03835
3.04555
3.05256
3.05938
3.06599
3.07241
3.07864
3.08466
3.0905
3.09613
3.10157
3.10683
3.11189
3.11677
3.12146
3.12598
3.13033
3.13451
3.13853
3.14239
3.14611
3.14968
3.15313
3.15645
3.15966
3.16277
3.16578
3.16875
3.17165
0.861317
0.813942
0.770775
0.731184
0.694718
0.661081
0.630095
0.601662
0.575754
0.552397
0.531673
0.513721
0.498751
0.487049
0.478999
0.475087
0.475905
0.482135
0.494503
0.513717
0.540366
0.574817
0.61712
0.666952
0.72361
0.786067
0.853079
0.923306
0.99544
1.06829
1.14087
1.21238
1.28223
1.35001
1.41546
1.47841
1.53881
1.59663
1.6519
1.70469
1.75507
1.80315
1.84902
1.8928
1.93459
1.9745
2.01264
2.0491
2.08399
2.11738
2.14938
2.18005
2.20948
2.23773
2.26488
2.29099
2.31612
2.34031
2.36363
2.38613
2.40784
2.42881
2.44908
2.46869
2.48767
2.50605
2.52387
2.54115
2.55792
2.57421
2.59004
2.60543
2.6204
2.63498
2.64919
2.66303
2.67653
2.6897
2.70256
2.71511
2.72737
2.73935
2.75105
2.76247
2.77363
2.78454
2.79519
2.8056
2.81577
2.8257
2.8354
2.84486
2.85408
2.86308
2.87184
2.88037
2.88867
2.89674
2.90457
2.91218
2.91954
2.92668
2.93358
2.94024
2.94668
2.95288
2.95885
2.9646
2.97012
2.97541
2.98049
2.98535
2.99
2.99445
2.99869
3.00275
3.00661
3.0103
3.01382
3.01719
3.02044
3.02357
0.861389
0.814244
0.77153
0.732597
0.696917
0.664079
0.633769
0.605753
0.579862
0.555979
0.53403
0.513979
0.495828
0.479611
0.4654
0.453309
0.443493
0.436161
0.431574
0.430052
0.431968
0.437737
0.4478
0.462586
0.482476
0.507758
0.538577
0.574904
0.616511
0.662979
0.713718
0.768008
0.825061
0.884069
0.944259
1.00493
1.06548
1.12542
1.18435
1.242
1.29815
1.35266
1.40546
1.45649
1.50575
1.55324
1.59899
1.64303
1.68542
1.72621
1.76546
1.80324
1.83959
1.8746
1.90832
1.94081
1.97212
2.00233
2.03147
2.0596
2.08677
2.11303
2.13841
2.16297
2.18673
2.20975
2.23205
2.25367
2.27464
2.295
2.31476
2.33397
2.35264
2.37079
2.38846
2.40566
2.42241
2.43874
2.45465
2.47017
2.48532
2.50009
2.51452
2.5286
2.54234
2.55574
2.56883
2.5816
2.59406
2.60623
2.61809
2.62967
2.64096
2.65196
2.66267
2.67311
2.68326
2.69313
2.70272
2.71203
2.72106
2.72981
2.73828
2.74646
2.75436
2.76198
2.76931
2.77636
2.78314
2.78963
2.79584
2.80178
2.80744
2.81284
2.81797
2.82284
2.82746
2.83183
2.83596
2.83986
2.84358
2.84714
0.861406
0.814329
0.771776
0.733121
0.697834
0.665476
0.635686
0.608168
0.582682
0.559037
0.53708
0.516692
0.497782
0.480288
0.464168
0.449403
0.435996
0.423969
0.413369
0.404262
0.396745
0.390937
0.38699
0.385084
0.385432
0.38827
0.393857
0.402461
0.414344
0.429748
0.448872
0.471851
0.49874
0.529499
0.563987
0.601961
0.643087
0.68696
0.733121
0.781087
0.830372
0.880512
0.93108
0.981696
1.03204
1.08185
1.1309
1.17905
1.22616
1.27216
1.31699
1.36062
1.40302
1.4442
1.48417
1.52292
1.5605
1.59692
1.63221
1.6664
1.69954
1.73164
1.76276
1.79293
1.82218
1.85055
1.87808
1.9048
1.93073
1.95593
1.9804
2.00418
2.02731
2.0498
2.07168
2.09298
2.11371
2.13391
2.15358
2.17276
2.19146
2.2097
2.22749
2.24485
2.26179
2.27832
2.29445
2.31018
2.32552
2.34048
2.35506
2.36929
2.38315
2.39665
2.40981
2.42261
2.43507
2.44719
2.45896
2.47039
2.48147
2.49222
2.50262
2.51268
2.52239
2.53175
2.54077
2.54945
2.55777
2.56576
2.57339
2.58068
2.58763
2.59423
2.6005
2.60644
2.61205
2.61733
2.62231
2.62697
2.63139
2.63558
0.861407
0.814342
0.77183
0.73326
0.698113
0.665954
0.636417
0.609191
0.584014
0.560665
0.538959
0.518737
0.499869
0.482247
0.46578
0.450397
0.43604
0.422666
0.410246
0.398762
0.388209
0.378592
0.36993
0.362255
0.355609
0.350053
0.345657
0.342512
0.340722
0.340409
0.341708
0.344772
0.349758
0.356833
0.366159
0.37789
0.392165
0.409092
0.428747
0.45116
0.476313
0.504137
0.534507
0.567251
0.602151
0.638956
0.677387
0.717154
0.757962
0.799523
0.841565
0.883841
0.926127
0.968232
1.00999
1.05127
1.09197
1.13199
1.17128
1.2098
1.24751
1.28439
1.32043
1.35562
1.38997
1.42349
1.45617
1.48803
1.51909
1.54936
1.57886
1.6076
1.63561
1.66291
1.68951
1.71544
1.74072
1.76537
1.78941
1.81285
1.83573
1.85805
1.87983
1.90109
1.92183
1.94209
1.96186
1.98115
1.99999
2.01836
2.03627
2.05372
2.07073
2.08729
2.10343
2.11913
2.13441
2.14927
2.16371
2.17772
2.19132
2.2045
2.21726
2.2296
2.24152
2.25302
2.26409
2.27475
2.28498
2.29478
2.30416
2.31312
2.32165
2.32977
2.33747
2.34476
2.35164
2.35813
2.36421
2.36992
2.3753
2.38039
0.861405
0.814337
0.771831
0.733277
0.698164
0.666062
0.636607
0.60949
0.584448
0.561253
0.53971
0.519653
0.500935
0.483431
0.467033
0.451647
0.437194
0.423603
0.410816
0.398785
0.387468
0.376832
0.366852
0.357508
0.348789
0.340687
0.333204
0.326348
0.32013
0.314572
0.309702
0.305553
0.30217
0.299604
0.297914
0.29717
0.297449
0.298836
0.301424
0.305311
0.310599
0.317392
0.325788
0.335883
0.347762
0.361495
0.377137
0.394719
0.41425
0.43571
0.459055
0.484211
0.511079
0.539535
0.569435
0.600622
0.632922
0.666161
0.700158
0.734738
0.769734
0.804987
0.840351
0.875697
0.91091
0.945891
0.980556
1.01484
1.04868
1.08203
1.11486
1.14715
1.17888
1.21003
1.2406
1.27058
1.29998
1.32878
1.357
1.38464
1.4117
1.43818
1.4641
1.48946
1.51427
1.53852
1.56224
1.58542
1.60808
1.63022
1.65185
1.67296
1.69356
1.71364
1.7332
1.75225
1.7708
1.78884
1.80637
1.82341
1.83994
1.85596
1.87149
1.88651
1.90103
1.91503
1.92854
1.94153
1.95401
1.96599
1.97746
1.98842
1.99889
2.00885
2.01832
2.0273
2.03579
2.04381
2.05136
2.05846
2.06516
2.0715
0.861402
0.814329
0.77182
0.733266
0.698157
0.666065
0.636627
0.609537
0.584532
0.561385
0.539902
0.519913
0.50127
0.483846
0.467525
0.45221
0.437813
0.424257
0.411474
0.399403
0.387993
0.377196
0.366972
0.357284
0.348103
0.339402
0.331157
0.323351
0.315968
0.308997
0.302429
0.296259
0.290486
0.285112
0.28014
0.275581
0.271445
0.267749
0.264512
0.261758
0.259514
0.257813
0.256693
0.256195
0.256365
0.257255
0.25892
0.261418
0.264812
0.269165
0.274542
0.281005
0.288617
0.297435
0.307512
0.318892
0.33161
0.345693
0.361151
0.377985
0.39618
0.415707
0.436523
0.45857
0.481779
0.506069
0.531347
0.557516
0.584471
0.612104
0.640305
0.668967
0.697983
0.727253
0.75668
0.786176
0.81566
0.845058
0.874305
0.903343
0.932124
0.960604
0.988749
1.01653
1.04392
1.0709
1.09745
1.12356
1.14922
1.17441
1.19914
1.22339
1.24715
1.27043
1.29321
1.31548
1.33722
1.35841
1.37906
1.39917
1.41872
1.43772
1.45615
1.47403
1.49133
1.50807
1.52424
1.53984
1.55487
1.56933
1.58323
1.59656
1.60934
1.62156
1.63323
1.64437
1.65497
1.66505
1.67462
1.6837
1.69231
1.70053
0.8614
0.814321
0.77181
0.733253
0.698143
0.66605
0.636614
0.609527
0.584528
0.561391
0.53992
0.519948
0.501326
0.483926
0.467634
0.45235
0.437986
0.424462
0.411709
0.399665
0.388273
0.377484
0.367254
0.35754
0.348309
0.339526
0.331164
0.323195
0.315596
0.308347
0.301429
0.294824
0.288519
0.282502
0.27676
0.271286
0.266072
0.261112
0.256403
0.251941
0.247725
0.243758
0.24004
0.236576
0.233372
0.230436
0.227777
0.225408
0.223341
0.221593
0.220182
0.219128
0.218455
0.218189
0.218358
0.218993
0.220126
0.221793
0.224031
0.226878
0.230376
0.234562
0.239479
0.245165
0.251659
0.258996
0.267209
0.276327
0.286374
0.29737
0.309327
0.322252
0.336143
0.350992
0.366782
0.383489
0.401081
0.41952
0.438759
0.458746
0.479424
0.50073
0.522599
0.544962
0.567748
0.590888
0.61431
0.637944
0.661722
0.685581
0.709456
0.73329
0.757027
0.780619
0.804019
0.827185
0.850089
0.872688
0.894944
0.916823
0.9383
0.959357
0.979974
1.00014
1.01984
1.03906
1.0578
1.07606
1.09382
1.11108
1.12784
1.14411
1.15987
1.17514
1.1899
1.20417
1.21795
1.23123
1.24404
1.25636
1.26823
1.27966
0.861399
0.814317
0.771804
0.733245
0.698133
0.666039
0.636602
0.609515
0.584516
0.561379
0.53991
0.51994
0.501322
0.483926
0.46764
0.452363
0.438006
0.424492
0.411749
0.399716
0.388335
0.377557
0.367336
0.357631
0.348405
0.339624
0.331258
0.323279
0.315662
0.308383
0.301421
0.294758
0.288376
0.282259
0.276392
0.270762
0.265357
0.260167
0.25518
0.250389
0.245786
0.241362
0.237113
0.233033
0.229117
0.225362
0.221764
0.218323
0.215035
0.211901
0.208922
0.206097
0.20343
0.200923
0.198581
0.196407
0.194407
0.192589
0.19096
0.18953
0.188308
0.187306
0.186537
0.186016
0.185756
0.185776
0.186095
0.186731
0.187706
0.189043
0.190766
0.192899
0.195469
0.198503
0.202027
0.206068
0.210655
0.215815
0.221573
0.227955
0.234984
0.242681
0.251066
0.260154
0.269958
0.280488
0.291747
0.303736
0.316452
0.329884
0.344019
0.358839
0.37432
0.390433
0.407147
0.424425
0.442228
0.460512
0.479236
0.498353
0.51781
0.537555
0.557531
0.577685
0.597963
0.618311
0.638678
0.659013
0.679268
0.699397
0.719357
0.739108
0.758611
0.777832
0.796738
0.815302
0.833497
0.8513
0.868691
0.885654
0.902177
0.918218
0.861399
0.814317
0.771804
0.733245
0.698133
0.666039
0.636602
0.609515
0.584516
0.561379
0.53991
0.51994
0.501322
0.483926
0.46764
0.452363
0.438006
0.424492
0.411749
0.399716
0.388335
0.377557
0.367336
0.357631
0.348405
0.339624
0.331258
0.323279
0.315662
0.308383
0.301421
0.294758
0.288376
0.282259
0.276392
0.270762
0.265358
0.260167
0.255181
0.25039
0.245786
0.241363
0.237114
0.233034
0.229119
0.225364
0.221766
0.218325
0.215038
0.211904
0.208925
0.206101
0.203435
0.200929
0.198586
0.196413
0.194414
0.192597
0.19097
0.18954
0.188319
0.187319
0.186551
0.186031
0.185773
0.185795
0.186115
0.186753
0.187731
0.18907
0.190795
0.192931
0.195504
0.19854
0.202066
0.206111
0.210701
0.215863
0.221624
0.228009
0.23504
0.24274
0.251128
0.260219
0.270025
0.280557
0.291818
0.303809
0.316526
0.329961
0.344098
0.358919
0.374402
0.390517
0.407233
0.424513
0.442317
0.460602
0.479328
0.498446
0.517904
0.537646
0.55762
0.577769
0.598039
0.618377
0.638731
0.659049
0.679284
0.69939
0.719323
0.739043
0.758511
0.777692
0.796556
0.815073
0.833219
0.85097
0.868306
0.885213
0.901679
0.917661
0.8614
0.814321
0.77181
0.733253
0.698143
0.66605
0.636614
0.609527
0.584528
0.561391
0.53992
0.519948
0.501326
0.483926
0.467634
0.45235
0.437985
0.424462
0.411709
0.399665
0.388273
0.377484
0.367253
0.35754
0.348309
0.339526
0.331164
0.323195
0.315596
0.308347
0.301429
0.294825
0.288521
0.282504
0.276763
0.27129
0.266077
0.261118
0.25641
0.251949
0.247736
0.24377
0.240055
0.236594
0.233393
0.230461
0.227806
0.225441
0.223379
0.221637
0.220232
0.219186
0.218522
0.218265
0.218443
0.219089
0.220234
0.221914
0.224167
0.227031
0.230545
0.23475
0.239687
0.245394
0.25191
0.25927
0.267508
0.276651
0.286725
0.297749
0.309734
0.322687
0.336606
0.351483
0.367302
0.384037
0.401657
0.420123
0.439388
0.459401
0.480104
0.501434
0.523326
0.545711
0.568519
0.591679
0.615121
0.638774
0.662572
0.686448
0.71034
0.73419
0.757944
0.78155
0.804963
0.828142
0.851055
0.873661
0.895918
0.917795
0.939265
0.960309
0.980909
1.00105
1.02072
1.0399
1.0586
1.0768
1.09449
1.11168
1.12837
1.14454
1.16021
1.17536
1.19001
1.20416
1.21781
1.23097
1.24363
1.25582
1.26755
1.27885
0.861402
0.814329
0.77182
0.733266
0.698157
0.666065
0.636627
0.609537
0.584532
0.561385
0.539902
0.519912
0.50127
0.483845
0.467524
0.452209
0.437812
0.424256
0.411472
0.399402
0.387991
0.377195
0.366971
0.357284
0.348103
0.339402
0.331159
0.323354
0.315973
0.309004
0.302438
0.296272
0.290503
0.285133
0.280167
0.275614
0.271485
0.267797
0.264569
0.261826
0.259594
0.257908
0.256804
0.256324
0.256515
0.257428
0.259118
0.261645
0.265071
0.269459
0.274873
0.281377
0.289033
0.297898
0.308025
0.319457
0.33223
0.346368
0.361884
0.378777
0.397031
0.416617
0.437491
0.459595
0.482859
0.507202
0.532531
0.558748
0.585747
0.613421
0.64166
0.670356
0.699403
0.7287
0.758152
0.787669
0.81717
0.846584
0.875843
0.904893
0.933683
0.962172
0.990324
1.01811
1.0455
1.07249
1.09905
1.12516
1.15082
1.17603
1.20076
1.22501
1.24878
1.27206
1.29484
1.3171
1.33882
1.36
1.38063
1.40071
1.42023
1.43918
1.45757
1.47539
1.49263
1.50929
1.52537
1.54087
1.55579
1.57013
1.58389
1.59708
1.6097
1.62177
1.63327
1.64424
1.65466
1.66456
1.67395
1.68285
1.69129
1.69933
0.861405
0.814337
0.771831
0.733277
0.698164
0.666062
0.636607
0.60949
0.584447
0.561251
0.539709
0.519651
0.500932
0.483428
0.467029
0.451643
0.437189
0.423599
0.410813
0.398782
0.387467
0.376833
0.366856
0.357515
0.3488
0.340704
0.333229
0.326381
0.320173
0.314628
0.309772
0.305641
0.302278
0.299735
0.298072
0.297359
0.297673
0.299101
0.301735
0.305674
0.31102
0.317876
0.326342
0.336513
0.348472
0.362292
0.378024
0.3957
0.415326
0.436884
0.460326
0.485578
0.512539
0.541085
0.571071
0.602337
0.634711
0.668016
0.702074
0.736707
0.771749
0.807041
0.842438
0.877811
0.913046
0.948043
0.982719
1.01701
1.05085
1.0842
1.11704
1.14932
1.18104
1.21219
1.24275
1.27272
1.3021
1.3309
1.35911
1.38673
1.41378
1.44026
1.46617
1.49152
1.51632
1.54057
1.56429
1.58747
1.61012
1.63225
1.65387
1.67498
1.69557
1.71563
1.73518
1.75421
1.77272
1.79072
1.80821
1.82519
1.84166
1.85762
1.87305
1.88798
1.90238
1.91627
1.92963
1.94248
1.9548
1.9666
1.97789
1.98866
1.99891
2.00866
2.01792
2.02667
2.03495
2.04275
2.05008
2.05697
2.06347
2.06962
0.861407
0.814342
0.77183
0.73326
0.698112
0.665953
0.636415
0.609187
0.584009
0.560659
0.538951
0.518729
0.49986
0.482238
0.465771
0.450389
0.436034
0.422664
0.410249
0.398772
0.388227
0.378622
0.369975
0.362317
0.355694
0.350164
0.3458
0.342693
0.340947
0.340687
0.342048
0.345182
0.350249
0.357414
0.366842
0.378686
0.393083
0.410141
0.429933
0.452489
0.477789
0.505758
0.536273
0.569156
0.604189
0.641117
0.679661
0.719528
0.760424
0.802061
0.844168
0.886495
0.928823
0.970958
1.01274
1.05403
1.09474
1.13476
1.17406
1.21256
1.25026
1.28713
1.32315
1.35833
1.39266
1.42615
1.45881
1.49065
1.52169
1.55193
1.5814
1.61012
1.6381
1.66538
1.69195
1.71786
1.74312
1.76774
1.79176
1.81519
1.83805
1.86035
1.88212
1.90337
1.9241
1.94435
1.96411
1.9834
2.00223
2.02059
2.03848
2.05592
2.07291
2.08945
2.10555
2.12121
2.13645
2.15124
2.16561
2.17954
2.19304
2.20611
2.21875
2.23095
2.24271
2.25404
2.26493
2.27538
2.28539
2.29496
2.3041
2.31281
2.32109
2.32894
2.33638
2.34341
2.35003
2.35626
2.3621
2.36758
2.37275
2.37766
0.861405
0.814329
0.771776
0.733119
0.69783
0.66547
0.635677
0.608156
0.582668
0.559021
0.537062
0.516674
0.497766
0.480275
0.464162
0.449406
0.436013
0.424004
0.413427
0.40435
0.39687
0.391108
0.387218
0.385381
0.385811
0.388747
0.394449
0.403184
0.415218
0.430789
0.450095
0.473269
0.500363
0.531331
0.566028
0.604204
0.645523
0.689574
0.735895
0.784001
0.833405
0.883644
0.934289
0.984965
1.03535
1.08519
1.13426
1.18241
1.22952
1.27551
1.32032
1.36392
1.4063
1.44745
1.48738
1.52611
1.56365
1.60003
1.63528
1.66944
1.70253
1.7346
1.76568
1.79581
1.82503
1.85336
1.88085
1.90753
1.93344
1.95859
1.98303
2.00678
2.02988
2.05233
2.07419
2.09546
2.11616
2.13634
2.15599
2.17515
2.19384
2.21206
2.22984
2.24719
2.26412
2.28065
2.29677
2.31249
2.32782
2.34277
2.35734
2.37154
2.38537
2.39884
2.41194
2.42469
2.43708
2.44911
2.46078
2.47209
2.48305
2.49364
2.50387
2.51374
2.52324
2.53238
2.54116
2.54958
2.55763
2.56533
2.57267
2.57966
2.5863
2.5926
2.59856
2.6042
2.60952
2.61453
2.61925
2.62369
2.6279
2.63192
0.861388
0.814243
0.771526
0.73259
0.696905
0.664061
0.633746
0.605726
0.579833
0.55595
0.534004
0.513962
0.495824
0.479627
0.465445
0.453393
0.443628
0.436361
0.431857
0.430439
0.432481
0.438404
0.448649
0.463646
0.483775
0.509319
0.540417
0.577032
0.618928
0.665674
0.716671
0.771195
0.82845
0.887625
0.947949
1.00872
1.06934
1.12933
1.18829
1.24594
1.30208
1.35657
1.40934
1.46034
1.50955
1.55699
1.60269
1.64668
1.68902
1.72976
1.76895
1.80667
1.84297
1.87793
1.91159
1.94403
1.9753
2.00545
2.03454
2.06263
2.08975
2.11596
2.1413
2.16581
2.18954
2.21251
2.23477
2.25635
2.27729
2.29761
2.31734
2.33651
2.35514
2.37327
2.39091
2.40808
2.42481
2.44112
2.45702
2.47252
2.48765
2.50242
2.51684
2.53091
2.54465
2.55805
2.57113
2.5839
2.59635
2.6085
2.62034
2.63189
2.64314
2.65409
2.66474
2.67509
2.68515
2.69491
2.70436
2.71352
2.72237
2.73092
2.73917
2.74711
2.75475
2.76209
2.76913
2.77587
2.78231
2.78846
2.79433
2.79992
2.80524
2.81029
2.81508
2.81963
2.82394
2.82803
2.83191
2.8356
2.83915
2.84258
0.861316
0.813937
0.770764
0.731165
0.694689
0.661045
0.630052
0.601618
0.575716
0.552372
0.531671
0.513756
0.498837
0.487207
0.479253
0.475467
0.476447
0.482881
0.495498
0.515007
0.541992
0.576812
0.619504
0.669726
0.726757
0.789555
0.856863
0.927333
0.999656
1.07265
1.14531
1.21687
1.28674
1.35451
1.41993
1.48285
1.54319
1.60094
1.65615
1.70886
1.75917
1.80717
1.85297
1.89667
1.93838
1.97822
2.01628
2.05268
2.08749
2.12082
2.15275
2.18336
2.21273
2.24093
2.26802
2.29407
2.31914
2.34329
2.36656
2.38901
2.41067
2.4316
2.45183
2.47139
2.49033
2.50867
2.52645
2.54369
2.56043
2.57668
2.59247
2.60783
2.62278
2.63733
2.65151
2.66533
2.67882
2.69197
2.70482
2.71737
2.72962
2.7416
2.7533
2.76472
2.77588
2.78679
2.79744
2.80785
2.818
2.82792
2.83758
2.847
2.85618
2.8651
2.87378
2.8822
2.89038
2.89829
2.90595
2.91335
2.9205
2.92738
2.93401
2.94039
2.9465
2.95237
2.95799
2.96336
2.9685
2.97341
2.9781
2.98257
2.98684
2.99091
2.9948
2.99852
3.00209
3.00551
3.0088
3.01199
3.01512
3.0182
0.861096
0.813121
0.768984
0.72822
0.69062
0.656144
0.62486
0.596913
0.572531
0.55204
0.535888
0.524686
0.519235
0.520534
0.529752
0.548115
0.576736
0.616374
0.667213
0.728704
0.799564
0.877928
0.961604
1.04837
1.1362
1.22344
1.30883
1.39148
1.47085
1.54662
1.61866
1.68694
1.75155
1.8126
1.87027
1.92472
1.97616
2.02476
2.07071
2.11418
2.15536
2.19439
2.23142
2.26659
2.30003
2.33186
2.36218
2.39111
2.41873
2.44513
2.47039
2.49458
2.51778
2.54004
2.56142
2.58199
2.60178
2.62084
2.63922
2.65696
2.67409
2.69065
2.70667
2.72218
2.73721
2.75178
2.76592
2.77965
2.79299
2.80597
2.8186
2.83091
2.8429
2.8546
2.86602
2.87717
2.88807
2.89872
2.90914
2.91934
2.9293
2.93906
2.9486
2.95793
2.96707
2.976
2.98474
2.99327
3.00161
3.00975
3.01768
3.0254
3.03292
3.04023
3.04731
3.05419
3.06083
3.06726
3.07346
3.07944
3.0852
3.09073
3.09604
3.10113
3.10601
3.11068
3.11515
3.11942
3.12352
3.12743
3.13118
3.13478
3.13823
3.14156
3.14478
3.1479
3.15094
3.15392
3.15684
3.15974
3.16267
3.1656
0.860556
0.811383
0.765662
0.723372
0.684754
0.650177
0.620113
0.59517
0.576161
0.564196
0.560746
0.56765
0.586971
0.620647
0.669989
0.735153
0.814847
0.906433
1.0064
1.11104
1.21695
1.32148
1.42271
1.51944
1.61102
1.69718
1.7779
1.85333
1.92372
1.98937
2.05061
2.10776
2.16113
2.21104
2.25776
2.30155
2.34266
2.38131
2.41769
2.45199
2.48438
2.51502
2.54402
2.57153
2.59766
2.6225
2.64616
2.66872
2.69026
2.71085
2.73056
2.74944
2.76755
2.78495
2.80167
2.81777
2.83328
2.84824
2.86268
2.87663
2.89013
2.90319
2.91584
2.92812
2.94003
2.95159
2.96284
2.97378
2.98443
2.99482
3.00494
3.01483
3.02449
3.03393
3.04317
3.05221
3.06107
3.06975
3.07825
3.08658
3.09475
3.10275
3.1106
3.11829
3.12583
3.13321
3.14043
3.14748
3.15438
3.1611
3.16765
3.17401
3.1802
3.1862
3.192
3.19761
3.20302
3.20824
3.21325
3.21806
3.22268
3.2271
3.23134
3.23538
3.23925
3.24296
3.2465
3.24989
3.25315
3.25628
3.2593
3.26223
3.26508
3.26786
3.2706
3.27332
3.27602
3.27874
3.28148
3.28427
3.28716
3.29011
0.859464
0.80833
0.760551
0.716886
0.678261
0.645727
0.620595
0.604638
0.600284
0.610661
0.639266
0.689119
0.761547
0.855222
0.966084
1.08831
1.21574
1.34312
1.46664
1.58393
1.69375
1.79567
1.88974
1.97629
2.05583
2.1289
2.19607
2.25789
2.31487
2.36747
2.41614
2.46125
2.50315
2.54215
2.57852
2.61251
2.64434
2.6742
2.70228
2.72872
2.75367
2.77724
2.79957
2.82074
2.84085
2.85999
2.87822
2.89561
2.91224
2.92814
2.94338
2.95801
2.97206
2.98557
2.99858
3.01112
3.02322
3.03492
3.04623
3.05718
3.06779
3.07808
3.08807
3.09778
3.10723
3.11642
3.12538
3.13412
3.14264
3.15098
3.15913
3.16711
3.17492
3.18259
3.19011
3.19749
3.20473
3.21185
3.21884
3.22571
3.23246
3.23909
3.24561
3.252
3.25828
3.26442
3.27044
3.27632
3.28206
3.28764
3.29308
3.29835
3.30345
3.30839
3.31315
3.31772
3.32212
3.32634
3.33037
3.33423
3.33791
3.34142
3.34477
3.34796
3.35101
3.35393
3.35672
3.35942
3.36202
3.36454
3.36701
3.36944
3.37185
3.37426
3.37669
3.37916
3.38169
3.38429
3.387
3.38983
3.39282
3.39593
0.857582
0.803766
0.753927
0.709985
0.674001
0.648514
0.637038
0.644422
0.676518
0.738565
0.832541
0.955142
1.09823
1.25157
1.4059
1.55461
1.69386
1.82195
1.93853
2.04402
2.13923
2.22513
2.30268
2.37281
2.43637
2.49413
2.54676
2.59485
2.63891
2.67941
2.71673
2.75121
2.78316
2.81285
2.84049
2.86629
2.89044
2.91308
2.93436
2.95441
2.97333
2.99122
3.00817
3.02426
3.03956
3.05413
3.06803
3.08132
3.09404
3.10623
3.11793
3.12918
3.14
3.15044
3.16051
3.17024
3.17965
3.18876
3.1976
3.20618
3.21451
3.22261
3.2305
3.23818
3.24568
3.253
3.26015
3.26714
3.27399
3.28071
3.2873
3.29377
3.30013
3.30639
3.31255
3.31862
3.32459
3.33048
3.33628
3.342
3.34763
3.35318
3.35864
3.36401
3.36928
3.37444
3.37949
3.38443
3.38923
3.3939
3.39843
3.4028
3.40702
3.41108
3.41497
3.4187
3.42226
3.42565
3.42887
3.43193
3.43484
3.4376
3.44022
3.44272
3.4451
3.44739
3.44959
3.45173
3.45383
3.45589
3.45796
3.46003
3.46215
3.46432
3.46658
3.46893
3.47141
3.47404
3.47683
3.47981
3.48302
3.48639
0.854751
0.797826
0.746765
0.70534
0.678073
0.671377
0.694174
0.756253
0.863298
1.01155
1.18777
1.37509
1.55938
1.7319
1.88865
2.0287
2.15276
2.26229
2.35898
2.44445
2.52023
2.58765
2.64784
2.7018
2.75036
2.79423
2.83402
2.87024
2.90333
2.93366
2.96156
2.9873
3.01112
3.03323
3.05382
3.07303
3.091
3.10787
3.12373
3.13868
3.15281
3.16618
3.17887
3.19093
3.20241
3.21337
3.22385
3.23389
3.24352
3.25277
3.26167
3.27025
3.27853
3.28653
3.29427
3.30178
3.30906
3.31614
3.32302
3.32971
3.33624
3.34261
3.34883
3.35491
3.36086
3.36669
3.37241
3.37803
3.38355
3.38898
3.39434
3.39961
3.40482
3.40997
3.41505
3.42008
3.42505
3.42996
3.43482
3.43963
3.44438
3.44907
3.45369
3.45824
3.4627
3.46707
3.47135
3.47551
3.47956
3.48347
3.48726
3.49089
3.49438
3.49771
3.50089
3.5039
3.50676
3.50946
3.512
3.5144
3.51667
3.51881
3.52084
3.52277
3.52461
3.5264
3.52814
3.52985
3.53157
3.5333
3.53508
3.53692
3.53886
3.54091
3.5431
3.54545
3.54798
3.55073
3.5537
3.55691
3.56042
3.56412
0.850946
0.791039
0.741074
0.708546
0.704202
0.7434
0.841547
1.00216
1.20938
1.43613
1.65851
1.86259
2.04306
2.1997
2.33458
2.45052
2.55036
2.63665
2.71159
2.77701
2.83443
2.8851
2.93005
2.97012
3.00602
3.03833
3.06755
3.09407
3.11826
3.14039
3.16072
3.17945
3.19679
3.21287
3.22784
3.24182
3.2549
3.26719
3.27876
3.28968
3.30001
3.30981
3.31912
3.328
3.33647
3.34458
3.35235
3.35981
3.367
3.37392
3.3806
3.38707
3.39333
3.39941
3.40531
3.41105
3.41665
3.4221
3.42743
3.43263
3.43773
3.44272
3.44762
3.45242
3.45715
3.46179
3.46637
3.47089
3.47536
3.47977
3.48414
3.48847
3.49276
3.49702
3.50125
3.50545
3.50962
3.51376
3.51788
3.52196
3.52601
3.53001
3.53396
3.53784
3.54165
3.54539
3.54902
3.55256
3.55598
3.55927
3.56244
3.56546
3.56833
3.57106
3.57363
3.57605
3.57832
3.58044
3.58242
3.58428
3.58601
3.58764
3.58918
3.59066
3.59207
3.59346
3.59484
3.59624
3.59768
3.59918
3.60077
3.60248
3.60433
3.60635
3.60856
3.61098
3.61365
3.61658
3.61979
3.6233
3.62716
3.63123
0.846292
0.784482
0.740966
0.732137
0.78289
0.917939
1.13673
1.40461
1.67813
1.92885
2.1459
2.3288
2.48137
2.6085
2.7148
2.80421
2.87994
2.94455
3.00007
3.04813
3.09
3.12672
3.15913
3.18788
3.21355
3.23656
3.25731
3.2761
3.29319
3.30881
3.32313
3.33632
3.34852
3.35983
3.37036
3.3802
3.38942
3.39809
3.40626
3.41399
3.42132
3.42829
3.43494
3.44129
3.44737
3.45322
3.45884
3.46427
3.46951
3.47459
3.47951
3.4843
3.48896
3.4935
3.49794
3.50228
3.50652
3.51069
3.51478
3.51879
3.52275
3.52664
3.53048
3.53426
3.53801
3.54171
3.54538
3.54902
3.55264
3.55624
3.55983
3.5634
3.56696
3.57051
3.57406
3.5776
3.58114
3.58467
3.58819
3.59169
3.59517
3.59862
3.60202
3.60537
3.60865
3.61186
3.61497
3.61799
3.62089
3.62367
3.62632
3.62882
3.63118
3.6334
3.63546
3.63738
3.63916
3.6408
3.64231
3.64371
3.64501
3.64622
3.64737
3.64848
3.64956
3.65065
3.65176
3.65292
3.65417
3.65552
3.657
3.65865
3.66049
3.66254
3.66484
3.6674
3.67024
3.6734
3.67689
3.68073
3.68496
3.68942
0.841078
0.780264
0.755504
0.803802
0.967329
1.24502
1.57667
1.89752
2.175
2.40285
2.5863
2.73353
2.85223
2.94869
3.02784
3.09342
3.14828
3.1946
3.23403
3.26789
3.29717
3.32267
3.34504
3.36477
3.38229
3.39793
3.41197
3.42464
3.43612
3.44659
3.45616
3.46497
3.4731
3.48064
3.48766
3.49423
3.50039
3.50619
3.51167
3.51687
3.52182
3.52655
3.53107
3.53542
3.53961
3.54365
3.54757
3.55137
3.55507
3.55867
3.5622
3.56564
3.56902
3.57234
3.57561
3.57882
3.582
3.58513
3.58823
3.59129
3.59433
3.59734
3.60033
3.6033
3.60626
3.6092
3.61214
3.61508
3.61802
3.62097
3.62392
3.62688
3.62986
3.63285
3.63585
3.63887
3.6419
3.64494
3.64798
3.65101
3.65404
3.65703
3.65999
3.66291
3.66576
3.66853
3.67121
3.6738
3.67627
3.67861
3.68082
3.6829
3.68483
3.68662
3.68826
3.68976
3.69113
3.69237
3.69349
3.69452
3.69546
3.69634
3.69717
3.69799
3.69881
3.69967
3.70058
3.70159
3.70271
3.70397
3.70541
3.70706
3.70893
3.71107
3.71348
3.71621
3.71927
3.72268
3.72646
3.73062
3.73522
3.74006
0.835835
0.782846
0.804872
0.972689
1.30328
1.70602
2.08215
2.39101
2.63171
2.81657
2.95888
3.0695
3.15657
3.22598
3.28202
3.32778
3.36557
3.39708
3.4236
3.44611
3.46538
3.48198
3.4964
3.509
3.52009
3.5299
3.53864
3.54646
3.55352
3.55991
3.56573
3.57106
3.57598
3.58053
3.58477
3.58873
3.59246
3.59598
3.59932
3.60251
3.60557
3.60851
3.61134
3.61409
3.61676
3.61937
3.62192
3.62442
3.62689
3.62931
3.63171
3.63409
3.63644
3.63878
3.6411
3.64342
3.64573
3.64803
3.65033
3.65263
3.65493
3.65723
3.65954
3.66185
3.66418
3.66651
3.66887
3.67124
3.67363
3.67605
3.6785
3.68097
3.68347
3.68601
3.68858
3.69117
3.69379
3.69644
3.69909
3.70175
3.7044
3.70703
3.70963
3.71218
3.71468
3.71709
3.71942
3.72164
3.72375
3.72574
3.72759
3.72931
3.73088
3.73231
3.7336
3.73475
3.73578
3.73669
3.7375
3.73822
3.73888
3.73949
3.74008
3.74068
3.74131
3.742
3.74277
3.74367
3.74472
3.74594
3.74738
3.74906
3.751
3.75324
3.7558
3.75871
3.76198
3.76563
3.7697
3.77417
3.7791
3.78429
0.831589
0.802127
0.9281
1.28649
1.77028
2.21974
2.57241
2.8326
3.02211
3.16115
3.26468
3.34305
3.40333
3.4504
3.48765
3.51748
3.54164
3.56138
3.57767
3.59122
3.60257
3.61214
3.62029
3.62725
3.63325
3.63846
3.643
3.647
3.65054
3.6537
3.65654
3.65912
3.66147
3.66365
3.66567
3.66756
3.66935
3.67105
3.67269
3.67427
3.67581
3.67732
3.6788
3.68027
3.68173
3.68318
3.68464
3.6861
3.68757
3.68905
3.69054
3.69205
3.69358
3.69513
3.6967
3.69829
3.6999
3.70153
3.70319
3.70487
3.70657
3.7083
3.71006
3.71184
3.71365
3.7155
3.71737
3.71929
3.72124
3.72324
3.72527
3.72735
3.72948
3.73165
3.73386
3.73612
3.73841
3.74073
3.74307
3.74542
3.74777
3.75011
3.75241
3.75467
3.75686
3.75898
3.76102
3.76294
3.76476
3.76644
3.768
3.76942
3.7707
3.77183
3.77284
3.77371
3.77446
3.77511
3.77567
3.77615
3.77658
3.77699
3.7774
3.77783
3.77831
3.77888
3.77957
3.7804
3.78141
3.78263
3.78409
3.78582
3.78785
3.7902
3.7929
3.79597
3.79944
3.80332
3.80763
3.81237
3.81759
3.82307
0.83047
0.859252
1.17557
1.73833
2.29171
2.71247
3.00523
3.20563
3.34431
3.44216
3.51263
3.56434
3.6029
3.63205
3.65435
3.67155
3.68493
3.69539
3.7036
3.71007
3.71517
3.7192
3.72237
3.72488
3.72685
3.72841
3.72962
3.73058
3.73132
3.73191
3.73238
3.73276
3.73308
3.73335
3.7336
3.73384
3.73407
3.73432
3.73459
3.73488
3.7352
3.73556
3.73596
3.7364
3.73688
3.7374
3.73797
3.73859
3.73926
3.73998
3.74074
3.74156
3.74242
3.74333
3.74428
3.74529
3.74633
3.74743
3.74856
3.74974
3.75096
3.75223
3.75354
3.75489
3.75629
3.75773
3.75922
3.76077
3.76236
3.76401
3.76571
3.76747
3.76929
3.77116
3.77309
3.77507
3.7771
3.77916
3.78124
3.78335
3.78545
3.78754
3.7896
3.79162
3.79357
3.79545
3.79724
3.79893
3.8005
3.80195
3.80327
3.80445
3.80549
3.80639
3.80717
3.80782
3.80836
3.8088
3.80917
3.80947
3.80974
3.80999
3.81026
3.81058
3.81097
3.81146
3.81209
3.81289
3.81388
3.81511
3.81661
3.81839
3.82049
3.82294
3.82576
3.82898
3.8326
3.83666
3.84116
3.84611
3.85155
3.85724
0.837083
0.991886
1.56879
2.26379
2.79675
3.14662
3.36902
3.51204
3.60619
3.66961
3.71316
3.74348
3.76477
3.77975
3.79024
3.79749
3.80237
3.8055
3.80733
3.80821
3.80837
3.808
3.80724
3.80621
3.80498
3.80363
3.80219
3.80072
3.79924
3.79777
3.79634
3.79496
3.79364
3.79239
3.79122
3.79012
3.78911
3.78819
3.78736
3.78661
3.78595
3.78538
3.7849
3.78451
3.7842
3.78397
3.78383
3.78377
3.78379
3.78389
3.78407
3.78431
3.78464
3.78503
3.78549
3.78601
3.7866
3.78725
3.78797
3.78874
3.78957
3.79046
3.7914
3.7924
3.79346
3.79458
3.79576
3.797
3.79831
3.79967
3.80111
3.8026
3.80417
3.80581
3.8075
3.80926
3.81106
3.81291
3.81479
3.81668
3.81859
3.82048
3.82234
3.82416
3.82593
3.82761
3.82921
3.83071
3.83209
3.83335
3.83448
3.83548
3.83634
3.83707
3.83768
3.83817
3.83855
3.83885
3.83907
3.83925
3.8394
3.83956
3.83974
3.83998
3.8403
3.84075
3.84135
3.84213
3.84313
3.84438
3.8459
3.84773
3.84989
3.85241
3.85532
3.85863
3.86236
3.86653
3.87115
3.87622
3.88179
3.8876
0.861181
1.2442
2.07273
2.79223
3.24675
3.51205
3.66751
3.76086
3.81819
3.85383
3.87594
3.88935
3.89701
3.90082
3.90201
3.9014
3.89958
3.89692
3.89371
3.89015
3.88638
3.88252
3.87863
3.87478
3.871
3.86732
3.86376
3.86034
3.85708
3.85396
3.85101
3.84821
3.84558
3.8431
3.84078
3.83861
3.83659
3.83472
3.833
3.83141
3.82996
3.82864
3.82745
3.82638
3.82543
3.8246
3.82388
3.82327
3.82276
3.82236
3.82205
3.82184
3.82172
3.82169
3.82175
3.82189
3.82211
3.8224
3.82277
3.82321
3.82372
3.8243
3.82495
3.82567
3.82645
3.8273
3.82823
3.82922
3.83029
3.83142
3.83263
3.83392
3.83528
3.83672
3.83822
3.83979
3.84142
3.84309
3.8448
3.84653
3.84826
3.85
3.8517
3.85337
3.85498
3.85652
3.85797
3.85932
3.86057
3.86169
3.86268
3.86355
3.86429
3.8649
3.8654
3.86578
3.86606
3.86627
3.86641
3.86652
3.8666
3.8667
3.86683
3.86704
3.86734
3.86776
3.86835
3.86913
3.87014
3.87139
3.87294
3.87479
3.87698
3.87954
3.88248
3.88583
3.8896
3.8938
3.89846
3.90356
3.90916
3.91498
0.921567
1.63494
2.62374
3.27799
3.62928
3.8127
3.91021
3.96269
3.99047
4.00408
4.00927
4.00936
4.00629
4.0013
3.99516
3.98835
3.98121
3.97396
3.96674
3.95965
3.95276
3.9461
3.93971
3.93359
3.92776
3.92222
3.91696
3.91198
3.90727
3.90283
3.89864
3.8947
3.891
3.88754
3.88429
3.88125
3.87842
3.87578
3.87333
3.87107
3.86897
3.86704
3.86527
3.86366
3.86219
3.86086
3.85967
3.85861
3.85767
3.85686
3.85616
3.85558
3.8551
3.85473
3.85446
3.85428
3.85419
3.8542
3.85428
3.85445
3.85471
3.85504
3.85544
3.85592
3.85648
3.85712
3.85783
3.85862
3.85949
3.86044
3.86147
3.86258
3.86377
3.86504
3.86639
3.8678
3.86928
3.87081
3.87237
3.87397
3.87557
3.87717
3.87876
3.88031
3.8818
3.88323
3.88458
3.88583
3.88697
3.88801
3.88892
3.88971
3.89038
3.89093
3.89136
3.8917
3.89194
3.89211
3.89223
3.89231
3.89238
3.89247
3.8926
3.8928
3.8931
3.89353
3.89413
3.89492
3.89593
3.8972
3.89875
3.9006
3.90279
3.90534
3.90826
3.91158
3.91532
3.91948
3.92407
3.9291
3.93461
3.94034
1.04783
2.14113
3.16618
3.70126
3.94668
4.05816
4.10789
4.12764
4.13203
4.12829
4.12018
4.10978
4.09826
4.08632
4.07436
4.06263
4.05126
4.04035
4.02993
4.02002
4.01062
4.00173
3.99332
3.98539
3.9779
3.97086
3.96422
3.95797
3.9521
3.94658
3.9414
3.93653
3.93197
3.92769
3.92369
3.91994
3.91645
3.91319
3.91015
3.90733
3.90471
3.90228
3.90004
3.89798
3.89608
3.89435
3.89278
3.89135
3.89006
3.88892
3.8879
3.88701
3.88624
3.88559
3.88504
3.88461
3.88427
3.88404
3.8839
3.88385
3.88389
3.88401
3.88422
3.88451
3.88489
3.88534
3.88588
3.88651
3.88721
3.88801
3.88888
3.88985
3.8909
3.89203
3.89324
3.89453
3.89588
3.89728
3.89873
3.90021
3.90171
3.90321
3.9047
3.90616
3.90757
3.90892
3.9102
3.91139
3.91249
3.91347
3.91435
3.91512
3.91577
3.91631
3.91675
3.91709
3.91735
3.91754
3.91768
3.91779
3.9179
3.91803
3.9182
3.91844
3.91877
3.91924
3.91987
3.92068
3.92171
3.92298
3.92452
3.92635
3.9285
3.931
3.93385
3.93709
3.94071
3.94474
3.94918
3.95404
3.95933
3.96484
1.27351
2.71741
3.66587
4.05945
4.20804
4.25954
4.27093
4.26479
4.2508
4.23342
4.21483
4.19615
4.17794
4.16048
4.14389
4.12823
4.11348
4.09963
4.08664
4.07446
4.06303
4.05233
4.04229
4.03288
4.02406
4.01579
4.00803
4.00076
3.99394
3.98754
3.98154
3.97592
3.97065
3.96571
3.96109
3.95677
3.95273
3.94896
3.94544
3.94216
3.93911
3.93627
3.93365
3.93122
3.92897
3.92691
3.92502
3.92329
3.92172
3.9203
3.91902
3.91788
3.91687
3.91598
3.91522
3.91457
3.91403
3.9136
3.91327
3.91304
3.91291
3.91287
3.91291
3.91305
3.91327
3.91359
3.91398
3.91447
3.91504
3.9157
3.91646
3.9173
3.91822
3.91924
3.92034
3.92151
3.92275
3.92405
3.9254
3.92679
3.9282
3.92962
3.93103
3.93243
3.93378
3.93509
3.93633
3.9375
3.93858
3.93956
3.94045
3.94124
3.94192
3.94251
3.943
3.94341
3.94374
3.94401
3.94424
3.94444
3.94464
3.94485
3.94511
3.94543
3.94585
3.94638
3.94707
3.94792
3.94897
3.95025
3.95178
3.95358
3.95568
3.95809
3.96083
3.96392
3.96737
3.97119
3.97539
3.97998
3.98496
3.99014
1.62357
3.31924
4.10848
4.35964
4.4251
4.42809
4.40914
4.38265
4.35419
4.32605
4.29917
4.27392
4.25037
4.22848
4.20818
4.18935
4.17187
4.15565
4.14056
4.12653
4.11346
4.10127
4.08991
4.07929
4.06937
4.06009
4.05142
4.04329
4.03569
4.02857
4.0219
4.01565
4.00979
4.00431
3.99918
3.99438
3.98989
3.98569
3.98177
3.97812
3.97471
3.97154
3.96859
3.96586
3.96332
3.96099
3.95883
3.95686
3.95505
3.9534
3.9519
3.95055
3.94934
3.94827
3.94732
3.9465
3.9458
3.94521
3.94473
3.94435
3.94407
3.94389
3.94381
3.94382
3.94392
3.94411
3.94439
3.94476
3.94522
3.94578
3.94642
3.94716
3.94798
3.9489
3.94989
3.95097
3.95212
3.95333
3.95459
3.9559
3.95723
3.95858
3.95994
3.96128
3.9626
3.96388
3.96512
3.96629
3.96739
3.96841
3.96935
3.9702
3.97096
3.97164
3.97224
3.97276
3.97322
3.97363
3.974
3.97435
3.9747
3.97506
3.97546
3.97592
3.97646
3.97711
3.97788
3.97881
3.97992
3.98123
3.98276
3.98453
3.98656
3.98887
3.99148
3.99439
3.99762
4.00119
4.00508
4.00932
4.01391
4.01867
2.11223
3.91483
4.49453
4.61442
4.61117
4.57553
4.53268
4.49014
4.45023
4.41353
4.38001
4.34947
4.32159
4.29612
4.27279
4.25136
4.23164
4.21346
4.19665
4.18108
4.16664
4.15323
4.14075
4.12912
4.11828
4.10816
4.09871
4.08988
4.08162
4.07388
4.06665
4.05987
4.05353
4.04758
4.04202
4.03682
4.03195
4.02739
4.02313
4.01916
4.01545
4.01199
4.00877
4.00578
4.00301
4.00044
3.99806
3.99588
3.99387
3.99203
3.99035
3.98883
3.98745
3.98622
3.98512
3.98415
3.98331
3.98259
3.98198
3.98148
3.98109
3.98079
3.9806
3.98051
3.98051
3.9806
3.98079
3.98107
3.98144
3.9819
3.98245
3.9831
3.98384
3.98466
3.98557
3.98656
3.98762
3.98875
3.98993
3.99117
3.99244
3.99373
3.99504
3.99635
3.99764
3.99892
4.00016
4.00135
4.00249
4.00358
4.0046
4.00555
4.00643
4.00724
4.00799
4.00868
4.00932
4.00992
4.01049
4.01105
4.0116
4.01217
4.01277
4.01342
4.01415
4.01496
4.01589
4.01695
4.01815
4.01953
4.02109
4.02286
4.02485
4.02708
4.02955
4.03228
4.03529
4.03857
4.04214
4.04599
4.05013
4.05441
2.75671
4.49025
4.83644
4.84145
4.78254
4.71626
4.65444
4.59908
4.54993
4.50626
4.4673
4.43237
4.40091
4.37243
4.34654
4.32292
4.30129
4.28143
4.26313
4.24625
4.23063
4.21615
4.2027
4.1902
4.17855
4.1677
4.15757
4.14811
4.13927
4.131
4.12327
4.11602
4.10925
4.1029
4.09696
4.09139
4.08619
4.08131
4.07676
4.0725
4.06853
4.06482
4.06136
4.05814
4.05516
4.05238
4.04982
4.04745
4.04526
4.04326
4.04142
4.03975
4.03823
4.03686
4.03563
4.03454
4.03358
4.03274
4.03203
4.03143
4.03094
4.03055
4.03027
4.03009
4.03001
4.03003
4.03014
4.03034
4.03063
4.03102
4.0315
4.03207
4.03273
4.03348
4.03431
4.03522
4.03621
4.03726
4.03838
4.03954
4.04075
4.04199
4.04325
4.04453
4.04581
4.04708
4.04834
4.04957
4.05077
4.05193
4.05305
4.05413
4.05515
4.05613
4.05707
4.05797
4.05883
4.05967
4.06049
4.0613
4.06212
4.06295
4.06382
4.06473
4.0657
4.06675
4.06789
4.06914
4.07051
4.07202
4.07368
4.0755
4.0775
4.07969
4.08208
4.08467
4.08748
4.09051
4.09376
4.09724
4.10093
4.10475
3.60496
5.05607
5.16201
5.06896
4.96489
4.87383
4.79645
4.7304
4.67342
4.62376
4.58005
4.54126
4.50659
4.4754
4.44719
4.42155
4.39816
4.37674
4.35706
4.33894
4.3222
4.3067
4.29233
4.27899
4.26658
4.25501
4.24423
4.23417
4.22476
4.21597
4.20775
4.20006
4.19285
4.18611
4.1798
4.17389
4.16835
4.16317
4.15833
4.1538
4.14956
4.14561
4.14192
4.13849
4.1353
4.13233
4.12958
4.12703
4.12468
4.12252
4.12054
4.11872
4.11707
4.11557
4.11423
4.11302
4.11196
4.11102
4.11021
4.10952
4.10894
4.10848
4.10813
4.10788
4.10773
4.10768
4.10773
4.10787
4.10811
4.10844
4.10886
4.10937
4.10997
4.11066
4.11142
4.11227
4.11319
4.11417
4.11522
4.11632
4.11748
4.11867
4.11989
4.12114
4.12241
4.12368
4.12496
4.12623
4.12749
4.12874
4.12996
4.13117
4.13236
4.13353
4.13467
4.1358
4.13692
4.13803
4.13914
4.14026
4.14139
4.14254
4.14373
4.14497
4.14626
4.14761
4.14904
4.15056
4.15218
4.1539
4.15574
4.15771
4.15981
4.16206
4.16445
4.16699
4.16969
4.17255
4.17557
4.17875
4.18207
4.18549
4.84955
5.68154
5.54072
5.36077
5.21733
5.1041
5.01232
4.93602
4.87132
4.8156
4.76698
4.72412
4.686
4.65185
4.62107
4.59319
4.5678
4.5446
4.52332
4.50375
4.48569
4.46901
4.45355
4.4392
4.42586
4.41344
4.40187
4.39107
4.38099
4.37156
4.36275
4.3545
4.34678
4.33956
4.33279
4.32645
4.32052
4.31496
4.30976
4.3049
4.30036
4.29611
4.29215
4.28845
4.28501
4.28182
4.27885
4.2761
4.27355
4.27121
4.26906
4.26708
4.26528
4.26365
4.26217
4.26084
4.25966
4.25862
4.25771
4.25693
4.25627
4.25573
4.2553
4.25499
4.25478
4.25468
4.25468
4.25478
4.25497
4.25526
4.25564
4.25611
4.25667
4.25731
4.25803
4.25883
4.2597
4.26064
4.26164
4.26269
4.2638
4.26496
4.26616
4.26739
4.26865
4.26993
4.27124
4.27255
4.27389
4.27523
4.27657
4.27793
4.27929
4.28065
4.28203
4.28341
4.28481
4.28622
4.28766
4.28912
4.29061
4.29214
4.29372
4.29534
4.29702
4.29876
4.30057
4.30246
4.30442
4.30647
4.30861
4.31085
4.31318
4.31561
4.31814
4.32077
4.32351
4.32635
4.32929
4.33233
4.33542
4.33859
6.07794
5.55972
5.2474
5.04169
4.89423
4.78182
4.69214
4.61828
4.55605
4.50269
4.45629
4.41549
4.37928
4.3469
4.31775
4.29137
4.26737
4.24547
4.22539
4.20693
4.18991
4.17419
4.15963
4.14612
4.13357
4.12188
4.111
4.10084
4.09135
4.08249
4.0742
4.06645
4.05919
4.05239
4.04603
4.04006
4.03448
4.02926
4.02436
4.01979
4.01551
4.01151
4.00778
4.0043
4.00105
3.99804
3.99523
3.99264
3.99023
3.98802
3.98598
3.98411
3.9824
3.98085
3.97944
3.97817
3.97704
3.97605
3.97517
3.97442
3.97378
3.97325
3.97283
3.97252
3.9723
3.97219
3.97217
3.97224
3.9724
3.97265
3.97298
3.97339
3.97388
3.97444
3.97507
3.97577
3.97654
3.97736
3.97824
3.97916
3.98013
3.98115
3.9822
3.98328
3.98439
3.98553
3.9867
3.98788
3.98909
3.99031
3.99156
3.99283
3.99412
3.99543
3.99676
3.99813
3.99952
4.00095
4.00241
4.00392
4.00547
4.00708
4.00873
4.01045
4.01222
4.01407
4.01598
4.01796
4.02001
4.02214
4.02435
4.02663
4.029
4.03143
4.03395
4.03654
4.03919
4.04192
4.04471
4.04756
4.05041
4.05335
)
;

boundaryField
{
    lowerWall
    {
        type            kqRWallFunction;
        value           nonuniform List<scalar> 
122
(
6.07652
5.55942
5.24732
5.04165
4.8942
4.78178
4.69211
4.61825
4.55602
4.50265
4.45625
4.41545
4.37924
4.34686
4.31771
4.29132
4.26733
4.24542
4.22534
4.20689
4.18987
4.17415
4.15959
4.14608
4.13352
4.12184
4.11095
4.10079
4.09131
4.08244
4.07416
4.0664
4.05914
4.05234
4.04598
4.04002
4.03444
4.02921
4.02432
4.01974
4.01546
4.01146
4.00773
4.00425
4.00101
3.99799
3.99519
3.99259
3.99019
3.98797
3.98593
3.98406
3.98235
3.9808
3.97939
3.97813
3.977
3.976
3.97512
3.97437
3.97373
3.97321
3.97279
3.97247
3.97226
3.97214
3.97212
3.97219
3.97234
3.97258
3.97291
3.97331
3.97379
3.97434
3.97497
3.97566
3.97641
3.97722
3.97809
3.97901
3.97998
3.98099
3.98205
3.98314
3.98427
3.98544
3.98663
3.98786
3.98911
3.99039
3.9917
3.99304
3.99441
3.9958
3.99722
3.99868
4.00017
4.00169
4.00325
4.00485
4.00649
4.00817
4.0099
4.01168
4.0135
4.01538
4.01731
4.0193
4.02134
4.02343
4.02558
4.02779
4.03005
4.03236
4.03473
4.03714
4.0396
4.0421
4.04465
4.04722
4.04978
4.0524
)
;
    }
    upperWall
    {
        type            kqRWallFunction;
        value           nonuniform List<scalar> 
122
(
6.07794
5.55972
5.2474
5.04169
4.89423
4.78182
4.69214
4.61828
4.55605
4.50269
4.45629
4.41549
4.37928
4.3469
4.31775
4.29137
4.26737
4.24547
4.22539
4.20693
4.18991
4.17419
4.15963
4.14612
4.13357
4.12188
4.111
4.10084
4.09135
4.08249
4.0742
4.06645
4.05919
4.05239
4.04603
4.04006
4.03448
4.02926
4.02436
4.01979
4.01551
4.01151
4.00778
4.0043
4.00105
3.99804
3.99523
3.99264
3.99023
3.98802
3.98598
3.98411
3.9824
3.98085
3.97944
3.97817
3.97704
3.97605
3.97517
3.97442
3.97378
3.97325
3.97283
3.97252
3.9723
3.97219
3.97217
3.97224
3.9724
3.97265
3.97298
3.97339
3.97388
3.97444
3.97507
3.97577
3.97654
3.97736
3.97824
3.97916
3.98013
3.98115
3.9822
3.98328
3.98439
3.98553
3.9867
3.98788
3.98909
3.99031
3.99156
3.99283
3.99412
3.99543
3.99676
3.99813
3.99952
4.00095
4.00241
4.00392
4.00547
4.00708
4.00873
4.01045
4.01222
4.01407
4.01598
4.01796
4.02001
4.02214
4.02435
4.02663
4.029
4.03143
4.03395
4.03654
4.03919
4.04192
4.04471
4.04756
4.05041
4.05335
)
;
    }
    inlet
    {
        type            turbulentIntensityKineticEnergyInlet;
        intensity       0.0223;
        value           uniform 0.91377;
    }
    outlet
    {
        type            zeroGradient;
    }
    frontAndBack
    {
        type            empty;
    }
}


// ************************************************************************* //
