/*--------------------------------*- C++ -*----------------------------------*\
  =========                 |
  \\      /  F ield         | OpenFOAM: The Open Source CFD Toolbox
   \\    /   O peration     | Website:  https://openfoam.org
    \\  /    A nd           | Version:  8
     \\/     M anipulation  |
\*---------------------------------------------------------------------------*/
FoamFile
{
    version     2.0;
    format      ascii;
    class       volScalarField;
    location    "900";
    object      nut;
}
// * * * * * * * * * * * * * * * * * * * * * * * * * * * * * * * * * * * * * //

dimensions      [0 2 -1 0 0 0 0];

internalField   nonuniform List<scalar> 
7320
(
0.000286299
0.000273847
0.000266049
0.000260783
0.000256941
0.000253973
0.00025158
0.000249592
0.000247905
0.000246449
0.000245176
0.000244051
0.000243048
0.000242148
0.000241334
0.000240596
0.000239922
0.000239306
0.000238739
0.000238217
0.000237735
0.000237288
0.000236874
0.000236489
0.000236131
0.000235797
0.000235485
0.000235194
0.000234922
0.000234667
0.000234429
0.000234206
0.000233997
0.000233801
0.000233617
0.000233445
0.000233284
0.000233132
0.000232991
0.000232858
0.000232734
0.000232618
0.00023251
0.000232409
0.000232315
0.000232227
0.000232146
0.000232071
0.000232001
0.000231936
0.000231877
0.000231823
0.000231773
0.000231728
0.000231687
0.00023165
0.000231617
0.000231588
0.000231562
0.00023154
0.000231522
0.000231506
0.000231494
0.000231485
0.000231479
0.000231475
0.000231475
0.000231476
0.000231481
0.000231488
0.000231497
0.000231509
0.000231523
0.000231539
0.000231557
0.000231578
0.0002316
0.000231624
0.000231649
0.000231676
0.000231705
0.000231735
0.000231766
0.000231798
0.000231832
0.000231866
0.000231902
0.000231938
0.000231975
0.000232013
0.000232051
0.00023209
0.00023213
0.000232171
0.000232212
0.000232254
0.000232297
0.000232341
0.000232386
0.000232431
0.000232478
0.000232525
0.000232574
0.000232624
0.000232675
0.000232728
0.000232782
0.000232837
0.000232894
0.000232952
0.000233012
0.000233073
0.000233136
0.0002332
0.000233266
0.000233333
0.000233402
0.000233472
0.000233543
0.000233616
0.000233688
0.000233762
0.000562815
0.000740638
0.000767571
0.000767651
0.000763096
0.000757975
0.000753148
0.000748779
0.000744861
0.00074135
0.000738193
0.000735345
0.000732764
0.000730416
0.000728271
0.000726307
0.000724501
0.000722838
0.000721301
0.000719879
0.00071856
0.000717334
0.000716194
0.000715131
0.00071414
0.000713215
0.00071235
0.000711541
0.000710784
0.000710076
0.000709412
0.00070879
0.000708208
0.000707662
0.000707151
0.000706672
0.000706223
0.000705803
0.000705411
0.000705044
0.000704701
0.000704381
0.000704083
0.000703806
0.000703548
0.000703309
0.000703088
0.000702884
0.000702696
0.000702524
0.000702367
0.000702223
0.000702093
0.000701977
0.000701872
0.00070178
0.000701698
0.000701628
0.000701568
0.000701519
0.000701479
0.000701448
0.000701426
0.000701413
0.000701409
0.000701413
0.000701426
0.000701446
0.000701474
0.000701509
0.000701553
0.000701605
0.000701664
0.00070173
0.000701804
0.000701884
0.000701971
0.000702064
0.000702162
0.000702266
0.000702373
0.000702484
0.000702597
0.000702713
0.00070283
0.000702947
0.000703065
0.000703181
0.000703296
0.00070341
0.000703521
0.00070363
0.000703736
0.00070384
0.000703941
0.000704039
0.000704136
0.000704231
0.000704324
0.000704418
0.000704511
0.000704605
0.000704702
0.0007048
0.000704903
0.00070501
0.000705123
0.000705242
0.000705369
0.000705504
0.000705649
0.000705804
0.00070597
0.000706148
0.000706339
0.000706542
0.000706759
0.00070699
0.000707235
0.000707495
0.000707769
0.000708043
0.00076108
0.00115457
0.00127125
0.00130573
0.00131552
0.00131688
0.00131508
0.00131204
0.00130855
0.00130497
0.00130147
0.00129811
0.00129493
0.00129193
0.00128913
0.0012865
0.00128405
0.00128176
0.00127961
0.00127761
0.00127574
0.00127398
0.00127234
0.0012708
0.00126936
0.00126801
0.00126674
0.00126555
0.00126444
0.0012634
0.00126242
0.0012615
0.00126064
0.00125983
0.00125908
0.00125837
0.00125771
0.0012571
0.00125652
0.00125599
0.00125549
0.00125502
0.00125459
0.0012542
0.00125383
0.00125349
0.00125318
0.0012529
0.00125264
0.0012524
0.00125219
0.00125201
0.00125184
0.00125169
0.00125157
0.00125146
0.00125137
0.0012513
0.00125124
0.0012512
0.00125118
0.00125117
0.00125117
0.00125119
0.00125122
0.00125127
0.00125133
0.00125141
0.00125149
0.0012516
0.00125171
0.00125184
0.00125199
0.00125215
0.00125232
0.0012525
0.0012527
0.0012529
0.00125311
0.00125333
0.00125356
0.00125379
0.00125402
0.00125425
0.00125448
0.0012547
0.00125492
0.00125512
0.00125532
0.00125551
0.00125568
0.00125585
0.001256
0.00125613
0.00125626
0.00125637
0.00125648
0.00125657
0.00125666
0.00125675
0.00125683
0.00125691
0.00125699
0.00125709
0.00125719
0.0012573
0.00125743
0.00125758
0.00125775
0.00125795
0.00125817
0.00125843
0.00125872
0.00125905
0.00125942
0.00125983
0.00126028
0.00126077
0.00126132
0.0012619
0.00126254
0.00126318
0.00094219
0.00154866
0.00180331
0.00190635
0.0019512
0.00197187
0.00198147
0.00198555
0.00198668
0.00198617
0.00198472
0.00198276
0.00198051
0.00197813
0.00197571
0.00197331
0.00197095
0.00196867
0.00196648
0.00196438
0.00196238
0.00196047
0.00195867
0.00195695
0.00195534
0.00195381
0.00195237
0.00195101
0.00194973
0.00194852
0.00194739
0.00194633
0.00194534
0.0019444
0.00194353
0.00194272
0.00194196
0.00194125
0.0019406
0.00193999
0.00193943
0.00193891
0.00193844
0.001938
0.00193761
0.00193725
0.00193693
0.00193664
0.00193639
0.00193616
0.00193597
0.00193581
0.00193567
0.00193556
0.00193548
0.00193542
0.00193539
0.00193538
0.00193539
0.00193542
0.00193547
0.00193555
0.00193564
0.00193575
0.00193588
0.00193603
0.00193621
0.0019364
0.00193661
0.00193684
0.00193709
0.00193736
0.00193765
0.00193797
0.00193831
0.00193866
0.00193903
0.00193941
0.00193981
0.00194021
0.00194062
0.00194103
0.00194144
0.00194184
0.00194223
0.00194261
0.00194297
0.0019433
0.00194361
0.0019439
0.00194415
0.00194438
0.00194457
0.00194474
0.00194488
0.001945
0.00194509
0.00194516
0.00194521
0.00194526
0.00194529
0.00194533
0.00194537
0.00194543
0.0019455
0.0019456
0.00194574
0.00194591
0.00194612
0.0019464
0.00194673
0.00194712
0.00194759
0.00194813
0.00194876
0.00194947
0.00195027
0.00195117
0.00195216
0.00195324
0.00195444
0.00195564
0.00110978
0.00189233
0.00232606
0.0025368
0.00264438
0.00270313
0.00273713
0.00275765
0.00277031
0.00277817
0.00278296
0.00278574
0.00278718
0.00278769
0.00278758
0.00278703
0.00278618
0.00278514
0.00278397
0.00278273
0.00278144
0.00278014
0.00277885
0.00277758
0.00277634
0.00277515
0.002774
0.0027729
0.00277185
0.00277085
0.00276991
0.00276903
0.0027682
0.00276742
0.00276669
0.00276602
0.0027654
0.00276483
0.00276431
0.00276383
0.0027634
0.00276302
0.00276268
0.00276238
0.00276212
0.0027619
0.00276172
0.00276157
0.00276146
0.00276139
0.00276135
0.00276134
0.00276137
0.00276142
0.0027615
0.00276161
0.00276175
0.00276192
0.0027621
0.00276232
0.00276255
0.00276281
0.0027631
0.0027634
0.00276373
0.00276409
0.00276447
0.00276487
0.0027653
0.00276575
0.00276623
0.00276675
0.00276729
0.00276785
0.00276845
0.00276907
0.00276971
0.00277037
0.00277105
0.00277173
0.00277242
0.0027731
0.00277377
0.00277443
0.00277506
0.00277567
0.00277624
0.00277676
0.00277725
0.00277768
0.00277806
0.00277839
0.00277866
0.00277888
0.00277905
0.00277917
0.00277925
0.00277929
0.0027793
0.00277929
0.00277927
0.00277924
0.00277923
0.00277923
0.00277926
0.00277933
0.00277945
0.00277964
0.00277991
0.00278027
0.00278072
0.00278129
0.00278198
0.00278279
0.00278375
0.00278485
0.00278611
0.00278752
0.0027891
0.00279085
0.00279278
0.00279473
0.00129926
0.00216764
0.00280717
0.00316585
0.00336954
0.00349116
0.00356775
0.00361825
0.00365279
0.00367709
0.00369457
0.00370734
0.00371679
0.00372385
0.00372913
0.0037331
0.00373607
0.00373829
0.00373993
0.00374111
0.00374196
0.00374253
0.0037429
0.00374312
0.00374321
0.00374322
0.00374316
0.00374305
0.00374291
0.00374276
0.0037426
0.00374244
0.00374229
0.00374216
0.00374203
0.00374194
0.00374186
0.00374181
0.00374178
0.00374179
0.00374182
0.00374189
0.00374198
0.00374211
0.00374226
0.00374245
0.00374267
0.00374292
0.0037432
0.0037435
0.00374384
0.0037442
0.0037446
0.00374502
0.00374547
0.00374594
0.00374644
0.00374696
0.0037475
0.00374807
0.00374866
0.00374928
0.00374991
0.00375057
0.00375126
0.00375197
0.0037527
0.00375347
0.00375426
0.00375508
0.00375594
0.00375683
0.00375776
0.00375872
0.00375972
0.00376074
0.0037618
0.00376287
0.00376397
0.00376507
0.00376617
0.00376726
0.00376833
0.00376937
0.00377037
0.00377132
0.00377222
0.00377305
0.0037738
0.00377448
0.00377507
0.00377557
0.00377599
0.00377632
0.00377657
0.00377674
0.00377684
0.00377688
0.00377686
0.00377681
0.00377672
0.00377663
0.00377654
0.00377648
0.00377645
0.00377647
0.00377658
0.00377678
0.00377708
0.00377752
0.00377811
0.00377886
0.00377979
0.00378091
0.00378225
0.0037838
0.00378558
0.00378761
0.00378989
0.00379241
0.00379523
0.00379806
0.00158937
0.00236976
0.00321596
0.00375923
0.00409609
0.00431112
0.00445413
0.00455312
0.00462407
0.00467641
0.00471597
0.00474649
0.00477044
0.00478951
0.00480489
0.00481744
0.00482777
0.00483636
0.00484356
0.00484964
0.00485482
0.00485926
0.00486309
0.00486643
0.00486936
0.00487194
0.00487424
0.0048763
0.00487816
0.00487986
0.00488143
0.00488288
0.00488423
0.00488551
0.00488672
0.00488789
0.00488901
0.00489009
0.00489115
0.0048922
0.00489323
0.00489425
0.00489526
0.00489627
0.00489729
0.00489831
0.00489933
0.00490037
0.00490141
0.00490246
0.00490353
0.00490461
0.0049057
0.00490681
0.00490793
0.00490907
0.00491021
0.00491138
0.00491256
0.00491375
0.00491495
0.00491618
0.00491741
0.00491867
0.00491994
0.00492124
0.00492256
0.0049239
0.00492528
0.00492668
0.00492813
0.00492961
0.00493113
0.00493269
0.00493429
0.00493593
0.00493759
0.00493929
0.004941
0.00494271
0.00494442
0.00494612
0.00494778
0.0049494
0.00495095
0.00495244
0.00495383
0.00495513
0.00495632
0.00495738
0.00495833
0.00495914
0.00495982
0.00496037
0.00496079
0.00496109
0.00496128
0.00496137
0.00496137
0.0049613
0.00496119
0.00496104
0.00496088
0.00496074
0.00496065
0.00496061
0.00496068
0.00496086
0.00496119
0.00496169
0.00496239
0.00496331
0.00496447
0.00496591
0.00496763
0.00496966
0.00497201
0.00497471
0.00497775
0.00498114
0.00498495
0.00498878
0.00212976
0.0025187
0.00352583
0.00427893
0.00478634
0.00512981
0.00536872
0.00554022
0.00566706
0.00576335
0.00583815
0.00589739
0.00594512
0.00598413
0.00601645
0.00604352
0.00606643
0.00608601
0.00610287
0.00611753
0.00613035
0.00614164
0.00615166
0.00616061
0.00616864
0.00617589
0.00618248
0.00618849
0.00619402
0.00619911
0.00620384
0.00620825
0.00621238
0.00621626
0.00621993
0.00622341
0.00622672
0.0062299
0.00623294
0.00623588
0.00623872
0.00624147
0.00624414
0.00624675
0.00624931
0.00625181
0.00625427
0.00625668
0.00625907
0.00626143
0.00626376
0.00626607
0.00626837
0.00627064
0.00627291
0.00627516
0.0062774
0.00627963
0.00628186
0.00628407
0.00628629
0.0062885
0.00629071
0.00629292
0.00629513
0.00629736
0.0062996
0.00630185
0.00630413
0.00630644
0.00630877
0.00631115
0.00631356
0.00631602
0.00631851
0.00632105
0.00632362
0.00632622
0.00632883
0.00633145
0.00633405
0.00633663
0.00633916
0.00634162
0.006344
0.00634627
0.00634842
0.00635043
0.00635228
0.00635397
0.00635548
0.00635679
0.00635792
0.00635886
0.00635961
0.00636018
0.00636058
0.00636082
0.00636093
0.00636093
0.00636083
0.00636066
0.00636047
0.00636027
0.00636011
0.00636001
0.00636002
0.00636016
0.00636048
0.00636101
0.00636179
0.00636285
0.00636423
0.00636595
0.00636805
0.00637055
0.00637348
0.00637687
0.00638072
0.00638504
0.00638992
0.00639484
0.0031541
0.00268382
0.00372393
0.00468584
0.00539542
0.00590413
0.0062731
0.00654666
0.00675434
0.00691556
0.00704326
0.00714624
0.00723059
0.00730064
0.00735953
0.00740958
0.00745254
0.00748974
0.00752221
0.00755076
0.00757604
0.00759856
0.00761874
0.00763694
0.00765342
0.00766842
0.00768215
0.00769477
0.00770641
0.00771719
0.00772723
0.0077366
0.00774538
0.00775364
0.00776144
0.00776882
0.00777583
0.0077825
0.00778887
0.00779498
0.00780084
0.00780649
0.00781193
0.0078172
0.0078223
0.00782726
0.00783208
0.00783678
0.00784137
0.00784586
0.00785026
0.00785457
0.00785881
0.00786297
0.00786707
0.00787111
0.0078751
0.00787903
0.00788291
0.00788675
0.00789055
0.00789431
0.00789803
0.00790173
0.0079054
0.00790906
0.00791271
0.00791636
0.00792001
0.00792366
0.00792734
0.00793105
0.00793479
0.00793857
0.00794238
0.00794623
0.00795012
0.00795402
0.00795794
0.00796186
0.00796575
0.0079696
0.00797338
0.00797707
0.00798064
0.00798407
0.00798733
0.00799041
0.00799326
0.00799589
0.00799827
0.00800039
0.00800224
0.00800383
0.00800514
0.0080062
0.00800701
0.00800759
0.00800796
0.00800814
0.00800818
0.00800809
0.00800793
0.00800773
0.00800753
0.00800738
0.00800734
0.00800743
0.00800773
0.00800826
0.00800909
0.00801026
0.00801181
0.00801379
0.00801624
0.0080192
0.0080227
0.00802678
0.00803146
0.00803675
0.00804276
0.00804882
0.00493181
0.00302612
0.0038337
0.00494834
0.00587406
0.00658116
0.00711649
0.00752622
0.00784508
0.00809766
0.00830115
0.00846767
0.00860586
0.00872199
0.00882068
0.0089054
0.00897879
0.0090429
0.00909931
0.00914929
0.00919386
0.00923384
0.00926988
0.00930254
0.00933229
0.00935949
0.00938447
0.00940751
0.00942883
0.00944864
0.00946709
0.00948435
0.00950053
0.00951576
0.00953012
0.0095437
0.00955658
0.00956883
0.00958049
0.00959164
0.00960231
0.00961254
0.00962238
0.00963185
0.00964099
0.00964982
0.00965837
0.00966667
0.00967472
0.00968255
0.00969018
0.00969763
0.00970489
0.009712
0.00971895
0.00972576
0.00973244
0.00973899
0.00974543
0.00975175
0.00975797
0.0097641
0.00977013
0.00977608
0.00978196
0.00978778
0.00979355
0.00979928
0.00980497
0.00981064
0.00981631
0.00982198
0.00982766
0.00983337
0.00983909
0.00984485
0.00985062
0.00985641
0.0098622
0.00986797
0.0098737
0.00987936
0.00988493
0.00989038
0.00989567
0.00990077
0.00990564
0.00991026
0.0099146
0.00991863
0.00992232
0.00992567
0.00992865
0.00993126
0.00993351
0.00993538
0.00993691
0.00993811
0.00993899
0.0099396
0.00993997
0.00994014
0.00994017
0.00994008
0.00993996
0.00993984
0.0099398
0.0099399
0.00994019
0.00994074
0.00994161
0.00994287
0.00994458
0.0099468
0.00994957
0.00995297
0.00995702
0.00996179
0.00996731
0.00997359
0.00998077
0.00998801
0.00765447
0.00384129
0.0039599
0.0050637
0.00617752
0.00710148
0.0078361
0.00841791
0.00888249
0.00925803
0.00956562
0.00982082
0.0100351
0.0102171
0.0103732
0.0105082
0.0106262
0.0107298
0.0108217
0.0109035
0.0109768
0.0110429
0.0111028
0.0111573
0.011207
0.0112527
0.0112948
0.0113337
0.0113697
0.0114033
0.0114346
0.0114639
0.0114914
0.0115173
0.0115417
0.0115648
0.0115867
0.0116075
0.0116273
0.0116462
0.0116642
0.0116815
0.011698
0.011714
0.0117293
0.011744
0.0117583
0.0117721
0.0117854
0.0117983
0.0118109
0.0118231
0.0118349
0.0118465
0.0118578
0.0118688
0.0118795
0.01189
0.0119003
0.0119103
0.0119202
0.0119298
0.0119393
0.0119486
0.0119578
0.0119668
0.0119757
0.0119845
0.0119932
0.0120018
0.0120104
0.0120189
0.0120274
0.0120359
0.0120444
0.0120529
0.0120614
0.0120699
0.0120783
0.0120867
0.012095
0.0121033
0.0121114
0.0121193
0.012127
0.0121345
0.0121417
0.0121485
0.012155
0.0121611
0.0121667
0.0121719
0.0121766
0.0121808
0.0121845
0.0121877
0.0121904
0.0121927
0.0121945
0.0121959
0.012197
0.0121977
0.0121982
0.0121985
0.0121986
0.0121987
0.0121989
0.0121991
0.0121995
0.0122001
0.0122011
0.0122025
0.0122044
0.0122068
0.01221
0.0122138
0.0122184
0.0122238
0.0122302
0.0122375
0.0122459
0.0122543
0.0113266
0.00551803
0.00435849
0.00510578
0.00628855
0.00740978
0.00836168
0.0091471
0.00979278
0.0103264
0.0107711
0.0111453
0.0114634
0.0117362
0.0119723
0.0121782
0.0123592
0.0125193
0.0126619
0.0127896
0.0129046
0.0130086
0.0131032
0.0131896
0.0132687
0.0133415
0.0134088
0.013471
0.0135289
0.0135828
0.0136332
0.0136805
0.0137248
0.0137666
0.013806
0.0138433
0.0138786
0.0139122
0.0139441
0.0139745
0.0140035
0.0140313
0.0140579
0.0140835
0.014108
0.0141316
0.0141544
0.0141763
0.0141975
0.014218
0.0142379
0.0142572
0.0142759
0.014294
0.0143117
0.0143289
0.0143456
0.0143619
0.0143779
0.0143934
0.0144086
0.0144235
0.014438
0.0144523
0.0144663
0.01448
0.0144935
0.0145067
0.0145198
0.0145328
0.0145455
0.0145582
0.0145708
0.0145833
0.0145957
0.0146081
0.0146204
0.0146326
0.0146448
0.0146569
0.0146689
0.0146808
0.0146924
0.0147039
0.014715
0.0147259
0.0147363
0.0147463
0.0147559
0.0147649
0.0147734
0.0147812
0.0147885
0.0147951
0.014801
0.0148063
0.0148109
0.0148149
0.0148183
0.0148211
0.0148234
0.0148252
0.0148266
0.0148277
0.0148285
0.0148292
0.0148298
0.0148304
0.0148312
0.0148321
0.0148334
0.014835
0.0148372
0.01484
0.0148436
0.0148479
0.0148531
0.0148593
0.0148665
0.0148748
0.0148844
0.0148941
0.0157248
0.0083437
0.00547916
0.00531275
0.00627167
0.00748282
0.00862975
0.00963244
0.0104877
0.0112134
0.0118305
0.0123582
0.0128125
0.0132064
0.0135503
0.0138528
0.0141205
0.0143588
0.0145721
0.0147641
0.0149377
0.0150955
0.0152394
0.0153712
0.0154923
0.0156041
0.0157075
0.0158035
0.0158929
0.0159763
0.0160543
0.0161275
0.0161964
0.0162612
0.0163225
0.0163804
0.0164354
0.0164875
0.0165372
0.0165845
0.0166296
0.0166728
0.0167141
0.0167537
0.0167917
0.0168283
0.0168635
0.0168974
0.0169301
0.0169617
0.0169923
0.0170219
0.0170505
0.0170783
0.0171053
0.0171315
0.017157
0.0171819
0.017206
0.0172296
0.0172526
0.017275
0.0172969
0.0173183
0.0173392
0.0173597
0.0173798
0.0173996
0.017419
0.0174381
0.0174569
0.0174755
0.0174939
0.017512
0.0175301
0.017548
0.0175657
0.0175833
0.0176008
0.0176181
0.0176352
0.0176521
0.0176687
0.0176851
0.017701
0.0177166
0.0177316
0.0177461
0.01776
0.0177732
0.0177858
0.0177975
0.0178085
0.0178186
0.0178279
0.0178363
0.0178438
0.0178505
0.0178564
0.0178616
0.017866
0.0178697
0.0178728
0.0178754
0.0178776
0.0178794
0.0178811
0.0178826
0.0178841
0.0178858
0.0178877
0.0178899
0.0178927
0.017896
0.0179002
0.0179051
0.017911
0.0179181
0.0179262
0.0179356
0.0179465
0.0179574
0.0204365
0.0122987
0.00781877
0.0061763
0.00638132
0.00739745
0.00862145
0.00980678
0.0108762
0.0118169
0.0126375
0.0133529
0.0139782
0.0145273
0.0150118
0.0154416
0.0158248
0.0161683
0.0164775
0.0167573
0.0170115
0.0172433
0.0174556
0.0176506
0.0178304
0.0179968
0.018151
0.0182945
0.0184284
0.0185535
0.0186708
0.018781
0.0188847
0.0189825
0.0190749
0.0191624
0.0192454
0.0193243
0.0193994
0.0194709
0.0195391
0.0196044
0.0196668
0.0197267
0.0197841
0.0198393
0.0198924
0.0199436
0.0199928
0.0200404
0.0200864
0.0201308
0.0201738
0.0202155
0.0202559
0.0202952
0.0203332
0.0203703
0.0204063
0.0204413
0.0204755
0.0205087
0.0205412
0.0205728
0.0206037
0.020634
0.0206635
0.0206925
0.0207209
0.0207488
0.0207763
0.0208033
0.0208299
0.0208561
0.0208821
0.0209077
0.0209331
0.0209582
0.0209831
0.0210077
0.0210319
0.0210559
0.0210794
0.0211026
0.0211252
0.0211473
0.0211688
0.0211896
0.0212096
0.0212288
0.021247
0.0212644
0.0212807
0.0212959
0.0213101
0.0213232
0.0213352
0.021346
0.0213558
0.0213646
0.0213724
0.0213792
0.0213852
0.0213904
0.021395
0.021399
0.0214025
0.0214058
0.0214089
0.0214119
0.0214151
0.0214185
0.0214224
0.0214267
0.0214318
0.0214378
0.0214447
0.0214527
0.021462
0.0214727
0.021485
0.0214971
0.024966
0.017029
0.011559
0.0083344
0.00718515
0.00746836
0.008455
0.00967289
0.0108973
0.0120408
0.0130773
0.0140053
0.014833
0.0155712
0.0162309
0.0168222
0.0173542
0.0178345
0.01827
0.0186661
0.0190279
0.0193593
0.0196641
0.0199451
0.020205
0.0204461
0.0206704
0.0208795
0.0210749
0.021258
0.0214298
0.0215915
0.0217439
0.0218878
0.022024
0.022153
0.0222755
0.022392
0.0225028
0.0226086
0.0227095
0.022806
0.0228983
0.0229869
0.0230718
0.0231534
0.0232319
0.0233075
0.0233803
0.0234505
0.0235184
0.0235839
0.0236473
0.0237087
0.0237682
0.0238259
0.0238819
0.0239362
0.023989
0.0240404
0.0240904
0.024139
0.0241864
0.0242326
0.0242777
0.0243217
0.0243647
0.0244068
0.024448
0.0244883
0.0245279
0.0245668
0.024605
0.0246426
0.0246797
0.0247162
0.0247523
0.0247879
0.0248231
0.0248578
0.024892
0.0249257
0.0249589
0.0249915
0.0250234
0.0250546
0.025085
0.0251145
0.0251431
0.0251706
0.025197
0.0252222
0.0252461
0.0252687
0.02529
0.0253099
0.0253284
0.0253454
0.0253611
0.0253754
0.0253884
0.0254002
0.0254107
0.0254202
0.0254287
0.0254363
0.0254432
0.0254495
0.0254554
0.025461
0.0254665
0.025472
0.0254778
0.025484
0.0254908
0.0254983
0.0255067
0.0255163
0.0255271
0.0255392
0.0255531
0.0255667
0.0288721
0.0219727
0.0163572
0.0121026
0.00944208
0.00839318
0.00856599
0.00943681
0.0106072
0.0118514
0.0130626
0.0141965
0.0152393
0.0161903
0.0170549
0.0178406
0.0185555
0.0192071
0.0198026
0.0203481
0.0208492
0.0213109
0.0217373
0.0221321
0.0224988
0.02284
0.0231583
0.0234559
0.0237348
0.0239966
0.024243
0.0244751
0.0246943
0.0249016
0.025098
0.0252843
0.0254613
0.0256298
0.0257904
0.0259436
0.0260899
0.0262299
0.026364
0.0264925
0.0266158
0.0267344
0.0268484
0.0269581
0.0270639
0.0271659
0.0272644
0.0273595
0.0274516
0.0275406
0.0276269
0.0277105
0.0277915
0.0278702
0.0279467
0.028021
0.0280932
0.0281635
0.0282319
0.0282985
0.0283635
0.0284269
0.0284887
0.0285491
0.0286082
0.0286661
0.0287227
0.0287782
0.0288327
0.0288862
0.0289388
0.0289906
0.0290415
0.0290918
0.0291412
0.02919
0.029238
0.0292853
0.0293317
0.0293774
0.0294221
0.0294659
0.0295087
0.0295503
0.0295907
0.0296298
0.0296675
0.0297038
0.0297385
0.0297715
0.0298029
0.0298325
0.0298604
0.0298864
0.0299108
0.0299333
0.0299542
0.0299733
0.0299909
0.030007
0.0300218
0.0300352
0.0300475
0.0300589
0.0300694
0.0300793
0.0300887
0.0300979
0.030107
0.0301163
0.0301259
0.030136
0.0301469
0.0301588
0.0301718
0.030186
0.030202
0.0302173
0.0318859
0.0265354
0.0215162
0.0170871
0.0134893
0.0110289
0.00983786
0.0097379
0.0103766
0.011418
0.0126294
0.0138773
0.0150935
0.0162465
0.0173241
0.0183239
0.0192482
0.0201018
0.0208901
0.0216189
0.0222936
0.0229193
0.0235006
0.0240417
0.0245463
0.025018
0.0254596
0.0258738
0.0262632
0.0266297
0.0269753
0.0273019
0.0276108
0.0279035
0.0281812
0.0284451
0.0286963
0.0289355
0.0291638
0.0293818
0.0295903
0.0297899
0.0299812
0.0301647
0.0303409
0.0305102
0.0306732
0.0308301
0.0309814
0.0311273
0.0312682
0.0314044
0.031536
0.0316634
0.0317868
0.0319064
0.0320223
0.0321348
0.0322441
0.0323502
0.0324534
0.0325537
0.0326514
0.0327464
0.0328391
0.0329294
0.0330175
0.0331035
0.0331875
0.0332696
0.03335
0.0334286
0.0335057
0.0335812
0.0336554
0.0337283
0.0337999
0.0338704
0.0339396
0.0340078
0.0340749
0.0341408
0.0342056
0.0342692
0.0343316
0.0343928
0.0344525
0.0345109
0.0345676
0.0346228
0.0346762
0.0347277
0.0347774
0.034825
0.0348706
0.034914
0.0349552
0.0349942
0.035031
0.0350655
0.0350979
0.035128
0.0351561
0.0351822
0.0352063
0.0352287
0.0352494
0.0352687
0.0352866
0.0353034
0.0353192
0.0353344
0.035349
0.0353633
0.0353776
0.035392
0.0354069
0.0354224
0.0354388
0.0354562
0.0354752
0.0354929
0.0339568
0.0302574
0.0262964
0.0224018
0.0187493
0.0155657
0.0131348
0.01166
0.0111401
0.0113925
0.0121663
0.0132379
0.014448
0.0156984
0.0169334
0.0181236
0.0192548
0.0203216
0.0213231
0.0222613
0.0231394
0.0239613
0.0247308
0.0254521
0.0261288
0.0267645
0.0273626
0.0279259
0.0284574
0.0289594
0.0294343
0.0298842
0.0303108
0.0307161
0.0311014
0.0314683
0.0318181
0.0321518
0.0324707
0.0327757
0.0330677
0.0333475
0.033616
0.0338738
0.0341215
0.0343599
0.0345893
0.0348104
0.0350237
0.0352295
0.0354283
0.0356204
0.0358062
0.0359861
0.0361603
0.0363292
0.0364929
0.0366518
0.0368061
0.036956
0.0371017
0.0372434
0.0373813
0.0375155
0.0376463
0.0377737
0.037898
0.0380192
0.0381375
0.0382532
0.0383662
0.0384768
0.0385851
0.038691
0.038795
0.0388969
0.0389969
0.0390952
0.0391917
0.0392866
0.0393798
0.0394713
0.0395613
0.0396496
0.0397362
0.0398211
0.0399042
0.0399854
0.0400646
0.0401417
0.0402167
0.0402894
0.0403598
0.0404276
0.0404929
0.0405555
0.0406155
0.0406727
0.0407271
0.0407787
0.0408275
0.0408735
0.0409168
0.0409575
0.0409956
0.0410313
0.0410647
0.0410959
0.0411251
0.0411525
0.0411783
0.0412028
0.0412261
0.0412485
0.0412702
0.0412915
0.0413128
0.0413341
0.0413559
0.0413782
0.0414017
0.0414233
0.0352156
0.0329264
0.0301548
0.0271692
0.0241079
0.0210828
0.0182539
0.0158401
0.0140585
0.0130304
0.012737
0.0130508
0.0138009
0.0148263
0.0160022
0.0172434
0.018496
0.0197278
0.0209204
0.0220639
0.0231539
0.024189
0.0251701
0.026099
0.026978
0.0278099
0.0285976
0.0293438
0.0300513
0.0307226
0.0313602
0.0319664
0.0325433
0.0330929
0.0336169
0.0341171
0.0345949
0.035052
0.0354894
0.0359086
0.0363106
0.0366964
0.0370671
0.0374235
0.0377664
0.0380966
0.0384149
0.0387218
0.0390181
0.0393042
0.0395808
0.0398483
0.0401071
0.0403578
0.0406007
0.0408362
0.0410647
0.0412865
0.0415019
0.0417112
0.0419147
0.0421126
0.0423052
0.0424927
0.0426753
0.0428533
0.0430269
0.0431962
0.0433614
0.0435228
0.0436805
0.0438347
0.0439855
0.0441331
0.0442777
0.0444193
0.0445582
0.0446945
0.0448282
0.0449595
0.0450884
0.0452149
0.0453392
0.0454611
0.0455807
0.045698
0.0458128
0.0459252
0.0460351
0.0461423
0.0462467
0.0463483
0.046447
0.0465426
0.046635
0.0467242
0.04681
0.0468925
0.0469715
0.047047
0.047119
0.0471874
0.0472524
0.047314
0.0473723
0.0474272
0.047479
0.0475279
0.0475738
0.0476171
0.047658
0.0476965
0.0477331
0.0477679
0.0478012
0.0478333
0.0478645
0.047895
0.0479252
0.0479552
0.0479858
0.0480135
0.0358864
0.034593
0.0328633
0.0308401
0.0286213
0.0262674
0.0238358
0.0214144
0.0191386
0.0171788
0.0156958
0.0147878
0.0144645
0.0146594
0.0152639
0.0161609
0.0172464
0.01844
0.0196844
0.0209414
0.0221859
0.0234025
0.0245816
0.025718
0.0268092
0.0278544
0.0288542
0.0298095
0.0307222
0.0315938
0.0324266
0.0332223
0.0339831
0.0347108
0.0354074
0.0360744
0.0367138
0.037327
0.0379154
0.0384806
0.0390239
0.0395464
0.0400492
0.0405335
0.0410003
0.0414505
0.041885
0.0423045
0.0427099
0.043102
0.0434812
0.0438484
0.044204
0.0445486
0.0448829
0.0452071
0.0455219
0.0458276
0.0461246
0.0464134
0.0466943
0.0469676
0.0472336
0.0474927
0.0477452
0.0479912
0.0482312
0.0484653
0.0486938
0.0489169
0.049135
0.0493481
0.0495565
0.0497604
0.0499601
0.0501555
0.050347
0.0505347
0.0507189
0.0508995
0.0510767
0.0512506
0.0514213
0.0515888
0.0517531
0.0519141
0.052072
0.0522266
0.0523779
0.0525258
0.0526702
0.0528111
0.0529482
0.0530815
0.0532109
0.0533363
0.0534576
0.0535747
0.0536875
0.053796
0.0539001
0.0539998
0.0540951
0.054186
0.0542726
0.0543549
0.0544331
0.0545071
0.0545773
0.0546437
0.0547065
0.0547659
0.0548221
0.0548755
0.0549262
0.0549746
0.055021
0.0550655
0.0551087
0.0551507
0.0551923
0.0552297
0.0361963
0.0354884
0.0345011
0.0332718
0.0318469
0.0302605
0.0285351
0.0266917
0.024764
0.0228124
0.0209309
0.0192398
0.0178631
0.0168966
0.0163857
0.0163216
0.0166534
0.0173069
0.0182017
0.0192644
0.020434
0.0216643
0.0229216
0.0241827
0.0254314
0.0266568
0.0278519
0.0290123
0.0301354
0.0312203
0.0322666
0.0332747
0.0342455
0.03518
0.0360794
0.0369452
0.0377787
0.0385814
0.0393546
0.0400998
0.0408182
0.041511
0.0421797
0.0428252
0.0434487
0.0440513
0.044634
0.0451976
0.0457432
0.0462716
0.0467835
0.0472797
0.0477609
0.0482278
0.0486811
0.0491213
0.049549
0.0499648
0.0503691
0.0507625
0.0511454
0.0515181
0.0518813
0.0522351
0.05258
0.0529164
0.0532446
0.0535648
0.0538775
0.054183
0.0544814
0.0547732
0.0550585
0.0553377
0.0556109
0.0558785
0.0561406
0.0563973
0.0566489
0.0568957
0.0571378
0.0573753
0.0576083
0.0578369
0.0580611
0.058281
0.0584967
0.058708
0.058915
0.0591175
0.0593157
0.0595092
0.0596981
0.0598823
0.0600615
0.0602358
0.0604051
0.0605691
0.0607278
0.0608812
0.0610291
0.0611716
0.0613085
0.0614399
0.0615657
0.0616861
0.0618009
0.0619105
0.0620147
0.0621138
0.0622079
0.0622972
0.0623819
0.0624623
0.0625385
0.0626109
0.0626797
0.0627454
0.0628082
0.0628683
0.0629267
0.0629794
0.0363185
0.0358964
0.035342
0.0346443
0.0338099
0.0328502
0.0317745
0.0305881
0.0292942
0.0278982
0.0264145
0.0248739
0.0233287
0.0218531
0.0205352
0.0194615
0.0187
0.018288
0.0182293
0.0184992
0.0190539
0.0198402
0.020804
0.0218958
0.0230737
0.0243048
0.0255638
0.0268322
0.0280965
0.0293469
0.0305766
0.0317807
0.0329559
0.0341003
0.0352127
0.0362927
0.0373403
0.0383559
0.03934
0.0402934
0.041217
0.0421116
0.0429782
0.0438179
0.0446317
0.0454205
0.0461853
0.0469272
0.0476469
0.0483454
0.0490235
0.0496821
0.0503219
0.0509438
0.0515484
0.0521364
0.0527086
0.0532654
0.0538076
0.0543357
0.0548503
0.0553518
0.0558407
0.0563176
0.0567828
0.0572369
0.0576801
0.058113
0.0585359
0.0589492
0.0593532
0.0597483
0.0601349
0.0605131
0.0608835
0.0612461
0.0616014
0.0619495
0.0622907
0.0626251
0.0629531
0.0632749
0.0635905
0.0639002
0.0642041
0.0645022
0.0647945
0.0650812
0.0653622
0.0656375
0.0659071
0.0661708
0.0664287
0.0666806
0.0669264
0.0671659
0.0673992
0.0676261
0.0678464
0.0680601
0.068267
0.0684671
0.0686602
0.0688465
0.0690257
0.0691979
0.0693631
0.0695213
0.0696727
0.0698171
0.0699549
0.0700861
0.0702108
0.0703294
0.070442
0.0705489
0.0706503
0.0707466
0.0708381
0.0709252
0.0710087
0.0710845
0.0363591
0.0360515
0.0357024
0.0352937
0.0348163
0.0342669
0.0336458
0.0329534
0.032189
0.0313505
0.0304344
0.0294384
0.0283636
0.0272185
0.0260225
0.0248094
0.0236274
0.0225355
0.0215963
0.0208663
0.020387
0.0201807
0.0202495
0.0205783
0.0211397
0.021899
0.0228189
0.0238634
0.0249997
0.0262001
0.0274421
0.0287078
0.0299836
0.0312592
0.0325266
0.0337799
0.0350147
0.0362278
0.0374167
0.0385799
0.0397163
0.0408256
0.0419075
0.0429622
0.0439899
0.044991
0.045966
0.0469156
0.0478402
0.0487406
0.0496176
0.0504716
0.0513037
0.0521143
0.0529043
0.0536743
0.054425
0.055157
0.0558711
0.0565677
0.0572475
0.057911
0.0585588
0.0591914
0.0598093
0.0604131
0.0610032
0.06158
0.0621441
0.0626958
0.0632356
0.0637639
0.064281
0.0647874
0.0652834
0.0657694
0.0662456
0.0667124
0.0671702
0.067619
0.0680593
0.0684911
0.0689148
0.0693306
0.0697387
0.0701392
0.0705321
0.0709177
0.0712958
0.0716666
0.07203
0.072386
0.0727346
0.0730756
0.0734089
0.0737346
0.0740523
0.0743621
0.0746638
0.0749573
0.0752424
0.075519
0.0757871
0.0760464
0.076297
0.0765387
0.0767715
0.0769954
0.0772104
0.0774165
0.0776138
0.0778023
0.0779822
0.0781536
0.0783168
0.0784719
0.0786192
0.078759
0.0788917
0.0790175
0.0791374
0.0792476
0.0363702
0.0360998
0.0358287
0.035546
0.0352425
0.0349115
0.0345487
0.0341513
0.0337177
0.0332458
0.0327334
0.0321771
0.0315728
0.0309161
0.0302028
0.0294306
0.0286007
0.02772
0.0268034
0.025875
0.0249679
0.0241225
0.023382
0.0227876
0.0223733
0.0221626
0.0221667
0.022385
0.0228072
0.023415
0.0241857
0.0250941
0.0261146
0.0272232
0.0283982
0.029621
0.0308761
0.0321509
0.0334354
0.0347217
0.0360038
0.0372768
0.0385368
0.039781
0.0410069
0.0422128
0.0433974
0.0445597
0.0456993
0.0468158
0.0479092
0.0489795
0.050027
0.0510519
0.0520546
0.0530354
0.0539947
0.054933
0.0558508
0.0567485
0.0576266
0.0584856
0.059326
0.0601484
0.0609532
0.061741
0.0625122
0.0632673
0.0640067
0.064731
0.0654405
0.0661357
0.066817
0.0674847
0.0681393
0.0687813
0.0694108
0.0700284
0.0706344
0.0712291
0.0718128
0.0723857
0.0729481
0.0735002
0.0740422
0.0745743
0.0750969
0.0756098
0.0761133
0.0766074
0.0770921
0.0775674
0.0780332
0.0784896
0.0789364
0.0793736
0.0798011
0.0802186
0.0806261
0.0810235
0.0814105
0.081787
0.0821529
0.082508
0.0828521
0.0831852
0.0835071
0.0838178
0.0841172
0.0844052
0.0846818
0.0849472
0.0852012
0.0854441
0.0856759
0.0858969
0.0861073
0.0863074
0.0864973
0.0866776
0.0868492
0.0870087
0.0363726
0.0361118
0.0358643
0.0356247
0.0353882
0.0351497
0.0349053
0.0346516
0.0343862
0.034107
0.0338124
0.0335008
0.0331704
0.032819
0.0324439
0.032042
0.0316095
0.0311425
0.0306372
0.0300908
0.0295024
0.0288739
0.0282116
0.0275273
0.0268383
0.0261678
0.0255434
0.0249947
0.0245508
0.0242373
0.0240743
0.0240748
0.0242446
0.0245827
0.0250818
0.0257305
0.0265136
0.0274143
0.028415
0.0294982
0.0306474
0.0318478
0.0330864
0.0343519
0.0356351
0.0369284
0.0382256
0.0395218
0.040813
0.042096
0.0433681
0.0446273
0.0458717
0.0471
0.0483109
0.0495037
0.0506776
0.0518323
0.0529674
0.0540829
0.0551787
0.0562551
0.0573121
0.05835
0.0593691
0.0603695
0.0613517
0.0623158
0.0632623
0.0641913
0.0651033
0.0659986
0.0668776
0.0677405
0.0685878
0.0694199
0.0702371
0.0710397
0.0718282
0.0726029
0.0733641
0.0741121
0.0748471
0.0755695
0.0762794
0.0769768
0.077662
0.0783352
0.0789965
0.0796461
0.0802838
0.0809099
0.0815242
0.0821268
0.0827175
0.0832963
0.0838631
0.0844177
0.0849599
0.0854897
0.0860068
0.086511
0.0870021
0.0874799
0.0879443
0.088395
0.0888319
0.0892548
0.0896636
0.0900581
0.0904384
0.0908043
0.091156
0.0914933
0.0918165
0.0921255
0.0924208
0.0927023
0.0929706
0.0932258
0.0934692
0.093698
0.036373
0.0361141
0.035872
0.0356439
0.0354272
0.0352191
0.0350173
0.0348192
0.0346229
0.0344266
0.0342287
0.034028
0.0338235
0.033614
0.0333987
0.0331765
0.0329461
0.0327063
0.0324551
0.0321905
0.0319101
0.031611
0.0312904
0.0309453
0.0305734
0.030173
0.0297441
0.0292888
0.0288122
0.0283227
0.0278324
0.0273568
0.0269145
0.0265254
0.0262099
0.025987
0.0258729
0.0258804
0.0260178
0.0262892
0.0266943
0.0272295
0.0278877
0.0286597
0.0295346
0.0305005
0.031545
0.032656
0.0338217
0.0350314
0.0362753
0.0375448
0.0388325
0.0401322
0.0414386
0.0427475
0.0440554
0.0453593
0.0466569
0.0479463
0.0492258
0.0504939
0.0517497
0.0529919
0.0542197
0.0554325
0.0566297
0.0578107
0.0589753
0.0601232
0.0612544
0.0623688
0.0634664
0.0645474
0.0656119
0.0666601
0.0676922
0.0687084
0.0697089
0.070694
0.0716637
0.0726184
0.0735582
0.0744833
0.0753937
0.0762897
0.0771713
0.0780385
0.0788914
0.07973
0.0805543
0.0813644
0.0821604
0.0829421
0.0837096
0.0844626
0.0852011
0.0859249
0.0866339
0.0873278
0.0880064
0.0886695
0.0893168
0.089948
0.090563
0.0911614
0.0917431
0.0923077
0.0928552
0.0933854
0.0938981
0.0943932
0.0948708
0.0953308
0.0957732
0.0961981
0.0966058
0.0969964
0.0973701
0.0977274
0.0980695
0.0983945
0.036373
0.0361144
0.0358731
0.0356473
0.035435
0.0352345
0.0350442
0.0348626
0.0346883
0.03452
0.0343566
0.0341972
0.0340406
0.0338863
0.0337335
0.0335815
0.03343
0.0332783
0.0331261
0.0329727
0.0328178
0.0326606
0.0325003
0.0323361
0.0321666
0.0319907
0.0318066
0.0316125
0.0314065
0.0311866
0.0309508
0.0306977
0.0304262
0.0301365
0.02983
0.0295099
0.0291814
0.0288519
0.0285313
0.0282311
0.0279644
0.0277452
0.0275872
0.0275034
0.0275052
0.0276018
0.0278001
0.0281041
0.0285156
0.0290335
0.029655
0.0303753
0.031188
0.0320859
0.0330606
0.0341038
0.0352066
0.0363606
0.0375574
0.0387895
0.0400496
0.0413314
0.0426294
0.0439386
0.0452549
0.0465748
0.0478952
0.0492138
0.0505285
0.0518378
0.0531401
0.0544343
0.0557194
0.0569945
0.0582588
0.0595117
0.0607524
0.0619805
0.0631954
0.0643966
0.0655839
0.0667569
0.0679154
0.0690591
0.0701878
0.0713016
0.0724002
0.0734836
0.0745517
0.0756044
0.0766415
0.0776629
0.0786685
0.0796578
0.080631
0.0815878
0.082528
0.0834515
0.084358
0.0852471
0.0861186
0.0869722
0.0878076
0.0886244
0.0894224
0.0902012
0.0909607
0.0917004
0.0924203
0.0931201
0.0937997
0.0944589
0.0950977
0.0957161
0.096314
0.0968915
0.0974488
0.0979861
0.0985035
0.0990014
0.0994812
0.0999419
0.0363729
0.0361143
0.0358731
0.0356476
0.035436
0.0352369
0.0350488
0.0348708
0.0347016
0.0345405
0.0343865
0.0342388
0.0340968
0.0339597
0.0338271
0.0336984
0.0335731
0.0334509
0.0333314
0.0332143
0.0330994
0.0329864
0.0328751
0.0327653
0.032657
0.0325498
0.0324436
0.0323381
0.032233
0.032128
0.0320224
0.0319158
0.0318073
0.0316962
0.0315812
0.0314614
0.0313354
0.0312021
0.03106
0.0309083
0.0307461
0.0305731
0.0303898
0.0301976
0.0299988
0.0297973
0.0295981
0.0294077
0.0292338
0.029085
0.0289706
0.0289003
0.0288832
0.0289281
0.0290428
0.0292335
0.0295054
0.0298617
0.0303044
0.0308336
0.0314484
0.0321464
0.0329241
0.0337773
0.0347009
0.0356892
0.0367364
0.0378363
0.0389826
0.0401693
0.0413904
0.0426403
0.0439137
0.0452058
0.0465122
0.047829
0.0491528
0.0504805
0.0518096
0.0531379
0.0544636
0.055785
0.0571008
0.05841
0.0597116
0.0610047
0.0622887
0.0635628
0.0648264
0.0660788
0.0673196
0.068548
0.0697634
0.0709653
0.0721528
0.0733253
0.0744819
0.0756221
0.0767456
0.0778518
0.0789404
0.080011
0.0810631
0.0820964
0.0831105
0.0841051
0.0850799
0.0860346
0.086969
0.0878829
0.0887761
0.0896484
0.0904997
0.0913298
0.0921388
0.0929266
0.0936932
0.0944385
0.0951628
0.0958661
0.0965496
0.0972127
0.0363728
0.0361141
0.035873
0.0356475
0.0354359
0.0352369
0.0350492
0.0348717
0.0347034
0.0345435
0.0343913
0.0342461
0.0341073
0.0339743
0.0338467
0.0337239
0.0336057
0.0334917
0.0333814
0.0332747
0.0331712
0.0330707
0.032973
0.032878
0.0327854
0.0326952
0.0326072
0.0325214
0.0324377
0.032356
0.0322764
0.0321988
0.0321231
0.0320494
0.0319776
0.0319077
0.0318395
0.031773
0.031708
0.0316444
0.0315817
0.0315198
0.0314581
0.0313961
0.0313333
0.031269
0.0312025
0.0311331
0.0310599
0.0309824
0.0309001
0.0308127
0.0307204
0.0306236
0.0305236
0.0304222
0.0303219
0.0302262
0.0301393
0.0300662
0.0300125
0.0299845
0.0299885
0.0300312
0.0301188
0.0302573
0.0304521
0.0307079
0.0310285
0.0314167
0.0318745
0.0324029
0.0330019
0.0336708
0.0344081
0.0352115
0.0360782
0.0370049
0.0379878
0.0390228
0.0401058
0.0412322
0.0423976
0.0435976
0.0448277
0.0460838
0.0473619
0.0486582
0.0499691
0.0512914
0.0526223
0.0539589
0.055299
0.0566405
0.0579814
0.0593204
0.0606558
0.0619864
0.0633108
0.0646278
0.0659367
0.0672368
0.0685275
0.0698081
0.0710781
0.0723367
0.0735835
0.0748177
0.0760387
0.0772458
0.0784382
0.0796154
0.0807766
0.0819209
0.0830478
0.0841564
0.0852461
0.0863163
0.0873663
0.0883956
0.0894043
0.0903901
0.0363728
0.0361141
0.0358729
0.0356474
0.0354358
0.0352368
0.0350491
0.0348716
0.0347034
0.0345437
0.0343917
0.0342468
0.0341085
0.0339761
0.0338494
0.0337277
0.0336109
0.0334984
0.0333901
0.0332856
0.0331847
0.0330872
0.0329928
0.0329013
0.0328125
0.0327264
0.0326427
0.0325613
0.0324821
0.0324051
0.0323301
0.032257
0.0321859
0.0321167
0.0320493
0.0319837
0.03192
0.0318582
0.0317983
0.0317403
0.0316844
0.0316305
0.0315788
0.0315294
0.0314822
0.0314375
0.0313953
0.0313557
0.0313187
0.0312844
0.0312528
0.0312239
0.0311978
0.0311742
0.0311532
0.0311346
0.0311181
0.0311036
0.0310909
0.0310797
0.0310697
0.0310607
0.0310527
0.0310456
0.0310396
0.0310351
0.0310328
0.0310339
0.0310398
0.0310524
0.0310743
0.0311084
0.0311581
0.0312275
0.0313208
0.0314426
0.0315977
0.0317908
0.0320268
0.0323102
0.0326453
0.0330358
0.0334852
0.0339963
0.0345713
0.0352119
0.0359192
0.0366936
0.037535
0.0384427
0.0394155
0.0404518
0.0415495
0.042706
0.0439186
0.045184
0.0464989
0.0478597
0.0492625
0.0507033
0.0521782
0.0536829
0.0552135
0.0567657
0.0583354
0.0599188
0.0615119
0.0631109
0.0647123
0.0663125
0.0679082
0.0694962
0.0710737
0.0726378
0.0741859
0.0757157
0.077225
0.0787118
0.0801741
0.0816105
0.0830197
0.0843968
0.0363728
0.0361141
0.0358729
0.0356474
0.0354358
0.0352368
0.0350491
0.0348716
0.0347034
0.0345437
0.0343917
0.0342468
0.0341085
0.0339761
0.0338494
0.0337277
0.0336109
0.0334984
0.0333901
0.0332856
0.0331847
0.0330872
0.0329927
0.0329012
0.0328125
0.0327264
0.0326427
0.0325613
0.0324821
0.0324051
0.0323301
0.032257
0.0321859
0.0321166
0.0320492
0.0319837
0.03192
0.0318582
0.0317982
0.0317403
0.0316843
0.0316305
0.0315788
0.0315293
0.0314821
0.0314374
0.0313952
0.0313555
0.0313185
0.0312841
0.0312525
0.0312236
0.0311973
0.0311737
0.0311526
0.0311338
0.0311172
0.0311026
0.0310897
0.0310783
0.0310681
0.0310589
0.0310507
0.0310433
0.0310371
0.0310323
0.0310298
0.0310306
0.0310362
0.0310485
0.0310702
0.031104
0.0311536
0.0312228
0.031316
0.0314377
0.0315927
0.0317858
0.0320218
0.0323052
0.0326403
0.0330309
0.0334804
0.0339916
0.0345667
0.0352074
0.0359148
0.0366894
0.0375309
0.0384388
0.0394118
0.0404484
0.0415464
0.0427033
0.0439163
0.0451822
0.0464977
0.0478591
0.0492626
0.0507041
0.0521797
0.0536852
0.0552163
0.056769
0.0583392
0.0599228
0.0615158
0.0631145
0.0647152
0.0663143
0.0679084
0.0694945
0.0710695
0.0726306
0.0741751
0.0757008
0.0772054
0.0786868
0.0801434
0.0815734
0.0829757
0.0843455
0.0363728
0.0361141
0.035873
0.0356475
0.0354359
0.0352369
0.0350492
0.0348717
0.0347034
0.0345435
0.0343913
0.0342461
0.0341073
0.0339743
0.0338466
0.0337239
0.0336057
0.0334916
0.0333814
0.0332746
0.0331711
0.0330706
0.0329729
0.0328778
0.0327853
0.032695
0.032607
0.0325212
0.0324375
0.0323558
0.0322761
0.0321985
0.0321228
0.032049
0.0319772
0.0319072
0.031839
0.0317724
0.0317073
0.0316436
0.0315808
0.0315187
0.0314568
0.0313947
0.0313317
0.0312671
0.0312003
0.0311305
0.0310569
0.030979
0.0308963
0.0308084
0.0307156
0.0306184
0.030518
0.0304161
0.0303155
0.0302196
0.0301326
0.0300595
0.0300061
0.0299785
0.0299831
0.0300266
0.0301151
0.0302548
0.0304509
0.0307081
0.0310303
0.0314201
0.0318796
0.0324097
0.0330104
0.0336811
0.03442
0.035225
0.0360933
0.0370214
0.0380057
0.0390421
0.0401263
0.0412538
0.0424203
0.0436212
0.0448523
0.0461093
0.0473883
0.0486854
0.0499972
0.0513205
0.0526522
0.0539898
0.0553309
0.0566735
0.0580155
0.0593556
0.0606921
0.0620237
0.0633489
0.0646666
0.065976
0.0672763
0.0685668
0.0698468
0.0711157
0.0723727
0.073617
0.0748481
0.0760651
0.0772674
0.078454
0.0796243
0.0807775
0.0819128
0.0830295
0.0841269
0.0852042
0.086261
0.0872965
0.0883104
0.089303
0.0902719
0.0363729
0.0361143
0.0358731
0.0356476
0.035436
0.0352369
0.0350488
0.0348708
0.0347016
0.0345405
0.0343864
0.0342387
0.0340967
0.0339596
0.033827
0.0336982
0.0335729
0.0334506
0.0333311
0.0332139
0.0330989
0.0329858
0.0328744
0.0327646
0.0326561
0.0325488
0.0324424
0.0323368
0.0322315
0.0321263
0.0320205
0.0319136
0.0318048
0.0316932
0.0315779
0.0314575
0.031331
0.031197
0.0310543
0.0309018
0.0307387
0.0305649
0.0303808
0.0301877
0.0299883
0.0297862
0.0295867
0.0293961
0.0292224
0.0290741
0.0289607
0.0288915
0.0288761
0.028923
0.02904
0.0292333
0.0295079
0.0298671
0.0303127
0.030845
0.0314628
0.0321638
0.0329444
0.0338003
0.0347264
0.0357172
0.0367666
0.0378684
0.0390165
0.0402048
0.0414273
0.0426783
0.0439527
0.0452456
0.0465527
0.04787
0.0491941
0.0505221
0.0518513
0.0531797
0.0545053
0.0558267
0.0571426
0.0584518
0.0597534
0.0610466
0.0623308
0.0636051
0.0648691
0.0661221
0.0673634
0.0685925
0.0698086
0.0710113
0.0721996
0.0733728
0.0745299
0.0756706
0.0767942
0.0779004
0.0789885
0.080058
0.0811085
0.0821396
0.0831507
0.0841414
0.0851114
0.0860603
0.0869879
0.0878938
0.0887777
0.0896396
0.0904793
0.0912967
0.0920916
0.0928642
0.0936145
0.0943425
0.0950485
0.0957329
0.0963967
0.0970396
0.036373
0.0361144
0.0358731
0.0356473
0.035435
0.0352345
0.0350441
0.0348625
0.0346881
0.0345198
0.0343564
0.0341968
0.0340401
0.0338856
0.0337326
0.0335805
0.0334287
0.0332768
0.0331243
0.0329707
0.0328154
0.0326578
0.0324971
0.0323323
0.0321623
0.0319857
0.0318008
0.0316059
0.0313989
0.0311779
0.030941
0.0306865
0.0304137
0.0301226
0.0298147
0.0294934
0.0291639
0.0288337
0.0285128
0.0282129
0.0279471
0.0277293
0.0275734
0.0274922
0.0274972
0.0275974
0.0277996
0.0281078
0.0285235
0.0290457
0.0296714
0.0303957
0.0312123
0.0321137
0.0330917
0.0341378
0.0352432
0.0363994
0.0375982
0.0388318
0.0400932
0.0413761
0.0426749
0.0439847
0.0453014
0.0466214
0.0479419
0.0492604
0.0505749
0.0518838
0.0531857
0.0544795
0.055764
0.0570385
0.0583021
0.0595543
0.0607943
0.0620216
0.0632357
0.0644363
0.0656229
0.0667953
0.0679532
0.0690965
0.0702249
0.0713385
0.072437
0.0735205
0.0745888
0.0756419
0.0766794
0.0777013
0.0787074
0.0796972
0.0806707
0.0816278
0.0825681
0.0834912
0.084397
0.0852849
0.0861547
0.0870059
0.0878381
0.0886508
0.0894438
0.0902167
0.090969
0.0917006
0.092411
0.0931001
0.0937678
0.0944139
0.0950383
0.0956411
0.0962224
0.0967822
0.0973209
0.0978388
0.0983361
0.0988135
0.0992724
0.0997123
0.036373
0.0361141
0.035872
0.0356439
0.0354271
0.035219
0.0350169
0.0348187
0.0346222
0.0344255
0.0342273
0.0340263
0.0338212
0.0336112
0.0333953
0.0331724
0.0329413
0.0327006
0.0324484
0.0321827
0.0319009
0.0316004
0.0312782
0.0309313
0.0305574
0.0301549
0.0297239
0.0292666
0.0287882
0.0282972
0.027806
0.0273302
0.0268885
0.026501
0.026188
0.0259685
0.0258587
0.025871
0.0260136
0.0262905
0.0267012
0.0272418
0.0279053
0.0286822
0.0295617
0.0305316
0.0315796
0.0326936
0.0338618
0.0350735
0.036319
0.0375897
0.0388783
0.0401786
0.0414853
0.0427943
0.044102
0.0454057
0.0467029
0.0479918
0.0492706
0.0505381
0.051793
0.0530344
0.0542613
0.0554731
0.0566692
0.0578491
0.0590125
0.0601593
0.0612892
0.0624024
0.0634987
0.0645785
0.0656417
0.0666887
0.0677195
0.0687346
0.069734
0.070718
0.0716869
0.0726408
0.0735799
0.0745044
0.0754146
0.0763104
0.0771919
0.0780593
0.0789124
0.0797513
0.080576
0.0813865
0.0821829
0.0829648
0.0837323
0.0844851
0.0852231
0.0859459
0.0866533
0.0873449
0.0880206
0.0886799
0.0893224
0.089948
0.0905562
0.0911467
0.0917192
0.0922736
0.0928095
0.0933269
0.0938256
0.0943055
0.0947667
0.0952093
0.0956333
0.0960391
0.0964269
0.0967971
0.0971502
0.0974867
0.097808
0.0981128
0.0363726
0.0361118
0.0358641
0.0356245
0.0353876
0.0351488
0.0349038
0.0346496
0.0343834
0.0341033
0.0338076
0.0334948
0.033163
0.03281
0.0324332
0.0320293
0.0315946
0.0311251
0.0306171
0.0300679
0.0294764
0.0288449
0.02818
0.0274934
0.026803
0.0261322
0.0255088
0.0249624
0.0245221
0.0242135
0.0240563
0.0240634
0.0242401
0.0245851
0.0250911
0.0257461
0.026535
0.0274408
0.0284459
0.0295327
0.0306849
0.0318877
0.033128
0.0343948
0.0356787
0.0369724
0.0382698
0.0395658
0.0408566
0.042139
0.0434105
0.0446688
0.0459122
0.0471394
0.0483492
0.0495407
0.0507133
0.0518666
0.0530003
0.0541144
0.0552089
0.0562838
0.0573393
0.0583757
0.0593933
0.0603922
0.0613729
0.0623355
0.0632804
0.0642079
0.0651184
0.0660122
0.0668896
0.0677511
0.0685969
0.0694276
0.0702434
0.0710448
0.0718321
0.0726058
0.0733661
0.0741134
0.0748479
0.0755699
0.0762796
0.076977
0.0776623
0.0783358
0.0789974
0.0796474
0.0802856
0.080912
0.0815266
0.0821291
0.0827196
0.0832977
0.0838633
0.0844161
0.084956
0.0854826
0.0859956
0.0864948
0.0869799
0.0874506
0.0879067
0.0883479
0.0887741
0.0891851
0.0895807
0.0899609
0.0903257
0.0906751
0.0910092
0.0913281
0.0916321
0.0919214
0.0921965
0.0924577
0.0927056
0.0929408
0.0931645
0.0933745
0.0363701
0.0360996
0.0358282
0.0355449
0.0352404
0.0349082
0.0345439
0.0341448
0.0337091
0.033235
0.0327199
0.0321608
0.0315533
0.0308931
0.0301759
0.0293997
0.0285656
0.0276812
0.0267614
0.0258308
0.0249231
0.0240788
0.0233415
0.022752
0.0223444
0.0221414
0.0221539
0.0223807
0.0228111
0.0234265
0.024204
0.0251181
0.0261434
0.0272557
0.0284336
0.0296585
0.0309149
0.0321905
0.0334753
0.0347616
0.0360433
0.0373156
0.0385748
0.0398178
0.0410425
0.0422471
0.0434302
0.044591
0.045729
0.0468439
0.0479356
0.0490043
0.05005
0.0510732
0.0520741
0.0530532
0.0540108
0.0549474
0.0558635
0.0567595
0.0576359
0.0584932
0.059332
0.0601527
0.0609559
0.061742
0.0625115
0.063265
0.0640028
0.0647255
0.0654334
0.066127
0.0668068
0.067473
0.0681262
0.0687668
0.0693951
0.0700116
0.0706165
0.0712103
0.0717933
0.0723657
0.0729278
0.0734797
0.0740217
0.0745541
0.075077
0.0755904
0.0760943
0.0765889
0.077074
0.0775496
0.0780155
0.0784717
0.0789179
0.079354
0.0797797
0.0801949
0.0805992
0.0809925
0.0813745
0.081745
0.0821038
0.0824506
0.0827853
0.0831078
0.0834179
0.0837155
0.0840007
0.0842735
0.0845338
0.0847819
0.085018
0.0852422
0.0854549
0.0856565
0.0858473
0.0860278
0.0861986
0.0863603
0.0865142
0.0866571
0.0363589
0.0360506
0.0357003
0.0352898
0.03481
0.0342577
0.0336332
0.032937
0.0321685
0.0313253
0.0304043
0.0294031
0.028323
0.0271727
0.0259725
0.0247565
0.0235737
0.0224835
0.0215488
0.0208257
0.0203552
0.0201589
0.0202379
0.0205765
0.0211468
0.0219138
0.0228401
0.0238895
0.0250295
0.0262325
0.0274761
0.0287427
0.0300187
0.031294
0.0325607
0.0338131
0.0350467
0.0362583
0.0374456
0.0386071
0.0397418
0.0408492
0.0419292
0.0429819
0.0440076
0.0450067
0.0459798
0.0469273
0.04785
0.0487485
0.0496235
0.0504757
0.0513058
0.0521145
0.0529027
0.0536709
0.0544198
0.0551501
0.0558624
0.0565573
0.0572354
0.0578972
0.0585434
0.0591744
0.0597907
0.0603929
0.0609814
0.0615567
0.0621192
0.0626694
0.0632077
0.0637345
0.0642502
0.0647552
0.0652499
0.0657347
0.0662098
0.0666757
0.0671326
0.0675809
0.0680207
0.0684522
0.0688758
0.0692917
0.0697001
0.070101
0.0704945
0.0708806
0.0712594
0.0716307
0.0719945
0.0723508
0.0726992
0.0730397
0.0733721
0.0736962
0.0740118
0.0743186
0.0746165
0.0749052
0.0751845
0.0754543
0.0757144
0.0759647
0.076205
0.0764353
0.0766556
0.0768659
0.0770663
0.0772568
0.0774376
0.077609
0.0777711
0.0779243
0.078069
0.0782056
0.0783346
0.0784565
0.0785718
0.0786812
0.0787858
0.0788821
0.0363178
0.0358937
0.0353361
0.0346341
0.0337946
0.0328293
0.0317475
0.0305547
0.029254
0.0278511
0.0263611
0.0248153
0.0232671
0.0217916
0.0204772
0.0194107
0.0186592
0.0182589
0.0182122
0.0184936
0.0190584
0.0198531
0.0208233
0.0219197
0.0231008
0.0243337
0.0255936
0.0268621
0.0281259
0.0293754
0.0306037
0.0318062
0.0329796
0.034122
0.0352323
0.0363102
0.0373556
0.038369
0.0393509
0.0403021
0.0412234
0.0421158
0.0429803
0.0438178
0.0446295
0.0454162
0.046179
0.0469188
0.0476365
0.0483331
0.0490093
0.0496661
0.0503041
0.0509242
0.051527
0.0521133
0.0526838
0.053239
0.0537796
0.0543062
0.0548192
0.0553191
0.0558066
0.056282
0.0567457
0.0571983
0.0576401
0.0580716
0.0584931
0.058905
0.0593077
0.0597015
0.0600867
0.0604638
0.0608331
0.0611948
0.0615492
0.0618966
0.0622372
0.0625712
0.062899
0.0632208
0.0635366
0.0638467
0.064151
0.0644497
0.0647428
0.0650302
0.0653119
0.0655877
0.0658576
0.0661214
0.066379
0.0666301
0.0668746
0.0671123
0.0673429
0.0675663
0.0677822
0.0679906
0.0681912
0.0683839
0.0685686
0.0687452
0.0689138
0.0690743
0.0692267
0.0693712
0.069508
0.0696371
0.0697588
0.0698734
0.0699812
0.0700826
0.070178
0.0702679
0.0703527
0.0704331
0.0705096
0.0705827
0.0706536
0.0707185
0.036194
0.0354812
0.034487
0.0332498
0.0318164
0.0302214
0.0284873
0.0266356
0.0247008
0.0227445
0.0208618
0.0191743
0.0178058
0.0168513
0.0163543
0.0163042
0.0166487
0.0173125
0.0182152
0.0192834
0.0204565
0.0216886
0.0229467
0.0242075
0.0254552
0.0266792
0.0278725
0.0290308
0.0301517
0.0312342
0.0322781
0.0332838
0.0342521
0.0351841
0.0360811
0.0369445
0.0377756
0.0385759
0.0393469
0.0400898
0.0408059
0.0414967
0.0421632
0.0428067
0.0434282
0.0440288
0.0446096
0.0451714
0.0457152
0.0462418
0.046752
0.0472465
0.0477261
0.0481914
0.0486432
0.0490818
0.0495081
0.0499224
0.0503253
0.0507173
0.0510988
0.0514703
0.0518321
0.0521847
0.0525283
0.0528634
0.0531903
0.0535094
0.0538208
0.054125
0.0544223
0.054713
0.0549972
0.0552754
0.0555478
0.0558146
0.0560761
0.0563323
0.0565837
0.0568303
0.0570725
0.0573102
0.0575436
0.0577727
0.0579976
0.0582183
0.0584347
0.0586468
0.0588544
0.0590575
0.0592559
0.0594493
0.0596378
0.0598209
0.0599986
0.0601706
0.0603368
0.060497
0.0606509
0.0607986
0.0609399
0.0610746
0.0612028
0.0613244
0.0614395
0.0615482
0.0616505
0.0617466
0.0618368
0.0619211
0.062
0.0620738
0.0621428
0.0622075
0.0622682
0.0623255
0.0623799
0.0624319
0.062482
0.0625309
0.0625795
0.0626242
0.0358805
0.034577
0.0328355
0.0308006
0.0285705
0.0262063
0.0237664
0.0213399
0.0190641
0.0171105
0.0156395
0.0147471
0.0144401
0.0146497
0.0152661
0.0161715
0.0172625
0.0184591
0.0197048
0.0209616
0.0222052
0.0234202
0.0245972
0.0257313
0.0268199
0.0278625
0.0288596
0.0298122
0.0307222
0.0315912
0.0324213
0.0332144
0.0339727
0.034698
0.0353921
0.0360569
0.036694
0.037305
0.0378913
0.0384545
0.0389957
0.0395163
0.0400173
0.0404998
0.0409648
0.0414133
0.0418461
0.042264
0.0426679
0.0430584
0.0434361
0.0438019
0.0441561
0.0444994
0.0448323
0.0451553
0.0454688
0.0457733
0.0460691
0.0463567
0.0466365
0.0469086
0.0471736
0.0474316
0.0476829
0.0479279
0.0481668
0.0483999
0.0486273
0.0488495
0.0490665
0.0492787
0.0494863
0.0496895
0.0498884
0.0500833
0.0502744
0.0504619
0.0506459
0.0508266
0.0510041
0.0511785
0.0513497
0.0515179
0.0516829
0.0518449
0.0520036
0.0521589
0.0523108
0.0524591
0.0526037
0.0527442
0.0528807
0.0530128
0.0531403
0.0532632
0.0533811
0.0534941
0.0536019
0.0537045
0.0538018
0.0538937
0.0539803
0.0540616
0.0541377
0.0542087
0.0542748
0.0543362
0.0543931
0.0544458
0.0544946
0.0545398
0.054582
0.0546214
0.0546585
0.0546939
0.054728
0.0547613
0.0547944
0.0548277
0.0548623
0.0548944
0.0352026
0.0328963
0.0301085
0.0271089
0.0240365
0.0210044
0.0181744
0.0157675
0.0140001
0.0129902
0.0127151
0.0130442
0.0138053
0.0148377
0.0160172
0.0172597
0.018512
0.0197425
0.020933
0.0220741
0.0231613
0.0241936
0.0251718
0.0260977
0.0269738
0.0278028
0.0285877
0.0293312
0.0300361
0.0307048
0.03134
0.0319438
0.0325184
0.0330658
0.0335877
0.0340858
0.0345617
0.0350168
0.0354525
0.0358699
0.0362701
0.0366543
0.0370234
0.0373782
0.0377197
0.0380485
0.0383653
0.0386709
0.0389659
0.0392508
0.0395261
0.0397924
0.0400501
0.0402997
0.0405415
0.040776
0.0410034
0.0412242
0.0414386
0.0416469
0.0418495
0.0420465
0.0422382
0.0424248
0.0426065
0.0427836
0.0429563
0.0431247
0.0432891
0.0434496
0.0436066
0.04376
0.0439102
0.0440572
0.0442013
0.0443426
0.0444813
0.0446175
0.0447513
0.0448828
0.0450121
0.0451393
0.0452642
0.0453869
0.0455073
0.0456254
0.0457411
0.0458542
0.0459645
0.046072
0.0461765
0.0462776
0.0463754
0.0464695
0.0465599
0.0466464
0.0467287
0.0468069
0.0468808
0.0469504
0.0470157
0.0470766
0.0471331
0.0471855
0.0472338
0.0472781
0.0473187
0.0473558
0.0473896
0.0474205
0.0474487
0.0474748
0.047499
0.0475217
0.0475435
0.0475647
0.0475858
0.0476074
0.0476299
0.0476537
0.0476797
0.0477045
0.0339322
0.0302091
0.0262302
0.0223236
0.0186661
0.0154863
0.0130691
0.0116143
0.0111152
0.0113844
0.0121697
0.0132476
0.0144605
0.0157111
0.0169448
0.0181328
0.0192614
0.0203251
0.0213235
0.0222585
0.0231335
0.0239523
0.0247188
0.0254372
0.0261111
0.0267442
0.0273397
0.0279006
0.0284297
0.0289295
0.0294023
0.0298501
0.0302748
0.0306782
0.0310617
0.0314269
0.031775
0.0321072
0.0324245
0.032728
0.0330186
0.0332971
0.0335643
0.0338208
0.0340673
0.0343045
0.0345328
0.0347529
0.034965
0.0351698
0.0353676
0.0355588
0.0357437
0.0359227
0.036096
0.0362641
0.036427
0.0365851
0.0367386
0.0368878
0.0370327
0.0371737
0.0373108
0.0374443
0.0375743
0.037701
0.0378245
0.0379451
0.0380627
0.0381777
0.0382901
0.0384001
0.0385079
0.0386135
0.0387171
0.0388188
0.0389188
0.0390172
0.0391139
0.0392091
0.0393029
0.0393951
0.0394857
0.0395749
0.0396623
0.039748
0.0398318
0.0399136
0.0399933
0.0400706
0.0401454
0.0402175
0.0402868
0.040353
0.0404161
0.0404759
0.0405324
0.0405853
0.0406347
0.0406806
0.0407229
0.0407617
0.0407971
0.0408291
0.040858
0.0408839
0.0409071
0.0409277
0.0409461
0.0409625
0.0409773
0.0409909
0.0410036
0.0410159
0.0410281
0.0410406
0.0410539
0.0410685
0.0410847
0.0411029
0.0411239
0.0411446
0.0318454
0.0264681
0.0214346
0.0170017
0.0134119
0.0109706
0.00980315
0.00972374
0.0103762
0.0114249
0.012639
0.0138867
0.0151011
0.0162514
0.0173258
0.0183222
0.0192431
0.0200934
0.0208785
0.0216042
0.0222759
0.0228987
0.0234773
0.0240158
0.0245181
0.0249874
0.0254269
0.0258391
0.0262264
0.0265911
0.026935
0.0272598
0.0275671
0.0278582
0.0281345
0.028397
0.0286468
0.0288848
0.0291119
0.0293287
0.0295361
0.0297346
0.0299248
0.0301073
0.0302826
0.030451
0.0306131
0.0307692
0.0309196
0.0310647
0.0312049
0.0313403
0.0314712
0.0315979
0.0317206
0.0318395
0.0319548
0.0320667
0.0321753
0.0322808
0.0323834
0.0324832
0.0325802
0.0326747
0.0327668
0.0328565
0.032944
0.0330295
0.0331129
0.0331945
0.0332744
0.0333526
0.0334293
0.0335046
0.0335787
0.0336515
0.0337232
0.0337938
0.0338634
0.033932
0.0339996
0.0340662
0.0341318
0.0341962
0.0342594
0.0343213
0.0343817
0.0344405
0.0344976
0.0345527
0.0346058
0.0346566
0.0347051
0.0347511
0.0347944
0.034835
0.0348728
0.0349077
0.0349397
0.0349688
0.034995
0.0350185
0.0350393
0.0350575
0.0350733
0.035087
0.0350986
0.0351085
0.035117
0.0351243
0.0351307
0.0351367
0.0351425
0.0351485
0.0351551
0.0351627
0.0351715
0.0351821
0.0351948
0.0352099
0.035228
0.0352465
0.0288132
0.0218907
0.0162707
0.0120265
0.00938884
0.00836569
0.00855793
0.00943949
0.0106139
0.0118583
0.0130675
0.0141984
0.0152377
0.0161851
0.0170462
0.0178285
0.0185401
0.0191886
0.0197811
0.0203238
0.0208224
0.0212816
0.0217057
0.0220985
0.0224631
0.0228024
0.0231189
0.0234149
0.0236922
0.0239525
0.0241974
0.0244282
0.0246461
0.0248522
0.0250474
0.0252327
0.0254087
0.0255761
0.0257357
0.025888
0.0260335
0.0261726
0.0263059
0.0264336
0.0265563
0.0266741
0.0267874
0.0268965
0.0270016
0.027103
0.0272009
0.0272955
0.0273869
0.0274754
0.0275612
0.0276443
0.0277249
0.0278031
0.027879
0.0279529
0.0280246
0.0280944
0.0281624
0.0282286
0.0282931
0.028356
0.0284174
0.0284774
0.0285361
0.0285935
0.0286498
0.028705
0.0287592
0.0288126
0.0288651
0.0289169
0.0289681
0.0290185
0.0290684
0.0291176
0.0291662
0.0292141
0.0292613
0.0293077
0.0293532
0.0293976
0.0294409
0.0294829
0.0295235
0.0295625
0.0295997
0.0296352
0.0296686
0.0297
0.0297291
0.029756
0.0297806
0.0298028
0.0298227
0.0298403
0.0298556
0.0298687
0.0298798
0.0298889
0.0298962
0.029902
0.0299064
0.0299098
0.0299122
0.0299141
0.0299157
0.0299173
0.0299193
0.0299219
0.0299256
0.0299305
0.0299371
0.0299456
0.0299564
0.0299697
0.0299861
0.0300032
0.0248902
0.0169415
0.0114817
0.00828227
0.00716077
0.00746284
0.00845808
0.0096779
0.0109008
0.0120413
0.0130741
0.0139984
0.0148224
0.015557
0.0162134
0.0168016
0.0173307
0.0178084
0.0182413
0.0186352
0.0189948
0.0193243
0.0196272
0.0199065
0.0201648
0.0204044
0.0206273
0.020835
0.0210292
0.0212111
0.0213819
0.0215425
0.021694
0.021837
0.0219722
0.0221004
0.0222221
0.0223378
0.0224479
0.022553
0.0226532
0.0227491
0.0228408
0.0229288
0.0230132
0.0230943
0.0231722
0.0232473
0.0233196
0.0233894
0.0234568
0.0235219
0.0235849
0.0236459
0.023705
0.0237623
0.0238179
0.0238719
0.0239243
0.0239753
0.024025
0.0240733
0.0241203
0.0241662
0.0242109
0.0242546
0.0242972
0.0243389
0.0243798
0.0244199
0.0244592
0.0244978
0.0245359
0.0245735
0.0246105
0.0246472
0.0246835
0.0247194
0.0247549
0.0247901
0.0248249
0.0248592
0.0248931
0.0249263
0.0249588
0.0249906
0.0250214
0.0250512
0.0250798
0.0251071
0.0251329
0.0251573
0.02518
0.025201
0.0252201
0.0252375
0.0252529
0.0252664
0.0252781
0.0252879
0.025296
0.0253023
0.0253072
0.0253106
0.0253127
0.0253138
0.025314
0.0253136
0.0253127
0.0253117
0.0253108
0.0253103
0.0253104
0.0253115
0.0253137
0.0253175
0.025323
0.0253305
0.0253403
0.0253526
0.0253677
0.0253838
0.0203501
0.0122174
0.00776295
0.00615095
0.00637583
0.00739972
0.00862442
0.0098073
0.0108731
0.0118098
0.0126265
0.0133382
0.0139602
0.0145062
0.0149878
0.015415
0.0157959
0.0161371
0.0164444
0.0167223
0.0169748
0.0172051
0.017416
0.0176097
0.0177883
0.0179534
0.0181067
0.0182492
0.0183821
0.0185063
0.0186228
0.0187322
0.0188351
0.0189322
0.019024
0.0191109
0.0191933
0.0192716
0.0193461
0.0194171
0.0194849
0.0195497
0.0196117
0.0196711
0.0197281
0.0197829
0.0198356
0.0198864
0.0199353
0.0199826
0.0200282
0.0200723
0.020115
0.0201564
0.0201966
0.0202355
0.0202733
0.0203101
0.0203458
0.0203806
0.0204145
0.0204475
0.0204796
0.020511
0.0205417
0.0205716
0.0206009
0.0206297
0.0206578
0.0206855
0.0207128
0.0207396
0.0207662
0.0207924
0.0208184
0.0208442
0.0208698
0.0208952
0.0209205
0.0209455
0.0209703
0.0209948
0.0210189
0.0210426
0.0210657
0.0210883
0.02111
0.021131
0.0211509
0.0211698
0.0211876
0.021204
0.0212191
0.0212328
0.0212451
0.0212558
0.0212651
0.0212728
0.021279
0.0212839
0.0212873
0.0212896
0.0212906
0.0212907
0.0212899
0.0212884
0.0212864
0.0212841
0.0212817
0.0212795
0.0212776
0.0212762
0.0212757
0.0212763
0.0212781
0.0212814
0.0212865
0.0212935
0.0213027
0.0213141
0.0213283
0.0213433
0.015637
0.00827904
0.00544824
0.00530522
0.00627267
0.00748408
0.00862803
0.00962674
0.010478
0.0111998
0.0118133
0.0123378
0.0127892
0.0131806
0.0135223
0.0138226
0.0140884
0.0143251
0.0145369
0.0147275
0.0148998
0.0150564
0.0151992
0.01533
0.0154503
0.0155612
0.0156638
0.0157591
0.0158477
0.0159305
0.0160079
0.0160806
0.0161489
0.0162132
0.016274
0.0163315
0.016386
0.0164378
0.016487
0.0165339
0.0165787
0.0166215
0.0166625
0.0167018
0.0167396
0.0167758
0.0168107
0.0168444
0.0168768
0.0169082
0.0169385
0.0169679
0.0169963
0.0170239
0.0170507
0.0170767
0.017102
0.0171267
0.0171506
0.017174
0.0171968
0.017219
0.0172407
0.0172619
0.0172826
0.0173029
0.0173228
0.0173424
0.0173616
0.0173806
0.0173993
0.0174178
0.0174361
0.0174543
0.0174724
0.0174905
0.0175084
0.0175263
0.0175442
0.0175619
0.0175795
0.0175968
0.0176139
0.0176307
0.0176471
0.0176629
0.0176782
0.0176927
0.0177065
0.0177194
0.0177314
0.0177423
0.0177522
0.0177609
0.0177684
0.0177747
0.0177799
0.0177839
0.0177867
0.0177884
0.0177892
0.017789
0.017788
0.0177864
0.0177841
0.0177815
0.0177786
0.0177757
0.0177728
0.0177703
0.0177683
0.0177669
0.0177664
0.017767
0.0177688
0.0177721
0.017777
0.0177837
0.0177923
0.017803
0.0178161
0.01783
0.0112476
0.00547539
0.00434611
0.00510513
0.00628867
0.00740674
0.00835449
0.00913579
0.00977769
0.0103079
0.0107497
0.0111214
0.0114371
0.011708
0.0119423
0.0121466
0.0123262
0.012485
0.0126265
0.0127532
0.0128672
0.0129704
0.0130642
0.0131498
0.0132283
0.0133005
0.0133672
0.013429
0.0134863
0.0135398
0.0135898
0.0136366
0.0136806
0.013722
0.013761
0.013798
0.013833
0.0138663
0.0138979
0.0139281
0.0139569
0.0139844
0.0140108
0.0140361
0.0140604
0.0140838
0.0141064
0.0141282
0.0141492
0.0141695
0.0141892
0.0142083
0.0142269
0.0142449
0.0142624
0.0142794
0.014296
0.0143122
0.014328
0.0143434
0.0143585
0.0143732
0.0143876
0.0144017
0.0144155
0.0144291
0.0144425
0.0144556
0.0144686
0.0144814
0.0144941
0.0145067
0.0145193
0.0145318
0.0145443
0.0145569
0.0145694
0.0145819
0.0145944
0.0146069
0.0146193
0.0146315
0.0146435
0.0146553
0.0146668
0.0146778
0.0146884
0.0146984
0.0147078
0.0147165
0.0147244
0.0147315
0.0147378
0.0147431
0.0147475
0.014751
0.0147535
0.0147552
0.014756
0.014756
0.0147553
0.0147539
0.0147519
0.0147495
0.0147468
0.0147439
0.0147409
0.0147381
0.0147354
0.0147331
0.0147314
0.0147304
0.0147303
0.0147311
0.0147332
0.0147365
0.0147413
0.0147476
0.0147557
0.0147655
0.0147774
0.01479
0.00759178
0.00381868
0.0039565
0.00506317
0.00617406
0.0070938
0.00782429
0.00840242
0.00886384
0.00923667
0.00954195
0.00979516
0.0100077
0.0101882
0.010343
0.0104769
0.0105938
0.0106966
0.0107876
0.0108687
0.0109414
0.0110069
0.0110662
0.0111202
0.0111695
0.0112147
0.0112564
0.0112949
0.0113306
0.0113639
0.0113949
0.0114239
0.0114512
0.0114768
0.011501
0.0115239
0.0115456
0.0115662
0.0115858
0.0116044
0.0116223
0.0116394
0.0116558
0.0116716
0.0116868
0.0117014
0.0117155
0.0117292
0.0117424
0.0117552
0.0117676
0.0117797
0.0117915
0.0118029
0.0118141
0.011825
0.0118356
0.011846
0.0118562
0.0118661
0.0118759
0.0118854
0.0118948
0.011904
0.0119131
0.011922
0.0119308
0.0119395
0.0119481
0.0119567
0.0119652
0.0119737
0.0119822
0.0119908
0.0119994
0.012008
0.0120167
0.0120254
0.0120341
0.0120428
0.0120514
0.0120599
0.0120683
0.0120765
0.0120845
0.0120921
0.0120994
0.0121062
0.0121125
0.0121182
0.0121233
0.0121278
0.0121316
0.0121347
0.0121371
0.0121388
0.0121398
0.0121401
0.0121398
0.012139
0.0121376
0.0121357
0.0121335
0.012131
0.0121284
0.0121257
0.0121231
0.0121206
0.0121184
0.0121167
0.0121154
0.0121149
0.0121152
0.0121164
0.0121186
0.0121219
0.0121265
0.0121324
0.0121398
0.0121487
0.0121592
0.0121704
0.00488849
0.00301652
0.00383246
0.00494522
0.00586678
0.00656975
0.00710149
0.00750823
0.00782461
0.00807513
0.00827691
0.00844198
0.00857893
0.008694
0.00879177
0.00887569
0.00894838
0.00901185
0.00906771
0.0091172
0.00916131
0.00920088
0.00923655
0.00926888
0.00929831
0.00932522
0.00934994
0.00937274
0.00939383
0.00941342
0.00943168
0.00944875
0.00946476
0.00947982
0.00949403
0.00950746
0.0095202
0.00953232
0.00954386
0.00955489
0.00956544
0.00957557
0.0095853
0.00959468
0.00960372
0.00961246
0.00962092
0.00962913
0.0096371
0.00964486
0.00965241
0.00965978
0.00966698
0.00967401
0.0096809
0.00968764
0.00969425
0.00970074
0.00970711
0.00971336
0.00971952
0.00972557
0.00973153
0.0097374
0.00974321
0.00974895
0.00975464
0.00976031
0.00976594
0.00977158
0.00977722
0.00978289
0.0097886
0.00979437
0.00980019
0.00980607
0.009812
0.00981798
0.00982398
0.00982998
0.00983595
0.00984186
0.00984765
0.00985329
0.00985873
0.00986392
0.0098688
0.00987334
0.00987748
0.00988119
0.00988444
0.00988718
0.00988941
0.0098911
0.00989226
0.0098929
0.00989302
0.00989265
0.00989184
0.00989062
0.00988905
0.00988719
0.00988512
0.0098829
0.00988062
0.00987837
0.00987623
0.00987432
0.00987272
0.00987152
0.00987084
0.00987076
0.00987138
0.0098728
0.00987509
0.00987834
0.00988263
0.00988803
0.00989461
0.00990238
0.00991152
0.00992117
0.00312828
0.00268014
0.00372157
0.0046797
0.00538514
0.00589032
0.00625644
0.00652772
0.00673357
0.00689332
0.00701982
0.00712179
0.00720529
0.00727462
0.0073329
0.00738242
0.00742491
0.00746169
0.00749379
0.00752202
0.007547
0.00756926
0.00758921
0.00760718
0.00762346
0.00763829
0.00765184
0.0076643
0.0076758
0.00768645
0.00769636
0.00770562
0.00771429
0.00772244
0.00773014
0.00773743
0.00774435
0.00775094
0.00775724
0.00776327
0.00776906
0.00777463
0.00778001
0.00778521
0.00779026
0.00779515
0.00779992
0.00780457
0.0078091
0.00781354
0.00781789
0.00782216
0.00782635
0.00783047
0.00783453
0.00783852
0.00784247
0.00784635
0.00785019
0.00785399
0.00785774
0.00786145
0.00786512
0.00786877
0.00787239
0.00787599
0.00787959
0.0078832
0.00788681
0.00789045
0.00789412
0.00789783
0.00790161
0.00790544
0.00790933
0.00791329
0.00791731
0.00792136
0.00792545
0.00792954
0.00793362
0.00793764
0.00794159
0.00794541
0.00794908
0.00795255
0.0079558
0.00795877
0.00796144
0.00796379
0.00796578
0.00796739
0.00796862
0.00796945
0.00796989
0.00796995
0.00796965
0.007969
0.00796804
0.0079668
0.00796534
0.0079637
0.00796194
0.00796012
0.00795831
0.00795657
0.00795498
0.00795362
0.00795255
0.00795185
0.0079516
0.00795187
0.00795273
0.00795425
0.0079565
0.00795952
0.00796338
0.00796813
0.00797382
0.00798045
0.00798816
0.00799625
0.00211639
0.00251651
0.00352139
0.00427039
0.00477425
0.00511496
0.00535176
0.00552165
0.00564723
0.00574253
0.00581652
0.00587511
0.00592229
0.00596084
0.00599277
0.0060195
0.00604212
0.00606144
0.00607808
0.00609253
0.00610518
0.00611631
0.00612618
0.006135
0.0061429
0.00615005
0.00615653
0.00616246
0.00616789
0.00617291
0.00617756
0.0061819
0.00618596
0.00618978
0.00619339
0.00619682
0.00620008
0.00620321
0.00620621
0.0062091
0.00621189
0.0062146
0.00621724
0.00621981
0.00622233
0.0062248
0.00622722
0.00622961
0.00623196
0.00623429
0.00623659
0.00623887
0.00624114
0.00624339
0.00624562
0.00624785
0.00625006
0.00625227
0.00625446
0.00625665
0.00625883
0.00626101
0.00626318
0.00626536
0.00626754
0.00626973
0.00627194
0.00627417
0.00627643
0.00627872
0.00628106
0.00628345
0.00628589
0.0062884
0.00629096
0.00629359
0.00629626
0.00629897
0.00630171
0.00630446
0.0063072
0.0063099
0.00631254
0.00631509
0.00631753
0.00631982
0.00632193
0.00632384
0.00632553
0.00632698
0.00632816
0.00632907
0.0063297
0.00633004
0.00633011
0.00632991
0.00632945
0.00632875
0.00632785
0.00632677
0.00632555
0.00632423
0.00632285
0.00632146
0.00632012
0.00631886
0.00631776
0.00631687
0.00631623
0.00631591
0.00631597
0.00631645
0.00631741
0.00631889
0.00632095
0.00632362
0.00632695
0.00633096
0.00633569
0.00634115
0.00634743
0.00635399
0.001583
0.00236704
0.00320964
0.00374928
0.00408339
0.00429644
0.00443801
0.00453595
0.00460609
0.00465781
0.00469688
0.004727
0.00475062
0.00476942
0.00478457
0.00479691
0.00480708
0.00481552
0.00482259
0.00482856
0.00483364
0.00483799
0.00484174
0.004845
0.00484786
0.00485038
0.00485263
0.00485464
0.00485646
0.00485811
0.00485964
0.00486105
0.00486237
0.00486361
0.00486479
0.00486593
0.00486702
0.00486808
0.00486911
0.00487013
0.00487114
0.00487213
0.00487313
0.00487412
0.00487512
0.00487611
0.00487712
0.00487814
0.00487916
0.0048802
0.00488125
0.00488231
0.00488339
0.00488448
0.00488558
0.0048867
0.00488784
0.00488898
0.00489014
0.00489132
0.0048925
0.0048937
0.00489492
0.00489615
0.0048974
0.00489868
0.00489998
0.00490131
0.00490267
0.00490408
0.00490552
0.00490702
0.00490857
0.00491017
0.00491182
0.00491352
0.00491527
0.00491705
0.00491885
0.00492067
0.00492247
0.00492425
0.00492599
0.00492766
0.00492925
0.00493073
0.00493209
0.0049333
0.00493435
0.00493522
0.00493591
0.00493641
0.00493671
0.00493681
0.00493672
0.00493644
0.00493599
0.00493539
0.00493465
0.0049338
0.00493287
0.00493188
0.00493087
0.00492988
0.00492895
0.00492811
0.0049274
0.00492686
0.00492654
0.00492647
0.00492669
0.00492725
0.00492817
0.0049295
0.00493126
0.00493348
0.00493619
0.00493942
0.00494317
0.00494747
0.00495237
0.00495747
0.00129599
0.00216382
0.0027997
0.00315555
0.00335732
0.00347765
0.00355334
0.00360321
0.00363728
0.00366123
0.00367843
0.00369099
0.00370026
0.00370717
0.00371233
0.0037162
0.00371909
0.00372123
0.0037228
0.00372393
0.00372473
0.00372526
0.00372559
0.00372577
0.00372583
0.00372581
0.00372572
0.00372559
0.00372543
0.00372526
0.00372508
0.00372491
0.00372474
0.00372459
0.00372445
0.00372434
0.00372425
0.00372418
0.00372415
0.00372414
0.00372417
0.00372422
0.0037243
0.00372442
0.00372457
0.00372474
0.00372495
0.00372519
0.00372546
0.00372576
0.00372609
0.00372644
0.00372683
0.00372724
0.00372768
0.00372814
0.00372863
0.00372915
0.00372968
0.00373024
0.00373082
0.00373142
0.00373204
0.00373269
0.00373336
0.00373405
0.00373478
0.00373553
0.00373632
0.00373714
0.00373801
0.00373891
0.00373986
0.00374085
0.00374189
0.00374297
0.00374408
0.00374521
0.00374637
0.00374754
0.0037487
0.00374985
0.00375098
0.00375205
0.00375307
0.00375402
0.00375488
0.00375564
0.00375629
0.00375682
0.00375723
0.0037575
0.00375764
0.00375765
0.00375754
0.0037573
0.00375695
0.00375649
0.00375596
0.00375536
0.00375471
0.00375404
0.00375336
0.00375271
0.00375211
0.00375158
0.00375117
0.00375088
0.00375076
0.00375082
0.00375111
0.00375163
0.00375242
0.0037535
0.00375489
0.00375661
0.00375868
0.00376111
0.00376392
0.0037671
0.00377071
0.00377446
0.00110753
0.00188763
0.00231832
0.00252711
0.00263351
0.00269151
0.00272503
0.00274521
0.00275765
0.00276533
0.00276999
0.00277267
0.00277402
0.00277447
0.00277431
0.00277371
0.00277284
0.00277176
0.00277057
0.0027693
0.002768
0.00276668
0.00276538
0.0027641
0.00276285
0.00276164
0.00276048
0.00275938
0.00275832
0.00275732
0.00275637
0.00275548
0.00275464
0.00275386
0.00275313
0.00275246
0.00275183
0.00275126
0.00275073
0.00275025
0.00274982
0.00274943
0.00274908
0.00274878
0.00274852
0.0027483
0.00274811
0.00274796
0.00274785
0.00274777
0.00274773
0.00274772
0.00274774
0.00274779
0.00274787
0.00274798
0.00274811
0.00274827
0.00274845
0.00274866
0.00274889
0.00274914
0.00274942
0.00274972
0.00275004
0.00275039
0.00275076
0.00275116
0.00275158
0.00275204
0.00275253
0.00275305
0.0027536
0.00275419
0.00275482
0.00275547
0.00275615
0.00275685
0.00275757
0.0027583
0.00275903
0.00275975
0.00276045
0.00276113
0.00276178
0.00276237
0.00276292
0.0027634
0.00276381
0.00276415
0.0027644
0.00276458
0.00276467
0.00276468
0.0027646
0.00276446
0.00276424
0.00276396
0.00276363
0.00276327
0.00276287
0.00276247
0.00276207
0.00276169
0.00276135
0.00276107
0.00276086
0.00276074
0.00276073
0.00276085
0.00276111
0.00276154
0.00276215
0.00276294
0.00276395
0.00276517
0.00276662
0.0027683
0.00277024
0.00277242
0.00277487
0.00277742
0.000940091
0.00154366
0.00179618
0.00189808
0.00194231
0.00196263
0.00197202
0.00197596
0.001977
0.00197642
0.00197493
0.00197293
0.00197066
0.00196827
0.00196583
0.00196342
0.00196106
0.00195877
0.00195657
0.00195447
0.00195247
0.00195056
0.00194876
0.00194704
0.00194543
0.0019439
0.00194246
0.0019411
0.00193982
0.00193862
0.00193749
0.00193643
0.00193543
0.0019345
0.00193363
0.00193282
0.00193206
0.00193135
0.0019307
0.00193009
0.00192953
0.00192901
0.00192854
0.0019281
0.00192771
0.00192735
0.00192703
0.00192674
0.00192648
0.00192626
0.00192607
0.0019259
0.00192577
0.00192566
0.00192557
0.00192551
0.00192548
0.00192547
0.00192547
0.0019255
0.00192555
0.00192562
0.00192571
0.00192582
0.00192595
0.00192609
0.00192626
0.00192645
0.00192666
0.00192689
0.00192714
0.00192742
0.00192773
0.00192806
0.00192841
0.00192878
0.00192917
0.00192958
0.00193001
0.00193044
0.00193087
0.00193131
0.00193174
0.00193215
0.00193255
0.00193292
0.00193326
0.00193357
0.00193384
0.00193407
0.00193426
0.00193439
0.00193448
0.00193453
0.00193452
0.00193448
0.0019344
0.00193428
0.00193414
0.00193397
0.00193379
0.0019336
0.00193342
0.00193326
0.00193311
0.001933
0.00193294
0.00193292
0.00193298
0.00193311
0.00193332
0.00193364
0.00193405
0.00193458
0.00193523
0.001936
0.00193691
0.00193796
0.00193915
0.00194049
0.00194199
0.00194353
0.00075892
0.00114997
0.00126545
0.00129943
0.00130899
0.00131025
0.00130839
0.00130531
0.00130181
0.00129822
0.00129471
0.00129136
0.00128818
0.00128519
0.00128239
0.00127977
0.00127732
0.00127503
0.0012729
0.0012709
0.00126903
0.00126728
0.00126564
0.00126411
0.00126267
0.00126133
0.00126006
0.00125888
0.00125777
0.00125673
0.00125575
0.00125484
0.00125398
0.00125318
0.00125243
0.00125172
0.00125107
0.00125045
0.00124988
0.00124934
0.00124885
0.00124838
0.00124796
0.00124756
0.00124719
0.00124686
0.00124655
0.00124626
0.00124601
0.00124577
0.00124556
0.00124537
0.00124521
0.00124506
0.00124493
0.00124483
0.00124474
0.00124466
0.00124461
0.00124457
0.00124454
0.00124453
0.00124453
0.00124455
0.00124458
0.00124463
0.00124469
0.00124476
0.00124485
0.00124495
0.00124507
0.0012452
0.00124535
0.00124552
0.0012457
0.00124589
0.0012461
0.00124631
0.00124654
0.00124677
0.00124701
0.00124726
0.0012475
0.00124773
0.00124797
0.00124819
0.0012484
0.0012486
0.00124878
0.00124894
0.00124908
0.0012492
0.0012493
0.00124938
0.00124943
0.00124947
0.00124949
0.0012495
0.00124949
0.00124947
0.00124944
0.00124942
0.00124939
0.00124938
0.00124937
0.00124938
0.00124941
0.00124947
0.00124955
0.00124968
0.00124984
0.00125006
0.00125032
0.00125063
0.001251
0.00125144
0.00125193
0.0012525
0.00125313
0.00125383
0.00125461
0.00125541
0.000560691
0.000737105
0.000763632
0.000763607
0.000759028
0.000753908
0.000749091
0.000744734
0.000740829
0.00073733
0.000734186
0.000731348
0.000728778
0.00072644
0.000724305
0.000722349
0.000720551
0.000718895
0.000717366
0.00071595
0.000714637
0.000713417
0.000712282
0.000711224
0.000710238
0.000709317
0.000708456
0.000707651
0.000706897
0.000706192
0.000705532
0.000704913
0.000704333
0.00070379
0.000703281
0.000702804
0.000702358
0.00070194
0.000701549
0.000701184
0.000700843
0.000700524
0.000700228
0.000699952
0.000699695
0.000699457
0.000699237
0.000699034
0.000698847
0.000698676
0.000698519
0.000698376
0.000698247
0.000698131
0.000698027
0.000697934
0.000697853
0.000697783
0.000697724
0.000697674
0.000697634
0.000697603
0.000697581
0.000697568
0.000697563
0.000697566
0.000697578
0.000697598
0.000697626
0.000697662
0.000697706
0.000697758
0.000697819
0.000697888
0.000697964
0.000698048
0.000698138
0.000698235
0.000698338
0.000698446
0.000698558
0.000698673
0.00069879
0.000698909
0.000699028
0.000699145
0.000699261
0.000699375
0.000699484
0.00069959
0.00069969
0.000699786
0.000699876
0.00069996
0.000700039
0.000700113
0.000700182
0.000700247
0.000700309
0.000700368
0.000700426
0.000700484
0.000700543
0.000700605
0.000700671
0.000700743
0.000700822
0.00070091
0.000701008
0.000701118
0.000701241
0.000701379
0.000701533
0.000701704
0.000701894
0.000702104
0.000702333
0.000702584
0.000702857
0.000703151
0.000703468
0.000703792
0.000284746
0.000272336
0.000264576
0.000259339
0.000255518
0.000252566
0.000250187
0.00024821
0.000246532
0.000245084
0.000243818
0.000242699
0.000241702
0.000240807
0.000239998
0.000239264
0.000238594
0.000237981
0.000237417
0.000236898
0.000236419
0.000235975
0.000235563
0.00023518
0.000234824
0.000234491
0.000234182
0.000233892
0.000233621
0.000233368
0.000233131
0.000232909
0.000232701
0.000232506
0.000232324
0.000232152
0.000231992
0.000231842
0.000231701
0.000231569
0.000231446
0.000231331
0.000231223
0.000231122
0.000231029
0.000230942
0.000230861
0.000230786
0.000230716
0.000230652
0.000230593
0.000230539
0.00023049
0.000230445
0.000230404
0.000230367
0.000230335
0.000230306
0.00023028
0.000230259
0.00023024
0.000230225
0.000230213
0.000230203
0.000230197
0.000230194
0.000230193
0.000230195
0.0002302
0.000230207
0.000230216
0.000230228
0.000230242
0.000230258
0.000230277
0.000230297
0.00023032
0.000230344
0.00023037
0.000230397
0.000230426
0.000230456
0.000230487
0.000230519
0.000230552
0.000230586
0.00023062
0.000230655
0.000230691
0.000230727
0.000230764
0.000230801
0.000230838
0.000230877
0.000230915
0.000230954
0.000230994
0.000231035
0.000231076
0.000231118
0.000231162
0.000231206
0.000231252
0.000231299
0.000231348
0.000231398
0.00023145
0.000231504
0.00023156
0.000231618
0.000231678
0.00023174
0.000231804
0.000231871
0.000231939
0.00023201
0.000232083
0.000232158
0.000232235
0.000232314
0.000232393
0.000232475
)
;

boundaryField
{
    lowerWall
    {
        type            nutkWallFunction;
        Cmu             0.09;
        kappa           0.41;
        E               9.8;
        value           nonuniform List<scalar> 
122
(
3.38542e-05
3.22344e-05
3.12155e-05
3.05252e-05
3.00205e-05
2.96299e-05
2.93146e-05
2.90524e-05
2.88296e-05
2.86371e-05
2.84688e-05
2.83199e-05
2.81871e-05
2.80679e-05
2.79601e-05
2.78622e-05
2.77729e-05
2.76911e-05
2.76159e-05
2.75466e-05
2.74825e-05
2.74232e-05
2.73682e-05
2.7317e-05
2.72694e-05
2.7225e-05
2.71836e-05
2.71449e-05
2.71087e-05
2.70748e-05
2.70431e-05
2.70134e-05
2.69856e-05
2.69595e-05
2.6935e-05
2.69121e-05
2.68906e-05
2.68705e-05
2.68517e-05
2.6834e-05
2.68175e-05
2.68021e-05
2.67877e-05
2.67742e-05
2.67617e-05
2.675e-05
2.67392e-05
2.67291e-05
2.67198e-05
2.67112e-05
2.67033e-05
2.66961e-05
2.66894e-05
2.66834e-05
2.6678e-05
2.66731e-05
2.66687e-05
2.66648e-05
2.66614e-05
2.66585e-05
2.6656e-05
2.6654e-05
2.66523e-05
2.66511e-05
2.66503e-05
2.66498e-05
2.66497e-05
2.665e-05
2.66506e-05
2.66515e-05
2.66528e-05
2.66544e-05
2.66562e-05
2.66584e-05
2.66608e-05
2.66635e-05
2.66664e-05
2.66695e-05
2.66729e-05
2.66765e-05
2.66802e-05
2.66842e-05
2.66883e-05
2.66925e-05
2.66969e-05
2.67014e-05
2.6706e-05
2.67108e-05
2.67156e-05
2.67206e-05
2.67257e-05
2.67309e-05
2.67361e-05
2.67415e-05
2.6747e-05
2.67527e-05
2.67584e-05
2.67643e-05
2.67703e-05
2.67765e-05
2.67829e-05
2.67894e-05
2.6796e-05
2.68029e-05
2.681e-05
2.68172e-05
2.68247e-05
2.68323e-05
2.68402e-05
2.68483e-05
2.68566e-05
2.68651e-05
2.68738e-05
2.68827e-05
2.68918e-05
2.69011e-05
2.69105e-05
2.69201e-05
2.69299e-05
2.69398e-05
2.69496e-05
2.69597e-05
)
;
    }
    upperWall
    {
        type            nutkWallFunction;
        Cmu             0.09;
        kappa           0.41;
        E               9.8;
        value           nonuniform List<scalar> 
122
(
3.36526e-05
3.20374e-05
3.10226e-05
3.03355e-05
2.98333e-05
2.94446e-05
2.91308e-05
2.88699e-05
2.86481e-05
2.84567e-05
2.82891e-05
2.8141e-05
2.80089e-05
2.78902e-05
2.77829e-05
2.76855e-05
2.75966e-05
2.75152e-05
2.74404e-05
2.73714e-05
2.73077e-05
2.72486e-05
2.71939e-05
2.7143e-05
2.70956e-05
2.70514e-05
2.70102e-05
2.69716e-05
2.69356e-05
2.69019e-05
2.68704e-05
2.68408e-05
2.68131e-05
2.67872e-05
2.67628e-05
2.674e-05
2.67186e-05
2.66986e-05
2.66799e-05
2.66623e-05
2.66459e-05
2.66305e-05
2.66162e-05
2.66028e-05
2.65903e-05
2.65787e-05
2.65679e-05
2.65579e-05
2.65486e-05
2.65401e-05
2.65322e-05
2.6525e-05
2.65184e-05
2.65124e-05
2.6507e-05
2.65021e-05
2.64978e-05
2.64939e-05
2.64905e-05
2.64876e-05
2.64851e-05
2.64831e-05
2.64815e-05
2.64803e-05
2.64794e-05
2.6479e-05
2.64789e-05
2.64792e-05
2.64798e-05
2.64808e-05
2.6482e-05
2.64836e-05
2.64855e-05
2.64877e-05
2.64901e-05
2.64928e-05
2.64958e-05
2.6499e-05
2.65024e-05
2.65059e-05
2.65097e-05
2.65136e-05
2.65176e-05
2.65218e-05
2.65261e-05
2.65305e-05
2.6535e-05
2.65396e-05
2.65442e-05
2.65489e-05
2.65537e-05
2.65586e-05
2.65636e-05
2.65686e-05
2.65738e-05
2.6579e-05
2.65844e-05
2.65899e-05
2.65955e-05
2.66013e-05
2.66073e-05
2.66135e-05
2.66198e-05
2.66264e-05
2.66333e-05
2.66403e-05
2.66477e-05
2.66553e-05
2.66632e-05
2.66713e-05
2.66798e-05
2.66886e-05
2.66976e-05
2.6707e-05
2.67166e-05
2.67265e-05
2.67367e-05
2.67471e-05
2.67578e-05
2.67687e-05
2.67796e-05
2.67908e-05
)
;
    }
    inlet
    {
        type            calculated;
        value           uniform 0.0366503;
    }
    outlet
    {
        type            calculated;
        value           nonuniform List<scalar> 
60
(
0.000233762
0.000708043
0.00126318
0.00195564
0.00279473
0.00379806
0.00498878
0.00639484
0.00804882
0.00998801
0.0122543
0.0148941
0.0179574
0.0214971
0.0255667
0.0302173
0.0354929
0.0414233
0.0480135
0.0552297
0.0629794
0.0710845
0.0792476
0.0870087
0.093698
0.0983945
0.0999419
0.0972127
0.0903901
0.0843968
0.0843455
0.0902719
0.0970396
0.0997123
0.0981128
0.0933745
0.0866571
0.0788821
0.0707185
0.0626242
0.0548944
0.0477045
0.0411446
0.0352465
0.0300032
0.0253838
0.0213433
0.01783
0.01479
0.0121704
0.00992117
0.00799625
0.00635399
0.00495747
0.00377446
0.00277742
0.00194353
0.00125541
0.000703792
0.000232475
)
;
    }
    frontAndBack
    {
        type            empty;
    }
}


// ************************************************************************* //
