/*--------------------------------*- C++ -*----------------------------------*\
  =========                 |
  \\      /  F ield         | OpenFOAM: The Open Source CFD Toolbox
   \\    /   O peration     | Website:  https://openfoam.org
    \\  /    A nd           | Version:  8
     \\/     M anipulation  |
\*---------------------------------------------------------------------------*/
FoamFile
{
    version     2.0;
    format      ascii;
    class       volScalarField;
    location    "300";
    object      k;
}
// * * * * * * * * * * * * * * * * * * * * * * * * * * * * * * * * * * * * * //

dimensions      [0 2 -2 0 0 0 0];

internalField   nonuniform List<scalar> 
7320
(
6.07646
5.55936
5.24723
5.04157
4.89414
4.78178
4.6922
4.62012
4.56714
4.53891
4.53304
4.53448
4.52949
4.5159
4.49783
4.47948
4.46304
4.44929
4.43824
4.42985
4.42377
4.41971
4.41734
4.41656
4.41713
4.4189
4.42167
4.42545
4.43009
4.43551
4.4416
4.44838
4.45576
4.46371
4.47211
4.48107
4.49049
4.50034
4.51055
4.52118
4.53216
4.54346
4.55497
4.5668
4.57885
4.59107
4.60337
4.61578
4.62822
4.64062
4.65285
4.66499
4.67691
4.68855
4.69981
4.71075
4.72126
4.73132
4.74084
4.74993
4.75852
4.7666
4.77413
4.78123
4.78784
4.79398
4.79962
4.80491
4.8098
4.81433
4.81845
4.82231
4.82586
4.82913
4.83207
4.83485
4.83741
4.83977
4.84189
4.8439
4.84575
4.84745
4.84896
4.85041
4.85175
4.85299
4.8541
4.85516
4.85614
4.85704
4.85781
4.85859
4.8593
4.85997
4.86054
4.86111
4.86163
4.86211
4.8625
4.86291
4.86329
4.86364
4.86392
4.86422
4.86448
4.86473
4.86492
4.86512
4.8653
4.86547
4.86561
4.86574
4.86586
4.86597
4.86606
4.86614
4.86621
4.86627
4.86633
4.86637
4.86637
4.86649
4.84208
5.67918
5.53993
5.36039
5.21711
5.104
5.0123
4.93731
4.88039
4.84783
4.83935
4.84115
4.83892
4.82951
4.81592
4.8015
4.78803
4.77634
4.76658
4.75889
4.75306
4.74895
4.74634
4.74518
4.74527
4.74654
4.74889
4.75226
4.75656
4.7617
4.76764
4.77433
4.78171
4.78974
4.79838
4.80762
4.81742
4.82776
4.83859
4.8499
4.86166
4.87383
4.88639
4.89931
4.91256
4.92609
4.93984
4.95378
4.96782
4.98191
4.99596
5.00994
5.02376
5.03735
5.05061
5.06351
5.07597
5.08795
5.09939
5.1103
5.12065
5.13042
5.13959
5.1482
5.15623
5.1637
5.17063
5.17708
5.18306
5.18858
5.19367
5.19838
5.2027
5.20668
5.21034
5.21372
5.21685
5.21973
5.22238
5.22482
5.22707
5.22913
5.23102
5.23279
5.23443
5.23594
5.23733
5.23862
5.2398
5.24089
5.24189
5.24283
5.24371
5.24452
5.24525
5.24594
5.24657
5.24715
5.24767
5.24817
5.24863
5.24905
5.24943
5.24979
5.25011
5.2504
5.25065
5.25089
5.25111
5.25132
5.25149
5.25165
5.25179
5.25191
5.25202
5.25211
5.25218
5.25225
5.25231
5.25235
5.25239
5.25246
3.59577
5.05138
5.15993
5.06779
4.96411
4.87326
4.79568
4.72895
4.67481
4.64366
4.6453
4.6727
4.70735
4.73608
4.75492
4.76523
4.76961
4.7704
4.76915
4.76698
4.7645
4.76215
4.76015
4.75875
4.75802
4.75811
4.75906
4.76091
4.76367
4.76734
4.77187
4.77728
4.78353
4.79059
4.79845
4.80713
4.81659
4.8268
4.83774
4.84939
4.8617
4.87466
4.88824
4.90244
4.91721
4.93249
4.94822
4.96432
4.98073
4.99735
5.01409
5.03089
5.04767
5.06429
5.08062
5.0966
5.11213
5.1271
5.14148
5.15526
5.16841
5.18087
5.1926
5.20361
5.21392
5.22351
5.23242
5.24073
5.24848
5.25565
5.26225
5.26834
5.27395
5.2791
5.28383
5.28823
5.29233
5.2961
5.29956
5.30274
5.30567
5.30833
5.31078
5.31308
5.31524
5.31723
5.31905
5.32074
5.32228
5.32369
5.32498
5.32621
5.32736
5.32843
5.3294
5.3303
5.33112
5.33186
5.33253
5.33318
5.33378
5.33434
5.33483
5.33529
5.33569
5.33605
5.33637
5.33667
5.33695
5.3372
5.33742
5.3376
5.33777
5.3379
5.33801
5.3381
5.33817
5.33823
5.33827
5.33829
5.33833
5.33831
2.74723
4.48339
4.83294
4.83939
4.78114
4.71519
4.6528
4.59467
4.54387
4.51673
4.535
4.59843
4.68122
4.75691
4.81373
4.85191
4.87587
4.8901
4.89789
4.90161
4.90275
4.90239
4.90121
4.89979
4.89848
4.89761
4.89738
4.89797
4.89947
4.90192
4.90535
4.9098
4.91524
4.92169
4.92914
4.93763
4.94715
4.95768
4.96915
4.98158
4.99492
5.00913
5.02419
5.04013
5.0569
5.07441
5.09256
5.11129
5.13049
5.15005
5.16985
5.18984
5.20991
5.22988
5.24957
5.26889
5.28771
5.30591
5.32342
5.34024
5.35635
5.37163
5.38604
5.39959
5.41227
5.42408
5.43505
5.44532
5.4549
5.46378
5.47195
5.47949
5.48643
5.4928
5.49865
5.50411
5.5092
5.5139
5.5182
5.52215
5.52578
5.52908
5.5321
5.53495
5.53764
5.54013
5.54239
5.54449
5.5464
5.54814
5.54973
5.55125
5.55269
5.55403
5.55523
5.55635
5.55736
5.55827
5.55909
5.55989
5.56065
5.56134
5.56195
5.5625
5.563
5.56343
5.56381
5.56417
5.56451
5.56482
5.56507
5.56529
5.56548
5.56563
5.56575
5.56584
5.5659
5.56595
5.56599
5.56599
5.56604
5.56593
2.10347
3.90604
4.48945
4.61132
4.60905
4.57387
4.53007
4.48271
4.43749
4.41839
4.46042
4.56948
4.70944
4.8383
4.9365
5.00416
5.04839
5.07635
5.09333
5.10306
5.10797
5.10976
5.1096
5.10838
5.10674
5.10517
5.10404
5.10364
5.10415
5.10567
5.10826
5.11201
5.11691
5.12299
5.13027
5.13881
5.14862
5.15965
5.17187
5.18526
5.19979
5.21541
5.23209
5.24989
5.26874
5.28855
5.30917
5.33054
5.35254
5.37501
5.39782
5.42094
5.44421
5.46742
5.49035
5.5129
5.53489
5.55618
5.57668
5.59642
5.61534
5.63333
5.65029
5.66625
5.6812
5.69513
5.70807
5.72019
5.73153
5.74204
5.75171
5.76063
5.76884
5.77637
5.78328
5.78975
5.7958
5.80138
5.80647
5.81116
5.81545
5.81935
5.82292
5.8263
5.82949
5.83245
5.83513
5.83762
5.83989
5.84194
5.84381
5.84561
5.84732
5.84891
5.85034
5.85166
5.85286
5.85393
5.85489
5.85583
5.85673
5.85755
5.85827
5.85892
5.8595
5.86001
5.86045
5.86087
5.86127
5.86162
5.86192
5.86217
5.86238
5.86255
5.86268
5.86277
5.86283
5.86288
5.86291
5.86289
5.86294
5.86277
1.61626
3.30899
4.10168
4.3553
4.42211
4.42572
4.40547
4.37234
4.33609
4.32963
4.40163
4.56324
4.76617
4.95182
5.09321
5.19112
5.2559
5.2977
5.3239
5.33969
5.34846
5.35256
5.35359
5.35281
5.35106
5.34905
5.34725
5.34611
5.34586
5.34667
5.34863
5.35186
5.3564
5.36227
5.3695
5.37821
5.38839
5.4
5.41299
5.42736
5.44307
5.46006
5.4783
5.49787
5.51869
5.54064
5.56357
5.5874
5.61198
5.63715
5.66274
5.68873
5.71494
5.74113
5.76704
5.79254
5.81745
5.84159
5.86485
5.88728
5.90882
5.92931
5.94863
5.96684
5.9839
5.9998
6.01459
6.02845
6.04142
6.05346
6.06452
6.07474
6.08415
6.09277
6.10068
6.10809
6.11503
6.12144
6.12728
6.13265
6.13757
6.14204
6.14612
6.15
6.15366
6.15705
6.16012
6.16297
6.16557
6.16792
6.17005
6.17211
6.17408
6.1759
6.17754
6.17905
6.18042
6.18164
6.18274
6.18382
6.18485
6.18579
6.18661
6.18736
6.18802
6.1886
6.18909
6.18957
6.19003
6.19043
6.19077
6.19106
6.19129
6.19148
6.19162
6.19172
6.19179
6.19183
6.19186
6.19183
6.19189
6.19167
1.26813
2.70646
3.65736
4.05369
4.20399
4.25633
4.26613
4.25196
4.22905
4.23987
4.34643
4.56456
4.83355
5.07823
5.26434
5.39346
5.47939
5.53539
5.57111
5.5932
5.60604
5.61267
5.61513
5.615
5.61339
5.61115
5.60892
5.60722
5.6064
5.60666
5.60814
5.61098
5.61525
5.62099
5.62823
5.63712
5.64767
5.65983
5.67353
5.68881
5.70559
5.72383
5.74348
5.76464
5.78722
5.8111
5.83608
5.86211
5.889
5.91657
5.94465
5.97322
6.00208
6.03096
6.05957
6.08776
6.11534
6.14209
6.16789
6.19281
6.21675
6.23957
6.26111
6.28141
6.30046
6.31822
6.33474
6.35024
6.36475
6.37823
6.39063
6.40208
6.41262
6.42228
6.43115
6.43946
6.44723
6.45442
6.46097
6.467
6.47252
6.47753
6.48211
6.48644
6.49055
6.49435
6.4978
6.50099
6.5039
6.50654
6.50892
6.51123
6.51343
6.51548
6.51731
6.519
6.52054
6.52191
6.52314
6.52434
6.5255
6.52656
6.52748
6.52832
6.52906
6.52971
6.53026
6.5308
6.53131
6.53177
6.53214
6.53246
6.53273
6.53294
6.5331
6.5332
6.53328
6.53332
6.53336
6.53332
6.53338
6.53313
1.04445
2.13055
3.15621
3.69397
3.94141
4.05396
4.10193
4.11281
4.10847
4.14099
4.28476
4.56053
4.89673
5.2023
5.43517
5.5973
5.70574
5.77695
5.82291
5.85188
5.86927
5.87881
5.88304
5.88388
5.88267
5.88045
5.87798
5.87592
5.87467
5.87452
5.8756
5.87813
5.88219
5.88782
5.89507
5.90412
5.91498
5.92762
5.94194
5.95799
5.9757
5.99501
6.01589
6.03841
6.06252
6.08807
6.11485
6.14279
6.17171
6.20141
6.23169
6.26255
6.29378
6.32507
6.35611
6.38675
6.41677
6.44593
6.47409
6.50132
6.52752
6.55252
6.57615
6.59844
6.61938
6.63892
6.6571
6.67417
6.69018
6.70504
6.71873
6.73137
6.74301
6.75369
6.76348
6.77266
6.78125
6.7892
6.79644
6.8031
6.8092
6.81474
6.8198
6.82458
6.82911
6.83331
6.83713
6.84065
6.84387
6.84678
6.84942
6.85196
6.85439
6.85665
6.85867
6.86054
6.86224
6.86376
6.86512
6.86645
6.86772
6.86889
6.86992
6.87085
6.87167
6.87239
6.87301
6.8736
6.87417
6.87467
6.87509
6.87545
6.87575
6.87599
6.87617
6.87629
6.87637
6.87643
6.87647
6.87643
6.8765
6.87622
0.919771
1.62595
2.61291
3.26918
3.62263
3.80735
3.90309
3.94648
3.96682
4.02511
4.20682
4.53878
4.94184
5.3102
5.59292
5.79104
5.9244
6.01266
6.07026
6.10714
6.1299
6.143
6.14953
6.15177
6.15132
6.14942
6.14697
6.14474
6.14324
6.14279
6.14358
6.14586
6.14973
6.15526
6.16251
6.17167
6.18277
6.19577
6.21059
6.22726
6.24573
6.26594
6.28782
6.31149
6.33688
6.36384
6.39215
6.42173
6.4524
6.48394
6.51616
6.54903
6.58235
6.61581
6.64905
6.68192
6.71418
6.74557
6.77593
6.80532
6.83365
6.86072
6.88634
6.91055
6.93331
6.95458
6.97439
6.99299
7.01044
7.02667
7.04162
7.05544
7.06817
7.07985
7.09057
7.1006
7.10999
7.11868
7.12661
7.1339
7.14057
7.14664
7.15217
7.15741
7.16235
7.16694
7.17112
7.17497
7.17849
7.18167
7.18456
7.18733
7.18999
7.19245
7.19467
7.19672
7.19858
7.20024
7.20173
7.20319
7.20458
7.20587
7.20699
7.20801
7.20892
7.20971
7.2104
7.21105
7.21167
7.21223
7.2127
7.2131
7.21344
7.21371
7.21391
7.21404
7.21415
7.21421
7.21427
7.21424
7.21432
7.21401
0.860373
1.23778
2.06211
2.78221
3.23867
3.50541
3.65924
3.74387
3.79583
3.88373
4.10239
4.48675
4.95486
5.38804
5.72477
5.96329
6.12532
6.23354
6.30498
6.35147
6.38088
6.39856
6.40819
6.41248
6.41333
6.41217
6.41008
6.40797
6.40641
6.40583
6.40645
6.40856
6.41228
6.41772
6.42495
6.43416
6.44542
6.45868
6.47387
6.49102
6.51008
6.53098
6.55367
6.57826
6.60469
6.6328
6.66237
6.69332
6.72547
6.75858
6.79246
6.82708
6.86224
6.89761
6.93284
6.96773
7.00204
7.03549
7.0679
7.09934
7.12968
7.15872
7.18627
7.21233
7.23686
7.25982
7.28122
7.30134
7.32022
7.33779
7.354
7.36899
7.3828
7.39548
7.40713
7.41802
7.4282
7.43764
7.44625
7.45417
7.46142
7.46802
7.47403
7.47971
7.48507
7.49005
7.49458
7.49876
7.50259
7.50605
7.50918
7.51219
7.51507
7.51774
7.52015
7.52237
7.5244
7.52621
7.52784
7.52941
7.53093
7.53232
7.53355
7.53467
7.53567
7.53654
7.53729
7.53801
7.53869
7.53931
7.53982
7.54027
7.54065
7.54095
7.54118
7.54134
7.54147
7.54155
7.54162
7.5416
7.54169
7.54138
0.836788
0.988182
1.55978
2.25331
2.78743
3.13864
3.35965
3.49482
3.58603
3.70724
3.96059
4.39138
4.92096
5.42067
5.81661
6.10149
6.29748
6.4299
6.51847
6.57709
6.6151
6.63889
6.65283
6.66012
6.66304
6.66326
6.66204
6.66044
6.65915
6.65868
6.65931
6.66138
6.66504
6.67044
6.67765
6.6869
6.69825
6.71168
6.72713
6.74461
6.7641
6.78551
6.80881
6.83409
6.86132
6.89033
6.92091
6.95297
6.98632
7.02073
7.056
7.09212
7.12886
7.16591
7.20288
7.23959
7.27576
7.31111
7.34544
7.37878
7.41103
7.44195
7.47134
7.49919
7.52545
7.55006
7.57305
7.59465
7.61494
7.63385
7.65132
7.66747
7.68237
7.69606
7.70864
7.72038
7.73137
7.74155
7.75085
7.7594
7.76724
7.77437
7.78087
7.78699
7.79277
7.79814
7.80303
7.80754
7.81167
7.81541
7.8188
7.82204
7.82513
7.82802
7.83062
7.83302
7.83521
7.83718
7.83894
7.84064
7.84228
7.84379
7.84512
7.84634
7.84742
7.84838
7.8492
7.84999
7.85073
7.85141
7.85198
7.85248
7.8529
7.85324
7.85351
7.8537
7.85385
7.85395
7.85404
7.85404
7.85414
7.85383
0.830412
0.857524
1.16934
1.72868
2.28172
2.70331
2.99487
3.18862
3.32675
3.48497
3.76989
4.23906
4.82419
5.39109
5.85199
6.19073
6.42775
6.59027
6.70062
6.775
6.82445
6.85658
6.8766
6.88833
6.89446
6.89699
6.89738
6.8969
6.89636
6.89638
6.89733
6.89958
6.90336
6.90882
6.91608
6.92538
6.93681
6.95037
6.96598
6.98369
7.00346
7.02523
7.04895
7.07473
7.10253
7.13221
7.16354
7.19644
7.23073
7.26618
7.30259
7.33993
7.378
7.41647
7.45497
7.49328
7.53111
7.56819
7.60427
7.63938
7.6734
7.70611
7.73725
7.76682
7.79475
7.82098
7.8455
7.86857
7.89025
7.91048
7.92919
7.9465
7.96249
7.97719
7.9907
8.00331
8.01509
8.02601
8.03601
8.0452
8.05362
8.06129
8.06829
8.07486
8.08105
8.0868
8.09205
8.0969
8.10133
8.10536
8.10901
8.11248
8.11579
8.11888
8.12168
8.12426
8.12662
8.12874
8.13064
8.13247
8.13423
8.13585
8.1373
8.13861
8.13979
8.14083
8.14174
8.14259
8.1434
8.14414
8.14477
8.14532
8.14579
8.14618
8.14648
8.14671
8.14689
8.14702
8.14713
8.14715
8.14727
8.14697
0.831631
0.801467
0.924731
1.27916
1.76079
2.20996
2.56135
2.81618
3.00705
3.20553
3.51841
4.01603
4.64773
5.2802
5.81153
6.21288
6.49992
6.70036
6.8389
6.93413
6.99905
7.04271
7.07137
7.08959
7.1006
7.1068
7.10993
7.11146
7.11241
7.11352
7.11526
7.11809
7.12227
7.12803
7.13551
7.14497
7.15652
7.17021
7.18596
7.20384
7.2238
7.2458
7.2698
7.2959
7.32407
7.35419
7.38605
7.41956
7.45453
7.49077
7.52805
7.56635
7.60548
7.64512
7.6849
7.72457
7.76386
7.80246
7.84012
7.87685
7.9125
7.94685
7.97964
8.01084
8.04036
8.06813
8.09415
8.11864
8.14166
8.16318
8.18311
8.20158
8.21864
8.23434
8.24878
8.26224
8.27481
8.28647
8.29716
8.30698
8.31599
8.3242
8.33169
8.33871
8.3453
8.35144
8.35705
8.36223
8.36697
8.37128
8.37519
8.37889
8.38242
8.38571
8.3887
8.39147
8.39399
8.39627
8.39831
8.40027
8.40214
8.40388
8.40544
8.40686
8.40813
8.40926
8.41025
8.41118
8.41205
8.41285
8.41355
8.41415
8.41468
8.41511
8.41546
8.41573
8.41594
8.4161
8.41624
8.41629
8.41643
8.41613
0.835914
0.782668
0.803424
0.968384
1.29583
1.69676
2.07108
2.37561
2.61879
2.85847
3.19496
3.70934
4.37475
5.06729
5.67275
6.14593
6.49373
6.74213
6.91738
7.04042
7.1264
7.18609
7.22701
7.25465
7.27294
7.28478
7.29229
7.29719
7.30073
7.30383
7.30711
7.31112
7.31621
7.32266
7.33067
7.34052
7.35238
7.3663
7.38226
7.40031
7.42044
7.44261
7.46679
7.49308
7.52148
7.55186
7.58405
7.61794
7.65337
7.69014
7.72805
7.76706
7.80698
7.84753
7.88832
7.92912
7.96962
8.00953
8.04857
8.08672
8.12382
8.15965
8.19396
8.22666
8.25766
8.28689
8.31433
8.34016
8.36446
8.38721
8.40831
8.42788
8.44598
8.46267
8.47802
8.4923
8.50563
8.51801
8.52937
8.53982
8.54939
8.55814
8.56612
8.57357
8.58056
8.58707
8.59304
8.59854
8.60358
8.60817
8.61234
8.61627
8.62
8.62349
8.62668
8.62961
8.6323
8.63473
8.63693
8.63901
8.641
8.64285
8.64452
8.64604
8.64741
8.64863
8.6497
8.6507
8.65164
8.65251
8.65327
8.65394
8.65451
8.655
8.6554
8.65571
8.65596
8.65616
8.65633
8.6564
8.65657
8.6563
0.841163
0.780281
0.755007
0.801854
0.96286
1.23786
1.56684
1.88383
2.16386
2.43858
2.79171
3.30899
3.99049
4.73158
5.41074
5.96387
6.38429
6.69282
6.91572
7.0758
7.19047
7.27239
7.33065
7.37186
7.40084
7.42114
7.43536
7.44558
7.45334
7.4598
7.46575
7.47188
7.47865
7.48645
7.49552
7.5062
7.51869
7.53311
7.54946
7.56782
7.5882
7.61058
7.63493
7.66137
7.68989
7.72042
7.75278
7.78689
7.82258
7.85968
7.89799
7.93746
7.97793
8.01912
8.06067
8.10233
8.1438
8.18477
8.22496
8.2643
8.30264
8.33976
8.37539
8.40943
8.44176
8.47232
8.50104
8.52811
8.55359
8.57747
8.59967
8.62028
8.63935
8.65695
8.67316
8.68823
8.70228
8.71533
8.72732
8.73836
8.74848
8.75774
8.7662
8.77406
8.78143
8.78828
8.79458
8.80039
8.80572
8.81058
8.815
8.81915
8.82307
8.82675
8.83012
8.83322
8.83607
8.83865
8.84099
8.84319
8.84529
8.84725
8.84902
8.85064
8.85211
8.85342
8.85458
8.85565
8.85666
8.85759
8.85842
8.85914
8.85977
8.86032
8.86076
8.86112
8.86142
8.86165
8.86186
8.86197
8.86215
8.86191
0.84637
0.784569
0.740866
0.731433
0.780861
0.913776
1.12968
1.39385
1.66888
1.95589
2.31062
2.81249
3.48623
4.25563
5.00046
5.63767
6.14198
6.52434
6.80823
7.01721
7.17062
7.28318
7.36572
7.42627
7.47072
7.50344
7.52771
7.54606
7.56041
7.5722
7.5825
7.59216
7.60182
7.61196
7.62294
7.63516
7.64887
7.66427
7.6814
7.70038
7.72123
7.74399
7.76863
7.79528
7.82395
7.8546
7.88706
7.92128
7.9571
7.99437
8.0329
8.07263
8.11341
8.155
8.19706
8.23932
8.28149
8.32326
8.36435
8.40464
8.44398
8.48214
8.51887
8.55403
8.58749
8.61918
8.64903
8.67717
8.70368
8.72855
8.75171
8.77324
8.79318
8.81161
8.8286
8.84437
8.85906
8.8727
8.88527
8.89684
8.90746
8.91718
8.92607
8.93431
8.94201
8.94919
8.95579
8.96188
8.96747
8.97258
8.97723
8.98158
8.98568
8.98952
8.99305
8.99631
8.9993
9.00203
9.0045
9.00682
9.00901
9.01107
9.01294
9.01466
9.01621
9.01761
9.01885
9.02
9.02107
9.02206
9.02295
9.02373
9.02442
9.02502
9.02552
9.02593
9.02627
9.02655
9.02679
9.02693
9.02714
9.02693
0.85101
0.791141
0.741123
0.708368
0.703474
0.741582
0.837781
0.995415
1.20275
1.45378
1.77718
2.23485
2.86734
3.63215
4.4219
5.13844
5.73387
6.20336
6.56324
6.83551
7.04049
7.19472
7.31088
7.39861
7.46511
7.51581
7.55478
7.58522
7.60953
7.62953
7.64661
7.66188
7.67619
7.6902
7.70438
7.71923
7.73511
7.75228
7.77086
7.79101
7.8128
7.83631
7.86155
7.88863
7.91761
7.94848
7.98111
8.01544
8.05136
8.08873
8.12736
8.16721
8.20814
8.24994
8.29227
8.33489
8.37751
8.41982
8.46153
8.5025
8.54256
8.58149
8.61905
8.65506
8.68941
8.72199
8.75274
8.78174
8.80907
8.83473
8.85866
8.88093
8.90159
8.9207
8.93832
8.95467
8.96988
8.98402
8.99705
9.00906
9.02009
9.03021
9.03946
9.04802
9.056
9.06343
9.07028
9.07661
9.08242
9.08774
9.0926
9.09712
9.10136
9.10534
9.10901
9.1124
9.11552
9.11837
9.12096
9.12338
9.12566
9.1278
9.12976
9.13156
9.13319
9.13467
9.13599
9.1372
9.13834
9.13938
9.14033
9.14117
9.14191
9.14256
9.14311
9.14357
9.14396
9.14428
9.14455
9.14474
9.14497
9.14479
0.854798
0.797917
0.746859
0.70536
0.677887
0.67075
0.692647
0.753098
0.859684
1.02109
1.26087
1.62731
2.16886
2.87738
3.67084
4.44506
5.12833
5.69355
6.14373
6.49519
6.76707
6.97681
7.1387
7.26403
7.36147
7.43772
7.49786
7.54589
7.58486
7.61713
7.64449
7.66838
7.68993
7.71003
7.72934
7.7485
7.76798
7.78815
7.80924
7.83148
7.855
7.87992
7.90631
7.9343
7.96398
7.99537
8.0284
8.06302
8.09914
8.13666
8.17542
8.21536
8.25636
8.29823
8.34068
8.38347
8.42632
8.46893
8.511
8.55237
8.59286
8.63227
8.67034
8.70691
8.74184
8.77502
8.80636
8.83594
8.86382
8.89
8.91446
8.93724
8.95838
8.97795
8.99602
9.01277
9.02834
9.0428
9.05615
9.06846
9.07978
9.09017
9.09969
9.10848
9.11665
9.12426
9.13128
9.13777
9.14374
9.14922
9.15423
9.15887
9.16322
9.1673
9.17107
9.17456
9.17777
9.18072
9.18341
9.1859
9.18825
9.19045
9.19248
9.19434
9.19605
9.19759
9.19898
9.20025
9.20143
9.20253
9.20352
9.20441
9.20521
9.20591
9.20651
9.20701
9.20745
9.2078
9.20811
9.20834
9.20859
9.20845
0.857613
0.803837
0.75402
0.710066
0.674013
0.648363
0.636544
0.643272
0.675076
0.74271
0.868252
1.09467
1.48012
2.05535
2.7801
3.56077
4.30645
4.96264
5.51106
5.95585
6.31086
6.59217
6.81464
6.9908
7.13081
7.2427
7.33273
7.40587
7.46601
7.51619
7.55873
7.59552
7.62801
7.65742
7.68467
7.71058
7.7358
7.76084
7.78608
7.81182
7.8383
7.86571
7.89419
7.9239
7.95497
7.98748
8.02139
8.05671
8.09337
8.1313
8.17038
8.21053
8.25166
8.29362
8.33615
8.37902
8.42195
8.46467
8.50689
8.54842
8.58907
8.62865
8.66692
8.70371
8.73887
8.77229
8.8039
8.83371
8.8618
8.88817
8.91282
8.93579
8.95712
8.97688
8.99513
9.01203
9.02771
9.04227
9.05573
9.06815
9.07958
9.09009
9.09972
9.1086
9.11685
9.12451
9.1316
9.13816
9.1442
9.14975
9.15484
9.15955
9.16395
9.16806
9.17188
9.17542
9.17868
9.18169
9.18444
9.18698
9.18937
9.19161
9.19367
9.19558
9.19733
9.19893
9.20036
9.20168
9.2029
9.20403
9.20506
9.20599
9.20683
9.20757
9.20821
9.20876
9.20923
9.20963
9.20997
9.21024
9.21051
9.2104
0.859481
0.808377
0.760623
0.71697
0.678331
0.645745
0.620492
0.604304
0.599846
0.61222
0.652936
0.747799
0.945442
1.30647
1.85564
2.54585
3.28747
4.00009
4.63632
5.17891
5.62934
5.9978
6.29708
6.53968
6.73658
6.89694
7.02825
7.13652
7.22661
7.30235
7.3668
7.42239
7.47105
7.51436
7.55357
7.58977
7.62383
7.65649
7.68827
7.71965
7.75098
7.78254
7.81458
7.8473
7.8809
7.91551
7.95118
7.98794
8.02578
8.06466
8.1045
8.14524
8.18681
8.22907
8.2718
8.31481
8.35782
8.40059
8.44284
8.48436
8.52496
8.56446
8.60263
8.6393
8.67433
8.70762
8.73909
8.76875
8.79664
8.82281
8.84726
8.87002
8.89116
8.91074
8.92882
8.94555
8.96104
8.97542
8.9887
9.00097
9.01227
9.02267
9.03222
9.04101
9.04916
9.05673
9.06374
9.07023
9.07621
9.08173
9.0868
9.09149
9.09585
9.09993
9.10373
9.10725
9.11051
9.11352
9.11628
9.11883
9.12122
9.12346
9.12553
9.12745
9.12922
9.13083
9.1323
9.13365
9.13489
9.13604
9.13709
9.13804
9.1389
9.13967
9.14035
9.14094
9.14144
9.14187
9.14225
9.14254
9.14283
9.14276
0.860565
0.811409
0.765709
0.723436
0.684824
0.650239
0.620139
0.595121
0.576082
0.564776
0.565301
0.587444
0.653226
0.804859
1.09883
1.56683
2.17797
2.85654
3.5286
4.14655
4.68902
5.15216
5.54132
5.86562
6.13502
6.35887
6.54535
6.7014
6.83277
6.94421
7.03956
7.12192
7.19384
7.25738
7.31421
7.3657
7.41306
7.45727
7.49912
7.53924
7.57818
7.61637
7.65416
7.69187
7.72975
7.76803
7.80685
7.84628
7.88638
7.92717
7.96861
8.01066
8.05327
8.09634
8.1397
8.18315
8.22647
8.26943
8.31176
8.35325
8.3937
8.43295
8.47079
8.50707
8.54164
8.57444
8.60537
8.63445
8.66172
8.68724
8.71103
8.73314
8.75363
8.77259
8.79009
8.80624
8.82117
8.83499
8.84776
8.85955
8.87042
8.88042
8.88962
8.89809
8.90592
8.9132
8.91994
8.92618
8.93196
8.9373
8.94221
8.94676
8.95099
8.95494
8.95862
8.96204
8.96522
8.96816
8.97087
8.97338
8.97572
8.97791
8.97995
8.98184
8.98359
8.9852
8.98667
8.98801
8.98925
8.9904
8.99145
8.99241
8.99329
8.99407
8.99477
8.99538
8.99591
8.99636
8.99676
8.99709
8.99739
8.99733
0.861099
0.813133
0.769009
0.728259
0.69067
0.6562
0.624912
0.596948
0.572559
0.552271
0.537331
0.530733
0.539342
0.578156
0.676587
0.879245
1.22536
1.71382
2.2964
2.90825
3.4983
4.03748
4.51405
4.92695
5.28068
5.58203
5.83829
6.05639
6.24257
6.40222
6.53988
6.65937
6.76389
6.85607
6.93809
7.01176
7.07863
7.13994
7.19681
7.25014
7.30069
7.3491
7.39587
7.44146
7.48625
7.53056
7.57463
7.61864
7.66272
7.70694
7.75134
7.79592
7.84065
7.88547
7.93026
7.97484
8.01903
8.06261
8.10535
8.14702
8.18746
8.22648
8.26393
8.29965
8.33355
8.36555
8.3956
8.42371
8.44994
8.47436
8.49702
8.51799
8.53736
8.55522
8.57166
8.58677
8.6007
8.61355
8.6254
8.63633
8.6464
8.65567
8.6642
8.67205
8.67931
8.68605
8.69229
8.69809
8.70346
8.70844
8.71304
8.7173
8.72127
8.72497
8.72843
8.73166
8.73466
8.73745
8.74004
8.74244
8.74467
8.74677
8.74872
8.75054
8.75222
8.75378
8.75522
8.75653
8.75774
8.75887
8.7599
8.76085
8.76171
8.76249
8.76319
8.76381
8.76436
8.76483
8.76524
8.76559
8.7659
8.76588
0.861317
0.813941
0.770774
0.731183
0.694716
0.661079
0.630092
0.60166
0.575759
0.55247
0.532102
0.515479
0.504493
0.503203
0.520059
0.571654
0.686035
0.898001
1.22999
1.67202
2.18405
2.71764
3.2351
3.71449
4.14627
4.52844
4.8633
5.15516
5.40911
5.63018
5.82306
5.99193
6.14048
6.27188
6.38881
6.49356
6.58807
6.67401
6.75278
6.82551
6.89328
6.95697
7.01732
7.07496
7.13044
7.18422
7.23668
7.28809
7.33871
7.3887
7.43817
7.48718
7.53575
7.58387
7.63145
7.67837
7.72446
7.76955
7.81342
7.85588
7.89674
7.93587
7.97312
8.00838
8.04158
8.07267
8.10164
8.12852
8.15339
8.17635
8.19748
8.21688
8.23468
8.25097
8.26588
8.2795
8.29198
8.30344
8.31396
8.32362
8.33251
8.34069
8.34821
8.35514
8.36154
8.36747
8.37298
8.3781
8.38286
8.38729
8.3914
8.39522
8.39878
8.40212
8.40524
8.40816
8.41089
8.41345
8.41583
8.41804
8.42011
8.42205
8.42387
8.42557
8.42715
8.42862
8.42998
8.43123
8.43239
8.43347
8.43446
8.43538
8.43621
8.43698
8.43766
8.43828
8.43883
8.43931
8.43973
8.44008
8.4404
8.44039
0.861388
0.814244
0.771529
0.732596
0.696916
0.664077
0.633767
0.605752
0.579862
0.555991
0.534118
0.514391
0.497257
0.483726
0.475843
0.477626
0.496768
0.546954
0.649088
0.827256
1.09739
1.45562
1.87764
2.32954
2.78081
3.21087
3.60886
3.97054
4.29554
4.58562
4.8437
5.07314
5.27733
5.45947
5.62245
5.76884
5.90094
6.02079
6.1301
6.23041
6.32298
6.40886
6.48911
6.56459
6.63606
6.70416
6.76943
6.83233
6.89321
6.95236
7.01001
7.06628
7.12129
7.17506
7.22757
7.27874
7.32844
7.37654
7.42286
7.46721
7.50946
7.54948
7.58716
7.62243
7.65526
7.68565
7.71364
7.73931
7.76275
7.78411
7.80352
7.82112
7.83706
7.85149
7.86455
7.87636
7.88707
7.8968
7.90567
7.91377
7.92118
7.92797
7.93421
7.93995
7.94525
7.95016
7.95473
7.95899
7.96297
7.96668
7.97015
7.9734
7.97644
7.9793
7.98199
7.98452
7.9869
7.98915
7.99126
7.99323
7.99509
7.99683
7.99848
8.00002
8.00146
8.00282
8.00408
8.00525
8.00634
8.00735
8.00829
8.00916
8.00996
8.01069
8.01136
8.01197
8.01251
8.01299
8.01342
8.01378
8.01411
8.01413
0.861405
0.814329
0.771776
0.733121
0.697833
0.665475
0.635685
0.608167
0.582681
0.559036
0.53709
0.516765
0.49808
0.481207
0.466571
0.455039
0.448246
0.449181
0.46316
0.499018
0.569794
0.691246
0.876943
1.13154
1.44708
1.80512
2.18318
2.56119
2.92509
3.26688
3.58312
3.873
4.13721
4.37722
4.59494
4.7925
4.97206
5.13567
5.2852
5.42234
5.54857
5.66526
5.77357
5.87446
5.96893
6.05787
6.14201
6.22197
6.29827
6.37135
6.44155
6.50913
6.57429
6.63712
6.69768
6.75595
6.81184
6.86527
6.9161
6.9642
7.00947
7.0518
7.09116
7.12751
7.16089
7.19136
7.21902
7.244
7.26646
7.28658
7.30456
7.32059
7.33485
7.34755
7.35885
7.3689
7.37788
7.38591
7.39314
7.39965
7.40556
7.41094
7.41586
7.42038
7.42454
7.4284
7.432
7.43537
7.43853
7.4415
7.44431
7.44696
7.44946
7.45183
7.45408
7.45622
7.45825
7.46018
7.46201
7.46375
7.46539
7.46695
7.46842
7.46982
7.47114
7.47238
7.47355
7.47465
7.47568
7.47664
7.47753
7.47837
7.47914
7.47986
7.48052
7.48112
7.48167
7.48216
7.48261
7.483
7.48334
7.48339
0.861407
0.814342
0.77183
0.73326
0.698113
0.665954
0.636416
0.60919
0.584012
0.560664
0.538961
0.51876
0.499951
0.482477
0.466344
0.451662
0.438708
0.428034
0.420627
0.418192
0.423587
0.441395
0.478419
0.543603
0.646809
0.796153
0.994919
1.23961
1.52046
1.824
2.13637
2.44595
2.74462
3.02769
3.29305
3.54017
3.76944
3.98166
4.17789
4.35928
4.52711
4.68267
4.82717
4.96179
5.08756
5.20528
5.31575
5.41982
5.51816
5.61135
5.69989
5.78416
5.86446
5.941
6.01391
6.08322
6.14894
6.21102
6.26942
6.32404
6.37486
6.42185
6.46503
6.50445
6.54022
6.57248
6.60141
6.6272
6.6501
6.67033
6.68814
6.70379
6.71751
6.72952
6.74005
6.74928
6.75739
6.76455
6.77089
6.77653
6.78159
6.78615
6.79031
6.7941
6.79759
6.80083
6.80386
6.80669
6.80937
6.81191
6.81433
6.81663
6.81883
6.82093
6.82295
6.82488
6.82673
6.8285
6.83021
6.83184
6.83339
6.83488
6.8363
6.83766
6.83894
6.84017
6.84134
6.84243
6.84347
6.84445
6.84537
6.84624
6.84704
6.8478
6.8485
6.84915
6.84975
6.85029
6.8508
6.85125
6.85165
6.85179
0.861405
0.814337
0.77183
0.733276
0.698164
0.666062
0.636607
0.60949
0.584447
0.561253
0.539718
0.519682
0.501007
0.483578
0.467302
0.452114
0.437988
0.424958
0.413144
0.402799
0.394372
0.388617
0.386747
0.390654
0.403187
0.428353
0.471313
0.537934
0.633832
0.763
0.926584
1.12222
1.34434
1.58522
1.83645
2.09021
2.34025
2.58218
2.8134
3.03268
3.23974
3.4348
3.61835
3.79099
3.95334
4.10604
4.24977
4.38506
4.51234
4.63238
4.74576
4.85295
4.95435
5.05023
5.14079
5.22615
5.30637
5.38152
5.45163
5.51673
5.57688
5.63217
5.68273
5.72871
5.77031
5.80777
5.84134
5.87129
5.89791
5.92149
5.94233
5.96069
5.97687
5.9911
6.00365
6.0147
6.02447
6.03312
6.04082
6.04769
6.05387
6.05945
6.06452
6.06916
6.07343
6.07737
6.08105
6.08448
6.08771
6.09076
6.09365
6.0964
6.09901
6.1015
6.10389
6.10616
6.10834
6.11043
6.11243
6.11434
6.11617
6.11791
6.11958
6.12117
6.12269
6.12413
6.12551
6.12681
6.12805
6.12922
6.13032
6.13137
6.13235
6.13327
6.13413
6.13494
6.13569
6.13639
6.13704
6.13763
6.13818
6.13847
0.861402
0.814329
0.77182
0.733266
0.698157
0.666065
0.636627
0.609537
0.584531
0.561387
0.539913
0.519949
0.501353
0.484001
0.467781
0.452594
0.438358
0.425005
0.41249
0.400795
0.389939
0.379991
0.371094
0.363498
0.357602
0.354022
0.353679
0.357915
0.368608
0.388235
0.419838
0.466818
0.532557
0.619868
0.730445
0.864419
1.02023
1.19474
1.38372
1.58234
1.78585
1.98998
2.19132
2.38738
2.57655
2.75799
2.93137
3.09666
3.25416
3.40393
3.5459
3.68036
3.80757
3.92773
4.04099
4.14751
4.24743
4.34092
4.42815
4.50931
4.5846
4.65423
4.71844
4.77748
4.83161
4.88111
4.92625
4.96732
5.00461
5.03842
5.06901
5.09666
5.12164
5.14419
5.16456
5.18296
5.1996
5.21465
5.22829
5.24067
5.25193
5.26221
5.2716
5.2802
5.28811
5.2954
5.30213
5.30836
5.31415
5.31955
5.32458
5.32929
5.3337
5.33785
5.34174
5.34541
5.34887
5.35213
5.35521
5.35812
5.36088
5.36348
5.36594
5.36827
5.37047
5.37256
5.37453
5.37639
5.37814
5.3798
5.38136
5.38284
5.38422
5.38553
5.38675
5.3879
5.38898
5.38998
5.39093
5.3918
5.39261
5.39318
0.8614
0.814321
0.77181
0.733253
0.698143
0.66605
0.636614
0.609527
0.584528
0.561393
0.539933
0.519987
0.501414
0.484088
0.467897
0.452737
0.438516
0.425154
0.412579
0.400733
0.389563
0.379033
0.369118
0.35981
0.351126
0.343113
0.335861
0.329516
0.324304
0.320558
0.318752
0.319553
0.323873
0.332907
0.34815
0.37136
0.404477
0.449465
0.50811
0.58178
0.671228
0.776447
0.896626
1.03019
1.17494
1.32829
1.48746
1.64973
1.81263
1.97404
2.13244
2.28642
2.43485
2.57727
2.71351
2.84355
2.96752
3.08556
3.19783
3.30446
3.40557
3.50125
3.59158
3.67664
3.75652
3.83132
3.90116
3.96618
4.02656
4.08247
4.13413
4.18175
4.22556
4.26581
4.30272
4.33653
4.36747
4.39578
4.42165
4.4453
4.46691
4.48667
4.50475
4.52129
4.53644
4.55034
4.56309
4.57481
4.5856
4.59553
4.6047
4.61317
4.621
4.62826
4.635
4.64125
4.64707
4.65249
4.65754
4.66226
4.66666
4.67078
4.67463
4.67824
4.68162
4.68479
4.68776
4.69055
4.69316
4.69561
4.69792
4.70008
4.7021
4.704
4.70579
4.70746
4.70902
4.71049
4.71186
4.71314
4.71434
4.71528
0.861399
0.814317
0.771804
0.733245
0.698133
0.666039
0.636602
0.609515
0.584516
0.561382
0.539924
0.51998
0.501411
0.48409
0.467904
0.452751
0.438537
0.42518
0.412608
0.400755
0.389563
0.37898
0.368962
0.359469
0.350468
0.341932
0.333843
0.32619
0.318974
0.312211
0.305934
0.300201
0.295104
0.290775
0.287401
0.285239
0.28464
0.286068
0.290126
0.297573
0.309327
0.326459
0.350157
0.381676
0.422262
0.47306
0.535015
0.608776
0.694627
0.792439
0.901677
1.0214
1.15048
1.28725
1.42988
1.57649
1.72521
1.87429
2.02214
2.16737
2.30879
2.44546
2.57661
2.70168
2.82031
2.93225
3.0374
3.13577
3.22746
3.31264
3.39154
3.46442
3.53159
3.59336
3.65006
3.70204
3.74961
3.79312
3.83286
3.86915
3.90227
3.9325
3.96008
3.98524
4.00822
4.02921
4.04839
4.06593
4.08199
4.0967
4.1102
4.12259
4.13398
4.14446
4.15412
4.16303
4.17127
4.17888
4.18593
4.19246
4.19852
4.20416
4.20939
4.21427
4.21881
4.22304
4.22699
4.23067
4.23411
4.23733
4.24034
4.24315
4.24579
4.24825
4.25055
4.25271
4.25473
4.25661
4.25838
4.26003
4.26157
4.26285
0.861399
0.814317
0.771804
0.733245
0.698133
0.666039
0.636602
0.609515
0.584516
0.561382
0.539924
0.51998
0.501411
0.48409
0.467904
0.452751
0.438537
0.425181
0.412608
0.400755
0.389563
0.378981
0.368963
0.35947
0.35047
0.341936
0.333849
0.326198
0.318986
0.312226
0.305954
0.300226
0.295134
0.290807
0.287432
0.285261
0.284638
0.28602
0.289997
0.297312
0.308865
0.325703
0.348991
0.37996
0.41984
0.469765
0.530684
0.603265
0.687823
0.784273
0.892125
1.01052
1.13833
1.27395
1.41557
1.56133
1.70938
1.85794
2.00543
2.15044
2.29175
2.4284
2.55962
2.68482
2.80362
2.91577
3.02116
3.11979
3.21175
3.29721
3.37639
3.44956
3.51701
3.57906
3.63604
3.68828
3.73611
3.77986
3.81985
3.85637
3.88971
3.92014
3.94791
3.97326
3.99641
4.01757
4.0369
4.05459
4.07078
4.08562
4.09923
4.11173
4.12323
4.1338
4.14355
4.15255
4.16085
4.16854
4.17565
4.18224
4.18836
4.19404
4.19933
4.20425
4.20883
4.21309
4.21708
4.22079
4.22427
4.22751
4.23054
4.23338
4.23603
4.23851
4.24084
4.24301
4.24504
4.24695
4.24873
4.25039
4.25194
4.25323
0.8614
0.814321
0.77181
0.733253
0.698143
0.66605
0.636614
0.609527
0.584528
0.561393
0.539933
0.519986
0.501413
0.484088
0.467897
0.452737
0.438516
0.425154
0.41258
0.400734
0.389567
0.379039
0.369128
0.359826
0.351151
0.343151
0.335915
0.32959
0.324403
0.320682
0.318899
0.319712
0.324017
0.332988
0.348087
0.371035
0.403725
0.448074
0.505826
0.578323
0.666311
0.769799
0.888012
1.01943
1.16194
1.313
1.46992
1.63003
1.7909
1.95042
2.1071
2.25948
2.40646
2.54757
2.68264
2.81165
2.93471
3.05196
3.16356
3.26964
3.3703
3.46565
3.55575
3.64069
3.72053
3.79537
3.86532
3.93052
3.99112
4.04731
4.09928
4.14725
4.19143
4.23205
4.26935
4.30356
4.3349
4.3636
4.38986
4.41389
4.43588
4.456
4.47443
4.4913
4.50678
4.52097
4.53402
4.54601
4.55705
4.56723
4.57662
4.5853
4.59334
4.60078
4.60769
4.61411
4.62008
4.62564
4.63082
4.63565
4.64016
4.64438
4.64833
4.65202
4.65548
4.65873
4.66176
4.66461
4.66728
4.66979
4.67214
4.67435
4.67642
4.67836
4.68018
4.68188
4.68348
4.68498
4.68638
4.68769
4.68891
4.68987
0.861402
0.814329
0.77182
0.733266
0.698157
0.666065
0.636627
0.609537
0.584531
0.561386
0.539912
0.519948
0.501352
0.484
0.46778
0.452594
0.438358
0.425008
0.412497
0.40081
0.389966
0.380037
0.371169
0.363613
0.357771
0.354259
0.353995
0.358309
0.369058
0.388679
0.420156
0.466815
0.531956
0.618315
0.727533
0.859735
1.0134
1.18548
1.37183
1.56777
1.76863
1.97022
2.16918
2.36304
2.5502
2.7298
2.90149
3.06525
3.22133
3.36977
3.5105
3.64385
3.77005
3.88928
4.0017
4.10746
4.20671
4.29959
4.38628
4.46696
4.54184
4.61113
4.67507
4.73389
4.78787
4.83727
4.88237
4.92345
4.9608
4.9947
5.02543
5.05326
5.07844
5.10122
5.12183
5.14049
5.15739
5.17272
5.18664
5.19931
5.21086
5.22141
5.23107
5.23994
5.2481
5.25563
5.2626
5.26906
5.27507
5.28066
5.28589
5.29078
5.29536
5.29966
5.3037
5.30751
5.31109
5.31447
5.31766
5.32068
5.32352
5.32621
5.32876
5.33116
5.33343
5.33557
5.3376
5.33951
5.34132
5.34302
5.34463
5.34614
5.34756
5.3489
5.35016
5.35134
5.35245
5.35348
5.35445
5.35536
5.35619
5.35679
0.861405
0.814337
0.77183
0.733276
0.698164
0.666061
0.636606
0.609489
0.584445
0.561251
0.539716
0.519679
0.501003
0.483575
0.467301
0.452116
0.437999
0.424985
0.4132
0.4029
0.394543
0.388892
0.387162
0.391251
0.403992
0.429351
0.472409
0.53891
0.63432
0.762489
0.92447
1.1179
1.33733
1.57517
1.82318
2.07373
2.32068
2.5597
2.78825
3.00508
3.2099
3.40293
3.58464
3.75561
3.91645
4.0678
4.21031
4.34448
4.47078
4.58993
4.70251
4.80899
4.90974
5.00504
5.09508
5.17998
5.2598
5.3346
5.40439
5.46923
5.52915
5.58427
5.63468
5.68056
5.72209
5.75951
5.79307
5.82303
5.84969
5.87334
5.89426
5.91273
5.92903
5.9434
5.95609
5.96729
5.97722
5.98604
5.9939
6.00095
6.0073
6.01304
6.01828
6.02307
6.02749
6.03158
6.0354
6.03897
6.04233
6.04549
6.0485
6.05134
6.05405
6.05664
6.05911
6.06146
6.06371
6.06586
6.06792
6.06989
6.07177
6.07356
6.07527
6.0769
6.07845
6.07993
6.08133
6.08266
6.08392
6.08512
6.08624
6.08731
6.08831
6.08925
6.09013
6.09096
6.09173
6.09245
6.09313
6.09374
6.09431
6.09463
0.861407
0.814342
0.77183
0.733259
0.698112
0.665953
0.636414
0.609186
0.584007
0.560657
0.538953
0.518751
0.499943
0.482474
0.466353
0.451697
0.438792
0.428202
0.420933
0.41871
0.424413
0.44263
0.480124
0.545723
0.649069
0.797993
0.995521
1.23806
1.51593
1.81589
2.12437
2.43003
2.72493
3.00446
3.26656
3.51073
3.73734
3.94718
4.14128
4.3208
4.48697
4.64105
4.78425
4.91772
5.04246
5.15926
5.26892
5.37228
5.46997
5.56259
5.65062
5.73442
5.81432
5.89049
5.96308
6.03211
6.09759
6.15947
6.2177
6.2722
6.32293
6.36986
6.41302
6.45244
6.48823
6.52054
6.54952
6.57539
6.59838
6.61871
6.63663
6.65239
6.66622
6.67836
6.689
6.69835
6.70659
6.71386
6.72031
6.72606
6.73123
6.73589
6.74013
6.74401
6.74759
6.7509
6.754
6.7569
6.75964
6.76223
6.7647
6.76704
6.76928
6.77142
6.77346
6.77542
6.77729
6.77909
6.78081
6.78245
6.78402
6.78552
6.78695
6.78831
6.7896
6.79083
6.792
6.7931
6.79414
6.79512
6.79605
6.79692
6.79773
6.79849
6.7992
6.79986
6.80047
6.80104
6.80156
6.80203
6.80246
6.80262
0.861405
0.814329
0.771775
0.733119
0.69783
0.665469
0.635676
0.608155
0.582667
0.559019
0.537072
0.51675
0.498078
0.481236
0.466664
0.455252
0.44867
0.449961
0.464495
0.50114
0.572858
0.69513
0.88103
1.13472
1.44798
1.80249
2.17617
2.54942
2.90855
3.24582
3.55788
3.84398
4.10482
4.34186
4.55698
4.75228
4.92987
5.09178
5.23983
5.37569
5.50079
5.6165
5.72395
5.82407
5.91788
6.00623
6.08983
6.16931
6.24517
6.31786
6.3877
6.45497
6.51984
6.58242
6.64275
6.70082
6.75655
6.80984
6.86058
6.90863
6.95387
6.99622
7.03561
7.07202
7.10548
7.13605
7.16382
7.18893
7.21152
7.23179
7.24991
7.26607
7.28047
7.29329
7.30471
7.31489
7.32399
7.33213
7.33945
7.34605
7.35203
7.35747
7.36245
7.36702
7.37123
7.37514
7.37877
7.38216
7.38534
7.38832
7.39113
7.39379
7.3963
7.39867
7.40092
7.40304
7.40506
7.40698
7.4088
7.41052
7.41216
7.4137
7.41516
7.41654
7.41784
7.41907
7.42022
7.42131
7.42233
7.42328
7.42417
7.425
7.42577
7.42648
7.42715
7.42776
7.42832
7.42882
7.42929
7.4297
7.43007
7.43014
0.861388
0.814243
0.771526
0.732589
0.696904
0.66406
0.633745
0.605725
0.579833
0.555963
0.534099
0.514399
0.497328
0.483927
0.476297
0.478548
0.4985
0.549957
0.653738
0.833433
1.10407
1.46099
1.87969
2.32675
2.77239
3.19664
3.58907
3.94563
4.26607
4.55216
4.80678
5.03325
5.2349
5.41488
5.57601
5.72084
5.85162
5.97033
6.07866
6.17812
6.26994
6.35516
6.43483
6.50981
6.58082
6.64852
6.71341
6.77595
6.83649
6.89534
6.9527
7.00872
7.0635
7.11706
7.16938
7.22038
7.26995
7.31793
7.36418
7.40851
7.45077
7.49083
7.52857
7.56393
7.59686
7.62737
7.65551
7.68134
7.70496
7.72648
7.74605
7.7638
7.77989
7.79447
7.80767
7.81963
7.83047
7.84032
7.84927
7.85744
7.8649
7.87174
7.87802
7.88381
7.88915
7.89409
7.89867
7.90293
7.90689
7.9106
7.91406
7.91729
7.92032
7.92316
7.92583
7.92833
7.93068
7.93289
7.93497
7.93692
7.93876
7.94047
7.94209
7.9436
7.94501
7.94634
7.94757
7.94873
7.9498
7.9508
7.95173
7.95258
7.95337
7.9541
7.95477
7.95538
7.95594
7.95644
7.9569
7.95729
7.95764
7.95768
0.861316
0.813937
0.770764
0.731164
0.694688
0.661043
0.63005
0.601617
0.575722
0.552453
0.532134
0.51562
0.504867
0.504047
0.521817
0.57504
0.691863
0.906484
1.2399
1.68081
2.18893
2.71663
3.22728
3.69979
4.12512
4.50151
4.83134
5.11892
5.36926
5.5873
5.77763
5.94438
6.09115
6.22105
6.33673
6.44044
6.53406
6.61925
6.69734
6.76947
6.83673
6.89995
6.9599
7.01718
7.07233
7.12579
7.17793
7.22903
7.27935
7.32906
7.37828
7.42706
7.47543
7.52335
7.57075
7.61749
7.66344
7.70842
7.75224
7.79469
7.83559
7.87476
7.91208
7.94743
7.98073
8.01196
8.0411
8.06817
8.09324
8.11637
8.13767
8.15723
8.17519
8.19164
8.20672
8.22051
8.23314
8.24471
8.2553
8.26503
8.27396
8.28218
8.28976
8.29674
8.30318
8.30913
8.31463
8.31973
8.32447
8.32887
8.33297
8.33677
8.34032
8.34362
8.3467
8.34958
8.35227
8.35478
8.35713
8.35932
8.36136
8.36326
8.36504
8.36669
8.36823
8.36967
8.37101
8.37225
8.37339
8.37445
8.37543
8.37633
8.37715
8.37791
8.3786
8.37923
8.3798
8.3803
8.38076
8.38115
8.38149
8.38149
0.861095
0.81312
0.768983
0.728219
0.690618
0.656142
0.624856
0.596908
0.572557
0.552348
0.537578
0.531345
0.540733
0.581124
0.682364
0.888883
1.23826
1.7271
2.30623
2.91169
3.49391
4.02501
4.49403
4.90024
5.24826
5.54483
5.79715
6.01202
6.19557
6.35303
6.4889
6.6069
6.71017
6.80132
6.88248
6.95545
7.0217
7.08247
7.13886
7.19175
7.2419
7.28995
7.3364
7.38171
7.42622
7.47025
7.51402
7.55772
7.6015
7.64546
7.68962
7.73398
7.77852
7.82313
7.86772
7.91211
7.95615
7.99962
8.04231
8.08399
8.12447
8.16354
8.20104
8.23685
8.27085
8.303
8.33325
8.36158
8.38802
8.41262
8.43544
8.45658
8.47612
8.49416
8.51078
8.52609
8.54017
8.55313
8.56504
8.57602
8.58612
8.59544
8.60403
8.61195
8.61925
8.62599
8.63222
8.63798
8.64332
8.64827
8.65287
8.65712
8.66107
8.66473
8.66814
8.6713
8.67425
8.677
8.67956
8.68194
8.68414
8.68619
8.6881
8.68987
8.69151
8.69303
8.69445
8.69575
8.69695
8.69806
8.69907
8.7
8.70086
8.70163
8.70234
8.70298
8.70356
8.70407
8.70452
8.7049
8.70523
8.70522
0.860556
0.811383
0.765661
0.72337
0.684751
0.650174
0.620105
0.595152
0.576235
0.565174
0.566222
0.589503
0.657632
0.813383
1.11251
1.58392
2.19413
2.86724
3.53101
4.1397
4.67325
5.12843
5.51082
5.82953
6.09438
6.31457
6.49811
6.65181
6.78129
6.89117
6.98523
7.06652
7.13755
7.20034
7.25657
7.30756
7.35448
7.39827
7.43972
7.47948
7.51808
7.55597
7.59349
7.63095
7.66858
7.70657
7.74507
7.78418
7.82398
7.86449
7.9057
7.94755
7.98995
8.0328
8.07594
8.11918
8.16234
8.2052
8.2475
8.28901
8.32951
8.3688
8.40669
8.44304
8.47773
8.51069
8.54184
8.57116
8.59864
8.62434
8.64828
8.67056
8.69123
8.71039
8.72811
8.74446
8.75954
8.77345
8.78627
8.79809
8.809
8.81906
8.82833
8.83688
8.84475
8.85202
8.85873
8.86493
8.87066
8.87598
8.88089
8.88544
8.88965
8.89355
8.89716
8.90052
8.90364
8.90655
8.90924
8.91173
8.91404
8.91618
8.91816
8.92
8.9217
8.92328
8.92474
8.92608
8.92731
8.92844
8.92947
8.93042
8.93128
8.93206
8.93277
8.93341
8.93398
8.93448
8.93493
8.93529
8.93561
8.93556
0.859463
0.808329
0.760549
0.716884
0.678258
0.645722
0.620574
0.604577
0.600471
0.613542
0.655721
0.75356
0.956313
1.32346
1.8763
2.56488
3.29979
4.00274
4.6286
5.16154
5.60366
5.96524
6.25898
6.49717
6.69057
6.84819
6.97733
7.0839
7.1726
7.24719
7.31067
7.36545
7.41344
7.45619
7.49496
7.53078
7.5645
7.5968
7.62824
7.65928
7.69029
7.72157
7.75337
7.78586
7.81919
7.85349
7.88883
7.92525
7.96277
8.00137
8.04099
8.08154
8.12288
8.1649
8.20739
8.25018
8.29303
8.3357
8.37795
8.41952
8.46017
8.49969
8.5379
8.57464
8.6098
8.64327
8.67499
8.7049
8.73301
8.75934
8.78394
8.80687
8.82819
8.84799
8.86631
8.88325
8.89889
8.91332
8.92664
8.93893
8.95027
8.96074
8.97038
8.97927
8.98744
8.99499
9.00194
9.00838
9.01432
9.01983
9.02491
9.02961
9.03394
9.03796
9.04168
9.04513
9.04834
9.05132
9.05407
9.05662
9.05897
9.06114
9.06316
9.06502
9.06675
9.06834
9.06981
9.07116
9.07239
9.07352
9.07454
9.07548
9.07634
9.07711
9.07781
9.07844
9.07899
9.07947
9.07989
9.08023
9.08054
9.08045
0.857581
0.803765
0.753925
0.709982
0.673998
0.648506
0.636982
0.644228
0.67694
0.746256
0.874971
1.10675
1.49886
2.07858
2.80222
3.57591
4.31109
4.95594
5.49394
5.92993
6.27784
6.55353
6.77159
6.94432
7.08165
7.19145
7.27988
7.35175
7.41084
7.46012
7.5019
7.53804
7.57
7.59897
7.62589
7.6515
7.67641
7.70112
7.72602
7.75143
7.7776
7.80474
7.833
7.86248
7.89327
7.92543
7.95898
7.99394
8.03027
8.06792
8.10678
8.14674
8.18765
8.22934
8.27161
8.31425
8.35702
8.39967
8.44192
8.48352
8.52422
8.56382
8.60212
8.63899
8.67428
8.70791
8.73979
8.76987
8.79816
8.82468
8.84947
8.8726
8.89413
8.91412
8.93264
8.94975
8.96555
8.98014
8.99361
9.00604
9.01752
9.02811
9.03786
9.04684
9.05509
9.06271
9.06974
9.07623
9.08223
9.08778
9.0929
9.09763
9.10199
9.10602
9.10976
9.11323
9.11645
9.11943
9.12219
9.12473
9.12707
9.12924
9.13124
9.1331
9.13481
9.13639
9.13784
9.13917
9.14038
9.14148
9.14249
9.1434
9.14424
9.14499
9.14566
9.14626
9.14679
9.14724
9.14763
9.14794
9.14822
9.14808
0.85475
0.797824
0.746763
0.705337
0.678071
0.671364
0.694026
0.75568
0.864062
1.02832
1.27276
1.64568
2.19296
2.90231
3.68991
4.45352
5.12465
5.67854
6.11924
6.46314
6.72916
6.93437
7.09277
7.21539
7.31075
7.38539
7.4443
7.49135
7.52949
7.56103
7.58776
7.61111
7.63221
7.65194
7.67098
7.68988
7.70907
7.72891
7.74967
7.77157
7.79477
7.81943
7.8456
7.87336
7.90273
7.93374
7.96638
8.00062
8.0364
8.07365
8.11222
8.15196
8.19272
8.2343
8.27649
8.31906
8.36175
8.40432
8.44645
8.48791
8.52845
8.56787
8.60597
8.64262
8.6777
8.71111
8.74276
8.77261
8.80067
8.82698
8.85157
8.87451
8.89586
8.91569
8.93404
8.951
8.96665
8.9811
8.99445
9.00677
9.01814
9.02863
9.03828
9.04716
9.05533
9.06286
9.06981
9.07623
9.08217
9.08766
9.09272
9.09738
9.10168
9.10566
9.10935
9.11277
9.11594
9.11888
9.12159
9.12408
9.12638
9.1285
9.13046
9.13228
9.13395
9.1355
9.1369
9.13819
9.13936
9.14042
9.14139
9.14227
9.14307
9.14378
9.14442
9.14498
9.14548
9.14589
9.14625
9.14652
9.14677
9.14659
0.850945
0.791037
0.741071
0.708544
0.704204
0.743377
0.841183
1.00074
1.21028
1.46455
1.7932
2.25734
2.89354
3.6554
4.43572
5.13977
5.7229
6.18191
6.53354
6.79949
6.99966
7.15022
7.26357
7.34914
7.41397
7.4634
7.50141
7.53106
7.55467
7.57404
7.59058
7.60538
7.6193
7.63299
7.64694
7.66155
7.67714
7.69396
7.71219
7.73199
7.75347
7.77672
7.80174
7.82857
7.85722
7.88768
7.9199
7.95384
7.9894
8.02651
8.06497
8.10463
8.1453
8.1868
8.22886
8.27127
8.31375
8.35605
8.39786
8.43893
8.47903
8.51796
8.55555
8.59166
8.62618
8.65902
8.69008
8.71936
8.74685
8.77261
8.79667
8.81911
8.83998
8.85935
8.87727
8.89381
8.90907
8.92317
8.93618
8.9482
8.95929
8.96952
8.97892
8.98757
8.99551
9.00285
9.00962
9.01588
9.02166
9.02701
9.03193
9.03646
9.04064
9.04451
9.0481
9.05143
9.05451
9.05737
9.05999
9.06241
9.06462
9.06668
9.06857
9.07033
9.07194
9.07343
9.07478
9.07601
9.07712
9.07814
9.07906
9.07989
9.08064
9.08131
9.08191
9.08243
9.08289
9.08326
9.08358
9.08381
9.08403
9.0838
0.846291
0.78448
0.740963
0.732138
0.782902
0.917898
1.13598
1.40183
1.67854
1.96872
2.3291
2.83703
3.51218
4.27536
5.00851
5.63265
6.1253
6.49836
6.7752
6.97892
7.12837
7.23791
7.31815
7.37693
7.42001
7.4517
7.47517
7.49287
7.50661
7.51784
7.52765
7.53688
7.54617
7.55604
7.56681
7.57879
7.5922
7.60723
7.62401
7.64263
7.66316
7.68565
7.71009
7.73647
7.76477
7.79498
7.82702
7.86083
7.89631
7.93333
7.9717
8.01124
8.05175
8.09304
8.13483
8.17689
8.21894
8.26073
8.30196
8.34236
8.38173
8.41989
8.45665
8.49192
8.52556
8.55753
8.58772
8.61613
8.64278
8.66772
8.691
8.7127
8.73286
8.75156
8.76884
8.78479
8.79949
8.81307
8.82561
8.83719
8.84786
8.85772
8.86677
8.87508
8.88273
8.88979
8.8963
8.90233
8.9079
8.91305
8.91778
8.92213
8.92615
8.92988
8.93333
8.93653
8.93949
8.94224
8.94475
8.94706
8.94919
8.95115
8.95297
8.95464
8.95618
8.9576
8.95888
8.96004
8.96109
8.96205
8.96291
8.96369
8.96439
8.96502
8.96557
8.96604
8.96645
8.96679
8.96707
8.96725
8.96745
8.96717
0.841076
0.780262
0.755503
0.803811
0.967362
1.24495
1.57543
1.89302
2.1741
2.45218
2.8114
3.33408
4.01469
4.7471
5.41343
5.95376
6.36354
6.66396
6.88089
7.03656
7.14791
7.2273
7.28363
7.32336
7.35118
7.3706
7.38416
7.39381
7.40103
7.40697
7.41246
7.41819
7.42462
7.43216
7.44103
7.45148
7.46365
7.47769
7.49367
7.51167
7.53171
7.55383
7.57797
7.60413
7.63226
7.66233
7.69425
7.72795
7.7633
7.80016
7.83833
7.87762
7.9178
7.95868
7.99998
8.04145
8.08283
8.12385
8.16421
8.20368
8.24204
8.27914
8.31482
8.34897
8.3815
8.41234
8.44142
8.46875
8.49433
8.51827
8.54058
8.56136
8.58065
8.59854
8.61504
8.63025
8.64428
8.65725
8.6692
8.68025
8.69044
8.69984
8.70846
8.71638
8.72366
8.7304
8.73661
8.74236
8.74767
8.75259
8.75709
8.76124
8.76507
8.76863
8.77192
8.77497
8.77779
8.78041
8.7828
8.78499
8.787
8.78887
8.79059
8.79218
8.79363
8.79497
8.79617
8.79726
8.79824
8.79914
8.79994
8.80067
8.80131
8.80189
8.80239
8.80282
8.80319
8.80348
8.80372
8.80386
8.80403
8.80371
0.835834
0.782845
0.804875
0.972711
1.30334
1.70593
2.08041
2.38463
2.62863
2.87208
3.215
3.7339
4.39637
5.07859
5.67093
6.13207
6.47036
6.71173
6.8819
7.0012
7.08437
7.14189
7.18116
7.20752
7.22481
7.2359
7.24283
7.24722
7.25025
7.25287
7.25572
7.25934
7.2641
7.27031
7.27813
7.28775
7.29926
7.31279
7.32837
7.34605
7.36584
7.38776
7.41172
7.43772
7.46569
7.4956
7.52735
7.56083
7.59593
7.63248
7.67027
7.70909
7.74872
7.78896
7.82951
7.87014
7.91057
7.95056
7.98979
8.02807
8.06517
8.10099
8.13535
8.16817
8.19937
8.22891
8.2567
8.28277
8.30715
8.32994
8.35116
8.3709
8.38921
8.40618
8.42181
8.43622
8.4495
8.46177
8.47309
8.48355
8.49319
8.50209
8.51024
8.51773
8.52462
8.531
8.53688
8.54233
8.54736
8.55201
8.55628
8.5602
8.56382
8.56719
8.5703
8.5732
8.57587
8.57834
8.58059
8.58266
8.58456
8.58632
8.58793
8.58943
8.59079
8.59205
8.59317
8.59418
8.59509
8.59592
8.59666
8.59733
8.59792
8.59845
8.5989
8.59929
8.59961
8.59986
8.60007
8.60017
8.60032
8.59995
0.831587
0.802127
0.928112
1.28652
1.77036
2.21962
2.57018
2.82429
3.01605
3.2187
3.53814
4.03929
4.66641
5.28768
5.80621
6.19651
6.47513
6.66949
6.80367
6.8957
6.95818
6.99995
7.02716
7.04425
7.05438
7.05991
7.06254
7.0636
7.06408
7.06472
7.06605
7.0685
7.07237
7.0779
7.0852
7.09441
7.10561
7.11889
7.13426
7.15176
7.17139
7.19313
7.21691
7.2427
7.27043
7.30007
7.33149
7.3646
7.39924
7.43527
7.47244
7.51056
7.54939
7.58873
7.62827
7.6678
7.70703
7.74574
7.78361
7.82047
7.85611
7.89044
7.9233
7.95463
7.98435
8.01243
8.03881
8.06351
8.08659
8.10813
8.12817
8.1468
8.16407
8.18005
8.19477
8.20832
8.22081
8.23236
8.24301
8.25285
8.26192
8.27028
8.27794
8.28499
8.29146
8.29746
8.303
8.30812
8.31286
8.31724
8.32125
8.32494
8.32834
8.33151
8.33444
8.33717
8.33968
8.342
8.34411
8.34605
8.34782
8.34948
8.35099
8.35238
8.35366
8.35483
8.35587
8.3568
8.35764
8.35841
8.35909
8.3597
8.36024
8.36071
8.36112
8.36146
8.36174
8.36196
8.36213
8.3622
8.36232
8.36193
0.830469
0.859255
1.17559
1.73838
2.2918
2.71233
3.00261
3.19555
3.33471
3.49738
3.78877
4.26047
4.83989
5.39535
5.84416
6.17291
6.40253
6.55975
6.66633
6.73791
6.78522
6.81567
6.83441
6.84513
6.85047
6.85241
6.85235
6.85143
6.85043
6.85
6.85056
6.85246
6.85593
6.86117
6.86825
6.8773
6.88836
6.90151
6.91674
6.93408
6.95351
6.97502
6.99852
7.02398
7.05133
7.08052
7.11142
7.14393
7.17789
7.21316
7.24947
7.28662
7.32439
7.36256
7.40085
7.43902
7.47682
7.51402
7.55032
7.58556
7.61957
7.65225
7.68346
7.71317
7.74129
7.76783
7.7927
7.81597
7.83767
7.85792
7.87673
7.89421
7.91039
7.92536
7.93914
7.95182
7.9635
7.9743
7.98426
7.99347
8.00195
8.00978
8.01694
8.02352
8.02958
8.03519
8.04037
8.04517
8.04961
8.05371
8.05745
8.06091
8.06409
8.06706
8.0698
8.07235
8.0747
8.07688
8.07884
8.08065
8.0823
8.08384
8.08525
8.08655
8.08773
8.08881
8.08977
8.09063
8.0914
8.0921
8.09273
8.09328
8.09377
8.0942
8.09456
8.09486
8.09511
8.09529
8.09543
8.09547
8.09557
8.09516
0.837082
0.991893
1.56882
2.26384
2.79684
3.14647
3.36613
3.50056
3.59292
3.71866
3.97815
4.41061
4.93384
5.42238
5.80715
6.0831
6.27258
6.40037
6.48564
6.5418
6.5779
6.6002
6.61298
6.61937
6.62158
6.62126
6.61962
6.61761
6.61589
6.61499
6.61525
6.61698
6.62035
6.62553
6.63256
6.64155
6.65253
6.66557
6.68063
6.69775
6.71689
6.73806
6.76113
6.78609
6.81286
6.84138
6.87153
6.90321
6.93625
6.97048
7.00566
7.04159
7.07804
7.1148
7.15158
7.18817
7.22431
7.2598
7.29435
7.32781
7.36003
7.39093
7.42039
7.44838
7.47483
7.49974
7.52306
7.54484
7.56513
7.58405
7.60161
7.61792
7.63301
7.64696
7.65978
7.67158
7.68245
7.69251
7.70177
7.71034
7.71824
7.72552
7.73218
7.7383
7.74394
7.74917
7.75399
7.75847
7.7626
7.76642
7.7699
7.77312
7.77608
7.77885
7.7814
7.78378
7.78596
7.78799
7.78981
7.79149
7.79302
7.79445
7.79575
7.79695
7.79805
7.79904
7.79992
7.80071
7.80142
7.80206
7.80262
7.80313
7.80357
7.80395
7.80427
7.80454
7.80475
7.8049
7.80502
7.80504
7.80512
7.8047
0.861181
1.24421
2.07276
2.79228
3.24683
3.51191
3.66451
3.74851
3.80164
3.89394
4.11826
4.50361
4.96519
5.38784
5.71446
5.94506
6.10136
6.20552
6.27406
6.31836
6.34606
6.3624
6.37099
6.37446
6.37465
6.37301
6.37055
6.36805
6.36609
6.3651
6.36537
6.36715
6.3706
6.37583
6.38288
6.39184
6.40273
6.4156
6.43041
6.4472
6.46593
6.48658
6.50905
6.53331
6.55928
6.58691
6.61607
6.64665
6.67849
6.71144
6.74522
6.77967
6.81453
6.84963
6.88467
6.91945
6.95374
6.98733
7.01997
7.05151
7.08182
7.11084
7.13845
7.16464
7.18936
7.21261
7.23433
7.2546
7.27346
7.29104
7.30734
7.32247
7.33645
7.34938
7.36125
7.37218
7.38224
7.39155
7.40013
7.40807
7.41537
7.42212
7.42828
7.43395
7.43917
7.44402
7.44848
7.45263
7.45646
7.46
7.46323
7.4662
7.46895
7.47152
7.47388
7.47608
7.47811
7.47998
7.48166
7.48321
7.48462
7.48594
7.48714
7.48825
7.48925
7.49017
7.49097
7.4917
7.49234
7.49292
7.49343
7.49389
7.49429
7.49463
7.49491
7.49515
7.49533
7.49545
7.49555
7.49555
7.49562
7.4952
0.921568
1.63496
2.62377
3.27803
3.62935
3.81257
3.90728
3.95015
3.9716
4.03397
4.22073
4.55318
4.94993
5.30868
5.58239
5.77354
5.90188
5.98658
6.04161
6.07655
6.09777
6.10968
6.11527
6.11676
6.11572
6.11339
6.1106
6.10802
6.10613
6.10531
6.10577
6.10775
6.11135
6.11669
6.12377
6.13268
6.14342
6.15604
6.1705
6.18682
6.20497
6.22493
6.24659
6.26993
6.29488
6.32137
6.34928
6.37851
6.40889
6.44027
6.47239
6.50508
6.53812
6.57131
6.60438
6.63715
6.66939
6.70092
6.73148
6.76097
6.78926
6.81631
6.842
6.86633
6.88926
6.9108
6.9309
6.94963
6.96706
6.98328
6.99832
7.01226
7.02515
7.03706
7.04798
7.05804
7.0673
7.07587
7.08377
7.09107
7.09779
7.104
7.10967
7.11489
7.11969
7.12416
7.12828
7.1321
7.13562
7.13889
7.14185
7.1446
7.14713
7.14949
7.15167
7.1537
7.15556
7.15728
7.15883
7.16025
7.16155
7.16276
7.16386
7.16488
7.16579
7.16663
7.16736
7.16802
7.1686
7.16913
7.1696
7.17001
7.17036
7.17067
7.17092
7.17112
7.17128
7.17138
7.17146
7.17145
7.17151
7.1711
1.04783
2.14114
3.16621
3.70129
3.94674
4.05805
4.1052
4.11565
4.11228
4.1484
4.29653
4.57246
4.90288
5.19994
5.42496
5.58103
5.68509
5.75318
5.79689
5.82414
5.84017
5.84863
5.85203
5.8522
5.85046
5.84786
5.84508
5.84271
5.84111
5.84062
5.84141
5.84366
5.84747
5.85292
5.86002
5.86883
5.87935
5.89162
5.9056
5.92132
5.93872
5.9578
5.97845
6.00065
6.02433
6.04944
6.07584
6.10344
6.13208
6.16162
6.19181
6.22249
6.25343
6.28448
6.31536
6.3459
6.3759
6.40519
6.43353
6.46084
6.487
6.51197
6.53565
6.55806
6.57915
6.59894
6.61738
6.63457
6.65054
6.66539
6.67915
6.69191
6.70369
6.71458
6.72455
6.73374
6.7422
6.75003
6.75725
6.76392
6.77006
6.77574
6.78091
6.78568
6.79007
6.79416
6.79792
6.80141
6.80463
6.80762
6.81033
6.81284
6.81515
6.81732
6.81931
6.82116
6.82286
6.82444
6.82585
6.82715
6.82833
6.82944
6.83044
6.83136
6.8322
6.83296
6.83362
6.83422
6.83474
6.83522
6.83564
6.83601
6.83633
6.8366
6.83683
6.83701
6.83714
6.83723
6.83729
6.83728
6.83732
6.83694
1.27351
2.71742
3.66588
4.05947
4.20809
4.25946
4.26862
4.2541
4.23198
4.24581
4.35597
4.57407
4.83802
5.07545
5.25486
5.37883
5.461
5.51431
5.54806
5.56865
5.58031
5.58599
5.58772
5.58702
5.58495
5.58238
5.57988
5.57791
5.57678
5.57675
5.57795
5.58056
5.58461
5.59019
5.59728
5.60595
5.61618
5.62801
5.64139
5.65636
5.67285
5.69087
5.71031
5.73115
5.75333
5.7768
5.80142
5.82712
5.85375
5.88117
5.90914
5.93753
5.96613
5.99477
6.02322
6.05132
6.07887
6.10574
6.13169
6.15667
6.18057
6.20336
6.22494
6.24534
6.26452
6.2825
6.29925
6.31484
6.32931
6.34278
6.35524
6.36679
6.37745
6.3873
6.39632
6.40463
6.41228
6.41936
6.42588
6.43192
6.43748
6.44261
6.44729
6.4516
6.45557
6.45927
6.46267
6.46584
6.46875
6.47146
6.47391
6.47618
6.47828
6.48024
6.48204
6.48372
6.48526
6.48668
6.48795
6.48913
6.4902
6.4912
6.4921
6.49294
6.49369
6.49438
6.49498
6.49551
6.49599
6.49642
6.49679
6.49713
6.49741
6.49765
6.49785
6.49801
6.49813
6.4982
6.49826
6.49824
6.49828
6.49793
1.62357
3.31924
4.10849
4.35966
4.42515
4.42805
4.40731
4.3739
4.33825
4.33417
4.40895
4.57041
4.76919
4.94892
5.08483
5.17848
5.24012
5.27966
5.30421
5.31873
5.32648
5.32979
5.3302
5.32893
5.32681
5.32453
5.32251
5.32114
5.32064
5.32121
5.32294
5.32597
5.33033
5.33606
5.34316
5.35167
5.36157
5.37289
5.38558
5.39968
5.41512
5.43191
5.44995
5.46923
5.48968
5.51126
5.53384
5.55738
5.58171
5.60672
5.63219
5.65801
5.68398
5.70995
5.7357
5.76111
5.78599
5.81022
5.8336
5.85608
5.87756
5.89802
5.91738
5.93566
5.95283
5.96892
5.98389
5.99782
6.01075
6.02277
6.03389
6.04419
6.0537
6.06247
6.07051
6.07792
6.08474
6.09105
6.09686
6.10224
6.10719
6.11176
6.11593
6.11978
6.12332
6.12662
6.12965
6.13248
6.13508
6.13749
6.13967
6.1417
6.14357
6.14532
6.14693
6.14843
6.1498
6.15107
6.1522
6.15325
6.15421
6.1551
6.15591
6.15666
6.15733
6.15794
6.15847
6.15895
6.15937
6.15976
6.16009
6.16039
6.16064
6.16086
6.16103
6.16117
6.16128
6.16135
6.1614
6.16138
6.16142
6.16111
2.11223
3.91483
4.49453
4.61443
4.6112
4.57553
4.53138
4.48381
4.43902
4.42166
4.46564
4.57441
4.71116
4.8355
4.92947
4.99379
5.03554
5.06171
5.07737
5.08608
5.09018
5.09135
5.0907
5.0891
5.08717
5.08541
5.0841
5.08354
5.08385
5.08519
5.08761
5.09119
5.09596
5.10193
5.10909
5.11747
5.12705
5.13784
5.1498
5.16296
5.17726
5.19269
5.20918
5.22673
5.24526
5.26473
5.28506
5.30617
5.32793
5.35026
5.37295
5.3959
5.41895
5.44196
5.46475
5.4872
5.50916
5.53051
5.55109
5.57085
5.58972
5.60768
5.62465
5.64067
5.6557
5.66978
5.68286
5.69504
5.70633
5.71683
5.72653
5.73552
5.7438
5.75146
5.75846
5.76492
5.77087
5.77637
5.78143
5.78612
5.79044
5.79442
5.79805
5.80141
5.8045
5.80738
5.81002
5.81249
5.81475
5.81686
5.81876
5.82054
5.82217
5.8237
5.8251
5.82641
5.82761
5.82872
5.8297
5.83062
5.83146
5.83224
5.83295
5.8336
5.83419
5.83473
5.83519
5.83561
5.83598
5.83632
5.83661
5.83688
5.8371
5.83729
5.83745
5.83757
5.83767
5.83773
5.83778
5.83777
5.83781
5.83757
2.75669
4.49024
4.83643
4.84145
4.78256
4.71629
4.65367
4.5954
4.5449
4.51891
4.53831
4.6013
4.68174
4.75428
4.80816
4.84399
4.86618
4.87913
4.88598
4.88897
4.88955
4.88875
4.88724
4.88556
4.88406
4.88307
4.88273
4.88322
4.88459
4.88693
4.89024
4.89458
4.89993
4.9063
4.91365
4.92203
4.93138
4.94171
4.95299
4.96523
4.97838
4.99244
5.00733
5.02307
5.03957
5.05682
5.07472
5.09323
5.11224
5.13166
5.15134
5.17119
5.19107
5.21088
5.23044
5.24968
5.26846
5.28669
5.30424
5.32108
5.33713
5.3524
5.3668
5.38039
5.39313
5.40505
5.41612
5.42642
5.43597
5.44484
5.45302
5.46061
5.4676
5.47406
5.47996
5.48542
5.49043
5.49507
5.49934
5.50329
5.50692
5.51029
5.51334
5.51618
5.51879
5.52122
5.52344
5.52552
5.52744
5.52921
5.53082
5.53232
5.5337
5.53499
5.53617
5.53728
5.53829
5.53923
5.54007
5.54085
5.54156
5.54222
5.54282
5.54338
5.54387
5.54433
5.54473
5.54509
5.54541
5.5457
5.54595
5.54618
5.54638
5.54655
5.54669
5.5468
5.54689
5.54695
5.547
5.54701
5.54704
5.54688
3.60494
5.05606
5.162
5.06896
4.96491
4.87388
4.79616
4.72937
4.67545
4.64497
4.64701
4.67372
4.70672
4.73356
4.75071
4.75968
4.76307
4.76315
4.76138
4.75882
4.75604
4.75346
4.7513
4.74978
4.74898
4.74903
4.74992
4.75174
4.75445
4.75806
4.76253
4.76789
4.77408
4.7811
4.7889
4.79749
4.80684
4.81694
4.82774
4.83926
4.85144
4.86429
4.87772
4.89177
4.90636
4.92147
4.93701
4.95296
4.96922
4.98574
5.00237
5.01907
5.03572
5.05223
5.06847
5.0844
5.09989
5.11488
5.12927
5.14307
5.15618
5.16863
5.18036
5.19141
5.20175
5.21141
5.22037
5.22872
5.23644
5.24361
5.25021
5.25634
5.26197
5.26718
5.27193
5.27633
5.28037
5.28412
5.28755
5.29073
5.29365
5.29636
5.29882
5.30111
5.30321
5.30517
5.30696
5.30863
5.31017
5.3116
5.31289
5.31411
5.31522
5.31627
5.31722
5.31811
5.31893
5.31969
5.32036
5.321
5.32157
5.32212
5.3226
5.32305
5.32346
5.32384
5.32416
5.32446
5.32473
5.32497
5.32518
5.32538
5.32554
5.32569
5.32581
5.32592
5.326
5.32606
5.32612
5.32614
5.32618
5.32611
4.84953
5.68152
5.5407
5.36077
5.21734
5.10416
5.01242
4.93747
4.88077
4.84853
4.83987
4.84063
4.83717
4.82684
4.81267
4.79788
4.78418
4.77236
4.76257
4.75484
4.74899
4.74488
4.7423
4.74115
4.74126
4.74257
4.74494
4.74834
4.75264
4.7578
4.76372
4.77041
4.77777
4.78579
4.79438
4.8036
4.81334
4.82363
4.83438
4.84563
4.85731
4.86942
4.88188
4.89474
4.90789
4.92134
4.93499
4.94885
4.96281
4.97684
4.99083
5.00477
5.01854
5.03209
5.04532
5.05821
5.07066
5.08265
5.0941
5.10503
5.11539
5.12518
5.13437
5.14301
5.15106
5.15858
5.16553
5.172
5.17798
5.18353
5.18862
5.19334
5.19767
5.20168
5.20533
5.20872
5.21183
5.21471
5.21734
5.21978
5.22202
5.22409
5.22597
5.22774
5.22935
5.23086
5.23223
5.23352
5.23469
5.23579
5.23677
5.23771
5.23857
5.23938
5.2401
5.24079
5.24141
5.242
5.24251
5.24301
5.24346
5.24388
5.24425
5.24461
5.24492
5.24522
5.24547
5.24572
5.24593
5.24613
5.2463
5.24647
5.24661
5.24673
5.24684
5.24693
5.24701
5.24708
5.24714
5.24718
5.24722
5.24726
6.07793
5.55971
5.24739
5.0417
4.89426
4.78188
4.69231
4.6203
4.5676
4.53968
4.53353
4.53388
4.52772
4.51339
4.49502
4.4766
4.46017
4.4465
4.4356
4.42732
4.42131
4.41731
4.41505
4.41432
4.41493
4.41674
4.41958
4.42339
4.42804
4.43346
4.43957
4.44635
4.45371
4.46163
4.47005
4.47898
4.48835
4.49816
4.50835
4.51893
4.52984
4.54108
4.55258
4.56436
4.57635
4.58852
4.60079
4.61317
4.62556
4.63792
4.65017
4.6623
4.6742
4.68584
4.69714
4.70809
4.7186
4.72869
4.73827
4.74739
4.756
4.76412
4.77171
4.77883
4.78545
4.79162
4.79732
4.80263
4.80753
4.81206
4.81623
4.82009
4.82363
4.8269
4.82988
4.83266
4.8352
4.83756
4.83971
4.84171
4.84353
4.84522
4.84676
4.84821
4.84953
4.85076
4.85188
4.85293
4.85389
4.85478
4.85558
4.85635
4.85705
4.8577
4.85829
4.85885
4.85935
4.85983
4.86025
4.86065
4.86101
4.86136
4.86166
4.86195
4.8622
4.86244
4.86265
4.86285
4.86302
4.86319
4.86333
4.86346
4.86357
4.86368
4.86377
4.86384
4.86391
4.86397
4.86402
4.86407
4.86409
4.8642
)
;

boundaryField
{
    lowerWall
    {
        type            kqRWallFunction;
        value           nonuniform List<scalar> 
122
(
6.07646
5.55936
5.24723
5.04157
4.89414
4.78178
4.6922
4.62012
4.56714
4.53891
4.53304
4.53448
4.52949
4.5159
4.49783
4.47948
4.46304
4.44929
4.43824
4.42985
4.42377
4.41971
4.41734
4.41656
4.41713
4.4189
4.42167
4.42545
4.43009
4.43551
4.4416
4.44838
4.45576
4.46371
4.47211
4.48107
4.49049
4.50034
4.51055
4.52118
4.53216
4.54346
4.55497
4.5668
4.57885
4.59107
4.60337
4.61578
4.62822
4.64062
4.65285
4.66499
4.67691
4.68855
4.69981
4.71075
4.72126
4.73132
4.74084
4.74993
4.75852
4.7666
4.77413
4.78123
4.78784
4.79398
4.79962
4.80491
4.8098
4.81433
4.81845
4.82231
4.82586
4.82913
4.83207
4.83485
4.83741
4.83977
4.84189
4.8439
4.84575
4.84745
4.84896
4.85041
4.85175
4.85299
4.8541
4.85516
4.85614
4.85704
4.85781
4.85859
4.8593
4.85997
4.86054
4.86111
4.86163
4.86211
4.8625
4.86291
4.86329
4.86364
4.86392
4.86422
4.86448
4.86473
4.86492
4.86512
4.8653
4.86547
4.86561
4.86574
4.86586
4.86597
4.86606
4.86614
4.86621
4.86627
4.86633
4.86637
4.86637
4.86649
)
;
    }
    upperWall
    {
        type            kqRWallFunction;
        value           nonuniform List<scalar> 
122
(
6.07793
5.55971
5.24739
5.0417
4.89426
4.78188
4.69231
4.6203
4.5676
4.53968
4.53353
4.53388
4.52772
4.51339
4.49502
4.4766
4.46017
4.4465
4.4356
4.42732
4.42131
4.41731
4.41505
4.41432
4.41493
4.41674
4.41958
4.42339
4.42804
4.43346
4.43957
4.44635
4.45371
4.46163
4.47005
4.47898
4.48835
4.49816
4.50835
4.51893
4.52984
4.54108
4.55258
4.56436
4.57635
4.58852
4.60079
4.61317
4.62556
4.63792
4.65017
4.6623
4.6742
4.68584
4.69714
4.70809
4.7186
4.72869
4.73827
4.74739
4.756
4.76412
4.77171
4.77883
4.78545
4.79162
4.79732
4.80263
4.80753
4.81206
4.81623
4.82009
4.82363
4.8269
4.82988
4.83266
4.8352
4.83756
4.83971
4.84171
4.84353
4.84522
4.84676
4.84821
4.84953
4.85076
4.85188
4.85293
4.85389
4.85478
4.85558
4.85635
4.85705
4.8577
4.85829
4.85885
4.85935
4.85983
4.86025
4.86065
4.86101
4.86136
4.86166
4.86195
4.8622
4.86244
4.86265
4.86285
4.86302
4.86319
4.86333
4.86346
4.86357
4.86368
4.86377
4.86384
4.86391
4.86397
4.86402
4.86407
4.86409
4.8642
)
;
    }
    inlet
    {
        type            turbulentIntensityKineticEnergyInlet;
        intensity       0.0223;
        value           uniform 0.91377;
    }
    outlet
    {
        type            zeroGradient;
    }
    frontAndBack
    {
        type            empty;
    }
}


// ************************************************************************* //
