/*--------------------------------*- C++ -*----------------------------------*\
  =========                 |
  \\      /  F ield         | OpenFOAM: The Open Source CFD Toolbox
   \\    /   O peration     | Website:  https://openfoam.org
    \\  /    A nd           | Version:  8
     \\/     M anipulation  |
\*---------------------------------------------------------------------------*/
FoamFile
{
    version     2.0;
    format      ascii;
    class       volScalarField;
    location    "300";
    object      nut;
}
// * * * * * * * * * * * * * * * * * * * * * * * * * * * * * * * * * * * * * //

dimensions      [0 2 -1 0 0 0 0];

internalField   nonuniform List<scalar> 
7320
(
0.000286298
0.000273845
0.000266047
0.000260781
0.00025694
0.000253973
0.000251581
0.00024962
0.000248103
0.000247188
0.000246914
0.000246961
0.000246909
0.000246617
0.000246167
0.000245677
0.00024522
0.000244827
0.000244504
0.000244252
0.000244063
0.000243931
0.000243846
0.000243806
0.000243803
0.000243834
0.000243893
0.000243981
0.000244093
0.000244226
0.000244378
0.000244549
0.000244736
0.000244939
0.000245154
0.000245384
0.000245627
0.000245881
0.000246145
0.00024642
0.000246704
0.000246997
0.000247296
0.000247603
0.000247916
0.000248235
0.000248556
0.00024888
0.000249206
0.000249532
0.000249854
0.000250175
0.000250491
0.0002508
0.000251101
0.000251393
0.000251675
0.000251946
0.000252203
0.00025245
0.000252683
0.000252903
0.000253109
0.000253302
0.000253483
0.000253652
0.000253807
0.000253952
0.000254087
0.000254212
0.000254325
0.000254432
0.000254529
0.00025462
0.000254701
0.000254778
0.000254848
0.000254913
0.000254972
0.000255027
0.000255078
0.000255125
0.000255166
0.000255206
0.000255243
0.000255277
0.000255308
0.000255337
0.000255364
0.000255389
0.00025541
0.000255431
0.000255451
0.000255469
0.000255485
0.000255501
0.000255515
0.000255529
0.00025554
0.000255551
0.000255562
0.000255571
0.00025558
0.000255588
0.000255595
0.000255602
0.000255608
0.000255613
0.000255619
0.000255624
0.000255627
0.000255631
0.000255635
0.000255638
0.000255641
0.000255643
0.000255645
0.000255647
0.000255649
0.00025565
0.000255651
0.000255654
0.000562809
0.000740635
0.000767566
0.000767648
0.000763095
0.000757973
0.000753086
0.000748498
0.000744491
0.000742467
0.000744221
0.000749793
0.000757273
0.000764605
0.000770627
0.000775099
0.000778221
0.000780311
0.00078164
0.000782452
0.000782897
0.000783093
0.000783123
0.000783066
0.000782963
0.000782859
0.000782787
0.000782768
0.000782817
0.000782945
0.000783156
0.000783454
0.000783842
0.000784321
0.000784894
0.000785563
0.000786329
0.000787189
0.000788141
0.000789182
0.000790311
0.000791523
0.000792819
0.000794199
0.000795661
0.000797197
0.000798798
0.000800456
0.000802164
0.000803909
0.000805683
0.000807481
0.000809291
0.000811097
0.000812884
0.000814639
0.000816352
0.00081801
0.000819607
0.000821145
0.000822618
0.000824018
0.000825339
0.00082658
0.000827742
0.000828823
0.00082983
0.000830771
0.000831651
0.000832466
0.000833217
0.000833909
0.000834545
0.000835127
0.000835663
0.000836164
0.000836633
0.000837065
0.000837461
0.000837824
0.000838156
0.000838458
0.000838736
0.000838998
0.000839245
0.000839474
0.000839684
0.000839877
0.000840053
0.000840212
0.000840358
0.000840498
0.000840631
0.000840755
0.000840867
0.000840969
0.000841062
0.000841145
0.000841221
0.000841294
0.000841364
0.000841427
0.000841484
0.000841535
0.000841579
0.000841618
0.000841652
0.000841685
0.000841715
0.000841742
0.000841765
0.000841784
0.0008418
0.000841813
0.000841822
0.000841827
0.000841832
0.000841834
0.000841836
0.000841833
0.000841839
0.000841821
0.000761074
0.00115457
0.00127125
0.00130574
0.00131553
0.00131688
0.00131477
0.00131048
0.00130546
0.00130554
0.00131963
0.00135092
0.00139285
0.00143515
0.001471
0.00149854
0.00151862
0.00153284
0.00154264
0.00154923
0.00155345
0.00155595
0.0015572
0.00155762
0.00155748
0.001557
0.00155637
0.00155574
0.0015552
0.00155481
0.00155462
0.00155468
0.001555
0.00155561
0.00155651
0.00155775
0.00155933
0.00156124
0.00156348
0.00156605
0.00156894
0.00157213
0.00157563
0.00157946
0.00158361
0.00158804
0.00159271
0.00159762
0.00160273
0.00160799
0.00161337
0.00161888
0.00162447
0.00163007
0.00163563
0.00164112
0.0016465
0.00165171
0.00165673
0.0016616
0.00166627
0.00167073
0.00167493
0.00167889
0.0016826
0.00168606
0.00168926
0.00169228
0.00169511
0.00169774
0.00170015
0.00170238
0.00170443
0.00170631
0.00170802
0.00170964
0.00171117
0.00171258
0.00171386
0.00171504
0.00171612
0.00171709
0.00171798
0.00171883
0.00171964
0.00172039
0.00172107
0.0017217
0.00172227
0.00172278
0.00172324
0.0017237
0.00172413
0.00172454
0.0017249
0.00172523
0.00172553
0.0017258
0.00172603
0.00172626
0.00172649
0.0017267
0.00172688
0.00172704
0.00172718
0.0017273
0.00172739
0.00172749
0.00172759
0.00172767
0.00172773
0.00172779
0.00172783
0.00172786
0.00172788
0.00172788
0.00172789
0.00172788
0.00172787
0.00172785
0.00172786
0.00172776
0.000942185
0.00154867
0.00180332
0.00190638
0.00195123
0.00197185
0.00198068
0.00198179
0.00197962
0.00198915
0.00203323
0.00212144
0.00223747
0.00235389
0.00245241
0.00252833
0.00258416
0.00262426
0.00265249
0.00267203
0.00268512
0.00269348
0.00269835
0.00270079
0.00270152
0.00270118
0.00270016
0.00269894
0.00269774
0.00269676
0.0026961
0.00269591
0.00269626
0.0026972
0.00269875
0.00270105
0.00270411
0.00270792
0.00271243
0.00271769
0.00272367
0.00273035
0.00273769
0.0027458
0.00275461
0.00276407
0.00277406
0.00278459
0.00279557
0.00280688
0.00281844
0.0028303
0.00284235
0.00285444
0.00286642
0.00287827
0.00288987
0.00290112
0.00291193
0.00292242
0.00293253
0.00294216
0.00295122
0.00295978
0.0029678
0.00297527
0.00298218
0.00298871
0.00299484
0.00300055
0.00300576
0.00301059
0.00301503
0.0030191
0.0030228
0.00302631
0.00302963
0.0030327
0.00303547
0.00303803
0.00304037
0.00304249
0.00304439
0.00304624
0.003048
0.00304964
0.0030511
0.00305247
0.00305371
0.00305483
0.00305581
0.00305679
0.00305774
0.00305863
0.0030594
0.00306013
0.00306078
0.00306135
0.00306184
0.00306235
0.00306284
0.0030633
0.00306367
0.00306402
0.00306432
0.00306458
0.00306477
0.00306498
0.00306518
0.00306536
0.0030655
0.00306561
0.0030657
0.00306576
0.00306578
0.00306579
0.00306579
0.00306577
0.00306575
0.00306569
0.00306569
0.00306548
0.00110977
0.00189234
0.00232609
0.00253684
0.00264444
0.00270308
0.00273565
0.00275098
0.00275924
0.00279031
0.00288888
0.00307424
0.00331381
0.00355234
0.00375367
0.00390914
0.00402427
0.00410792
0.00416782
0.00421026
0.00423969
0.00425951
0.00427215
0.00427969
0.00428358
0.00428503
0.00428485
0.00428395
0.00428283
0.00428185
0.00428125
0.00428135
0.00428229
0.00428418
0.00428706
0.00429123
0.0042967
0.00430346
0.00431143
0.00432072
0.00433127
0.00434303
0.00435593
0.00437017
0.00438565
0.00440226
0.00441978
0.00443823
0.00445745
0.00447725
0.00449746
0.00451817
0.00453921
0.00456033
0.00458124
0.0046019
0.00462214
0.00464176
0.00466061
0.0046789
0.00469652
0.00471332
0.00472913
0.00474407
0.00475807
0.00477111
0.00478317
0.00479456
0.00480527
0.00481523
0.00482433
0.00483277
0.00484055
0.00484766
0.00485412
0.00486025
0.00486604
0.00487141
0.00487625
0.00488073
0.00488483
0.00488854
0.00489186
0.00489508
0.00489816
0.00490103
0.00490359
0.00490598
0.00490815
0.00491011
0.00491181
0.00491353
0.00491519
0.00491674
0.00491809
0.00491935
0.0049205
0.00492151
0.00492235
0.00492324
0.0049241
0.00492489
0.00492555
0.00492616
0.00492669
0.00492714
0.00492749
0.00492785
0.0049282
0.00492852
0.00492875
0.00492895
0.0049291
0.00492921
0.00492926
0.00492927
0.00492927
0.00492923
0.0049292
0.00492909
0.00492909
0.00492872
0.00129926
0.00216766
0.00280722
0.00316592
0.00336964
0.00349108
0.00356543
0.00360838
0.00363896
0.0037079
0.0038896
0.00421632
0.0046327
0.00504523
0.00539371
0.00566428
0.00586649
0.00601526
0.00612363
0.00620211
0.00625822
0.00629764
0.0063245
0.00634227
0.0063534
0.0063599
0.00636319
0.00636478
0.00636553
0.00636611
0.00636691
0.00636853
0.00637121
0.00637515
0.00638045
0.00638759
0.00639663
0.00640756
0.00642026
0.00643492
0.00645146
0.00646981
0.00648984
0.00651186
0.00653576
0.00656134
0.00658828
0.0066166
0.00664607
0.00667642
0.00670734
0.00673902
0.00677118
0.00680346
0.00683541
0.00686701
0.00689795
0.00692797
0.00695681
0.00698479
0.00701175
0.00703747
0.00706169
0.00708458
0.00710605
0.00712607
0.00714457
0.00716204
0.00717846
0.00719375
0.00720774
0.0072207
0.00723265
0.00724359
0.00725352
0.00726294
0.00727182
0.00728006
0.0072875
0.00729439
0.0073007
0.00730642
0.00731153
0.00731647
0.00732119
0.00732559
0.00732952
0.00733319
0.00733654
0.00733956
0.00734219
0.00734482
0.00734737
0.00734975
0.00735182
0.00735377
0.00735554
0.00735711
0.00735842
0.00735978
0.00736111
0.00736233
0.00736335
0.00736429
0.00736512
0.00736583
0.00736638
0.00736695
0.00736749
0.00736799
0.00736836
0.00736867
0.00736892
0.00736911
0.0073692
0.00736923
0.00736924
0.00736919
0.00736916
0.00736901
0.00736901
0.00736847
0.00158936
0.00236979
0.00321603
0.00375934
0.00409624
0.004311
0.00445093
0.00454022
0.00460975
0.00473626
0.00503068
0.00554178
0.00618685
0.00682583
0.00736867
0.0077942
0.00811612
0.00835643
0.0085346
0.00866638
0.0087632
0.00883368
0.00888417
0.00891992
0.00894468
0.00896156
0.00897276
0.00898058
0.00898637
0.00899122
0.00899579
0.009001
0.00900728
0.00901498
0.00902427
0.00903586
0.00904987
0.00906634
0.00908513
0.00910652
0.00913042
0.00915674
0.0091853
0.00921655
0.00925031
0.00928636
0.00932425
0.00936404
0.00940538
0.00944794
0.00949127
0.00953563
0.00958065
0.00962586
0.00967064
0.00971495
0.00975837
0.00980054
0.0098411
0.00988043
0.00991834
0.00995456
0.00998869
0.010021
0.0100513
0.0100796
0.0101057
0.0101304
0.0101536
0.0101752
0.010195
0.0102133
0.0102303
0.0102458
0.0102598
0.0102732
0.0102857
0.0102974
0.0103079
0.0103177
0.0103266
0.0103347
0.010342
0.010349
0.0103556
0.0103619
0.0103674
0.0103726
0.0103774
0.0103817
0.0103854
0.0103892
0.0103928
0.0103961
0.0103991
0.0104019
0.0104044
0.0104066
0.0104085
0.0104105
0.0104123
0.0104141
0.0104155
0.0104169
0.0104181
0.0104192
0.01042
0.0104208
0.0104216
0.0104223
0.0104229
0.0104233
0.0104237
0.010424
0.0104242
0.0104243
0.0104243
0.0104243
0.0104242
0.0104241
0.0104241
0.0104234
0.00212971
0.00251874
0.00352592
0.00427908
0.00478654
0.00512967
0.0053647
0.00552485
0.00565491
0.0058611
0.0062958
0.00702869
0.00794919
0.00886561
0.00965247
0.0102777
0.010758
0.0111223
0.0113974
0.0116051
0.0117614
0.0118787
0.011966
0.0120309
0.0120786
0.0121138
0.0121397
0.0121594
0.0121752
0.0121885
0.0122006
0.0122126
0.0122253
0.0122392
0.0122547
0.0122728
0.0122936
0.0123173
0.0123437
0.0123733
0.012406
0.0124417
0.0124801
0.0125219
0.0125668
0.0126146
0.0126647
0.0127173
0.0127719
0.0128281
0.0128852
0.0129437
0.0130031
0.0130628
0.0131219
0.0131805
0.013238
0.013294
0.0133478
0.0134001
0.0134505
0.0134986
0.0135441
0.0135872
0.0136276
0.0136654
0.0137004
0.0137334
0.0137644
0.0137933
0.0138198
0.0138444
0.0138671
0.0138879
0.0139068
0.0139246
0.0139414
0.013957
0.0139711
0.0139842
0.0139962
0.0140072
0.0140169
0.0140263
0.0140352
0.0140435
0.014051
0.014058
0.0140644
0.0140702
0.0140753
0.0140803
0.0140851
0.0140896
0.0140936
0.0140974
0.0141008
0.0141038
0.0141064
0.014109
0.0141116
0.0141139
0.0141159
0.0141178
0.0141195
0.0141209
0.0141221
0.0141232
0.0141243
0.0141253
0.0141261
0.0141268
0.0141274
0.0141278
0.0141281
0.0141282
0.0141283
0.0141284
0.0141284
0.0141282
0.0141282
0.0141274
0.00315396
0.00268385
0.00372404
0.00468603
0.00539568
0.00590398
0.00626841
0.00652963
0.00674676
0.00705631
0.00765472
0.00863827
0.00987326
0.0111153
0.012198
0.0130733
0.0137573
0.0142856
0.0146917
0.0150044
0.0152451
0.0154303
0.0155724
0.0156817
0.0157657
0.0158304
0.0158806
0.0159207
0.0159536
0.0159817
0.0160066
0.0160301
0.0160533
0.0160772
0.0161021
0.0161294
0.0161595
0.0161927
0.0162288
0.0162685
0.0163116
0.0163582
0.016408
0.0164616
0.016519
0.0165799
0.0166435
0.0167102
0.0167793
0.0168503
0.0169227
0.0169967
0.0170718
0.0171474
0.0172224
0.0172968
0.0173699
0.0174412
0.0175099
0.0175766
0.0176409
0.0177025
0.0177608
0.017816
0.0178679
0.0179166
0.0179616
0.018004
0.0180438
0.018081
0.0181151
0.0181468
0.0181761
0.018203
0.0182274
0.0182504
0.0182719
0.018292
0.0183102
0.0183271
0.0183426
0.0183568
0.0183695
0.0183816
0.018393
0.0184037
0.0184134
0.0184224
0.0184307
0.0184383
0.0184449
0.0184514
0.0184576
0.0184634
0.0184686
0.0184735
0.018478
0.018482
0.0184854
0.0184888
0.0184921
0.0184952
0.0184979
0.0185003
0.0185025
0.0185045
0.018506
0.0185076
0.0185091
0.0185104
0.0185115
0.0185125
0.0185133
0.0185139
0.0185143
0.0185147
0.0185149
0.018515
0.018515
0.0185149
0.018515
0.018514
0.00493156
0.00302611
0.00383381
0.00494857
0.00587439
0.00658103
0.00711137
0.00750845
0.00784361
0.00828131
0.00906177
0.0103148
0.011894
0.0135058
0.0149378
0.0161185
0.0170594
0.0177994
0.0183792
0.0188339
0.0191909
0.0194717
0.0196926
0.0198671
0.0200052
0.0201151
0.0202031
0.0202752
0.0203355
0.0203872
0.0204327
0.0204745
0.0205142
0.0205531
0.020592
0.0206327
0.0206756
0.0207214
0.0207701
0.0208224
0.0208782
0.0209378
0.0210008
0.0210681
0.0211396
0.021215
0.0212937
0.0213758
0.0214608
0.0215482
0.0216371
0.0217281
0.0218203
0.0219133
0.0220057
0.0220975
0.0221878
0.022276
0.0223612
0.0224439
0.0225238
0.0226003
0.0226728
0.0227416
0.0228064
0.0228671
0.0229234
0.0229764
0.0230262
0.0230726
0.0231153
0.023155
0.0231917
0.0232254
0.0232561
0.0232849
0.0233118
0.0233369
0.0233597
0.023381
0.0234004
0.0234183
0.0234343
0.0234494
0.0234637
0.0234771
0.0234893
0.0235007
0.0235111
0.0235207
0.0235291
0.0235372
0.023545
0.0235523
0.0235589
0.0235651
0.0235707
0.0235759
0.0235803
0.0235846
0.0235888
0.0235927
0.0235961
0.0235993
0.0236022
0.0236047
0.0236068
0.0236088
0.0236107
0.0236125
0.023614
0.0236153
0.0236164
0.0236173
0.023618
0.0236185
0.0236188
0.023619
0.0236192
0.0236192
0.0236193
0.0236183
0.00765407
0.00384116
0.00395997
0.00506395
0.00617791
0.00710139
0.00783082
0.0084003
0.00888754
0.00947889
0.0104547
0.0119855
0.0139284
0.0159484
0.0177829
0.0193293
0.0205871
0.0215957
0.0224005
0.0230431
0.0235571
0.0239691
0.0243
0.024567
0.0247832
0.0249591
0.0251033
0.0252236
0.0253253
0.025413
0.02549
0.0255598
0.0256244
0.025686
0.0257455
0.0258053
0.0258663
0.0259293
0.0259946
0.0260631
0.026135
0.0262105
0.0262894
0.0263728
0.0264605
0.0265525
0.0266481
0.0267475
0.0268502
0.0269557
0.027063
0.0271726
0.0272837
0.0273957
0.0275072
0.0276181
0.0277274
0.0278343
0.0279377
0.0280381
0.028135
0.0282281
0.0283164
0.0284003
0.0284794
0.0285536
0.0286225
0.0286873
0.028748
0.0288047
0.028857
0.0289056
0.0289506
0.0289919
0.0290296
0.0290649
0.0290978
0.0291284
0.0291564
0.0291824
0.0292063
0.0292283
0.029248
0.0292666
0.0292841
0.0293005
0.0293155
0.0293294
0.0293423
0.0293541
0.0293646
0.0293746
0.0293842
0.0293932
0.0294013
0.029409
0.029416
0.0294224
0.029428
0.0294334
0.0294386
0.0294434
0.0294477
0.0294517
0.0294554
0.0294586
0.0294613
0.0294639
0.0294664
0.0294686
0.0294705
0.0294723
0.0294738
0.029475
0.029476
0.0294767
0.0294773
0.0294777
0.0294781
0.0294781
0.0294784
0.0294773
0.0113261
0.0055177
0.00435843
0.005106
0.00628897
0.00740975
0.00835655
0.00913047
0.00980364
0.0105738
0.0117535
0.0135604
0.0158746
0.0183332
0.0206216
0.0225965
0.024238
0.0255804
0.0266714
0.0275577
0.0282788
0.0288669
0.0293476
0.0297424
0.030068
0.0303378
0.0305627
0.0307527
0.0309151
0.0310559
0.0311796
0.0312906
0.0313921
0.0314868
0.0315765
0.0316638
0.0317502
0.0318371
0.031925
0.032015
0.0321078
0.0322036
0.0323024
0.0324053
0.0325126
0.0326242
0.0327395
0.0328589
0.0329817
0.0331076
0.0332356
0.0333659
0.033498
0.0336311
0.0337639
0.0338959
0.0340261
0.0341536
0.0342772
0.0343972
0.0345131
0.0346244
0.0347301
0.0348306
0.0349255
0.0350146
0.0350974
0.0351752
0.0352481
0.0353161
0.035379
0.0354374
0.0354914
0.0355412
0.0355867
0.035629
0.0356685
0.0357052
0.0357389
0.0357702
0.035799
0.0358255
0.0358494
0.0358718
0.0358928
0.0359125
0.0359305
0.0359474
0.035963
0.0359774
0.0359901
0.0360023
0.0360138
0.0360247
0.0360345
0.0360438
0.0360524
0.0360603
0.0360672
0.0360738
0.0360801
0.0360861
0.0360913
0.0360963
0.0361008
0.0361049
0.0361084
0.0361117
0.0361147
0.0361176
0.03612
0.0361222
0.0361242
0.0361259
0.0361272
0.0361283
0.0361291
0.0361298
0.0361304
0.0361306
0.036131
0.0361299
0.0157242
0.00834315
0.00547881
0.00531281
0.00627206
0.00748286
0.00862509
0.00961753
0.010503
0.0114733
0.0128606
0.0149314
0.0176108
0.0205273
0.0233156
0.0257826
0.0278795
0.0296288
0.0310765
0.0322728
0.0332618
0.0340812
0.0347617
0.0353292
0.0358043
0.036204
0.0365418
0.0368304
0.0370791
0.037296
0.0374869
0.0376576
0.0378125
0.0379552
0.0380881
0.0382149
0.0383375
0.0384579
0.0385769
0.0386964
0.0388169
0.0389395
0.0390639
0.0391918
0.0393234
0.0394591
0.0395982
0.0397412
0.0398878
0.0400375
0.0401892
0.0403434
0.0404993
0.0406563
0.0408128
0.0409684
0.041122
0.0412726
0.0414186
0.0415603
0.0416972
0.0418286
0.0419536
0.0420724
0.0421846
0.0422901
0.0423883
0.0424803
0.0425664
0.0426468
0.0427211
0.0427902
0.0428541
0.0429131
0.042967
0.043017
0.0430636
0.043107
0.0431468
0.0431838
0.0432179
0.0432494
0.0432778
0.0433044
0.0433292
0.0433525
0.0433739
0.0433939
0.0434125
0.0434296
0.0434449
0.0434594
0.0434731
0.0434861
0.0434978
0.043509
0.0435193
0.0435288
0.0435372
0.0435452
0.0435527
0.0435599
0.0435663
0.0435724
0.0435779
0.043583
0.0435873
0.0435913
0.0435951
0.0435986
0.0436017
0.0436045
0.043607
0.0436092
0.043611
0.0436125
0.0436137
0.0436147
0.0436155
0.043616
0.0436166
0.0436155
0.020436
0.012298
0.00781802
0.006176
0.00638151
0.00739753
0.00861762
0.0097944
0.0108941
0.0120736
0.0136627
0.0159728
0.0189943
0.022372
0.0256961
0.0287159
0.0313422
0.033578
0.0354622
0.0370451
0.0383741
0.0394916
0.0404331
0.0412291
0.0419045
0.0424801
0.0429725
0.0433972
0.0437662
0.0440897
0.0443754
0.0446309
0.0448616
0.0450726
0.0452673
0.0454501
0.045624
0.0457914
0.045954
0.046114
0.0462727
0.0464312
0.0465899
0.0467505
0.0469136
0.0470797
0.0472486
0.047421
0.0475964
0.0477747
0.0479548
0.048137
0.0483208
0.0485053
0.0486891
0.0488718
0.0490519
0.0492284
0.0493997
0.0495658
0.049726
0.0498798
0.050026
0.050165
0.0502963
0.0504197
0.0505345
0.0506421
0.0507425
0.0508362
0.0509228
0.0510034
0.0510779
0.0511467
0.0512095
0.0512679
0.051322
0.0513724
0.0514187
0.0514618
0.0515016
0.0515383
0.0515716
0.0516026
0.0516316
0.0516587
0.0516837
0.0517071
0.0517288
0.051749
0.0517671
0.0517841
0.0518002
0.0518153
0.0518292
0.0518423
0.0518545
0.0518659
0.0518759
0.0518854
0.0518944
0.0519029
0.0519106
0.0519178
0.0519245
0.0519307
0.051936
0.0519409
0.0519455
0.0519498
0.0519536
0.0519571
0.0519602
0.051963
0.0519653
0.0519673
0.051969
0.0519704
0.0519715
0.0519723
0.0519732
0.0519722
0.0249655
0.0170282
0.0115579
0.00833357
0.00718489
0.00746843
0.00845244
0.009664
0.0109164
0.0122785
0.0140421
0.0165467
0.0198626
0.0236807
0.0275598
0.0311845
0.0344135
0.0372192
0.0396272
0.0416833
0.0434359
0.0449304
0.0462066
0.0472994
0.0482381
0.0490472
0.0497472
0.0503561
0.0508894
0.0513596
0.0517766
0.05215
0.0524869
0.0527938
0.0530754
0.0533373
0.0535832
0.0538169
0.0540404
0.054257
0.0544683
0.0546761
0.0548813
0.0550859
0.0552908
0.055497
0.0557046
0.0559143
0.0561262
0.0563401
0.0565551
0.0567715
0.0569887
0.0572061
0.0574221
0.0576363
0.0578472
0.0580536
0.0582538
0.0584476
0.0586341
0.0588129
0.0589829
0.0591442
0.0592964
0.0594393
0.0595724
0.0596967
0.0598125
0.0599204
0.0600202
0.0601128
0.0601985
0.0602776
0.0603499
0.0604169
0.0604789
0.0605365
0.0605896
0.060639
0.0606846
0.0607268
0.0607652
0.0608009
0.0608341
0.0608653
0.060894
0.0609209
0.060946
0.0609693
0.0609904
0.0610102
0.0610287
0.0610463
0.0610624
0.0610777
0.0610919
0.0611052
0.061117
0.0611282
0.0611387
0.0611487
0.0611577
0.0611663
0.0611742
0.0611816
0.061188
0.061194
0.0611995
0.0612047
0.0612093
0.0612136
0.0612174
0.0612209
0.0612239
0.0612265
0.0612287
0.0612305
0.0612321
0.0612332
0.0612345
0.0612336
0.0288717
0.021972
0.016356
0.0121013
0.00944116
0.00839311
0.00856532
0.0094328
0.0106263
0.0120545
0.0139099
0.0165229
0.0200449
0.0242433
0.0286665
0.032931
0.0368285
0.0402879
0.0433121
0.0459366
0.048207
0.0501698
0.0518675
0.0533389
0.0546172
0.055731
0.0567044
0.0575589
0.0583123
0.0589808
0.0595767
0.0601116
0.0605948
0.0610345
0.0614369
0.061809
0.0621557
0.0624818
0.0627905
0.0630858
0.0633702
0.0636463
0.0639153
0.06418
0.0644416
0.0647017
0.0649606
0.0652195
0.0654788
0.0657385
0.0659978
0.0662572
0.066516
0.0667738
0.0670291
0.0672812
0.0675287
0.0677705
0.0680045
0.0682305
0.0684474
0.0686548
0.0688516
0.0690379
0.0692132
0.0693777
0.0695306
0.069673
0.0698053
0.0699283
0.0700418
0.0701471
0.0702442
0.070334
0.070416
0.0704918
0.0705618
0.0706267
0.0706865
0.0707422
0.0707937
0.0708414
0.0708849
0.0709254
0.0709629
0.0709981
0.0710306
0.0710611
0.0710896
0.0711162
0.0711403
0.071163
0.0711842
0.0712042
0.0712227
0.0712402
0.0712565
0.0712719
0.0712857
0.0712987
0.0713109
0.0713224
0.071333
0.071343
0.0713522
0.0713609
0.0713686
0.0713757
0.0713823
0.0713884
0.071394
0.0713991
0.0714038
0.071408
0.0714117
0.071415
0.0714178
0.0714202
0.0714223
0.0714238
0.0714255
0.0714248
0.0318857
0.0265348
0.0215151
0.0170856
0.0134878
0.0110287
0.00983963
0.00974046
0.0103949
0.0115701
0.0132983
0.0158384
0.0193992
0.0238471
0.0287481
0.0336515
0.0382646
0.0424544
0.0461877
0.0494813
0.0523729
0.0549065
0.0571257
0.0590714
0.0607803
0.0622847
0.063612
0.0647874
0.065832
0.0667639
0.0675993
0.0683522
0.069034
0.0696549
0.070223
0.0707468
0.0712328
0.071687
0.072114
0.0725186
0.0729045
0.073275
0.0736323
0.0739797
0.074319
0.0746524
0.0749808
0.0753059
0.0756282
0.0759483
0.0762655
0.0765805
0.0768928
0.0772019
0.0775064
0.0778058
0.0780985
0.0783833
0.0786581
0.0789226
0.0791755
0.0794164
0.0796441
0.0798591
0.0800607
0.0802492
0.0804239
0.0805861
0.0807362
0.0808752
0.0810031
0.0811214
0.0812303
0.0813307
0.0814223
0.0815069
0.0815847
0.0816568
0.0817232
0.0817848
0.0818419
0.081895
0.0819434
0.0819884
0.0820302
0.0820694
0.0821055
0.0821396
0.0821714
0.0822012
0.0822284
0.0822539
0.0822778
0.0823003
0.0823212
0.082341
0.0823596
0.0823771
0.0823929
0.0824078
0.0824218
0.082435
0.0824471
0.0824587
0.0824694
0.0824795
0.0824885
0.0824969
0.0825046
0.0825119
0.0825184
0.0825245
0.0825301
0.0825352
0.0825397
0.0825438
0.0825473
0.0825504
0.0825531
0.0825552
0.0825573
0.0825568
0.0339566
0.030257
0.0262955
0.0224004
0.0187478
0.0155653
0.0131385
0.0116694
0.011156
0.0114739
0.0125845
0.0146553
0.0179169
0.0223429
0.0275458
0.0330124
0.038344
0.0433183
0.0478446
0.0519078
0.0555292
0.0587453
0.0615974
0.0641268
0.066372
0.0683681
0.070146
0.0717337
0.0731556
0.074433
0.0755841
0.0766262
0.0775734
0.0784381
0.0792304
0.0799606
0.0806369
0.0812667
0.0818562
0.0824115
0.0829375
0.0834384
0.0839176
0.0843789
0.0848253
0.0852594
0.0856828
0.0860977
0.0865053
0.0869066
0.0873012
0.0876899
0.0880725
0.0884486
0.088817
0.0891769
0.0895271
0.0898662
0.090192
0.090504
0.0908011
0.0910826
0.0913476
0.0915963
0.0918286
0.0920447
0.0922442
0.0924285
0.0925981
0.0927543
0.0928975
0.0930292
0.09315
0.093261
0.0933622
0.0934551
0.0935405
0.0936193
0.0936916
0.0937588
0.0938211
0.0938788
0.0939318
0.0939811
0.0940267
0.0940695
0.0941091
0.0941464
0.0941813
0.0942141
0.0942443
0.0942727
0.0942992
0.0943242
0.0943475
0.0943696
0.0943903
0.09441
0.094428
0.0944449
0.0944607
0.0944757
0.0944895
0.0945027
0.094515
0.0945265
0.094537
0.0945468
0.0945558
0.0945643
0.0945719
0.0945791
0.0945857
0.0945918
0.0945972
0.0946021
0.0946065
0.0946103
0.0946137
0.0946165
0.0946192
0.0946189
0.0352155
0.0329261
0.0301541
0.0271681
0.0241065
0.0210823
0.0182577
0.0158527
0.01407
0.0130301
0.0128341
0.0137102
0.0159956
0.0198322
0.0249281
0.030718
0.0366672
0.0424202
0.0477923
0.0527116
0.057168
0.0611818
0.0647863
0.0680197
0.0709203
0.0735245
0.0758653
0.0779736
0.0798763
0.0815978
0.0831591
0.0845791
0.0858754
0.0870629
0.0881541
0.0891609
0.0900936
0.0909613
0.0917719
0.0925329
0.0932504
0.0939302
0.0945767
0.0951948
0.0957882
0.0963606
0.0969144
0.0974524
0.0979764
0.098488
0.0989873
0.0994756
0.0999525
0.100418
0.100871
0.101311
0.101737
0.102146
0.102538
0.102911
0.103264
0.103597
0.103909
0.104199
0.104469
0.104718
0.104947
0.105157
0.105349
0.105525
0.105684
0.10583
0.105964
0.106085
0.106196
0.106297
0.106389
0.106474
0.106552
0.106624
0.106691
0.106753
0.106809
0.106862
0.106911
0.106957
0.107
0.10704
0.107078
0.107113
0.107146
0.107177
0.107206
0.107234
0.107259
0.107284
0.107307
0.107328
0.107348
0.107367
0.107385
0.107402
0.107418
0.107433
0.107447
0.10746
0.107472
0.107483
0.107493
0.107503
0.107512
0.107521
0.107528
0.107535
0.107542
0.107548
0.107553
0.107558
0.107562
0.107566
0.107569
0.107569
0.0358864
0.0345929
0.0328629
0.0308394
0.0286204
0.0262669
0.0238385
0.0214248
0.0191455
0.0171258
0.0155127
0.0146016
0.0149477
0.0171284
0.0212209
0.0267209
0.0329368
0.0393091
0.0454905
0.0513033
0.0566751
0.0615913
0.0660667
0.0701296
0.073814
0.0771549
0.0801857
0.0829385
0.0854426
0.0877246
0.089808
0.0917143
0.0934626
0.0950705
0.0965535
0.0979255
0.0991986
0.100384
0.101491
0.102529
0.103506
0.104429
0.105303
0.106135
0.106929
0.107691
0.108423
0.10913
0.109813
0.110476
0.111118
0.111741
0.112346
0.112933
0.113501
0.114048
0.114575
0.115079
0.115558
0.116012
0.11644
0.11684
0.117212
0.117557
0.117874
0.118166
0.118432
0.118674
0.118893
0.119092
0.119272
0.119434
0.119582
0.119715
0.119835
0.119945
0.120044
0.120135
0.120218
0.120294
0.120364
0.120429
0.12049
0.120545
0.120597
0.120646
0.120691
0.120734
0.120774
0.120812
0.120847
0.120881
0.120912
0.120942
0.12097
0.120996
0.121022
0.121046
0.121068
0.121089
0.121109
0.121128
0.121145
0.121162
0.121178
0.121193
0.121207
0.12122
0.121232
0.121243
0.121253
0.121263
0.121272
0.121281
0.121288
0.121295
0.121302
0.121308
0.121313
0.121317
0.121322
0.121322
0.0361962
0.0354883
0.0345009
0.0332714
0.0318463
0.0302601
0.0285365
0.0266978
0.0247677
0.0227597
0.0206771
0.0185955
0.0168852
0.0163846
0.0179694
0.021813
0.0273464
0.0337795
0.0404876
0.047085
0.0533677
0.0592436
0.0646833
0.0696904
0.0742854
0.0784961
0.0823529
0.0858867
0.0891273
0.0921025
0.0948375
0.0973559
0.0996789
0.101826
0.103814
0.105659
0.107376
0.108979
0.110478
0.111884
0.113207
0.114455
0.115636
0.116756
0.117823
0.118842
0.119817
0.120753
0.121653
0.122521
0.123358
0.124167
0.124947
0.125699
0.126422
0.127117
0.127781
0.128413
0.129012
0.129576
0.130104
0.130595
0.13105
0.131468
0.131851
0.132199
0.132515
0.1328
0.133056
0.133286
0.133491
0.133676
0.133841
0.133989
0.134122
0.134241
0.134349
0.134447
0.134535
0.134616
0.13469
0.134759
0.134822
0.134881
0.134936
0.134987
0.135035
0.13508
0.135122
0.135163
0.135201
0.135237
0.135271
0.135303
0.135334
0.135363
0.13539
0.135417
0.135442
0.135465
0.135487
0.135509
0.135529
0.135547
0.135565
0.135582
0.135598
0.135613
0.135627
0.13564
0.135652
0.135664
0.135675
0.135685
0.135694
0.135702
0.13571
0.135717
0.135724
0.135729
0.135735
0.135736
0.0363185
0.0358963
0.0353419
0.0346441
0.0338095
0.0328499
0.031775
0.030591
0.0292959
0.0278682
0.0262507
0.0243522
0.0221235
0.0198221
0.018319
0.0187526
0.0216383
0.026617
0.0328978
0.039745
0.0466726
0.0534072
0.0598092
0.0658186
0.0714189
0.0766164
0.0814294
0.0858821
0.090001
0.0938126
0.097342
0.100614
0.10365
0.106473
0.109099
0.111548
0.113834
0.115974
0.117982
0.119868
0.121645
0.123322
0.124908
0.126413
0.127843
0.129206
0.130508
0.131754
0.132948
0.134095
0.135196
0.136256
0.137274
0.138251
0.139188
0.140083
0.140936
0.141745
0.142507
0.143223
0.14389
0.144508
0.145078
0.145599
0.146073
0.146503
0.146889
0.147236
0.147545
0.147821
0.148065
0.148282
0.148475
0.148646
0.148797
0.148933
0.149054
0.149162
0.14926
0.149349
0.14943
0.149504
0.149572
0.149636
0.149695
0.14975
0.149802
0.14985
0.149896
0.14994
0.149982
0.150021
0.150059
0.150095
0.150128
0.150161
0.150192
0.150222
0.15025
0.150277
0.150302
0.150326
0.150349
0.150371
0.150392
0.150412
0.15043
0.150448
0.150464
0.15048
0.150494
0.150508
0.150521
0.150533
0.150544
0.150554
0.150564
0.150573
0.150581
0.150588
0.150595
0.150597
0.0363591
0.0360514
0.0357023
0.0352936
0.0348161
0.0342668
0.0336459
0.0329545
0.0321896
0.0313376
0.0303623
0.0291928
0.027711
0.0257792
0.0234204
0.0211812
0.0201678
0.0213342
0.0248614
0.0302577
0.0367758
0.0437664
0.0508115
0.0576812
0.0642553
0.0704767
0.0763262
0.0818063
0.0869299
0.091715
0.0961826
0.100355
0.104254
0.1079
0.111313
0.114512
0.117512
0.120331
0.122983
0.125483
0.127843
0.130075
0.13219
0.134196
0.136104
0.137922
0.139656
0.141313
0.142899
0.144419
0.145876
0.147274
0.148613
0.149896
0.151122
0.152291
0.153401
0.154452
0.155441
0.156366
0.157227
0.158024
0.158756
0.159425
0.160032
0.16058
0.161072
0.161512
0.161904
0.162251
0.162558
0.162829
0.163068
0.163279
0.163466
0.163631
0.163778
0.163909
0.164026
0.164131
0.164227
0.164315
0.164395
0.164469
0.164537
0.164602
0.164662
0.164718
0.164772
0.164823
0.164871
0.164917
0.164961
0.165003
0.165043
0.165082
0.165118
0.165153
0.165187
0.165219
0.165249
0.165278
0.165306
0.165332
0.165357
0.165381
0.165404
0.165425
0.165446
0.165465
0.165483
0.1655
0.165516
0.165531
0.165545
0.165558
0.16557
0.165581
0.165592
0.165601
0.16561
0.165614
0.0363702
0.0360998
0.0358287
0.035546
0.0352424
0.0349114
0.0345487
0.0341517
0.0337178
0.033241
0.0327075
0.0320903
0.0313405
0.0303696
0.029041
0.027228
0.0250253
0.0230298
0.0222358
0.0234291
0.0267778
0.0319212
0.0382491
0.0451662
0.0522441
0.0592342
0.0660072
0.0724952
0.0786643
0.084503
0.0900153
0.0952134
0.100112
0.104728
0.109076
0.113176
0.117044
0.120696
0.124148
0.127413
0.130506
0.133438
0.136223
0.138871
0.141393
0.143798
0.146094
0.148288
0.150388
0.152399
0.154325
0.15617
0.157937
0.159628
0.161242
0.162779
0.164238
0.165618
0.166916
0.168131
0.169263
0.17031
0.171274
0.172155
0.172957
0.173683
0.174336
0.174922
0.175444
0.175909
0.176322
0.176687
0.17701
0.177297
0.17755
0.177775
0.177974
0.178153
0.178313
0.178456
0.178587
0.178705
0.178814
0.178914
0.179006
0.179092
0.179172
0.179248
0.179319
0.179386
0.17945
0.17951
0.179568
0.179623
0.179675
0.179725
0.179773
0.179818
0.179862
0.179903
0.179943
0.17998
0.180016
0.18005
0.180083
0.180114
0.180143
0.180171
0.180197
0.180222
0.180246
0.180268
0.180289
0.180309
0.180327
0.180345
0.180361
0.180376
0.180391
0.180404
0.180416
0.180422
0.0363726
0.0361118
0.0358642
0.0356247
0.0353881
0.0351496
0.0349052
0.0346517
0.0343862
0.0341054
0.0338043
0.0334747
0.0331037
0.0326685
0.0321246
0.0313937
0.0303615
0.0289237
0.0271274
0.0253705
0.0243934
0.0249203
0.0272986
0.0314465
0.0369903
0.0434381
0.0503336
0.0573433
0.0642685
0.071007
0.0775083
0.0837447
0.0897016
0.0953749
0.10077
0.105896
0.110769
0.1154
0.119803
0.12399
0.127973
0.131764
0.135376
0.138821
0.142111
0.145255
0.148262
0.15114
0.153897
0.156538
0.15907
0.161496
0.163821
0.166045
0.16817
0.170194
0.172117
0.173938
0.175654
0.177264
0.178768
0.180166
0.181458
0.182648
0.183737
0.18473
0.185631
0.186447
0.187182
0.187844
0.188437
0.188969
0.189445
0.189871
0.190253
0.190596
0.190904
0.191181
0.191431
0.191658
0.191864
0.192052
0.192225
0.192383
0.19253
0.192666
0.192792
0.19291
0.193021
0.193125
0.193222
0.193314
0.193401
0.193484
0.193561
0.193635
0.193705
0.193772
0.193835
0.193895
0.193952
0.194006
0.194057
0.194106
0.194152
0.194196
0.194237
0.194276
0.194313
0.194349
0.194382
0.194413
0.194443
0.19447
0.194497
0.194521
0.194544
0.194566
0.194586
0.194605
0.194623
0.194634
0.036373
0.0361141
0.035872
0.0356439
0.0354272
0.0352191
0.0350172
0.0348192
0.0346228
0.0344261
0.0342266
0.0340215
0.0338074
0.0335799
0.033331
0.0330459
0.0326964
0.0322343
0.0315876
0.0306753
0.0294634
0.0280778
0.0268996
0.0264926
0.0273599
0.0297514
0.0336375
0.0387823
0.0448385
0.0514414
0.0582819
0.0651415
0.0718904
0.0784635
0.0848314
0.0909799
0.0969002
0.102587
0.108039
0.113261
0.118261
0.123049
0.127636
0.132033
0.136249
0.14029
0.144167
0.147886
0.151456
0.154883
0.158173
0.161332
0.164363
0.167268
0.170047
0.172701
0.175229
0.177629
0.1799
0.182043
0.184056
0.185941
0.1877
0.189335
0.190849
0.192248
0.193535
0.194717
0.1958
0.196791
0.197695
0.198519
0.19927
0.199955
0.200578
0.201146
0.201664
0.202136
0.202568
0.202963
0.203326
0.203658
0.203964
0.204247
0.204507
0.204748
0.204972
0.20518
0.205373
0.205554
0.205722
0.205879
0.206027
0.206165
0.206295
0.206417
0.206531
0.206639
0.206741
0.206836
0.206926
0.207011
0.207092
0.207167
0.207239
0.207306
0.207369
0.207429
0.207485
0.207539
0.207589
0.207636
0.20768
0.207722
0.207761
0.207798
0.207833
0.207866
0.207896
0.207925
0.207952
0.20797
0.036373
0.0361143
0.0358731
0.0356473
0.035435
0.0352345
0.0350442
0.0348625
0.0346882
0.0345199
0.0343564
0.0341964
0.0340387
0.0338819
0.0337245
0.0335644
0.0333982
0.0332196
0.033017
0.032771
0.0324503
0.0320114
0.0314069
0.030616
0.0297031
0.0288792
0.0284966
0.0289436
0.030508
0.0333083
0.0372991
0.0423132
0.0481103
0.054428
0.0610247
0.067708
0.0743454
0.0808587
0.0872096
0.0933834
0.0993758
0.105185
0.11081
0.116247
0.121496
0.126557
0.131435
0.136134
0.140658
0.145018
0.14922
0.153266
0.157161
0.160905
0.164501
0.167947
0.171245
0.174395
0.177398
0.180255
0.182967
0.185537
0.187966
0.190257
0.192413
0.194437
0.196335
0.198109
0.199765
0.201307
0.202742
0.204075
0.205311
0.206456
0.207516
0.208496
0.209402
0.21024
0.211013
0.211727
0.212386
0.212995
0.213558
0.214077
0.214558
0.215003
0.215414
0.215795
0.216149
0.216476
0.216781
0.217063
0.217326
0.217571
0.217799
0.218011
0.218209
0.218394
0.218566
0.218728
0.218879
0.21902
0.219152
0.219276
0.219392
0.219501
0.219603
0.219699
0.219788
0.219873
0.219952
0.220026
0.220096
0.220161
0.220222
0.22028
0.220334
0.220384
0.220432
0.220476
0.220518
0.22055
0.0363729
0.0361143
0.0358731
0.0356476
0.035436
0.0352368
0.0350488
0.0348707
0.0347016
0.0345405
0.0343867
0.0342396
0.0340984
0.0339624
0.033831
0.0337035
0.0335791
0.0334572
0.0333368
0.0332164
0.0330936
0.0329638
0.0328194
0.0326482
0.0324317
0.0321472
0.0317733
0.0313092
0.0308051
0.0303931
0.0302902
0.0307533
0.0320085
0.0341976
0.0373616
0.0414515
0.0463498
0.0518951
0.0579073
0.0642107
0.0706522
0.0771119
0.0835061
0.0897834
0.0959179
0.1019
0.107729
0.113407
0.118936
0.124312
0.129528
0.134585
0.139484
0.144223
0.148806
0.153234
0.157513
0.161646
0.165637
0.16949
0.173205
0.176784
0.180227
0.183533
0.1867
0.189727
0.192614
0.195359
0.197963
0.200427
0.202752
0.204941
0.206997
0.208924
0.210727
0.21241
0.213979
0.215438
0.216795
0.218054
0.219222
0.220303
0.221305
0.222231
0.223088
0.22388
0.224612
0.225289
0.225914
0.226492
0.227027
0.227521
0.227978
0.228402
0.228794
0.229157
0.229494
0.229806
0.230096
0.230366
0.230616
0.230849
0.231065
0.231267
0.231455
0.23163
0.231794
0.231946
0.232089
0.232222
0.232346
0.232462
0.232571
0.232672
0.232767
0.232856
0.23294
0.233018
0.23309
0.233159
0.233223
0.233275
0.0363728
0.0361141
0.035873
0.0356475
0.0354359
0.0352369
0.0350492
0.0348716
0.0347034
0.0345436
0.0343917
0.0342472
0.0341096
0.0339784
0.0338531
0.0337332
0.033618
0.0335073
0.0334007
0.0332979
0.0331987
0.033103
0.0330106
0.0329214
0.0328351
0.0327506
0.0326663
0.0325788
0.0324827
0.0323704
0.0322338
0.0320684
0.0318837
0.0317177
0.0316518
0.0318146
0.032365
0.033461
0.035227
0.0377356
0.0410036
0.0449976
0.0496449
0.0548441
0.0604785
0.0664272
0.072576
0.0788254
0.0850963
0.0913309
0.0974941
0.103564
0.109527
0.115392
0.121168
0.126866
0.132494
0.138054
0.143543
0.148954
0.154275
0.159491
0.164586
0.169545
0.17435
0.178988
0.183447
0.187717
0.19179
0.195663
0.199332
0.202798
0.206063
0.209129
0.212003
0.214689
0.217196
0.21953
0.221701
0.223716
0.225584
0.227314
0.228914
0.230394
0.23176
0.233021
0.234185
0.235258
0.236248
0.237161
0.238002
0.238778
0.239494
0.240154
0.240762
0.241324
0.241843
0.242323
0.242766
0.243176
0.243555
0.243907
0.244232
0.244534
0.244814
0.245073
0.245315
0.245539
0.245748
0.245942
0.246123
0.246291
0.246448
0.246594
0.246731
0.246858
0.246977
0.247088
0.247192
0.247289
0.247379
0.247456
0.0363728
0.0361141
0.0358729
0.0356473
0.0354358
0.0352368
0.035049
0.0348716
0.0347034
0.0345438
0.0343921
0.034248
0.0341109
0.0339805
0.0338562
0.0337375
0.0336241
0.0335154
0.0334111
0.0333109
0.0332146
0.0331219
0.0330327
0.032947
0.0328647
0.0327861
0.0327116
0.0326416
0.0325769
0.0325185
0.0324676
0.0324256
0.0323938
0.0323736
0.0323661
0.0323725
0.0323951
0.0324399
0.0325212
0.0326678
0.0329308
0.0333871
0.0341362
0.0352898
0.0369553
0.0392227
0.0421553
0.0457866
0.0501213
0.0551377
0.0607916
0.0670205
0.0737494
0.0808909
0.0883536
0.0960456
0.103879
0.111772
0.119651
0.127451
0.135118
0.142604
0.149873
0.156895
0.163646
0.17011
0.176275
0.182135
0.187687
0.192932
0.197873
0.202516
0.20687
0.210942
0.214745
0.218289
0.221586
0.22465
0.227492
0.230126
0.232564
0.234818
0.236901
0.238824
0.240597
0.242232
0.24374
0.245128
0.246407
0.247585
0.248669
0.249668
0.250587
0.251434
0.252214
0.252933
0.253596
0.254207
0.254771
0.255291
0.255771
0.256215
0.256626
0.257005
0.257357
0.257682
0.257984
0.258264
0.258523
0.258764
0.258988
0.259196
0.25939
0.25957
0.259738
0.259894
0.260039
0.260175
0.260301
0.260419
0.260529
0.260624
0.0363728
0.0361141
0.0358729
0.0356473
0.0354358
0.0352368
0.035049
0.0348716
0.0347034
0.0345438
0.0343921
0.034248
0.0341109
0.0339805
0.0338562
0.0337375
0.0336241
0.0335154
0.0334111
0.0333109
0.0332146
0.0331219
0.0330328
0.0329471
0.0328649
0.0327864
0.0327119
0.032642
0.0325776
0.0325194
0.0324689
0.0324274
0.0323962
0.0323767
0.0323702
0.0323779
0.0324023
0.0324494
0.0325331
0.0326819
0.0329454
0.0333984
0.0341386
0.0352752
0.0369148
0.0391472
0.0420369
0.0456194
0.0499018
0.0548651
0.0604678
0.0666499
0.0733376
0.080445
0.0878808
0.0955532
0.103374
0.111259
0.119135
0.126937
0.134607
0.142099
0.149374
0.156403
0.163162
0.169635
0.175809
0.181678
0.187239
0.192493
0.197443
0.202096
0.206458
0.21054
0.214352
0.217904
0.221211
0.224282
0.227133
0.229775
0.23222
0.234481
0.236571
0.2385
0.240279
0.241921
0.243433
0.244827
0.246111
0.247293
0.248382
0.249385
0.250308
0.251158
0.251942
0.252664
0.253329
0.253943
0.254509
0.255032
0.255515
0.255961
0.256373
0.256754
0.257107
0.257434
0.257737
0.258018
0.258279
0.258521
0.258746
0.258955
0.259149
0.25933
0.259499
0.259656
0.259802
0.259938
0.260065
0.260184
0.260294
0.260389
0.0363728
0.0361141
0.035873
0.0356475
0.0354359
0.0352369
0.0350492
0.0348716
0.0347034
0.0345436
0.0343917
0.0342472
0.0341096
0.0339784
0.0338531
0.0337331
0.033618
0.0335073
0.0334007
0.0332979
0.0331988
0.0331031
0.0330108
0.0329218
0.0328356
0.0327515
0.0326676
0.0325807
0.0324855
0.0323747
0.0322403
0.0320785
0.0318989
0.0317392
0.0316792
0.0318445
0.0323904
0.0334714
0.0352103
0.0376792
0.0408958
0.0448288
0.0494077
0.0545343
0.0600942
0.065969
0.0720463
0.0782279
0.0844351
0.0906099
0.096717
0.102733
0.108646
0.114463
0.120195
0.125852
0.131442
0.136968
0.142428
0.147813
0.153112
0.158311
0.163394
0.168344
0.173144
0.177782
0.182243
0.186518
0.190599
0.194482
0.198163
0.201642
0.204921
0.208003
0.210893
0.213596
0.216119
0.21847
0.220657
0.222688
0.224573
0.226318
0.227934
0.229428
0.230808
0.232083
0.23326
0.234345
0.235347
0.23627
0.237122
0.237908
0.238632
0.239301
0.239918
0.240487
0.241014
0.2415
0.241949
0.242365
0.24275
0.243106
0.243436
0.243742
0.244026
0.244289
0.244534
0.244762
0.244973
0.24517
0.245354
0.245524
0.245683
0.245832
0.24597
0.246099
0.24622
0.246332
0.246438
0.246536
0.246627
0.246705
0.0363729
0.0361143
0.0358731
0.0356476
0.035436
0.0352368
0.0350488
0.0348707
0.0347016
0.0345405
0.0343867
0.0342395
0.0340982
0.0339622
0.0338308
0.0337032
0.0335788
0.0334569
0.0333364
0.0332159
0.0330929
0.0329628
0.032818
0.0326462
0.0324293
0.0321448
0.0317726
0.0313132
0.0308174
0.0304167
0.0303245
0.0307922
0.0320409
0.0342092
0.0373376
0.0413783
0.0462165
0.0516942
0.0576348
0.0638656
0.0702359
0.076627
0.0829554
0.0891698
0.0952436
0.101167
0.106939
0.112561
0.118035
0.123358
0.128523
0.133531
0.138382
0.143077
0.147617
0.152005
0.156245
0.160342
0.1643
0.168121
0.171808
0.175363
0.178783
0.18207
0.185222
0.188238
0.191115
0.193855
0.196456
0.19892
0.201248
0.203441
0.205504
0.20744
0.209252
0.210946
0.212526
0.213998
0.215368
0.216641
0.217822
0.218917
0.219932
0.220871
0.221741
0.222546
0.223291
0.223979
0.224616
0.225205
0.22575
0.226254
0.226721
0.227153
0.227554
0.227925
0.228269
0.228589
0.228885
0.229161
0.229417
0.229655
0.229877
0.230083
0.230275
0.230454
0.230622
0.230778
0.230923
0.231059
0.231186
0.231305
0.231416
0.23152
0.231617
0.231708
0.231793
0.231872
0.231946
0.232016
0.232081
0.232135
0.036373
0.0361143
0.0358731
0.0356473
0.035435
0.0352345
0.0350441
0.0348625
0.0346881
0.0345197
0.0343561
0.0341959
0.034038
0.0338809
0.0337233
0.0335629
0.0333961
0.0332166
0.0330126
0.0327643
0.0324405
0.0319978
0.0313905
0.0306007
0.029696
0.0288887
0.0285268
0.0289899
0.0305578
0.0333438
0.0373019
0.0422667
0.0480021
0.0542503
0.0607739
0.0673837
0.073949
0.0803922
0.0866752
0.0927831
0.0987118
0.10446
0.110025
0.115406
0.120601
0.125611
0.13044
0.135092
0.139573
0.143891
0.148052
0.15206
0.155918
0.159628
0.16319
0.166606
0.169875
0.172998
0.175976
0.178809
0.181499
0.184049
0.18646
0.188735
0.190877
0.19289
0.194778
0.196545
0.198195
0.199735
0.201168
0.202501
0.203739
0.204887
0.205951
0.206937
0.20785
0.208694
0.209475
0.210197
0.210865
0.211483
0.212054
0.212583
0.213073
0.213526
0.213946
0.214336
0.214698
0.215033
0.215345
0.215635
0.215905
0.216157
0.216391
0.216609
0.216813
0.217003
0.21718
0.217346
0.217502
0.217647
0.217783
0.217911
0.21803
0.218142
0.218247
0.218345
0.218437
0.218524
0.218605
0.218681
0.218753
0.21882
0.218883
0.218942
0.218997
0.219049
0.219097
0.219143
0.219185
0.219219
0.036373
0.0361141
0.035872
0.0356438
0.0354271
0.0352189
0.0350169
0.0348187
0.0346221
0.034425
0.034225
0.0340192
0.0338044
0.0335759
0.0333255
0.033038
0.0326845
0.0322161
0.031561
0.0306401
0.0294249
0.0280488
0.0268961
0.0265226
0.0274172
0.0298177
0.0336894
0.0387966
0.0447966
0.051331
0.0580968
0.0648796
0.0715524
0.0780508
0.0843463
0.0904248
0.0962782
0.101901
0.107293
0.112458
0.117404
0.122141
0.126681
0.131032
0.135205
0.139206
0.143044
0.146728
0.150264
0.153659
0.15692
0.16005
0.163054
0.165933
0.168689
0.171321
0.173828
0.176209
0.178463
0.180589
0.182588
0.18446
0.186207
0.187832
0.189337
0.190728
0.19201
0.193187
0.194267
0.195255
0.196157
0.196982
0.197734
0.19842
0.199045
0.199616
0.200138
0.200615
0.201051
0.201451
0.201819
0.202157
0.202469
0.202757
0.203023
0.20327
0.203499
0.203712
0.203911
0.204096
0.20427
0.204432
0.204584
0.204726
0.20486
0.204986
0.205104
0.205216
0.20532
0.205419
0.205512
0.2056
0.205682
0.20576
0.205834
0.205903
0.205968
0.20603
0.206088
0.206142
0.206194
0.206242
0.206288
0.206331
0.206371
0.206409
0.206445
0.206478
0.206509
0.206539
0.206566
0.206586
0.0363726
0.0361118
0.0358641
0.0356244
0.0353876
0.0351487
0.0349038
0.0346496
0.0343832
0.0341014
0.0337987
0.0334671
0.0330934
0.0326539
0.0321031
0.0313614
0.0303145
0.028863
0.027066
0.0253331
0.0244013
0.0249747
0.0273804
0.0315261
0.0370377
0.0434296
0.0502542
0.0571858
0.0640309
0.0706898
0.0771133
0.0832751
0.0891609
0.0947671
0.100099
0.105167
0.109984
0.114563
0.118918
0.12306
0.127
0.130752
0.134327
0.137738
0.140995
0.144108
0.147086
0.149937
0.152669
0.155286
0.157796
0.160201
0.162506
0.164712
0.166819
0.168828
0.170736
0.172544
0.174248
0.175848
0.177343
0.178733
0.180019
0.181203
0.182287
0.183277
0.184175
0.184989
0.185723
0.186384
0.186977
0.18751
0.187987
0.188415
0.188799
0.189144
0.189454
0.189734
0.189988
0.190218
0.190428
0.190619
0.190795
0.190958
0.191108
0.191247
0.191377
0.191499
0.191612
0.191719
0.19182
0.191915
0.192005
0.192089
0.19217
0.192246
0.192318
0.192387
0.192452
0.192513
0.192572
0.192628
0.19268
0.19273
0.192778
0.192823
0.192865
0.192905
0.192943
0.192979
0.193013
0.193045
0.193076
0.193104
0.193131
0.193156
0.19318
0.193202
0.193222
0.193242
0.19326
0.193271
0.0363701
0.0360996
0.0358282
0.0355448
0.0352404
0.0349082
0.0345439
0.0341452
0.033709
0.0332293
0.0326918
0.0320689
0.0313103
0.0303259
0.0289781
0.0271464
0.0249423
0.0229808
0.0222483
0.0234999
0.0268781
0.0320127
0.0382977
0.0451489
0.052149
0.0590566
0.0657468
0.0721542
0.0782463
0.0840123
0.0894567
0.0945914
0.0994313
0.103992
0.108291
0.112344
0.116168
0.11978
0.123194
0.126425
0.129485
0.132388
0.135144
0.137766
0.140263
0.142645
0.144919
0.147093
0.149174
0.151167
0.153076
0.154906
0.156659
0.158336
0.159938
0.161464
0.162913
0.164283
0.165574
0.166782
0.167908
0.168951
0.169911
0.170791
0.171591
0.172315
0.172968
0.173553
0.174076
0.174542
0.174956
0.175323
0.175648
0.175936
0.176191
0.176418
0.17662
0.176801
0.176963
0.177109
0.177242
0.177363
0.177474
0.177576
0.177671
0.177759
0.177841
0.177919
0.177992
0.178061
0.178127
0.178189
0.178248
0.178304
0.178358
0.178409
0.178458
0.178505
0.178549
0.178592
0.178632
0.178671
0.178707
0.178742
0.178775
0.178807
0.178837
0.178865
0.178892
0.178917
0.178941
0.178964
0.178985
0.179005
0.179024
0.179042
0.179058
0.179074
0.179088
0.179101
0.179114
0.179121
0.0363589
0.0360506
0.0357003
0.0352898
0.0348099
0.0342576
0.0336335
0.0329381
0.0321685
0.0313103
0.0303261
0.0291433
0.0276424
0.0256884
0.0233206
0.0211109
0.0201661
0.0214049
0.0249729
0.0303649
0.0368397
0.0437623
0.0507273
0.0575127
0.0640032
0.0701441
0.0759179
0.0813275
0.086386
0.0911111
0.0955234
0.0996448
0.103497
0.1071
0.110474
0.113636
0.116602
0.11939
0.122013
0.124487
0.126823
0.129032
0.131125
0.133111
0.135001
0.136801
0.138519
0.140161
0.141733
0.143239
0.144683
0.146069
0.147398
0.148671
0.149888
0.151049
0.152152
0.153196
0.15418
0.155101
0.155959
0.156754
0.157484
0.158152
0.158759
0.159308
0.1598
0.160241
0.160634
0.160983
0.161292
0.161565
0.161806
0.162019
0.162208
0.162375
0.162524
0.162657
0.162776
0.162883
0.162981
0.16307
0.163152
0.163227
0.163298
0.163363
0.163425
0.163483
0.163538
0.16359
0.163639
0.163686
0.163731
0.163774
0.163814
0.163853
0.163891
0.163926
0.16396
0.163993
0.164023
0.164053
0.164081
0.164108
0.164133
0.164157
0.16418
0.164201
0.164222
0.164241
0.164259
0.164276
0.164292
0.164307
0.164321
0.164335
0.164347
0.164359
0.164369
0.164379
0.164388
0.164392
0.0363178
0.0358936
0.035336
0.034634
0.0337944
0.0328292
0.0317483
0.0305576
0.0292544
0.0278162
0.026184
0.0242667
0.0220221
0.0197305
0.0182833
0.0187983
0.0217459
0.0267398
0.0329896
0.0397749
0.0466244
0.053275
0.0595933
0.0655224
0.0710477
0.0761758
0.0809252
0.0853198
0.0893858
0.0931489
0.0966341
0.0998655
0.102865
0.105653
0.108249
0.110669
0.11293
0.115046
0.117031
0.118897
0.120655
0.122315
0.123885
0.125375
0.126791
0.128141
0.12943
0.130665
0.131848
0.132984
0.134076
0.135127
0.136137
0.137107
0.138037
0.138926
0.139774
0.140578
0.141337
0.14205
0.142715
0.143333
0.143902
0.144423
0.144898
0.145329
0.145716
0.146065
0.146376
0.146653
0.1469
0.147119
0.147313
0.147486
0.14764
0.147777
0.1479
0.148011
0.14811
0.1482
0.148283
0.148358
0.148428
0.148492
0.148552
0.148609
0.148661
0.148711
0.148758
0.148802
0.148844
0.148884
0.148922
0.148958
0.148992
0.149025
0.149056
0.149086
0.149114
0.149141
0.149167
0.149191
0.149214
0.149236
0.149257
0.149277
0.149295
0.149313
0.149329
0.149345
0.149359
0.149373
0.149386
0.149398
0.149409
0.14942
0.149429
0.149438
0.149447
0.149454
0.149461
0.149464
0.0361939
0.0354811
0.0344869
0.0332496
0.0318161
0.0302214
0.0284891
0.0266417
0.0247022
0.0226833
0.0205895
0.0185048
0.0168193
0.0163829
0.0180447
0.021935
0.0274661
0.0338553
0.0404941
0.047011
0.0532106
0.0590061
0.0643704
0.069308
0.0738394
0.0779924
0.081797
0.0852837
0.0884815
0.0914179
0.0941177
0.0966041
0.098898
0.101018
0.102982
0.104806
0.106503
0.108088
0.10957
0.11096
0.112269
0.113503
0.114672
0.115781
0.116837
0.117846
0.118811
0.119738
0.12063
0.12149
0.12232
0.123122
0.123895
0.124642
0.12536
0.12605
0.126711
0.12734
0.127936
0.128498
0.129025
0.129516
0.129971
0.13039
0.130773
0.131123
0.13144
0.131727
0.131985
0.132217
0.132425
0.132612
0.132778
0.132928
0.133063
0.133184
0.133294
0.133393
0.133483
0.133565
0.133641
0.13371
0.133774
0.133834
0.133889
0.133941
0.13399
0.134036
0.134078
0.134119
0.134157
0.134193
0.134228
0.13426
0.134291
0.13432
0.134348
0.134374
0.134399
0.134422
0.134444
0.134466
0.134485
0.134504
0.134522
0.134539
0.134555
0.134569
0.134583
0.134596
0.134609
0.13462
0.134631
0.134641
0.13465
0.134658
0.134666
0.134673
0.13468
0.134686
0.134692
0.134693
0.0358805
0.0345769
0.0328353
0.0308002
0.0285701
0.0262064
0.0237697
0.0213502
0.0190679
0.0170489
0.0154457
0.014565
0.0149686
0.017214
0.0213433
0.0268352
0.0330044
0.0393069
0.0454089
0.0511416
0.0564368
0.0612821
0.0656927
0.069697
0.0733285
0.0766219
0.0796102
0.0823249
0.0847947
0.0870458
0.0891012
0.0909824
0.0927077
0.094295
0.0957594
0.0971146
0.0983724
0.0995438
0.100638
0.101664
0.10263
0.103542
0.104407
0.105231
0.106017
0.106771
0.107496
0.108196
0.108872
0.109528
0.110165
0.110783
0.111383
0.111965
0.112529
0.113073
0.113597
0.114098
0.114576
0.115029
0.115456
0.115856
0.116229
0.116574
0.116893
0.117186
0.117453
0.117697
0.117918
0.118119
0.118301
0.118466
0.118614
0.118749
0.118871
0.118982
0.119083
0.119176
0.11926
0.119337
0.119408
0.119474
0.119535
0.119591
0.119644
0.119693
0.119739
0.119782
0.119822
0.11986
0.119895
0.119929
0.11996
0.11999
0.120018
0.120045
0.12007
0.120093
0.120116
0.120137
0.120157
0.120175
0.120193
0.120209
0.120225
0.12024
0.120253
0.120266
0.120278
0.120289
0.1203
0.120309
0.120318
0.120327
0.120334
0.120341
0.120348
0.120354
0.120359
0.120364
0.120369
0.120369
0.0352025
0.0328962
0.0301082
0.0271085
0.0240359
0.0210046
0.018179
0.0157799
0.0140092
0.0129875
0.0128203
0.0137403
0.0160765
0.0199462
0.0250378
0.030786
0.0366693
0.0423462
0.0476414
0.0524876
0.0568768
0.0608297
0.0643794
0.0675639
0.0704209
0.0729863
0.0752928
0.0773704
0.0792458
0.0809427
0.0824819
0.0838821
0.0851606
0.086332
0.0874089
0.0884028
0.0893238
0.0901808
0.0909815
0.0917334
0.0924423
0.0931142
0.0937535
0.094365
0.0949522
0.0955186
0.0960667
0.0965992
0.0971178
0.0976242
0.0981189
0.0986029
0.0990761
0.0995382
0.0999882
0.100425
0.100848
0.101256
0.101646
0.102019
0.102372
0.102705
0.103017
0.103309
0.103579
0.10383
0.10406
0.104272
0.104466
0.104643
0.104805
0.104953
0.105087
0.10521
0.105323
0.105425
0.105519
0.105605
0.105684
0.105757
0.105824
0.105886
0.105944
0.105997
0.106047
0.106093
0.106136
0.106176
0.106214
0.106249
0.106282
0.106313
0.106343
0.10637
0.106396
0.10642
0.106442
0.106464
0.106484
0.106503
0.10652
0.106537
0.106552
0.106567
0.106581
0.106594
0.106605
0.106617
0.106627
0.106637
0.106646
0.106654
0.106662
0.106669
0.106675
0.106681
0.106686
0.106691
0.106696
0.1067
0.106704
0.106704
0.0339321
0.0302089
0.0262298
0.0223231
0.0186654
0.0154867
0.0130733
0.0116236
0.0111313
0.0114723
0.012613
0.0147214
0.0180151
0.0224465
0.0276192
0.033028
0.0382884
0.0431891
0.0476453
0.0516443
0.0552077
0.0583723
0.0611786
0.0636676
0.065877
0.0678416
0.0695919
0.0711553
0.0725554
0.0738134
0.0749471
0.0759738
0.0769071
0.0777592
0.0785407
0.079261
0.0799283
0.0805499
0.0811318
0.0816801
0.0821993
0.0826941
0.0831677
0.083624
0.0840655
0.0844949
0.0849138
0.0853243
0.0857274
0.0861243
0.0865152
0.0869007
0.0872803
0.0876536
0.0880195
0.0883773
0.0887253
0.0890627
0.0893877
0.0896995
0.0899967
0.0902786
0.0905443
0.0907938
0.0910268
0.0912439
0.091445
0.0916311
0.0918025
0.0919603
0.0921051
0.0922382
0.0923601
0.0924723
0.092575
0.0926695
0.0927562
0.092836
0.0929093
0.092977
0.0930395
0.0930975
0.093151
0.0932008
0.093247
0.09329
0.0933298
0.0933671
0.0934017
0.0934343
0.0934645
0.093493
0.0935195
0.0935444
0.0935676
0.0935894
0.0936097
0.093629
0.0936469
0.0936638
0.0936795
0.0936943
0.0937079
0.0937208
0.0937328
0.093744
0.0937544
0.0937641
0.0937731
0.0937815
0.0937891
0.0937962
0.0938027
0.0938086
0.0938141
0.093819
0.0938236
0.0938276
0.0938313
0.0938343
0.0938375
0.0938373
0.0318452
0.0264678
0.0214341
0.0170011
0.0134113
0.0109709
0.00980514
0.00972658
0.0103976
0.0115905
0.0133439
0.0159134
0.0194907
0.023925
0.0287814
0.0336212
0.0381647
0.0422868
0.045958
0.0491962
0.0520386
0.054529
0.0567103
0.0586229
0.0603028
0.0617817
0.0630871
0.0642433
0.0652706
0.0661873
0.0670092
0.06775
0.0684209
0.0690321
0.0695919
0.0701083
0.0705874
0.0710352
0.0714563
0.0718554
0.072236
0.0726016
0.0729548
0.0732982
0.0736337
0.0739633
0.074288
0.0746094
0.0749279
0.0752445
0.0755588
0.0758713
0.0761811
0.076488
0.0767904
0.0770879
0.0773789
0.0776624
0.0779367
0.0782012
0.0784543
0.0786956
0.078924
0.0791396
0.0793419
0.0795313
0.0797075
0.0798714
0.0800231
0.0801635
0.0802927
0.0804121
0.080522
0.0806234
0.0807165
0.0808025
0.0808815
0.0809544
0.0810214
0.0810834
0.0811406
0.0811937
0.0812427
0.0812883
0.0813305
0.0813697
0.081406
0.0814399
0.0814713
0.0815009
0.0815282
0.0815538
0.0815777
0.0816
0.0816207
0.0816402
0.0816583
0.0816755
0.0816913
0.0817062
0.08172
0.081733
0.081745
0.0817562
0.0817666
0.0817764
0.0817854
0.0817938
0.0818015
0.0818087
0.0818151
0.0818212
0.0818266
0.0818317
0.0818362
0.0818403
0.0818441
0.0818474
0.0818503
0.0818527
0.0818553
0.0818548
0.028813
0.0218904
0.0162702
0.012026
0.00938845
0.00836578
0.00855723
0.00943616
0.0106382
0.0120796
0.0139572
0.0165934
0.0201203
0.0242926
0.0286641
0.0328649
0.0366974
0.0400964
0.0430668
0.045644
0.0478731
0.0498001
0.0514668
0.0529113
0.0541662
0.0552598
0.0562158
0.0570551
0.0577951
0.0584516
0.059037
0.0595625
0.0600372
0.0604694
0.0608655
0.0612319
0.0615733
0.0618944
0.0621986
0.0624895
0.0627698
0.063042
0.0633078
0.0635694
0.063828
0.0640848
0.0643407
0.0645965
0.0648526
0.0651094
0.0653665
0.0656239
0.0658808
0.0661366
0.0663902
0.0666407
0.0668868
0.0671276
0.0673614
0.0675875
0.0678048
0.0680125
0.0682098
0.0683967
0.0685726
0.0687379
0.0688923
0.0690363
0.0691699
0.069294
0.0694086
0.0695148
0.0696128
0.0697034
0.0697868
0.0698639
0.0699348
0.0700003
0.0700605
0.0701163
0.0701678
0.0702157
0.0702598
0.0703008
0.0703386
0.0703738
0.0704062
0.0704365
0.0704646
0.0704909
0.0705153
0.070538
0.0705591
0.0705789
0.0705972
0.0706143
0.0706303
0.0706453
0.0706592
0.0706722
0.0706843
0.0706955
0.0707059
0.0707156
0.0707246
0.070733
0.0707407
0.0707479
0.0707544
0.0707605
0.0707659
0.070771
0.0707756
0.0707798
0.0707835
0.0707869
0.0707899
0.0707926
0.0707949
0.0707968
0.0707988
0.070798
0.02489
0.0169412
0.0114812
0.00828195
0.00716064
0.00746275
0.00845539
0.00967001
0.0109263
0.0123
0.0140845
0.0166073
0.0199191
0.0237034
0.0275286
0.0310927
0.0342629
0.0370157
0.0393778
0.0413942
0.0431126
0.0445777
0.0458288
0.0469
0.0478199
0.048613
0.0492994
0.0498966
0.0504193
0.0508802
0.051289
0.0516551
0.0519854
0.0522865
0.0525634
0.0528209
0.0530628
0.0532925
0.0535124
0.0537255
0.0539334
0.0541382
0.0543409
0.0545431
0.0547455
0.054949
0.055154
0.0553611
0.0555703
0.0557819
0.0559951
0.05621
0.0564256
0.0566413
0.0568559
0.0570687
0.0572784
0.0574841
0.0576843
0.0578784
0.0580653
0.0582443
0.0584147
0.0585765
0.0587292
0.058873
0.0590074
0.0591331
0.0592501
0.0593588
0.0594594
0.0595528
0.0596391
0.0597191
0.0597927
0.0598608
0.0599235
0.0599815
0.0600347
0.0600842
0.0601298
0.0601721
0.0602111
0.0602473
0.0602806
0.0603117
0.0603402
0.0603669
0.0603916
0.0604147
0.060436
0.060456
0.0604744
0.0604916
0.0605075
0.0605225
0.0605363
0.0605494
0.0605613
0.0605726
0.0605829
0.0605926
0.0606014
0.0606098
0.0606174
0.0606246
0.0606311
0.0606371
0.0606426
0.0606477
0.0606522
0.0606564
0.0606602
0.0606637
0.0606667
0.0606695
0.0606719
0.060674
0.0606758
0.0606772
0.0606787
0.0606778
0.0203498
0.0122171
0.00776265
0.00615082
0.00637589
0.00739954
0.00862046
0.00979613
0.0108982
0.0120891
0.013698
0.0160218
0.0190325
0.0223724
0.0256436
0.0286075
0.031182
0.0333722
0.0352179
0.0367679
0.0380689
0.0391626
0.0400839
0.0408627
0.0415233
0.0420863
0.0425683
0.0429838
0.0433447
0.0436609
0.0439403
0.04419
0.0444156
0.0446222
0.0448133
0.0449929
0.0451635
0.0453278
0.0454875
0.0456447
0.0458006
0.0459567
0.0461135
0.0462722
0.0464331
0.0465969
0.0467637
0.0469337
0.0471069
0.0472833
0.0474621
0.0476432
0.0478255
0.0480086
0.0481912
0.0483727
0.0485518
0.0487279
0.0488994
0.0490659
0.0492263
0.0493802
0.0495269
0.0496663
0.0497979
0.0499221
0.0500383
0.0501471
0.0502483
0.0503426
0.05043
0.0505111
0.0505862
0.0506558
0.0507199
0.0507792
0.0508337
0.0508842
0.0509306
0.0509737
0.0510134
0.0510503
0.0510842
0.0511156
0.0511446
0.0511715
0.0511963
0.0512194
0.0512408
0.0512608
0.0512792
0.0512964
0.0513122
0.0513271
0.0513407
0.0513536
0.0513654
0.0513766
0.0513868
0.0513964
0.0514051
0.0514133
0.0514208
0.0514279
0.0514343
0.0514403
0.0514458
0.0514508
0.0514553
0.0514595
0.0514632
0.0514667
0.0514698
0.0514725
0.051475
0.0514772
0.0514791
0.0514807
0.0514821
0.051483
0.0514842
0.0514831
0.0156368
0.00827881
0.00544809
0.00530522
0.0062728
0.00748384
0.00862329
0.00961316
0.0105007
0.0114826
0.0128883
0.0149688
0.0176329
0.0205104
0.0232487
0.0256657
0.0277177
0.0294287
0.0308445
0.032014
0.0329803
0.0337806
0.0344451
0.034999
0.0354625
0.0358525
0.0361823
0.0364639
0.0367063
0.0369175
0.0371035
0.0372698
0.0374207
0.03756
0.0376904
0.0378146
0.0379347
0.0380524
0.0381691
0.0382862
0.0384046
0.0385252
0.0386482
0.0387746
0.0389043
0.0390379
0.0391751
0.0393162
0.0394609
0.039609
0.0397598
0.0399131
0.0400678
0.0402235
0.0403789
0.0405336
0.0406865
0.0408367
0.0409831
0.0411253
0.0412623
0.0413937
0.041519
0.0416382
0.0417508
0.041857
0.0419564
0.0420495
0.0421362
0.042217
0.0422918
0.0423614
0.0424258
0.0424856
0.0425405
0.0425914
0.0426381
0.0426814
0.0427212
0.0427582
0.0427923
0.0428239
0.0428529
0.0428798
0.0429046
0.0429276
0.0429488
0.0429685
0.0429868
0.0430039
0.0430195
0.0430341
0.0430475
0.0430601
0.0430717
0.0430826
0.0430926
0.043102
0.0431106
0.0431186
0.043126
0.0431328
0.0431391
0.0431449
0.0431503
0.0431553
0.0431598
0.0431639
0.0431676
0.043171
0.043174
0.0431768
0.0431793
0.0431815
0.0431834
0.0431851
0.0431866
0.0431877
0.0431888
0.0431894
0.0431902
0.043189
0.0112474
0.00547524
0.00434607
0.00510518
0.00628883
0.00740646
0.00834932
0.00912048
0.00979589
0.0105774
0.0117739
0.013587
0.0158833
0.0183038
0.0205468
0.0224781
0.0240816
0.0253922
0.0264572
0.027322
0.028025
0.028598
0.0290662
0.0294504
0.029767
0.0300293
0.0302482
0.0304329
0.0305904
0.0307268
0.0308467
0.0309543
0.0310528
0.0311449
0.0312326
0.031318
0.0314024
0.0314871
0.031573
0.0316612
0.0317521
0.0318463
0.031944
0.0320457
0.0321513
0.0322611
0.0323748
0.0324925
0.0326138
0.0327384
0.0328657
0.0329953
0.0331263
0.0332583
0.0333901
0.0335214
0.033651
0.0337783
0.0339024
0.0340228
0.0341387
0.03425
0.034356
0.0344567
0.034552
0.0346418
0.0347258
0.0348044
0.0348777
0.0349459
0.0350092
0.035068
0.0351224
0.0351729
0.0352194
0.0352623
0.0353018
0.0353383
0.035372
0.0354032
0.035432
0.0354587
0.0354831
0.0355058
0.0355266
0.035546
0.0355638
0.0355804
0.0355958
0.0356101
0.0356232
0.0356355
0.0356467
0.0356572
0.0356669
0.035676
0.0356843
0.0356922
0.0356993
0.0357059
0.035712
0.0357176
0.0357228
0.0357276
0.035732
0.0357361
0.0357397
0.035743
0.035746
0.0357487
0.0357511
0.0357533
0.0357552
0.035757
0.0357585
0.0357597
0.0357608
0.0357617
0.0357624
0.0357627
0.0357633
0.035762
0.00759161
0.00381862
0.00395651
0.00506323
0.00617421
0.00709351
0.007819
0.00838606
0.00887572
0.0094778
0.0104683
0.0120026
0.0139268
0.0159114
0.0177059
0.0192152
0.0204414
0.0214242
0.0222082
0.0228338
0.0233336
0.0237338
0.024055
0.0243139
0.0245232
0.0246935
0.0248332
0.0249494
0.0250474
0.0251317
0.0252059
0.025273
0.0253353
0.0253949
0.0254531
0.0255113
0.0255706
0.0256318
0.0256955
0.0257624
0.0258328
0.0259071
0.0259852
0.0260674
0.0261537
0.0262441
0.0263383
0.0264363
0.0265376
0.0266422
0.026749
0.0268579
0.0269681
0.027079
0.0271898
0.0273001
0.0274089
0.0275157
0.0276196
0.0277204
0.0278173
0.0279103
0.0279987
0.0280828
0.0281622
0.0282371
0.028307
0.0283725
0.0284334
0.0284902
0.0285428
0.0285918
0.028637
0.028679
0.0287176
0.0287533
0.028786
0.0288164
0.0288443
0.0288703
0.0288942
0.0289163
0.0289366
0.0289554
0.0289726
0.0289887
0.0290034
0.0290172
0.0290299
0.0290417
0.0290525
0.0290626
0.0290718
0.0290805
0.0290885
0.0290959
0.0291028
0.0291092
0.029115
0.0291204
0.0291253
0.02913
0.0291341
0.029138
0.0291415
0.0291448
0.0291477
0.0291504
0.0291527
0.0291548
0.0291567
0.0291584
0.0291599
0.0291612
0.0291624
0.0291633
0.0291641
0.0291647
0.0291651
0.0291653
0.0291657
0.0291644
0.00488838
0.0030165
0.00383248
0.00494528
0.0058669
0.00656947
0.00709638
0.00749153
0.00782913
0.00827652
0.00906946
0.0103239
0.0118852
0.0134655
0.0148634
0.0160134
0.0169286
0.0176481
0.0182116
0.0186531
0.0189991
0.0192709
0.0194844
0.0196528
0.0197856
0.0198913
0.0199761
0.0200452
0.0201026
0.0201517
0.020195
0.0202349
0.0202728
0.0203103
0.0203482
0.0203877
0.0204292
0.0204735
0.0205209
0.0205718
0.0206265
0.0206851
0.0207474
0.0208137
0.0208839
0.0209578
0.0210353
0.0211162
0.0212001
0.0212867
0.0213754
0.0214657
0.0215571
0.0216491
0.021741
0.0218322
0.0219221
0.0220104
0.0220961
0.0221791
0.0222588
0.0223351
0.0224078
0.0224767
0.0225418
0.0226031
0.0226603
0.0227138
0.0227636
0.02281
0.022853
0.0228929
0.0229299
0.0229642
0.0229956
0.0230247
0.0230514
0.0230761
0.0230989
0.02312
0.0231395
0.0231576
0.0231741
0.0231893
0.0232033
0.0232164
0.0232284
0.0232396
0.0232499
0.0232595
0.0232682
0.0232764
0.0232839
0.0232909
0.0232973
0.0233033
0.0233089
0.023314
0.0233187
0.023323
0.0233269
0.0233306
0.0233339
0.023337
0.0233398
0.0233424
0.0233446
0.0233467
0.0233485
0.0233502
0.0233516
0.0233529
0.023354
0.023355
0.0233558
0.0233565
0.0233571
0.0233574
0.0233577
0.0233577
0.0233579
0.0233567
0.00312823
0.00268014
0.00372159
0.00467975
0.00538524
0.00589006
0.00625176
0.00651154
0.00673092
0.00704875
0.00765732
0.00864109
0.00985993
0.0110753
0.01213
0.0129806
0.0136445
0.0141567
0.0145505
0.0148531
0.0150854
0.0152638
0.0154004
0.0155052
0.0155853
0.015647
0.0156949
0.0157328
0.0157635
0.0157897
0.015813
0.015835
0.0158569
0.0158797
0.0159039
0.0159303
0.0159592
0.0159911
0.0160262
0.0160648
0.0161069
0.0161527
0.0162019
0.0162548
0.016311
0.0163706
0.0164332
0.0164988
0.016567
0.0166375
0.0167096
0.0167831
0.0168574
0.0169321
0.0170066
0.0170806
0.0171534
0.0172248
0.0172939
0.0173608
0.0174249
0.0174864
0.0175447
0.0176
0.0176522
0.0177013
0.017747
0.0177898
0.0178296
0.0178666
0.017901
0.0179329
0.0179624
0.0179897
0.0180148
0.0180379
0.0180592
0.0180789
0.0180971
0.0181139
0.0181294
0.0181438
0.0181569
0.0181691
0.0181802
0.0181906
0.0182001
0.018209
0.0182172
0.0182248
0.0182318
0.0182382
0.0182441
0.0182497
0.0182547
0.0182595
0.0182639
0.018268
0.0182716
0.018275
0.018278
0.0182809
0.0182835
0.0182859
0.0182881
0.0182901
0.0182918
0.0182934
0.0182947
0.018296
0.0182971
0.018298
0.0182988
0.0182996
0.0183001
0.0183006
0.018301
0.0183012
0.0183013
0.0183013
0.0183014
0.0183002
0.00211637
0.00251651
0.0035214
0.00427042
0.00477433
0.00511474
0.00534774
0.00550689
0.00563886
0.00585169
0.00629427
0.00702678
0.00793385
0.00882884
0.00959362
0.0101998
0.0106647
0.011017
0.0112828
0.011483
0.0116332
0.0117455
0.0118288
0.0118904
0.0119354
0.0119685
0.0119927
0.0120109
0.0120251
0.0120371
0.0120479
0.0120589
0.0120706
0.0120838
0.0120988
0.0121162
0.012136
0.0121587
0.0121843
0.0122131
0.0122449
0.0122799
0.0123179
0.012359
0.0124029
0.0124496
0.0124989
0.0125506
0.0126044
0.0126601
0.0127171
0.0127751
0.0128338
0.0128928
0.0129515
0.0130097
0.0130669
0.0131229
0.0131772
0.0132295
0.0132797
0.0133276
0.0133731
0.0134163
0.0134569
0.0134951
0.0135307
0.0135639
0.0135947
0.0136235
0.0136501
0.0136749
0.0136978
0.013719
0.0137384
0.0137563
0.0137727
0.013788
0.0138021
0.0138151
0.0138271
0.0138383
0.0138484
0.0138578
0.0138664
0.0138744
0.0138818
0.0138886
0.013895
0.0139009
0.0139062
0.0139112
0.0139157
0.01392
0.0139239
0.0139276
0.0139309
0.013934
0.0139368
0.0139394
0.0139417
0.0139439
0.0139458
0.0139477
0.0139493
0.0139508
0.0139521
0.0139533
0.0139543
0.0139552
0.013956
0.0139567
0.0139573
0.0139578
0.0139582
0.0139585
0.0139587
0.0139588
0.0139589
0.0139588
0.0139588
0.0139578
0.00158299
0.00236704
0.00320965
0.0037493
0.00408345
0.00429628
0.00443481
0.00452344
0.00459443
0.00472591
0.00502609
0.00553665
0.00617143
0.00679428
0.00732068
0.00773215
0.00804287
0.00827449
0.00844602
0.00857247
0.00866492
0.00873188
0.0087796
0.00881307
0.00883596
0.0088514
0.00886153
0.0088683
0.00887302
0.00887689
0.00888067
0.00888514
0.00889074
0.00889793
0.00890688
0.00891795
0.00893123
0.00894695
0.00896508
0.00898579
0.00900904
0.00903486
0.00906306
0.0090937
0.00912662
0.0091618
0.00919897
0.00923806
0.00927877
0.00932093
0.00936409
0.00940806
0.00945246
0.00949708
0.00954147
0.00958545
0.00962865
0.00967087
0.00971169
0.00975105
0.00978874
0.00982473
0.00985885
0.00989117
0.00992158
0.00995016
0.00997675
0.0100016
0.0100246
0.0100461
0.0100659
0.0100844
0.0101015
0.0101173
0.0101317
0.010145
0.0101573
0.0101687
0.0101791
0.0101889
0.0101978
0.0102061
0.0102136
0.0102206
0.010227
0.010233
0.0102385
0.0102436
0.0102483
0.0102527
0.0102566
0.0102603
0.0102637
0.0102668
0.0102697
0.0102725
0.0102749
0.0102773
0.0102793
0.0102812
0.0102829
0.0102845
0.0102859
0.0102873
0.0102884
0.0102895
0.0102905
0.0102913
0.010292
0.0102927
0.0102932
0.0102937
0.0102941
0.0102945
0.0102947
0.0102949
0.010295
0.0102951
0.0102951
0.010295
0.010295
0.0102941
0.00129599
0.00216383
0.00279971
0.00315556
0.00335736
0.00347754
0.00355102
0.00359356
0.00362514
0.00369748
0.00388309
0.00420937
0.0046186
0.00501997
0.0053571
0.005618
0.00581253
0.00595538
0.00605926
0.00613414
0.00618732
0.00622439
0.00624943
0.00626572
0.00627564
0.00628123
0.00628387
0.00628479
0.00628485
0.00628479
0.00628509
0.00628622
0.00628846
0.00629208
0.00629717
0.00630394
0.00631245
0.00632283
0.00633505
0.00634922
0.00636527
0.00638325
0.006403
0.00642455
0.00644779
0.00647269
0.00649907
0.00652685
0.00655583
0.00658587
0.00661663
0.00664797
0.00667962
0.00671143
0.00674306
0.00677438
0.00680513
0.00683516
0.00686417
0.00689213
0.00691886
0.00694439
0.00696857
0.00699146
0.00701299
0.0070332
0.007052
0.00706952
0.00708579
0.00710095
0.00711498
0.00712801
0.00714005
0.00715119
0.00716138
0.00717077
0.00717941
0.00718744
0.00719482
0.00720168
0.00720799
0.00721384
0.00721915
0.00722405
0.00722856
0.00723277
0.00723663
0.00724023
0.00724355
0.00724665
0.00724942
0.007252
0.00725437
0.0072566
0.00725864
0.00726055
0.00726229
0.00726391
0.00726533
0.00726665
0.00726784
0.00726895
0.00726995
0.00727088
0.0072717
0.00727245
0.00727309
0.00727366
0.00727414
0.00727459
0.00727496
0.00727529
0.00727556
0.00727578
0.00727595
0.00727607
0.00727614
0.00727615
0.00727615
0.00727603
0.00727603
0.00727537
0.00110752
0.00188763
0.00231832
0.00252712
0.00263353
0.00269145
0.00272354
0.00273864
0.00274751
0.00278065
0.00288161
0.0030667
0.0033019
0.00353355
0.00372783
0.00387728
0.00398763
0.0040676
0.00412472
0.00416494
0.00419257
0.00421096
0.00422251
0.00422917
0.00423236
0.00423328
0.00423274
0.00423147
0.00422994
0.0042286
0.0042277
0.00422752
0.00422821
0.00422992
0.00423267
0.00423661
0.00424173
0.00424814
0.00425579
0.00426474
0.00427497
0.00428648
0.00429917
0.00431306
0.00432808
0.00434422
0.00436134
0.0043794
0.00439827
0.00441784
0.0044379
0.00445835
0.00447901
0.00449978
0.00452043
0.00454089
0.00456097
0.00458057
0.00459951
0.00461774
0.00463518
0.00465182
0.00466758
0.00468249
0.00469651
0.00470967
0.0047219
0.0047333
0.00474388
0.00475373
0.00476285
0.00477132
0.00477915
0.00478639
0.004793
0.0047991
0.00480471
0.00480993
0.00481472
0.00481917
0.00482328
0.00482708
0.00483052
0.0048337
0.00483663
0.00483936
0.00484187
0.00484421
0.00484637
0.00484838
0.00485018
0.00485185
0.00485339
0.00485483
0.00485615
0.00485739
0.00485852
0.00485957
0.00486049
0.00486134
0.00486211
0.00486283
0.00486347
0.00486407
0.0048646
0.00486508
0.00486549
0.00486585
0.00486616
0.00486644
0.00486668
0.00486688
0.00486705
0.00486719
0.00486729
0.00486736
0.0048674
0.0048674
0.00486739
0.0048673
0.0048673
0.00486684
0.000940086
0.00154366
0.00179617
0.00189808
0.00194232
0.0019626
0.00197122
0.00197222
0.00197037
0.00198098
0.0020263
0.00211438
0.00222815
0.002341
0.00243581
0.00250852
0.0025618
0.00259993
0.00262668
0.00264504
0.00265718
0.0026648
0.0026691
0.00267109
0.00267148
0.00267088
0.0026697
0.00266829
0.0026669
0.00266574
0.00266493
0.00266461
0.00266484
0.00266569
0.00266717
0.00266935
0.00267222
0.00267583
0.00268015
0.00268522
0.00269102
0.00269755
0.00270475
0.00271264
0.00272118
0.00273036
0.00274011
0.00275039
0.00276115
0.00277231
0.00278376
0.00279544
0.00280725
0.00281912
0.00283093
0.00284264
0.00285412
0.00286534
0.00287618
0.00288662
0.00289659
0.00290612
0.00291514
0.00292366
0.00293168
0.00293921
0.0029462
0.00295271
0.00295876
0.00296439
0.0029696
0.00297444
0.00297891
0.00298304
0.00298682
0.0029903
0.0029935
0.00299648
0.00299921
0.00300176
0.0030041
0.00300627
0.00300823
0.00301005
0.00301172
0.00301328
0.00301471
0.00301605
0.00301728
0.00301843
0.00301946
0.00302041
0.00302129
0.00302212
0.00302287
0.00302358
0.00302423
0.00302482
0.00302535
0.00302583
0.00302627
0.00302668
0.00302705
0.00302739
0.0030277
0.00302797
0.0030282
0.00302841
0.00302858
0.00302875
0.00302888
0.003029
0.00302909
0.00302917
0.00302923
0.00302927
0.00302929
0.00302929
0.00302928
0.00302923
0.00302923
0.00302896
0.000758917
0.00114997
0.00126545
0.00129943
0.001309
0.00131024
0.00130807
0.00130375
0.00129886
0.00129938
0.00131395
0.00134518
0.00138621
0.0014271
0.00146147
0.00148772
0.00150677
0.00152019
0.00152939
0.0015355
0.00153934
0.00154154
0.00154258
0.00154282
0.00154255
0.00154199
0.00154129
0.0015406
0.00153999
0.00153954
0.00153929
0.0015393
0.00153958
0.00154015
0.00154102
0.00154221
0.00154371
0.00154554
0.00154769
0.00155018
0.00155298
0.00155611
0.00155953
0.00156327
0.00156728
0.00157158
0.00157614
0.00158093
0.00158594
0.00159112
0.00159643
0.00160185
0.00160733
0.00161283
0.0016183
0.00162372
0.00162903
0.00163422
0.00163924
0.00164407
0.00164868
0.00165308
0.00165725
0.00166119
0.0016649
0.00166837
0.0016716
0.0016746
0.00167739
0.00167999
0.00168239
0.00168462
0.00168668
0.00168858
0.00169032
0.00169192
0.0016934
0.00169477
0.00169603
0.0016972
0.00169827
0.00169927
0.00170018
0.00170101
0.00170178
0.0017025
0.00170316
0.00170378
0.00170434
0.00170487
0.00170534
0.00170579
0.00170619
0.00170657
0.00170692
0.00170725
0.00170755
0.00170782
0.00170806
0.00170829
0.00170849
0.00170869
0.00170886
0.00170901
0.00170916
0.00170928
0.00170939
0.00170949
0.00170957
0.00170965
0.00170971
0.00170977
0.00170982
0.00170986
0.00170988
0.00170991
0.00170992
0.00170992
0.00170992
0.0017099
0.0017099
0.00170979
0.000560689
0.000737103
0.00076363
0.000763607
0.000759029
0.00075391
0.000749032
0.000744455
0.000740493
0.000738576
0.000740426
0.000745942
0.000753197
0.000760216
0.000765924
0.000770123
0.000773025
0.000774948
0.000776157
0.00077687
0.000777236
0.000777375
0.000777364
0.000777273
0.000777146
0.00077703
0.000776944
0.000776915
0.000776952
0.000777069
0.000777266
0.000777555
0.000777934
0.000778406
0.000778966
0.000779622
0.000780368
0.000781208
0.000782135
0.000783154
0.000784259
0.000785451
0.000786722
0.000788075
0.000789502
0.000791004
0.000792568
0.000794195
0.000795872
0.000797594
0.000799343
0.000801115
0.000802893
0.000804671
0.00080643
0.000808165
0.00080986
0.00081151
0.000813099
0.000814626
0.000816082
0.000817469
0.000818778
0.000820014
0.000821173
0.000822259
0.000823265
0.000824203
0.000825072
0.00082588
0.000826624
0.000827316
0.000827953
0.000828542
0.000829079
0.000829575
0.000830031
0.000830455
0.000830843
0.000831204
0.000831535
0.000831842
0.00083212
0.000832379
0.000832616
0.000832838
0.00083304
0.000833231
0.000833405
0.000833568
0.000833714
0.000833851
0.000833976
0.000834095
0.000834202
0.000834304
0.000834396
0.000834483
0.000834558
0.00083463
0.000834694
0.000834755
0.000834808
0.000834859
0.000834904
0.000834946
0.000834981
0.000835013
0.000835041
0.000835068
0.000835089
0.00083511
0.000835126
0.000835141
0.000835152
0.000835162
0.000835169
0.000835172
0.000835176
0.000835174
0.000835177
0.000835152
0.000284746
0.000272336
0.000264576
0.000259339
0.000255519
0.000252568
0.000250189
0.00024824
0.000246738
0.000245838
0.000245564
0.000245585
0.000245502
0.000245189
0.000244731
0.00024424
0.000243785
0.000243396
0.000243078
0.00024283
0.000242645
0.000242515
0.000242433
0.000242395
0.000242393
0.000242426
0.000242487
0.000242575
0.000242686
0.000242819
0.000242971
0.000243141
0.000243327
0.000243528
0.000243742
0.000243971
0.000244211
0.000244463
0.000244725
0.000244997
0.000245278
0.000245568
0.000245865
0.000246169
0.000246479
0.000246795
0.000247113
0.000247435
0.000247758
0.000248081
0.000248402
0.00024872
0.000249034
0.000249342
0.000249641
0.000249933
0.000250213
0.000250483
0.000250741
0.000250987
0.000251219
0.000251439
0.000251645
0.000251838
0.000252019
0.000252187
0.000252343
0.000252488
0.000252623
0.000252747
0.000252861
0.000252967
0.000253064
0.000253154
0.000253236
0.000253312
0.000253382
0.000253447
0.000253506
0.00025356
0.00025361
0.000253657
0.000253699
0.000253738
0.000253775
0.000253808
0.000253839
0.000253868
0.000253894
0.000253918
0.000253941
0.000253962
0.000253981
0.000253999
0.000254015
0.00025403
0.000254044
0.000254057
0.000254069
0.00025408
0.00025409
0.0002541
0.000254108
0.000254116
0.000254123
0.00025413
0.000254136
0.000254142
0.000254147
0.000254151
0.000254155
0.000254159
0.000254163
0.000254166
0.000254168
0.000254171
0.000254173
0.000254175
0.000254176
0.000254178
0.000254178
0.000254181
)
;

boundaryField
{
    lowerWall
    {
        type            nutkWallFunction;
        Cmu             0.09;
        kappa           0.41;
        E               9.8;
        value           nonuniform List<scalar> 
122
(
3.3854e-05
3.22343e-05
3.12152e-05
3.05249e-05
3.00203e-05
2.96299e-05
2.93149e-05
2.9059e-05
2.88695e-05
2.8768e-05
2.87469e-05
2.87521e-05
2.87341e-05
2.8685e-05
2.86197e-05
2.85532e-05
2.84935e-05
2.84434e-05
2.84031e-05
2.83726e-05
2.83503e-05
2.83355e-05
2.83268e-05
2.8324e-05
2.83261e-05
2.83325e-05
2.83426e-05
2.83565e-05
2.83734e-05
2.83932e-05
2.84154e-05
2.84401e-05
2.8467e-05
2.84959e-05
2.85264e-05
2.85589e-05
2.85931e-05
2.86288e-05
2.86657e-05
2.87041e-05
2.87437e-05
2.87844e-05
2.88258e-05
2.88683e-05
2.89115e-05
2.89553e-05
2.89992e-05
2.90436e-05
2.90879e-05
2.9132e-05
2.91755e-05
2.92186e-05
2.92608e-05
2.9302e-05
2.93418e-05
2.93804e-05
2.94175e-05
2.94529e-05
2.94864e-05
2.95183e-05
2.95484e-05
2.95767e-05
2.96031e-05
2.96279e-05
2.96511e-05
2.96725e-05
2.96922e-05
2.97107e-05
2.97277e-05
2.97435e-05
2.97579e-05
2.97713e-05
2.97836e-05
2.9795e-05
2.98052e-05
2.98149e-05
2.98238e-05
2.9832e-05
2.98394e-05
2.98463e-05
2.98528e-05
2.98587e-05
2.98639e-05
2.98689e-05
2.98736e-05
2.98779e-05
2.98817e-05
2.98854e-05
2.98888e-05
2.98919e-05
2.98946e-05
2.98973e-05
2.98998e-05
2.99021e-05
2.99041e-05
2.9906e-05
2.99078e-05
2.99095e-05
2.99109e-05
2.99123e-05
2.99136e-05
2.99148e-05
2.99158e-05
2.99168e-05
2.99177e-05
2.99186e-05
2.99192e-05
2.99199e-05
2.99206e-05
2.99211e-05
2.99216e-05
2.99221e-05
2.99225e-05
2.99229e-05
2.99232e-05
2.99235e-05
2.99237e-05
2.99239e-05
2.99241e-05
2.99243e-05
2.99242e-05
2.99247e-05
)
;
    }
    upperWall
    {
        type            nutkWallFunction;
        Cmu             0.09;
        kappa           0.41;
        E               9.8;
        value           nonuniform List<scalar> 
122
(
3.36526e-05
3.20374e-05
3.10226e-05
3.03356e-05
2.98333e-05
2.94448e-05
2.91314e-05
2.8877e-05
2.86894e-05
2.85895e-05
2.85675e-05
2.85687e-05
2.85466e-05
2.84952e-05
2.8429e-05
2.83626e-05
2.83032e-05
2.82536e-05
2.82141e-05
2.8184e-05
2.81621e-05
2.81476e-05
2.81394e-05
2.81367e-05
2.81389e-05
2.81455e-05
2.81559e-05
2.81697e-05
2.81866e-05
2.82063e-05
2.82285e-05
2.82531e-05
2.82798e-05
2.83084e-05
2.83389e-05
2.83712e-05
2.8405e-05
2.84403e-05
2.8477e-05
2.85151e-05
2.85542e-05
2.85945e-05
2.86357e-05
2.86778e-05
2.87206e-05
2.8764e-05
2.88077e-05
2.88517e-05
2.88957e-05
2.89395e-05
2.89828e-05
2.90257e-05
2.90676e-05
2.91086e-05
2.91484e-05
2.91869e-05
2.92238e-05
2.92591e-05
2.92926e-05
2.93245e-05
2.93546e-05
2.93829e-05
2.94094e-05
2.94342e-05
2.94572e-05
2.94787e-05
2.94985e-05
2.95169e-05
2.95339e-05
2.95497e-05
2.95641e-05
2.95775e-05
2.95897e-05
2.96011e-05
2.96114e-05
2.9621e-05
2.96298e-05
2.9638e-05
2.96454e-05
2.96523e-05
2.96586e-05
2.96644e-05
2.96698e-05
2.96747e-05
2.96793e-05
2.96836e-05
2.96874e-05
2.9691e-05
2.96943e-05
2.96974e-05
2.97002e-05
2.97029e-05
2.97053e-05
2.97075e-05
2.97095e-05
2.97115e-05
2.97132e-05
2.97148e-05
2.97163e-05
2.97177e-05
2.97189e-05
2.97201e-05
2.97212e-05
2.97222e-05
2.9723e-05
2.97239e-05
2.97246e-05
2.97253e-05
2.97259e-05
2.97264e-05
2.97269e-05
2.97274e-05
2.97278e-05
2.97281e-05
2.97284e-05
2.97287e-05
2.97289e-05
2.97291e-05
2.97293e-05
2.97295e-05
2.97296e-05
2.97299e-05
)
;
    }
    inlet
    {
        type            calculated;
        value           uniform 0.0366503;
    }
    outlet
    {
        type            calculated;
        value           nonuniform List<scalar> 
60
(
0.000255654
0.000841821
0.00172776
0.00306548
0.00492872
0.00736847
0.0104234
0.0141274
0.018514
0.0236183
0.0294773
0.0361299
0.0436155
0.0519722
0.0612336
0.0714248
0.0825568
0.0946189
0.107569
0.121322
0.135736
0.150597
0.165614
0.180422
0.194634
0.20797
0.22055
0.233275
0.247456
0.260624
0.260389
0.246705
0.232135
0.219219
0.206586
0.193271
0.179121
0.164392
0.149464
0.134693
0.120369
0.106704
0.0938373
0.0818548
0.070798
0.0606778
0.0514831
0.043189
0.035762
0.0291644
0.0233567
0.0183002
0.0139578
0.0102941
0.00727537
0.00486684
0.00302896
0.00170979
0.000835152
0.000254181
)
;
    }
    frontAndBack
    {
        type            empty;
    }
}


// ************************************************************************* //
