/*--------------------------------*- C++ -*----------------------------------*\
  =========                 |
  \\      /  F ield         | OpenFOAM: The Open Source CFD Toolbox
   \\    /   O peration     | Website:  https://openfoam.org
    \\  /    A nd           | Version:  8
     \\/     M anipulation  |
\*---------------------------------------------------------------------------*/
FoamFile
{
    version     2.0;
    format      ascii;
    class       volScalarField;
    location    "300";
    object      p;
}
// * * * * * * * * * * * * * * * * * * * * * * * * * * * * * * * * * * * * * //

dimensions      [0 2 -2 0 0 0 0];

internalField   nonuniform List<scalar> 
7320
(
355.159
349.301
347.39
345.603
343.892
342.194
340.53
338.912
337.351
335.815
334.179
332.204
329.715
326.708
323.319
319.694
315.951
312.155
308.354
304.567
300.817
297.113
293.463
289.866
286.328
282.846
279.423
276.051
272.733
269.466
266.249
263.076
259.949
256.862
253.818
250.808
247.836
244.897
241.991
239.113
236.266
233.445
230.652
227.879
225.131
222.404
219.699
217.009
214.339
211.685
209.047
206.419
203.805
201.199
198.603
196.009
193.419
190.83
188.24
185.641
183.038
180.423
177.798
175.156
172.501
169.827
167.136
164.422
161.69
158.936
156.163
153.367
150.553
147.718
144.866
141.992
139.103
136.196
133.275
130.336
127.386
124.422
121.448
118.46
115.463
112.455
109.441
106.416
103.386
100.348
97.3062
94.2551
91.2008
88.1406
85.078
82.0089
78.938
75.8629
72.7868
69.7049
66.6223
63.5365
60.4501
57.3597
54.2691
51.1762
48.0831
44.9868
41.8904
38.7924
35.6941
32.5939
29.4935
26.3922
23.2903
20.1878
17.0845
13.9811
10.876
7.77315
4.66454
1.56883
354.36
349.288
347.39
345.603
343.893
342.194
340.53
338.912
337.351
335.815
334.179
332.204
329.715
326.708
323.319
319.694
315.951
312.156
308.354
304.567
300.817
297.113
293.463
289.866
286.328
282.846
279.423
276.051
272.733
269.466
266.249
263.076
259.949
256.862
253.818
250.808
247.836
244.897
241.991
239.113
236.266
233.445
230.652
227.879
225.131
222.404
219.699
217.009
214.339
211.685
209.047
206.419
203.805
201.199
198.603
196.009
193.419
190.83
188.24
185.641
183.038
180.423
177.798
175.156
172.501
169.827
167.136
164.422
161.69
158.936
156.163
153.367
150.553
147.718
144.866
141.992
139.103
136.196
133.275
130.336
127.386
124.422
121.448
118.46
115.463
112.455
109.441
106.416
103.386
100.348
97.3062
94.2551
91.2008
88.1406
85.078
82.0089
78.938
75.8629
72.7868
69.7049
66.6223
63.5365
60.4501
57.3597
54.269
51.1762
48.0831
44.9868
41.8904
38.7924
35.6941
32.5939
29.4935
26.3922
23.2903
20.1878
17.0845
13.9811
10.876
7.77315
4.66453
1.56883
354.155
349.293
347.392
345.604
343.893
342.195
340.53
338.912
337.351
335.815
334.179
332.204
329.716
326.708
323.319
319.694
315.951
312.156
308.354
304.567
300.817
297.113
293.463
289.866
286.328
282.846
279.423
276.051
272.733
269.466
266.249
263.076
259.949
256.862
253.818
250.808
247.836
244.897
241.991
239.113
236.266
233.445
230.652
227.879
225.131
222.404
219.699
217.009
214.339
211.685
209.047
206.419
203.805
201.199
198.603
196.009
193.419
190.83
188.24
185.641
183.038
180.423
177.798
175.156
172.501
169.827
167.136
164.422
161.69
158.936
156.163
153.367
150.553
147.718
144.866
141.992
139.103
136.196
133.275
130.336
127.386
124.422
121.448
118.46
115.463
112.455
109.441
106.416
103.386
100.348
97.3062
94.2551
91.2008
88.1406
85.078
82.0089
78.938
75.8629
72.7868
69.7049
66.6223
63.5365
60.4501
57.3597
54.269
51.1762
48.0831
44.9868
41.8904
38.7924
35.6941
32.5939
29.4935
26.3922
23.2903
20.1878
17.0845
13.9811
10.876
7.77315
4.66454
1.56883
354.141
349.3
347.393
345.605
343.894
342.195
340.531
338.912
337.351
335.816
334.179
332.204
329.716
326.708
323.319
319.695
315.951
312.156
308.355
304.567
300.818
297.113
293.463
289.866
286.328
282.846
279.423
276.051
272.733
269.466
266.249
263.076
259.948
256.862
253.818
250.808
247.836
244.896
241.991
239.113
236.266
233.445
230.652
227.879
225.131
222.404
219.698
217.009
214.339
211.685
209.047
206.419
203.805
201.199
198.603
196.008
193.419
190.829
188.24
185.641
183.038
180.423
177.798
175.156
172.501
169.827
167.136
164.422
161.69
158.936
156.163
153.367
150.553
147.718
144.866
141.992
139.103
136.196
133.275
130.336
127.386
124.422
121.448
118.46
115.463
112.455
109.441
106.416
103.386
100.348
97.3062
94.2551
91.2008
88.1406
85.078
82.0089
78.938
75.8629
72.7868
69.7049
66.6223
63.5365
60.45
57.3597
54.269
51.1762
48.0831
44.9868
41.8904
38.7924
35.6941
32.5939
29.4935
26.3922
23.2903
20.1878
17.0845
13.9811
10.876
7.77315
4.66453
1.56883
354.114
349.304
347.395
345.606
343.895
342.196
340.531
338.913
337.351
335.816
334.18
332.205
329.717
326.709
323.32
319.695
315.952
312.156
308.355
304.567
300.818
297.113
293.463
289.866
286.328
282.846
279.423
276.051
272.733
269.466
266.249
263.076
259.948
256.862
253.818
250.808
247.836
244.896
241.991
239.113
236.266
233.445
230.652
227.879
225.131
222.404
219.698
217.009
214.339
211.685
209.047
206.419
203.805
201.199
198.603
196.008
193.419
190.829
188.24
185.641
183.038
180.423
177.798
175.156
172.501
169.827
167.136
164.422
161.69
158.936
156.163
153.367
150.553
147.718
144.866
141.992
139.103
136.196
133.275
130.336
127.386
124.422
121.448
118.46
115.463
112.455
109.441
106.416
103.386
100.348
97.3062
94.2551
91.2008
88.1406
85.078
82.0089
78.938
75.8629
72.7868
69.7049
66.6223
63.5365
60.45
57.3597
54.269
51.1762
48.0831
44.9868
41.8904
38.7924
35.6941
32.5939
29.4935
26.3922
23.2903
20.1878
17.0845
13.9811
10.876
7.77315
4.66454
1.56883
354.072
349.309
347.398
345.608
343.896
342.197
340.532
338.913
337.352
335.816
334.18
332.206
329.718
326.71
323.321
319.696
315.952
312.157
308.355
304.568
300.818
297.113
293.463
289.866
286.328
282.846
279.423
276.051
272.733
269.466
266.249
263.076
259.948
256.862
253.818
250.808
247.836
244.896
241.991
239.113
236.266
233.445
230.652
227.879
225.131
222.404
219.698
217.009
214.339
211.685
209.047
206.419
203.805
201.199
198.602
196.008
193.419
190.829
188.24
185.641
183.038
180.423
177.798
175.156
172.501
169.826
167.136
164.422
161.69
158.936
156.163
153.367
150.553
147.718
144.866
141.992
139.103
136.195
133.275
130.336
127.386
124.422
121.448
118.459
115.463
112.455
109.441
106.416
103.386
100.348
97.3062
94.2551
91.2008
88.1406
85.078
82.0089
78.938
75.8629
72.7868
69.7049
66.6223
63.5365
60.45
57.3597
54.269
51.1762
48.0831
44.9868
41.8904
38.7924
35.6941
32.5939
29.4935
26.3922
23.2903
20.1878
17.0845
13.9811
10.876
7.77315
4.66452
1.56882
354.037
349.314
347.4
345.61
343.897
342.198
340.533
338.914
337.352
335.817
334.181
332.207
329.719
326.712
323.322
319.697
315.953
312.157
308.356
304.568
300.818
297.113
293.464
289.866
286.328
282.846
279.423
276.051
272.733
269.466
266.249
263.075
259.948
256.862
253.818
250.808
247.835
244.896
241.991
239.113
236.266
233.445
230.651
227.879
225.131
222.404
219.698
217.009
214.339
211.684
209.047
206.419
203.805
201.199
198.602
196.008
193.419
190.829
188.24
185.641
183.038
180.423
177.798
175.156
172.501
169.826
167.136
164.422
161.69
158.936
156.163
153.367
150.553
147.718
144.866
141.992
139.103
136.195
133.275
130.336
127.386
124.422
121.448
118.459
115.463
112.455
109.441
106.416
103.386
100.348
97.3062
94.2551
91.2008
88.1406
85.078
82.0089
78.938
75.8629
72.7868
69.7049
66.6223
63.5365
60.45
57.3597
54.269
51.1762
48.0831
44.9868
41.8904
38.7924
35.6941
32.5939
29.4935
26.3922
23.2903
20.1878
17.0845
13.9811
10.876
7.77315
4.66454
1.56884
354.01
349.319
347.403
345.612
343.899
342.199
340.534
338.915
337.353
335.818
334.183
332.209
329.721
326.714
323.324
319.699
315.954
312.158
308.356
304.568
300.818
297.114
293.464
289.866
286.328
282.846
279.423
276.05
272.733
269.466
266.249
263.075
259.948
256.862
253.818
250.808
247.835
244.896
241.991
239.113
236.265
233.444
230.651
227.879
225.131
222.403
219.698
217.009
214.339
211.684
209.047
206.419
203.805
201.199
198.602
196.008
193.419
190.829
188.24
185.641
183.038
180.423
177.798
175.156
172.501
169.826
167.136
164.422
161.69
158.936
156.163
153.367
150.553
147.718
144.866
141.992
139.103
136.195
133.275
130.336
127.386
124.422
121.448
118.459
115.463
112.455
109.441
106.416
103.386
100.348
97.3062
94.255
91.2008
88.1406
85.078
82.0089
78.938
75.8629
72.7868
69.7049
66.6223
63.5365
60.45
57.3597
54.269
51.1762
48.0831
44.9868
41.8904
38.7924
35.6941
32.5939
29.4935
26.3922
23.2903
20.1878
17.0845
13.9811
10.876
7.77315
4.66451
1.56881
353.988
349.325
347.406
345.614
343.901
342.201
340.535
338.916
337.354
335.819
334.184
332.211
329.724
326.717
323.327
319.701
315.956
312.159
308.357
304.569
300.819
297.114
293.464
289.866
286.328
282.846
279.423
276.05
272.733
269.465
266.249
263.075
259.948
256.862
253.818
250.807
247.835
244.896
241.99
239.112
236.265
233.444
230.651
227.878
225.131
222.403
219.698
217.008
214.339
211.684
209.047
206.419
203.804
201.199
198.602
196.008
193.419
190.829
188.239
185.641
183.037
180.423
177.798
175.156
172.501
169.826
167.136
164.422
161.69
158.936
156.163
153.367
150.553
147.718
144.866
141.992
139.103
136.195
133.275
130.336
127.386
124.422
121.448
118.459
115.463
112.455
109.441
106.416
103.386
100.348
97.3062
94.255
91.2007
88.1406
85.078
82.0088
78.938
75.8629
72.7868
69.7049
66.6223
63.5365
60.45
57.3597
54.269
51.1762
48.0831
44.9868
41.8904
38.7924
35.6941
32.5939
29.4935
26.3922
23.2903
20.1877
17.0845
13.9811
10.876
7.77314
4.66453
1.56883
353.967
349.332
347.408
345.617
343.903
342.202
340.536
338.917
337.355
335.82
334.186
332.214
329.727
326.72
323.329
319.703
315.958
312.161
308.359
304.57
300.82
297.115
293.464
289.866
286.328
282.846
279.423
276.05
272.733
269.465
266.248
263.075
259.948
256.862
253.817
250.807
247.835
244.896
241.99
239.112
236.265
233.444
230.651
227.878
225.13
222.403
219.698
217.008
214.338
211.684
209.047
206.419
203.804
201.198
198.602
196.008
193.419
190.829
188.239
185.641
183.037
180.423
177.798
175.156
172.5
169.826
167.136
164.422
161.69
158.936
156.163
153.367
150.553
147.718
144.866
141.992
139.103
136.195
133.275
130.336
127.386
124.422
121.448
118.459
115.463
112.455
109.441
106.416
103.386
100.348
97.3062
94.255
91.2007
88.1406
85.078
82.0088
78.938
75.8629
72.7868
69.7049
66.6223
63.5365
60.45
57.3597
54.269
51.1761
48.0831
44.9868
41.8904
38.7924
35.6941
32.5939
29.4935
26.3922
23.2903
20.1877
17.0845
13.9811
10.876
7.77314
4.6645
1.5688
353.947
349.34
347.41
345.619
343.905
342.204
340.538
338.918
337.356
335.822
334.189
332.217
329.731
326.723
323.333
319.706
315.96
312.163
308.36
304.571
300.821
297.115
293.465
289.867
286.328
282.846
279.423
276.05
272.733
269.465
266.248
263.075
259.947
256.861
253.817
250.807
247.835
244.895
241.99
239.112
236.265
233.444
230.651
227.878
225.13
222.403
219.697
217.008
214.338
211.684
209.046
206.418
203.804
201.198
198.602
196.008
193.419
190.829
188.239
185.641
183.037
180.423
177.798
175.156
172.5
169.826
167.136
164.422
161.69
158.936
156.163
153.367
150.553
147.718
144.866
141.992
139.103
136.195
133.275
130.336
127.386
124.422
121.448
118.459
115.463
112.455
109.441
106.416
103.386
100.348
97.3062
94.255
91.2007
88.1406
85.078
82.0088
78.9379
75.8629
72.7868
69.7049
66.6223
63.5365
60.45
57.3597
54.269
51.1761
48.0831
44.9868
41.8904
38.7924
35.6941
32.5939
29.4935
26.3922
23.2902
20.1877
17.0845
13.9811
10.876
7.77314
4.66452
1.56883
353.924
349.349
347.412
345.621
343.907
342.206
340.54
338.92
337.358
335.824
334.191
332.221
329.735
326.728
323.337
319.71
315.964
312.166
308.362
304.573
300.822
297.116
293.466
289.867
286.329
282.847
279.423
276.05
272.733
269.465
266.248
263.075
259.947
256.861
253.817
250.807
247.834
244.895
241.99
239.112
236.264
233.443
230.65
227.878
225.13
222.403
219.697
217.008
214.338
211.684
209.046
206.418
203.804
201.198
198.602
196.008
193.418
190.829
188.239
185.641
183.037
180.422
177.798
175.156
172.5
169.826
167.136
164.422
161.69
158.936
156.163
153.367
150.553
147.718
144.866
141.992
139.103
136.195
133.275
130.336
127.386
124.422
121.448
118.459
115.463
112.455
109.441
106.416
103.386
100.348
97.3061
94.255
91.2007
88.1406
85.078
82.0088
78.9379
75.8629
72.7867
69.7049
66.6223
63.5364
60.45
57.3597
54.269
51.1761
48.0831
44.9868
41.8904
38.7924
35.6941
32.5939
29.4935
26.3922
23.2902
20.1877
17.0845
13.9811
10.876
7.77313
4.66449
1.56878
353.898
349.36
347.414
345.623
343.909
342.209
340.542
338.922
337.36
335.826
334.194
332.224
329.739
326.732
323.342
319.714
315.967
312.169
308.365
304.575
300.824
297.118
293.467
289.868
286.329
282.847
279.424
276.051
272.733
269.465
266.248
263.075
259.947
256.861
253.817
250.807
247.834
244.895
241.989
239.112
236.264
233.443
230.65
227.877
225.13
222.402
219.697
217.008
214.338
211.683
209.046
206.418
203.804
201.198
198.601
196.007
193.418
190.828
188.239
185.64
183.037
180.422
177.798
175.156
172.5
169.826
167.136
164.422
161.69
158.936
156.163
153.367
150.553
147.717
144.866
141.992
139.103
136.195
133.275
130.336
127.386
124.422
121.448
118.459
115.463
112.455
109.441
106.416
103.386
100.348
97.3061
94.255
91.2007
88.1406
85.078
82.0088
78.9379
75.8629
72.7867
69.7049
66.6223
63.5364
60.45
57.3597
54.269
51.1761
48.0831
44.9868
41.8904
38.7924
35.6941
32.5939
29.4935
26.3922
23.2902
20.1877
17.0845
13.9811
10.876
7.77313
4.6645
1.56883
353.867
349.372
347.415
345.625
343.911
342.211
340.544
338.924
337.362
335.828
334.196
332.227
329.743
326.737
323.347
319.719
315.972
312.173
308.368
304.578
300.826
297.12
293.468
289.87
286.33
282.848
279.424
276.051
272.733
269.465
266.248
263.075
259.947
256.861
253.817
250.806
247.834
244.895
241.989
239.111
236.264
233.443
230.65
227.877
225.129
222.402
219.697
217.007
214.338
211.683
209.046
206.418
203.803
201.198
198.601
196.007
193.418
190.828
188.239
185.64
183.037
180.422
177.797
175.156
172.5
169.826
167.135
164.421
161.689
158.935
156.163
153.367
150.552
147.717
144.866
141.992
139.102
136.195
133.274
130.336
127.386
124.422
121.448
118.459
115.463
112.455
109.441
106.416
103.386
100.348
97.3061
94.255
91.2007
88.1406
85.0779
82.0088
78.9379
75.8629
72.7867
69.7049
66.6223
63.5364
60.45
57.3597
54.269
51.1761
48.0831
44.9868
41.8904
38.7924
35.6941
32.5939
29.4935
26.3922
23.2902
20.1877
17.0845
13.9811
10.876
7.77312
4.66447
1.56876
353.832
349.385
347.416
345.626
343.913
342.212
340.546
338.926
337.364
335.83
334.198
332.23
329.747
326.743
323.353
319.725
315.977
312.177
308.372
304.581
300.829
297.122
293.47
289.871
286.332
282.849
279.425
276.052
272.734
269.466
266.249
263.075
259.947
256.861
253.817
250.806
247.834
244.895
241.989
239.111
236.264
233.443
230.65
227.877
225.129
222.402
219.696
217.007
214.337
211.683
209.045
206.417
203.803
201.197
198.601
196.007
193.418
190.828
188.238
185.64
183.037
180.422
177.797
175.155
172.5
169.826
167.135
164.421
161.689
158.935
156.163
153.367
150.552
147.717
144.866
141.992
139.102
136.195
133.274
130.336
127.386
124.421
121.448
118.459
115.463
112.455
109.441
106.416
103.386
100.348
97.3061
94.255
91.2007
88.1405
85.0779
82.0088
78.9379
75.8629
72.7867
69.7049
66.6222
63.5364
60.45
57.3596
54.269
51.1761
48.0831
44.9868
41.8904
38.7924
35.6941
32.5939
29.4935
26.3922
23.2902
20.1877
17.0845
13.9811
10.876
7.77312
4.66449
1.56882
353.79
349.402
347.417
345.627
343.914
342.214
340.548
338.928
337.366
335.832
334.2
332.231
329.75
326.747
323.359
319.731
315.983
312.183
308.377
304.586
300.833
297.125
293.473
289.874
286.334
282.851
279.426
276.053
272.735
269.467
266.249
263.075
259.948
256.861
253.817
250.806
247.834
244.894
241.989
239.111
236.264
233.443
230.649
227.877
225.129
222.401
219.696
217.007
214.337
211.682
209.045
206.417
203.803
201.197
198.601
196.007
193.417
190.828
188.238
185.64
183.036
180.422
177.797
175.155
172.5
169.825
167.135
164.421
161.689
158.935
156.163
153.366
150.552
147.717
144.866
141.992
139.102
136.195
133.274
130.336
127.386
124.421
121.448
118.459
115.463
112.455
109.441
106.416
103.386
100.348
97.306
94.2549
91.2006
88.1405
85.0779
82.0088
78.9379
75.8628
72.7867
69.7049
66.6222
63.5364
60.45
57.3596
54.269
51.1761
48.0831
44.9868
41.8904
38.7924
35.6941
32.5939
29.4935
26.3922
23.2902
20.1877
17.0845
13.9811
10.876
7.77311
4.66446
1.56873
353.742
349.421
347.418
345.628
343.915
342.215
340.549
338.93
337.368
335.833
334.2
332.232
329.752
326.751
323.365
319.738
315.991
312.19
308.384
304.591
300.838
297.13
293.477
289.877
286.336
282.853
279.428
276.055
272.736
269.468
266.25
263.076
259.948
256.862
253.817
250.807
247.834
244.895
241.989
239.111
236.264
233.442
230.649
227.877
225.129
222.401
219.696
217.007
214.337
211.682
209.045
206.417
203.802
201.197
198.6
196.006
193.417
190.827
188.238
185.639
183.036
180.421
177.797
175.155
172.499
169.825
167.135
164.421
161.689
158.935
156.162
153.366
150.552
147.717
144.865
141.991
139.102
136.195
133.274
130.336
127.385
124.421
121.448
118.459
115.463
112.455
109.441
106.416
103.386
100.348
97.306
94.2549
91.2006
88.1405
85.0779
82.0088
78.9379
75.8628
72.7866
69.7049
66.6222
63.5364
60.45
57.3596
54.269
51.1761
48.083
44.9868
41.8904
38.7923
35.6941
32.5939
29.4935
26.3922
23.2902
20.1877
17.0845
13.9811
10.876
7.7731
4.66448
1.5688
353.687
349.443
347.42
345.629
343.916
342.215
340.55
338.931
337.369
335.833
334.198
332.229
329.752
326.754
323.37
319.745
315.998
312.198
308.391
304.598
300.844
297.135
293.481
289.881
286.34
282.856
279.431
276.057
272.738
269.469
266.252
263.077
259.949
256.863
253.818
250.807
247.835
244.895
241.989
239.111
236.264
233.442
230.649
227.876
225.129
222.401
219.696
217.006
214.336
211.682
209.044
206.417
203.802
201.196
198.6
196.006
193.417
190.827
188.237
185.639
183.036
180.421
177.796
175.154
172.499
169.825
167.134
164.421
161.689
158.935
156.162
153.366
150.552
147.717
144.865
141.991
139.102
136.195
133.274
130.335
127.385
124.421
121.448
118.459
115.462
112.455
109.441
106.416
103.386
100.348
97.3059
94.2549
91.2006
88.1405
85.0778
82.0087
78.9378
75.8628
72.7866
69.7048
66.6222
63.5364
60.4499
57.3596
54.269
51.1761
48.083
44.9868
41.8904
38.7923
35.694
32.5939
29.4935
26.3922
23.2902
20.1877
17.0845
13.9811
10.876
7.77308
4.66445
1.56868
353.623
349.47
347.421
345.63
343.916
342.216
340.55
338.932
337.369
335.831
334.194
332.225
329.748
326.754
323.374
319.752
316.006
312.206
308.399
304.606
300.851
297.142
293.488
289.886
286.345
282.86
279.435
276.06
272.741
269.472
266.254
263.079
259.951
256.864
253.819
250.808
247.835
244.896
241.99
239.112
236.264
233.443
230.649
227.877
225.129
222.401
219.696
217.006
214.336
211.682
209.044
206.416
203.802
201.196
198.6
196.006
193.416
190.827
188.237
185.639
183.035
180.421
177.796
175.154
172.498
169.824
167.134
164.42
161.688
158.934
156.162
153.366
150.552
147.717
144.865
141.991
139.102
136.195
133.274
130.335
127.385
124.421
121.447
118.459
115.462
112.455
109.441
106.416
103.386
100.348
97.3058
94.2548
91.2005
88.1404
85.0778
82.0087
78.9378
75.8628
72.7866
69.7048
66.6222
63.5364
60.4499
57.3596
54.2689
51.1761
48.083
44.9868
41.8904
38.7923
35.694
32.5939
29.4935
26.3921
23.2902
20.1877
17.0845
13.9811
10.876
7.77307
4.66447
1.56876
353.55
349.5
347.422
345.632
343.918
342.217
340.551
338.932
337.369
335.829
334.188
332.216
329.741
326.752
323.376
319.757
316.014
312.215
308.409
304.615
300.86
297.15
293.495
289.893
286.351
282.866
279.44
276.065
272.745
269.475
266.257
263.082
259.953
256.866
253.821
250.81
247.837
244.897
241.991
239.113
236.265
233.443
230.65
227.877
225.129
222.401
219.696
217.006
214.336
211.682
209.044
206.416
203.802
201.196
198.599
196.005
193.416
190.826
188.237
185.638
183.035
180.42
177.795
175.154
172.498
169.824
167.134
164.42
161.688
158.934
156.161
153.365
150.551
147.716
144.865
141.991
139.102
136.194
133.274
130.335
127.385
124.421
121.447
118.459
115.462
112.455
109.441
106.416
103.386
100.348
97.3057
94.2548
91.2005
88.1404
85.0777
82.0087
78.9378
75.8628
72.7865
69.7048
66.6221
63.5363
60.4499
57.3596
54.2689
51.1761
48.083
44.9867
41.8903
38.7923
35.694
32.5939
29.4935
26.3921
23.2902
20.1877
17.0844
13.981
10.876
7.77305
4.66446
1.56861
353.466
349.535
347.424
345.633
343.919
342.218
340.552
338.933
337.368
335.826
334.18
332.205
329.731
326.745
323.374
319.761
316.021
312.224
308.418
304.625
300.87
297.159
293.504
289.901
286.359
282.873
279.446
276.07
272.75
269.48
266.261
263.086
259.957
256.869
253.824
250.812
247.839
244.899
241.993
239.114
236.266
233.445
230.651
227.878
225.13
222.402
219.696
217.007
214.337
211.682
209.044
206.416
203.802
201.196
198.599
196.005
193.416
190.826
188.236
185.638
183.034
180.42
177.795
175.153
172.498
169.823
167.133
164.419
161.687
158.933
156.161
153.365
150.551
147.716
144.864
141.99
139.101
136.194
133.273
130.335
127.385
124.421
121.447
118.459
115.462
112.455
109.441
106.416
103.386
100.348
97.3056
94.2547
91.2004
88.1403
85.0776
82.0086
78.9377
75.8627
72.7865
69.7048
66.6221
63.5363
60.4498
57.3596
54.2689
51.1761
48.0829
44.9867
41.8903
38.7923
35.694
32.5939
29.4934
26.3921
23.2902
20.1877
17.0844
13.981
10.876
7.77304
4.66449
1.56869
353.371
349.575
347.426
345.635
343.921
342.22
340.553
338.934
337.368
335.822
334.171
332.192
329.717
326.735
323.368
319.76
316.024
312.231
308.427
304.636
300.88
297.17
293.514
289.911
286.368
282.881
279.454
276.078
272.757
269.486
266.267
263.091
259.961
256.873
253.827
250.816
247.842
244.902
241.995
239.116
236.268
233.446
230.652
227.879
225.131
222.403
219.697
217.008
214.337
211.683
209.045
206.417
203.802
201.196
198.599
196.005
193.416
190.826
188.236
185.638
183.034
180.419
177.794
175.153
172.497
169.823
167.132
164.419
161.687
158.933
156.16
153.364
150.55
147.715
144.864
141.99
139.101
136.194
133.273
130.335
127.384
124.421
121.447
118.458
115.462
112.455
109.441
106.416
103.385
100.348
97.3055
94.2546
91.2003
88.1403
85.0775
82.0086
78.9377
75.8627
72.7864
69.7047
66.6221
63.5363
60.4498
57.3596
54.2689
51.176
48.0829
44.9867
41.8903
38.7923
35.694
32.5938
29.4934
26.3921
23.2901
20.1877
17.0844
13.981
10.876
7.77301
4.6645
1.56849
353.264
349.619
347.429
345.637
343.923
342.221
340.554
338.935
337.368
335.818
334.161
332.178
329.702
326.722
323.36
319.756
316.024
312.234
308.433
304.645
300.891
297.181
293.525
289.922
286.378
282.891
279.463
276.087
272.765
269.494
266.274
263.098
259.967
256.879
253.832
250.821
247.847
244.906
241.999
239.12
236.271
233.449
230.655
227.882
225.133
222.405
219.699
217.009
214.339
211.684
209.046
206.418
203.803
201.197
198.6
196.006
193.416
190.826
188.236
185.638
183.034
180.419
177.794
175.152
172.497
169.823
167.132
164.418
161.686
158.933
156.16
153.364
150.55
147.715
144.863
141.99
139.1
136.193
133.273
130.334
127.384
124.42
121.446
118.458
115.462
112.454
109.44
106.416
103.385
100.347
97.3053
94.2545
91.2002
88.1402
85.0774
82.0085
78.9376
75.8626
72.7863
69.7047
66.622
63.5363
60.4497
57.3595
54.2689
51.176
48.0829
44.9867
41.8903
38.7923
35.6939
32.5938
29.4934
26.3921
23.2901
20.1877
17.0844
13.981
10.876
7.77299
4.66456
1.56852
353.147
349.666
347.432
345.639
343.926
342.223
340.556
338.937
337.368
335.813
334.15
332.161
329.685
326.709
323.351
319.75
316.021
312.234
308.435
304.649
300.898
297.191
293.536
289.934
286.39
282.903
279.474
276.097
272.775
269.503
266.282
263.106
259.975
256.886
253.839
250.827
247.852
244.911
242.004
239.124
236.276
233.453
230.659
227.885
225.136
222.408
219.702
217.012
214.341
211.686
209.047
206.419
203.804
201.198
198.601
196.007
193.417
190.827
188.236
185.638
183.034
180.419
177.794
175.152
172.497
169.822
167.132
164.418
161.686
158.932
156.159
153.364
150.549
147.715
144.863
141.989
139.1
136.193
133.272
130.334
127.384
124.42
121.446
118.458
115.461
112.454
109.44
106.415
103.385
100.347
97.3052
94.2544
91.2001
88.1401
85.0773
82.0085
78.9375
75.8626
72.7862
69.7047
66.622
63.5363
60.4497
57.3595
54.2688
51.176
48.0828
44.9867
41.8903
38.7923
35.6939
32.5938
29.4934
26.3921
23.2901
20.1877
17.0844
13.981
10.876
7.77296
4.66462
1.56824
353.02
349.716
347.436
345.641
343.929
342.226
340.558
338.938
337.368
335.808
334.137
332.144
329.667
326.695
323.341
319.745
316.018
312.233
308.435
304.65
300.9
297.195
293.542
289.943
286.4
282.914
279.486
276.109
272.786
269.514
266.293
263.116
259.985
256.895
253.848
250.835
247.86
244.918
242.01
239.131
236.281
233.459
230.664
227.89
225.141
222.412
219.705
217.015
214.344
211.689
209.05
206.422
203.807
201.2
198.603
196.008
193.419
190.828
188.238
185.639
183.035
180.42
177.795
175.153
172.497
169.823
167.132
164.418
161.686
158.932
156.159
153.363
150.549
147.714
144.862
141.989
139.1
136.193
133.272
130.334
127.384
124.42
121.446
118.458
115.461
112.454
109.44
106.415
103.385
100.347
97.305
94.2543
91.2
88.1401
85.0772
82.0084
78.9375
75.8626
72.7861
69.7047
66.6219
63.5363
60.4496
57.3595
54.2688
51.176
48.0828
44.9867
41.8903
38.7923
35.6939
32.5939
29.4934
26.3921
23.2901
20.1877
17.0844
13.981
10.876
7.77293
4.66473
1.56818
352.886
349.767
347.441
345.642
343.932
342.228
340.56
338.94
337.368
335.803
334.124
332.125
329.648
326.679
323.331
319.739
316.016
312.232
308.436
304.652
300.902
297.197
293.545
289.946
286.405
282.921
279.494
276.119
272.798
269.526
266.305
263.127
259.996
256.906
253.858
250.845
247.869
244.927
242.019
239.139
236.289
233.466
230.67
227.897
225.147
222.418
219.711
217.021
214.349
211.694
209.055
206.426
203.81
201.204
198.606
196.012
193.421
190.831
188.24
185.641
183.037
180.422
177.796
175.154
172.498
169.823
167.132
164.418
161.686
158.932
156.159
153.363
150.549
147.714
144.862
141.989
139.099
136.193
133.272
130.334
127.383
124.42
121.446
118.458
115.461
112.454
109.44
106.415
103.385
100.347
97.3049
94.2543
91.1999
88.1401
85.0772
82.0085
78.9375
75.8626
72.7861
69.7047
66.6219
63.5363
60.4496
57.3596
54.2688
51.1761
48.0828
44.9867
41.8903
38.7923
35.6939
32.5939
29.4934
26.3921
23.2901
20.1877
17.0844
13.981
10.876
7.7729
4.66485
1.56776
352.752
349.817
347.447
345.643
343.936
342.231
340.562
338.942
337.367
335.798
334.111
332.106
329.629
326.664
323.321
319.734
316.014
312.232
308.437
304.654
300.904
297.2
293.547
289.948
286.407
282.923
279.497
276.123
272.803
269.533
266.313
263.138
260.007
256.918
253.87
250.857
247.88
244.938
242.029
239.149
236.298
233.475
230.679
227.905
225.155
222.426
219.718
217.028
214.356
211.7
209.06
206.432
203.816
201.209
198.611
196.016
193.426
190.835
188.243
185.645
183.04
180.424
177.798
175.156
172.5
169.825
167.134
164.42
161.687
158.933
156.16
153.364
150.55
147.715
144.863
141.989
139.1
136.193
133.272
130.334
127.384
124.42
121.446
118.458
115.461
112.454
109.44
106.415
103.385
100.347
97.3049
94.2544
91.2
88.1402
85.0772
82.0086
78.9375
75.8627
72.7861
69.7048
66.622
63.5364
60.4496
57.3597
54.2689
51.1761
48.0828
44.9868
41.8903
38.7924
35.6939
32.5939
29.4935
26.3922
23.2902
20.1877
17.0845
13.981
10.8761
7.77288
4.66503
1.56746
352.624
349.862
347.454
345.644
343.939
342.234
340.564
338.944
337.367
335.792
334.098
332.088
329.61
326.649
323.311
319.729
316.012
312.232
308.438
304.656
300.907
297.202
293.55
289.951
286.41
282.926
279.499
276.125
272.805
269.535
266.315
263.14
260.011
256.923
253.876
250.865
247.89
244.949
242.041
239.161
236.31
233.487
230.69
227.915
225.165
222.435
219.727
217.036
214.364
211.708
209.068
206.439
203.823
201.216
198.618
196.023
193.432
190.841
188.249
185.65
183.044
180.429
177.802
175.16
172.503
169.828
167.136
164.422
161.69
158.935
156.162
153.366
150.551
147.716
144.864
141.99
139.101
136.194
133.273
130.335
127.384
124.421
121.446
118.459
115.462
112.455
109.44
106.416
103.385
100.348
97.3052
94.2548
91.2003
88.1405
85.0774
82.0089
78.9378
75.8629
72.7862
69.705
66.6221
63.5365
60.4497
57.3598
54.269
51.1763
48.0828
44.9869
41.8904
38.7925
35.694
32.5941
29.4936
26.3923
23.2902
20.1878
17.0846
13.9811
10.8762
7.77289
4.66523
1.56691
352.516
349.898
347.461
345.644
343.942
342.236
340.566
338.945
337.367
335.788
334.087
332.072
329.593
326.636
323.303
319.724
316.01
312.232
308.44
304.658
300.91
297.205
293.553
289.954
286.413
282.929
279.502
276.128
272.807
269.537
266.317
263.142
260.013
256.925
253.878
250.867
247.892
244.952
242.044
239.166
236.317
233.495
230.699
227.926
225.176
222.447
219.739
217.048
214.376
211.72
209.079
206.45
203.833
201.225
198.626
196.031
193.44
190.848
188.256
185.657
183.051
180.435
177.809
175.166
172.509
169.834
167.141
164.427
161.694
158.939
156.165
153.369
150.554
147.719
144.866
141.993
139.103
136.196
133.274
130.336
127.386
124.422
121.447
118.46
115.463
112.456
109.441
106.417
103.386
100.348
97.3057
94.2554
91.2008
88.141
85.0778
82.0093
78.9382
75.8633
72.7865
69.7053
66.6224
63.5368
60.45
57.3601
54.2692
51.1765
48.083
44.9871
41.8906
38.7927
35.6941
32.5942
29.4937
26.3924
23.2904
20.1879
17.0847
13.9812
10.8763
7.77291
4.66545
1.56632
352.448
349.92
347.466
345.644
343.943
342.238
340.567
338.946
337.367
335.785
334.08
332.061
329.583
326.627
323.297
319.721
316.009
312.232
308.44
304.66
300.911
297.207
293.555
289.956
286.415
282.931
279.504
276.13
272.809
269.539
266.319
263.144
260.014
256.926
253.879
250.868
247.894
244.953
242.045
239.167
236.318
233.496
230.7
227.928
225.178
222.45
219.743
217.054
214.383
211.727
209.088
206.459
203.843
201.236
198.637
196.042
193.451
190.859
188.266
185.667
183.061
180.444
177.817
175.174
172.516
169.84
167.147
164.433
161.699
158.944
156.17
153.373
150.558
147.723
144.869
141.996
139.106
136.198
133.277
130.338
127.388
124.424
121.449
118.461
115.464
112.457
109.442
106.418
103.387
100.349
97.3064
94.2561
91.2014
88.1415
85.0783
82.0098
78.9386
75.8637
72.7868
69.7057
66.6227
63.5371
60.4502
57.3604
54.2695
51.1767
48.0831
44.9873
41.8907
38.7928
35.6943
32.5943
29.4938
26.3925
23.2905
20.188
17.0848
13.9813
10.8764
7.77294
4.66559
1.56589
352.448
349.92
347.466
345.644
343.943
342.238
340.567
338.947
337.368
335.785
334.08
332.061
329.582
326.627
323.296
319.72
316.008
312.232
308.44
304.66
300.911
297.207
293.555
289.956
286.415
282.931
279.504
276.13
272.809
269.539
266.319
263.144
260.014
256.926
253.879
250.868
247.894
244.953
242.045
239.167
236.318
233.496
230.7
227.928
225.178
222.45
219.743
217.054
214.383
211.727
209.088
206.459
203.843
201.236
198.637
196.042
193.451
190.859
188.266
185.667
183.061
180.444
177.817
175.174
172.516
169.84
167.147
164.433
161.699
158.944
156.17
153.374
150.558
147.723
144.869
141.996
139.106
136.198
133.277
130.339
127.388
124.424
121.449
118.461
115.464
112.457
109.442
106.418
103.387
100.349
97.3063
94.2561
91.2014
88.1415
85.0783
82.0098
78.9386
75.8637
72.7868
69.7057
66.6227
63.5371
60.4502
57.3604
54.2695
51.1767
48.0831
44.9873
41.8907
38.7928
35.6943
32.5944
29.4938
26.3926
23.2905
20.188
17.0848
13.9813
10.8764
7.77291
4.66557
1.56569
352.516
349.898
347.461
345.644
343.942
342.236
340.566
338.946
337.368
335.789
334.087
332.071
329.592
326.634
323.301
319.723
316.009
312.232
308.439
304.658
300.91
297.205
293.553
289.954
286.413
282.929
279.502
276.128
272.807
269.538
266.318
263.143
260.013
256.925
253.878
250.867
247.892
244.952
242.044
239.166
236.317
233.495
230.699
227.926
225.176
222.447
219.739
217.049
214.376
211.72
209.079
206.45
203.833
201.226
198.627
196.031
193.44
190.849
188.256
185.657
183.051
180.436
177.809
175.166
172.509
169.834
167.141
164.427
161.694
158.939
156.166
153.37
150.555
147.719
144.866
141.993
139.103
136.196
133.274
130.337
127.386
124.422
121.447
118.46
115.463
112.456
109.441
106.417
103.386
100.349
97.3056
94.2554
91.2008
88.141
85.0778
82.0094
78.9382
75.8633
72.7864
69.7053
66.6224
63.5368
60.4499
57.3601
54.2693
51.1765
48.0829
44.9871
41.8906
38.7927
35.6941
32.5942
29.4937
26.3924
23.2904
20.1879
17.0847
13.9812
10.8763
7.77285
4.66536
1.56608
352.624
349.861
347.454
345.644
343.939
342.234
340.564
338.945
337.369
335.794
334.099
332.086
329.607
326.646
323.309
319.727
316.011
312.232
308.438
304.656
300.907
297.203
293.55
289.952
286.411
282.926
279.499
276.125
272.805
269.535
266.315
263.141
260.011
256.923
253.876
250.865
247.891
244.949
242.041
239.161
236.311
233.487
230.69
227.916
225.165
222.435
219.727
217.037
214.365
211.709
209.068
206.44
203.824
201.216
198.618
196.023
193.432
190.841
188.249
185.65
183.045
180.429
177.803
175.16
172.503
169.829
167.136
164.423
161.69
158.936
156.162
153.366
150.552
147.716
144.864
141.99
139.101
136.194
133.273
130.335
127.385
124.421
121.446
118.459
115.462
112.455
109.44
106.416
103.386
100.348
97.305
94.2548
91.2003
88.1405
85.0773
82.0089
78.9378
75.863
72.7861
69.705
66.6221
63.5365
60.4497
57.3599
54.2691
51.1763
48.0828
44.9869
41.8904
38.7925
35.694
32.5941
29.4936
26.3923
23.2903
20.1878
17.0846
13.9811
10.8762
7.77279
4.66511
1.56641
352.752
349.817
347.447
345.643
343.936
342.231
340.562
338.943
337.369
335.8
334.112
332.105
329.625
326.66
323.318
319.731
316.012
312.231
308.436
304.654
300.905
297.2
293.547
289.949
286.408
282.924
279.497
276.123
272.803
269.533
266.313
263.138
260.007
256.918
253.87
250.857
247.881
244.938
242.029
239.149
236.299
233.475
230.679
227.905
225.155
222.426
219.718
217.028
214.356
211.701
209.061
206.432
203.816
201.209
198.611
196.017
193.426
190.835
188.243
185.645
183.04
180.425
177.799
175.157
172.5
169.825
167.133
164.42
161.687
158.933
156.16
153.364
150.55
147.715
144.862
141.989
139.1
136.193
133.272
130.334
127.384
124.42
121.446
118.458
115.461
112.454
109.44
106.416
103.385
100.347
97.3047
94.2544
91.2
88.1402
85.0771
82.0086
78.9376
75.8627
72.7859
69.7047
66.622
63.5364
60.4496
57.3597
54.269
51.1762
48.0827
44.9868
41.8903
38.7924
35.6939
32.594
29.4935
26.3922
23.2902
20.1877
17.0845
13.981
10.8761
7.77277
4.66487
1.56692
352.887
349.767
347.441
345.642
343.932
342.228
340.56
338.941
337.37
335.806
334.126
332.124
329.644
326.674
323.327
319.736
316.014
312.231
308.435
304.651
300.902
297.197
293.545
289.946
286.405
282.921
279.494
276.119
272.798
269.527
266.305
263.128
259.996
256.906
253.858
250.845
247.87
244.928
242.019
239.139
236.29
233.467
230.671
227.897
225.147
222.419
219.711
217.021
214.35
211.694
209.055
206.427
203.811
201.204
198.606
196.012
193.422
190.831
188.24
185.641
183.037
180.422
177.796
175.154
172.498
169.824
167.132
164.418
161.686
158.932
156.159
153.364
150.549
147.714
144.862
141.989
139.1
136.193
133.272
130.334
127.384
124.42
121.445
118.458
115.461
112.454
109.44
106.415
103.385
100.347
97.3046
94.2543
91.1999
88.14
85.0771
82.0085
78.9376
75.8626
72.7858
69.7046
66.6219
63.5363
60.4495
57.3596
54.2689
51.1761
48.0826
44.9867
41.8903
38.7923
35.6939
32.5939
29.4935
26.3922
23.2902
20.1877
17.0844
13.981
10.876
7.77276
4.66468
1.56717
353.021
349.716
347.436
345.641
343.929
342.226
340.558
338.94
337.371
335.812
334.139
332.142
329.663
326.689
323.336
319.741
316.016
312.231
308.434
304.65
300.9
297.195
293.542
289.943
286.401
282.915
279.486
276.109
272.787
269.515
266.293
263.116
259.985
256.896
253.848
250.836
247.861
244.919
242.011
239.132
236.282
233.46
230.664
227.891
225.141
222.413
219.706
217.016
214.345
211.69
209.051
206.422
203.807
201.201
198.603
196.009
193.419
190.829
188.238
185.639
183.035
180.42
177.795
175.153
172.497
169.823
167.131
164.418
161.686
158.932
156.159
153.364
150.549
147.714
144.862
141.989
139.1
136.193
133.272
130.334
127.384
124.42
121.446
118.458
115.461
112.454
109.44
106.415
103.385
100.347
97.3047
94.2543
91.2
88.1401
85.0771
82.0085
78.9376
75.8626
72.7859
69.7046
66.6219
63.5362
60.4495
57.3596
54.2689
51.176
48.0826
44.9867
41.8903
38.7923
35.6939
32.5939
29.4935
26.3922
23.2901
20.1877
17.0844
13.981
10.876
7.77278
4.66453
1.56752
353.147
349.666
347.432
345.639
343.926
342.224
340.556
338.938
337.371
335.817
334.151
332.159
329.68
326.703
323.346
319.747
316.019
312.232
308.434
304.649
300.898
297.191
293.536
289.934
286.39
282.903
279.474
276.098
272.776
269.504
266.283
263.107
259.976
256.887
253.84
250.828
247.853
244.912
242.004
239.125
236.276
233.454
230.659
227.886
225.137
222.409
219.702
217.012
214.342
211.687
209.048
206.42
203.805
201.199
198.601
196.007
193.418
190.827
188.236
185.638
183.034
180.42
177.794
175.153
172.497
169.823
167.131
164.418
161.686
158.932
156.159
153.364
150.55
147.715
144.862
141.989
139.1
136.193
133.272
130.334
127.384
124.42
121.446
118.458
115.461
112.454
109.44
106.416
103.385
100.347
97.3048
94.2543
91.2001
88.1401
85.0772
82.0086
78.9377
75.8626
72.7859
69.7046
66.622
63.5363
60.4496
57.3596
54.2689
51.176
48.0826
44.9867
41.8903
38.7923
35.6939
32.5939
29.4935
26.3922
23.2901
20.1877
17.0844
13.981
10.876
7.77279
4.66441
1.56764
353.265
349.618
347.428
345.637
343.924
342.221
340.555
338.937
337.371
335.822
334.163
332.176
329.697
326.715
323.354
319.752
316.021
312.232
308.432
304.644
300.891
297.181
293.525
289.923
286.379
282.892
279.463
276.087
272.766
269.495
266.274
263.098
259.968
256.88
253.833
250.821
247.847
244.906
241.999
239.121
236.272
233.45
230.655
227.882
225.134
222.406
219.699
217.01
214.34
211.685
209.046
206.418
203.803
201.197
198.6
196.006
193.417
190.827
188.236
185.638
183.034
180.419
177.794
175.153
172.497
169.823
167.132
164.418
161.686
158.933
156.16
153.364
150.55
147.715
144.863
141.99
139.1
136.193
133.273
130.335
127.384
124.42
121.446
118.458
115.462
112.454
109.44
106.416
103.386
100.348
97.305
94.2544
91.2002
88.1402
85.0773
82.0086
78.9377
75.8627
72.786
69.7046
66.622
63.5363
60.4496
57.3596
54.269
51.1761
48.0827
44.9867
41.8903
38.7923
35.6939
32.5939
29.4935
26.3922
23.2902
20.1877
17.0844
13.981
10.876
7.77282
4.66433
1.56785
353.371
349.574
347.426
345.635
343.921
342.22
340.553
338.936
337.372
335.826
334.173
332.19
329.711
326.727
323.362
319.756
316.022
312.229
308.426
304.635
300.88
297.17
293.514
289.912
286.369
282.882
279.454
276.078
272.758
269.487
266.267
263.092
259.962
256.874
253.828
250.817
247.843
244.902
241.996
239.117
236.269
233.447
230.653
227.88
225.132
222.404
219.698
217.009
214.338
211.683
209.045
206.417
203.803
201.197
198.6
196.006
193.417
190.826
188.236
185.638
183.034
180.42
177.795
175.153
172.498
169.823
167.132
164.419
161.687
158.933
156.16
153.365
150.551
147.716
144.863
141.99
139.101
136.194
133.273
130.335
127.385
124.421
121.446
118.458
115.462
112.455
109.44
106.416
103.386
100.348
97.3051
94.2545
91.2003
88.1403
85.0774
82.0087
78.9378
75.8627
72.786
69.7047
66.6221
63.5363
60.4497
57.3596
54.269
51.1761
48.0827
44.9867
41.8903
38.7923
35.6939
32.5939
29.4935
26.3922
23.2902
20.1877
17.0844
13.981
10.876
7.77283
4.66427
1.56788
353.466
349.535
347.424
345.633
343.919
342.218
340.552
338.935
337.372
335.83
334.182
332.203
329.725
326.737
323.367
319.756
316.018
312.222
308.417
304.625
300.87
297.16
293.504
289.902
286.36
282.874
279.446
276.071
272.751
269.481
266.262
263.087
259.958
256.87
253.824
250.813
247.84
244.9
241.993
239.115
236.267
233.445
230.651
227.879
225.13
222.403
219.697
217.008
214.338
211.683
209.044
206.417
203.802
201.196
198.6
196.006
193.417
190.827
188.236
185.638
183.035
180.42
177.795
175.154
172.498
169.824
167.133
164.419
161.687
158.934
156.161
153.365
150.551
147.716
144.864
141.99
139.101
136.194
133.273
130.335
127.385
124.421
121.447
118.459
115.462
112.455
109.441
106.416
103.386
100.348
97.3052
94.2546
91.2004
88.1403
85.0775
82.0087
78.9379
75.8627
72.7861
69.7047
66.6221
63.5363
60.4497
57.3597
54.269
51.1761
48.0827
44.9867
41.8903
38.7923
35.6939
32.5939
29.4935
26.3922
23.2902
20.1877
17.0844
13.981
10.876
7.77285
4.66423
1.56802
353.55
349.5
347.422
345.632
343.918
342.217
340.551
338.934
337.372
335.833
334.19
332.214
329.735
326.744
323.369
319.753
316.011
312.214
308.407
304.615
300.86
297.15
293.495
289.894
286.352
282.867
279.44
276.066
272.746
269.476
266.257
263.083
259.954
256.867
253.821
250.811
247.838
244.898
241.991
239.114
236.266
233.444
230.65
227.878
225.13
222.402
219.696
217.007
214.337
211.683
209.044
206.417
203.802
201.196
198.6
196.006
193.417
190.827
188.236
185.639
183.035
180.42
177.795
175.154
172.499
169.824
167.133
164.42
161.688
158.934
156.161
153.366
150.552
147.716
144.864
141.991
139.102
136.194
133.274
130.335
127.385
124.421
121.447
118.459
115.462
112.455
109.441
106.416
103.386
100.348
97.3053
94.2547
91.2005
88.1404
85.0775
82.0088
78.9379
75.8628
72.7862
69.7047
66.6221
63.5364
60.4497
57.3597
54.269
51.1761
48.0827
44.9867
41.8903
38.7923
35.6939
32.5939
29.4935
26.3922
23.2902
20.1877
17.0844
13.981
10.876
7.77286
4.66421
1.56801
353.624
349.469
347.42
345.63
343.917
342.216
340.551
338.933
337.373
335.836
334.196
332.222
329.742
326.746
323.367
319.747
316.004
312.205
308.398
304.606
300.852
297.142
293.488
289.887
286.346
282.861
279.435
276.061
272.742
269.473
266.254
263.08
259.952
256.865
253.819
250.809
247.836
244.897
241.99
239.113
236.265
233.444
230.65
227.877
225.129
222.402
219.696
217.007
214.337
211.683
209.044
206.417
203.802
201.197
198.6
196.006
193.417
190.827
188.237
185.639
183.035
180.421
177.796
175.154
172.499
169.825
167.134
164.42
161.688
158.935
156.162
153.366
150.552
147.717
144.864
141.991
139.102
136.195
133.274
130.336
127.386
124.421
121.447
118.459
115.462
112.455
109.441
106.416
103.386
100.348
97.3054
94.2547
91.2005
88.1404
85.0776
82.0088
78.938
75.8628
72.7862
69.7048
66.6222
63.5364
60.4498
57.3597
54.2691
51.1761
48.0828
44.9867
41.8904
38.7923
35.694
32.5939
29.4935
26.3922
23.2902
20.1877
17.0844
13.981
10.876
7.77288
4.66419
1.5681
353.688
349.443
347.419
345.629
343.916
342.216
340.55
338.932
337.372
335.837
334.2
332.227
329.744
326.745
323.362
319.74
315.996
312.196
308.39
304.598
300.844
297.136
293.482
289.882
286.341
282.857
279.431
276.058
272.739
269.47
266.252
263.078
259.95
256.864
253.818
250.808
247.836
244.896
241.99
239.112
236.265
233.443
230.65
227.877
225.129
222.402
219.696
217.007
214.337
211.683
209.045
206.417
203.803
201.197
198.6
196.007
193.418
190.828
188.237
185.639
183.036
180.421
177.796
175.155
172.499
169.825
167.134
164.421
161.689
158.935
156.162
153.366
150.552
147.717
144.865
141.991
139.102
136.195
133.274
130.336
127.386
124.421
121.447
118.459
115.462
112.455
109.441
106.416
103.386
100.348
97.3055
94.2548
91.2006
88.1405
85.0776
82.0088
78.938
75.8628
72.7862
69.7048
66.6222
63.5364
60.4498
57.3597
54.2691
51.1761
48.0828
44.9867
41.8904
38.7923
35.694
32.5939
29.4935
26.3922
23.2902
20.1877
17.0844
13.981
10.876
7.77289
4.66418
1.56808
353.743
349.42
347.418
345.628
343.915
342.215
340.549
338.931
337.372
335.838
334.202
332.229
329.745
326.743
323.357
319.733
315.988
312.188
308.382
304.591
300.838
297.13
293.477
289.878
286.338
282.854
279.429
276.056
272.737
269.469
266.251
263.077
259.949
256.863
253.818
250.808
247.835
244.895
241.99
239.112
236.265
233.443
230.65
227.877
225.129
222.402
219.696
217.007
214.338
211.683
209.045
206.417
203.803
201.197
198.601
196.007
193.418
190.828
188.238
185.64
183.036
180.422
177.797
175.155
172.5
169.825
167.134
164.421
161.689
158.935
156.162
153.367
150.552
147.717
144.865
141.991
139.102
136.195
133.274
130.336
127.386
124.421
121.447
118.459
115.463
112.455
109.441
106.416
103.386
100.348
97.3055
94.2548
91.2006
88.1405
85.0777
82.0089
78.938
75.8629
72.7863
69.7048
66.6222
63.5364
60.4498
57.3597
54.2691
51.1761
48.0828
44.9868
41.8904
38.7923
35.694
32.5939
29.4936
26.3922
23.2902
20.1877
17.0845
13.981
10.876
7.7729
4.66418
1.56815
353.791
349.401
347.417
345.627
343.914
342.214
340.548
338.93
337.37
335.837
334.201
332.229
329.743
326.739
323.351
319.726
315.981
312.182
308.376
304.586
300.833
297.126
293.474
289.875
286.335
282.852
279.427
276.054
272.736
269.468
266.25
263.077
259.949
256.862
253.817
250.807
247.835
244.895
241.99
239.112
236.265
233.443
230.65
227.877
225.13
222.402
219.697
217.008
214.338
211.683
209.045
206.418
203.803
201.197
198.601
196.007
193.418
190.828
188.238
185.64
183.036
180.422
177.797
175.156
172.5
169.826
167.135
164.421
161.689
158.935
156.163
153.367
150.553
147.717
144.865
141.991
139.102
136.195
133.274
130.336
127.386
124.422
121.447
118.459
115.463
112.455
109.441
106.416
103.386
100.348
97.3056
94.2548
91.2006
88.1405
85.0777
82.0089
78.9381
75.8629
72.7863
69.7048
66.6222
63.5364
60.4498
57.3597
54.2691
51.1761
48.0828
44.9868
41.8904
38.7924
35.694
32.594
29.4936
26.3922
23.2902
20.1877
17.0845
13.981
10.876
7.7729
4.66418
1.56812
353.832
349.385
347.416
345.626
343.913
342.213
340.546
338.928
337.368
335.835
334.2
332.227
329.74
326.734
323.345
319.72
315.975
312.176
308.371
304.582
300.83
297.123
293.471
289.872
286.333
282.85
279.426
276.053
272.735
269.467
266.249
263.076
259.949
256.862
253.817
250.807
247.835
244.895
241.99
239.112
236.265
233.444
230.65
227.878
225.13
222.402
219.697
217.008
214.338
211.684
209.046
206.418
203.804
201.198
198.601
196.008
193.419
190.829
188.238
185.64
183.037
180.422
177.797
175.156
172.5
169.826
167.135
164.421
161.689
158.936
156.163
153.367
150.553
147.717
144.865
141.992
139.102
136.195
133.274
130.336
127.386
124.422
121.447
118.459
115.463
112.455
109.441
106.416
103.386
100.348
97.3056
94.2549
91.2007
88.1405
85.0777
82.0089
78.9381
75.8629
72.7863
69.7048
66.6223
63.5364
60.4498
57.3597
54.2691
51.1762
48.0828
44.9868
41.8904
38.7924
35.694
32.594
29.4936
26.3922
23.2902
20.1877
17.0845
13.981
10.876
7.77291
4.66419
1.56818
353.868
349.371
347.415
345.625
343.911
342.211
340.544
338.926
337.366
335.833
334.198
332.224
329.736
326.729
323.339
319.714
315.969
312.171
308.367
304.578
300.827
297.121
293.469
289.871
286.332
282.849
279.425
276.052
272.734
269.467
266.249
263.076
259.948
256.862
253.817
250.807
247.835
244.896
241.99
239.112
236.265
233.444
230.65
227.878
225.13
222.403
219.697
217.008
214.339
211.684
209.046
206.418
203.804
201.198
198.602
196.008
193.419
190.829
188.239
185.641
183.037
180.422
177.797
175.156
172.5
169.826
167.135
164.421
161.69
158.936
156.163
153.367
150.553
147.718
144.865
141.992
139.103
136.195
133.274
130.336
127.386
124.422
121.447
118.459
115.463
112.455
109.441
106.416
103.386
100.348
97.3056
94.2549
91.2007
88.1406
85.0777
82.0089
78.9381
75.8629
72.7863
69.7048
66.6223
63.5364
60.4498
57.3597
54.2691
51.1762
48.0828
44.9868
41.8904
38.7924
35.694
32.594
29.4936
26.3922
23.2902
20.1877
17.0845
13.981
10.876
7.77292
4.66419
1.56816
353.898
349.36
347.413
345.623
343.91
342.209
340.542
338.924
337.364
335.831
334.196
332.221
329.732
326.724
323.334
319.709
315.965
312.168
308.364
304.575
300.825
297.119
293.467
289.87
286.331
282.848
279.424
276.052
272.734
269.466
266.249
263.076
259.949
256.862
253.817
250.808
247.835
244.896
241.99
239.113
236.265
233.444
230.65
227.878
225.13
222.403
219.697
217.009
214.339
211.684
209.046
206.419
203.804
201.198
198.602
196.008
193.419
190.829
188.239
185.641
183.037
180.423
177.798
175.156
172.501
169.826
167.135
164.422
161.69
158.936
156.163
153.367
150.553
147.718
144.865
141.992
139.103
136.195
133.274
130.336
127.386
124.422
121.447
118.459
115.463
112.455
109.441
106.416
103.386
100.348
97.3056
94.2549
91.2007
88.1406
85.0778
82.0089
78.9381
75.8629
72.7863
69.7048
66.6223
63.5364
60.4499
57.3598
54.2691
51.1762
48.0828
44.9868
41.8904
38.7924
35.694
32.594
29.4936
26.3922
23.2903
20.1878
17.0845
13.981
10.876
7.77292
4.6642
1.56819
353.924
349.349
347.411
345.621
343.908
342.207
340.54
338.922
337.362
335.829
334.193
332.218
329.727
326.719
323.33
319.705
315.961
312.164
308.361
304.573
300.823
297.117
293.466
289.869
286.33
282.848
279.424
276.052
272.734
269.466
266.249
263.076
259.949
256.862
253.818
250.808
247.835
244.896
241.99
239.113
236.266
233.444
230.651
227.878
225.131
222.403
219.698
217.009
214.339
211.684
209.046
206.419
203.804
201.199
198.602
196.008
193.419
190.829
188.239
185.641
183.037
180.423
177.798
175.156
172.501
169.826
167.135
164.422
161.69
158.936
156.163
153.367
150.553
147.718
144.865
141.992
139.103
136.195
133.274
130.336
127.386
124.422
121.447
118.459
115.463
112.455
109.441
106.416
103.386
100.348
97.3057
94.2549
91.2007
88.1406
85.0778
82.0089
78.9381
75.8629
72.7863
69.7048
66.6223
63.5365
60.4499
57.3598
54.2692
51.1762
48.0829
44.9868
41.8904
38.7924
35.694
32.594
29.4936
26.3922
23.2903
20.1878
17.0845
13.9811
10.876
7.77293
4.6642
1.56818
353.947
349.34
347.41
345.619
343.905
342.204
340.538
338.92
337.36
335.827
334.19
332.214
329.723
326.715
323.326
319.702
315.958
312.162
308.359
304.572
300.822
297.116
293.466
289.868
286.33
282.848
279.424
276.052
272.734
269.466
266.249
263.076
259.949
256.862
253.818
250.808
247.836
244.896
241.991
239.113
236.266
233.445
230.651
227.879
225.131
222.404
219.698
217.009
214.339
211.685
209.047
206.419
203.805
201.199
198.602
196.008
193.419
190.829
188.239
185.641
183.038
180.423
177.798
175.156
172.501
169.826
167.135
164.422
161.69
158.936
156.163
153.367
150.553
147.718
144.865
141.992
139.103
136.195
133.274
130.336
127.386
124.422
121.448
118.459
115.463
112.455
109.441
106.417
103.386
100.348
97.3057
94.2549
91.2007
88.1406
85.0778
82.009
78.9381
75.8629
72.7863
69.7049
66.6223
63.5365
60.4499
57.3598
54.2692
51.1762
48.0829
44.9868
41.8904
38.7924
35.694
32.594
29.4936
26.3922
23.2903
20.1878
17.0845
13.9811
10.876
7.77293
4.66421
1.56821
353.968
349.332
347.407
345.617
343.903
342.202
340.536
338.919
337.359
335.825
334.188
332.211
329.72
326.711
323.322
319.699
315.956
312.16
308.358
304.571
300.821
297.116
293.465
289.868
286.33
282.847
279.424
276.052
272.734
269.466
266.249
263.076
259.949
256.863
253.818
250.808
247.836
244.896
241.991
239.113
236.266
233.445
230.651
227.879
225.131
222.404
219.698
217.009
214.339
211.685
209.047
206.419
203.805
201.199
198.602
196.009
193.42
190.83
188.239
185.641
183.038
180.423
177.798
175.157
172.501
169.827
167.136
164.422
161.69
158.936
156.163
153.367
150.553
147.718
144.866
141.992
139.103
136.195
133.274
130.336
127.386
124.422
121.448
118.459
115.463
112.455
109.441
106.417
103.386
100.348
97.3057
94.2549
91.2008
88.1406
85.0778
82.009
78.9381
75.8629
72.7864
69.7049
66.6223
63.5365
60.4499
57.3598
54.2692
51.1762
48.0829
44.9868
41.8904
38.7924
35.694
32.594
29.4936
26.3922
23.2903
20.1878
17.0845
13.9811
10.876
7.77293
4.66421
1.56819
353.988
349.325
347.405
345.614
343.901
342.201
340.535
338.917
337.358
335.824
334.186
332.208
329.717
326.708
323.319
319.696
315.954
312.159
308.357
304.57
300.82
297.115
293.465
289.868
286.329
282.847
279.424
276.052
272.734
269.467
266.249
263.076
259.949
256.863
253.818
250.808
247.836
244.897
241.991
239.114
236.266
233.445
230.651
227.879
225.131
222.404
219.698
217.009
214.34
211.685
209.047
206.419
203.805
201.199
198.602
196.009
193.42
190.83
188.239
185.641
183.038
180.423
177.798
175.157
172.501
169.827
167.136
164.422
161.69
158.936
156.163
153.367
150.553
147.718
144.866
141.992
139.103
136.196
133.275
130.336
127.386
124.422
121.448
118.459
115.463
112.455
109.441
106.417
103.386
100.348
97.3057
94.255
91.2008
88.1406
85.0778
82.009
78.9381
75.8629
72.7864
69.7049
66.6223
63.5365
60.4499
57.3598
54.2692
51.1762
48.0829
44.9868
41.8904
38.7924
35.694
32.594
29.4936
26.3923
23.2903
20.1878
17.0845
13.9811
10.876
7.77294
4.66422
1.56821
354.01
349.319
347.403
345.612
343.899
342.199
340.534
338.916
337.357
335.823
334.184
332.206
329.714
326.705
323.317
319.694
315.952
312.157
308.356
304.569
300.819
297.115
293.465
289.867
286.329
282.847
279.424
276.052
272.734
269.467
266.25
263.077
259.949
256.863
253.818
250.809
247.836
244.897
241.991
239.114
236.266
233.445
230.652
227.879
225.131
222.404
219.699
217.01
214.34
211.685
209.047
206.419
203.805
201.199
198.603
196.009
193.42
190.83
188.239
185.641
183.038
180.423
177.798
175.157
172.501
169.827
167.136
164.422
161.69
158.936
156.163
153.367
150.553
147.718
144.866
141.992
139.103
136.196
133.275
130.336
127.386
124.422
121.448
118.459
115.463
112.455
109.441
106.417
103.386
100.348
97.3057
94.255
91.2008
88.1406
85.0778
82.009
78.9381
75.8629
72.7864
69.7049
66.6223
63.5365
60.4499
57.3598
54.2692
51.1762
48.0829
44.9868
41.8904
38.7924
35.694
32.594
29.4936
26.3923
23.2903
20.1878
17.0845
13.9811
10.876
7.77294
4.66422
1.56821
354.037
349.313
347.4
345.61
343.897
342.198
340.533
338.916
337.356
335.822
334.183
332.204
329.712
326.703
323.315
319.693
315.951
312.156
308.355
304.568
300.819
297.115
293.464
289.867
286.329
282.847
279.424
276.052
272.734
269.467
266.25
263.077
259.949
256.863
253.818
250.809
247.836
244.897
241.991
239.114
236.267
233.445
230.652
227.879
225.132
222.404
219.699
217.01
214.34
211.685
209.047
206.42
203.805
201.199
198.603
196.009
193.42
190.83
188.24
185.641
183.038
180.423
177.798
175.157
172.501
169.827
167.136
164.422
161.69
158.936
156.163
153.367
150.553
147.718
144.866
141.992
139.103
136.196
133.275
130.336
127.386
124.422
121.448
118.459
115.463
112.455
109.441
106.417
103.386
100.348
97.3057
94.255
91.2008
88.1406
85.0778
82.009
78.9381
75.8629
72.7864
69.7049
66.6223
63.5365
60.4499
57.3598
54.2692
51.1762
48.0829
44.9868
41.8905
38.7924
35.694
32.594
29.4936
26.3923
23.2903
20.1878
17.0845
13.9811
10.876
7.77294
4.66423
1.56822
354.073
349.309
347.397
345.608
343.896
342.197
340.532
338.915
337.356
335.821
334.182
332.203
329.71
326.702
323.314
319.692
315.95
312.156
308.355
304.568
300.819
297.114
293.464
289.867
286.329
282.847
279.424
276.052
272.734
269.467
266.25
263.077
259.95
256.863
253.819
250.809
247.837
244.897
241.992
239.114
236.267
233.446
230.652
227.88
225.132
222.404
219.699
217.01
214.34
211.685
209.047
206.42
203.805
201.199
198.603
196.009
193.42
190.83
188.24
185.642
183.038
180.423
177.798
175.157
172.501
169.827
167.136
164.422
161.69
158.936
156.163
153.367
150.553
147.718
144.866
141.992
139.103
136.196
133.275
130.336
127.386
124.422
121.448
118.459
115.463
112.455
109.441
106.417
103.386
100.348
97.3057
94.255
91.2008
88.1406
85.0778
82.009
78.9382
75.863
72.7864
69.7049
66.6223
63.5365
60.4499
57.3598
54.2692
51.1762
48.0829
44.9868
41.8905
38.7924
35.694
32.594
29.4936
26.3923
23.2903
20.1878
17.0845
13.9811
10.876
7.77294
4.66423
1.56822
354.114
349.304
347.395
345.606
343.895
342.196
340.531
338.915
337.355
335.821
334.181
332.202
329.709
326.701
323.313
319.691
315.95
312.155
308.354
304.568
300.819
297.114
293.464
289.867
286.329
282.847
279.424
276.052
272.735
269.467
266.25
263.077
259.95
256.863
253.819
250.809
247.837
244.897
241.992
239.114
236.267
233.446
230.652
227.88
225.132
222.404
219.699
217.01
214.34
211.685
209.047
206.42
203.805
201.199
198.603
196.009
193.42
190.83
188.24
185.642
183.038
180.423
177.798
175.157
172.501
169.827
167.136
164.422
161.69
158.936
156.163
153.367
150.553
147.718
144.866
141.992
139.103
136.196
133.275
130.336
127.386
124.422
121.448
118.459
115.463
112.455
109.441
106.417
103.386
100.348
97.3057
94.255
91.2008
88.1406
85.0778
82.009
78.9382
75.863
72.7864
69.7049
66.6223
63.5365
60.4499
57.3598
54.2692
51.1762
48.0829
44.9868
41.8905
38.7924
35.694
32.594
29.4936
26.3923
23.2903
20.1878
17.0845
13.9811
10.876
7.77294
4.66423
1.56822
354.142
349.3
347.393
345.605
343.894
342.196
340.531
338.914
337.355
335.82
334.181
332.201
329.709
326.7
323.312
319.691
315.949
312.155
308.354
304.568
300.819
297.114
293.464
289.867
286.329
282.848
279.424
276.052
272.735
269.467
266.25
263.077
259.95
256.863
253.819
250.809
247.837
244.897
241.992
239.114
236.267
233.446
230.652
227.88
225.132
222.405
219.699
217.01
214.34
211.685
209.047
206.42
203.805
201.2
198.603
196.009
193.42
190.83
188.24
185.642
183.038
180.423
177.798
175.157
172.501
169.827
167.136
164.422
161.69
158.936
156.163
153.367
150.553
147.718
144.866
141.992
139.103
136.196
133.275
130.336
127.386
124.422
121.448
118.459
115.463
112.455
109.441
106.417
103.386
100.348
97.3057
94.255
91.2008
88.1406
85.0778
82.009
78.9382
75.863
72.7864
69.7049
66.6223
63.5365
60.4499
57.3598
54.2692
51.1762
48.0829
44.9868
41.8905
38.7924
35.6941
32.594
29.4936
26.3923
23.2903
20.1878
17.0845
13.9811
10.876
7.77295
4.66424
1.56822
354.156
349.293
347.391
345.604
343.893
342.195
340.531
338.914
337.355
335.82
334.181
332.201
329.708
326.7
323.312
319.69
315.949
312.155
308.354
304.568
300.818
297.114
293.464
289.867
286.329
282.848
279.424
276.052
272.735
269.467
266.25
263.077
259.95
256.864
253.819
250.809
247.837
244.897
241.992
239.114
236.267
233.446
230.652
227.88
225.132
222.405
219.699
217.01
214.34
211.686
209.047
206.42
203.806
201.2
198.603
196.009
193.42
190.83
188.24
185.642
183.038
180.423
177.798
175.157
172.501
169.827
167.136
164.422
161.69
158.936
156.163
153.368
150.553
147.718
144.866
141.992
139.103
136.196
133.275
130.336
127.386
124.422
121.448
118.459
115.463
112.455
109.441
106.417
103.386
100.348
97.3057
94.255
91.2008
88.1406
85.0778
82.009
78.9382
75.863
72.7864
69.7049
66.6223
63.5365
60.4499
57.3598
54.2692
51.1762
48.0829
44.9868
41.8905
38.7924
35.6941
32.594
29.4936
26.3923
23.2903
20.1878
17.0845
13.9811
10.876
7.77295
4.66424
1.56822
354.361
349.288
347.39
345.603
343.893
342.195
340.53
338.914
337.355
335.82
334.181
332.201
329.708
326.699
323.312
319.69
315.949
312.155
308.354
304.568
300.818
297.114
293.464
289.867
286.329
282.848
279.424
276.052
272.735
269.467
266.25
263.077
259.95
256.864
253.819
250.809
247.837
244.897
241.992
239.114
236.267
233.446
230.652
227.88
225.132
222.405
219.699
217.01
214.34
211.686
209.047
206.42
203.806
201.2
198.603
196.009
193.42
190.83
188.24
185.642
183.038
180.423
177.798
175.157
172.501
169.827
167.136
164.422
161.69
158.936
156.163
153.368
150.553
147.718
144.866
141.992
139.103
136.196
133.275
130.336
127.386
124.422
121.448
118.459
115.463
112.455
109.441
106.417
103.386
100.348
97.3057
94.255
91.2008
88.1406
85.0778
82.009
78.9382
75.863
72.7864
69.7049
66.6223
63.5365
60.4499
57.3598
54.2692
51.1762
48.0829
44.9868
41.8905
38.7924
35.6941
32.594
29.4936
26.3923
23.2903
20.1878
17.0845
13.9811
10.876
7.77295
4.66424
1.56822
355.159
349.301
347.39
345.603
343.893
342.195
340.53
338.914
337.355
335.82
334.181
332.201
329.708
326.699
323.312
319.69
315.949
312.155
308.354
304.568
300.818
297.114
293.464
289.867
286.329
282.848
279.424
276.052
272.735
269.467
266.25
263.077
259.95
256.864
253.819
250.809
247.837
244.898
241.992
239.114
236.267
233.446
230.652
227.88
225.132
222.405
219.699
217.01
214.34
211.686
209.048
206.42
203.806
201.2
198.603
196.009
193.42
190.83
188.24
185.642
183.038
180.423
177.798
175.157
172.501
169.827
167.136
164.422
161.69
158.936
156.163
153.368
150.553
147.718
144.866
141.992
139.103
136.196
133.275
130.336
127.386
124.422
121.448
118.459
115.463
112.455
109.441
106.417
103.386
100.348
97.3057
94.255
91.2008
88.1406
85.0778
82.009
78.9382
75.863
72.7864
69.7049
66.6223
63.5365
60.4499
57.3598
54.2692
51.1762
48.0829
44.9868
41.8905
38.7924
35.6941
32.594
29.4936
26.3923
23.2903
20.1878
17.0845
13.9811
10.876
7.77295
4.66424
1.56822
)
;

boundaryField
{
    lowerWall
    {
        type            zeroGradient;
    }
    upperWall
    {
        type            zeroGradient;
    }
    inlet
    {
        type            zeroGradient;
    }
    outlet
    {
        type            fixedValue;
        value           uniform 0;
    }
    frontAndBack
    {
        type            empty;
    }
}


// ************************************************************************* //
