/*--------------------------------*- C++ -*----------------------------------*\
  =========                 |
  \\      /  F ield         | OpenFOAM: The Open Source CFD Toolbox
   \\    /   O peration     | Website:  https://openfoam.org
    \\  /    A nd           | Version:  8
     \\/     M anipulation  |
\*---------------------------------------------------------------------------*/
FoamFile
{
    version     2.0;
    format      ascii;
    class       volScalarField;
    location    "200";
    object      nut;
}
// * * * * * * * * * * * * * * * * * * * * * * * * * * * * * * * * * * * * * //

dimensions      [0 2 -1 0 0 0 0];

internalField   nonuniform List<scalar> 
7320
(
0.000286292
0.000273824
0.000265911
0.000260766
0.00025961
0.000259792
0.000260681
0.000261753
0.000262858
0.000264066
0.000265374
0.000266761
0.000268199
0.000269671
0.000271171
0.000272695
0.000274237
0.000275792
0.000277361
0.000278945
0.000280538
0.000282134
0.000283728
0.000285317
0.000286891
0.000288439
0.000289956
0.000291438
0.00029287
0.000294242
0.000295547
0.000296783
0.000297941
0.000299015
0.000300009
0.000300928
0.000301767
0.000302524
0.000303209
0.000303828
0.000304383
0.000304873
0.000305313
0.000305711
0.000306063
0.00030637
0.000306641
0.000306884
0.000307097
0.000307277
0.000307437
0.000307586
0.000307714
0.000307821
0.000307913
0.000307998
0.000308069
0.000308124
0.000308174
0.000308225
0.000308268
0.000308298
0.000308324
0.00030835
0.000308371
0.000308382
0.000308395
0.000308412
0.000308426
0.000308431
0.000308435
0.000308442
0.000308447
0.000308444
0.000308446
0.000308453
0.000308458
0.000308456
0.000308455
0.000308456
0.000308456
0.00030845
0.000308449
0.000308453
0.000308454
0.000308451
0.000308448
0.000308449
0.000308447
0.000308442
0.000308439
0.000308442
0.000308442
0.000308439
0.000308436
0.000308437
0.000308435
0.00030843
0.000308428
0.00030843
0.000308429
0.000308426
0.000308424
0.000308423
0.000308421
0.000308418
0.000308415
0.000308415
0.000308414
0.000308412
0.000308409
0.000308407
0.000308405
0.000308403
0.0003084
0.000308397
0.000308395
0.000308392
0.00030839
0.000308386
0.000308384
0.000308378
0.000562781
0.000740591
0.000767384
0.000767959
0.000815405
0.00100617
0.00122258
0.00136443
0.00145256
0.00151294
0.00155853
0.00159529
0.00162624
0.00165308
0.00167712
0.0016991
0.00171961
0.00173904
0.00175794
0.00177647
0.00179478
0.00181291
0.00183106
0.00184917
0.00186718
0.00188495
0.00190267
0.00192007
0.00193697
0.00195316
0.00196874
0.00198351
0.00199739
0.00201019
0.00202231
0.00203353
0.00204375
0.00205288
0.00206127
0.00206882
0.00207558
0.00208142
0.00208695
0.00209195
0.00209635
0.00210003
0.00210343
0.00210643
0.00210902
0.00211105
0.00211317
0.00211514
0.00211679
0.00211798
0.00211917
0.00212021
0.00212105
0.00212152
0.00212226
0.00212303
0.00212361
0.00212384
0.00212419
0.00212449
0.0021247
0.00212462
0.0021249
0.00212524
0.00212544
0.00212533
0.00212539
0.00212545
0.00212544
0.00212521
0.00212536
0.00212556
0.00212564
0.00212546
0.00212546
0.00212544
0.00212535
0.00212509
0.00212519
0.00212532
0.00212534
0.00212515
0.00212515
0.00212511
0.00212501
0.00212478
0.00212485
0.00212495
0.00212494
0.00212476
0.00212475
0.00212472
0.00212463
0.00212444
0.00212449
0.00212454
0.00212451
0.00212436
0.00212433
0.00212428
0.0021242
0.00212406
0.00212405
0.00212404
0.00212399
0.00212389
0.00212382
0.00212375
0.00212368
0.00212359
0.00212349
0.0021234
0.00212334
0.00212326
0.00212319
0.00212305
0.00212315
0.00212276
0.000761042
0.00115462
0.0012715
0.00131001
0.00154415
0.00228845
0.00300608
0.00343725
0.00369465
0.00386659
0.00399364
0.00409413
0.00417734
0.00424854
0.00431151
0.00436854
0.00442132
0.00447105
0.00451924
0.00456639
0.00461291
0.004659
0.0047052
0.00475136
0.0047974
0.00484292
0.00488844
0.00493327
0.00497694
0.00501894
0.00505947
0.00509804
0.00513439
0.00516805
0.0052
0.00522963
0.00525674
0.00528105
0.00530341
0.00532362
0.00534174
0.00535749
0.00537237
0.00538584
0.00539774
0.00540775
0.00541699
0.00542517
0.00543224
0.00543788
0.00544367
0.00544902
0.00545355
0.00545688
0.00546017
0.00546306
0.00546541
0.00546679
0.00546884
0.00547091
0.00547252
0.00547322
0.0054742
0.00547507
0.00547566
0.00547555
0.0054763
0.00547718
0.00547774
0.0054775
0.00547769
0.00547785
0.00547785
0.00547731
0.00547769
0.0054782
0.00547841
0.00547796
0.00547796
0.00547791
0.00547769
0.00547705
0.00547728
0.0054776
0.00547765
0.00547717
0.00547716
0.00547707
0.00547681
0.00547623
0.00547641
0.00547662
0.00547659
0.00547616
0.00547613
0.00547603
0.0054758
0.00547533
0.00547544
0.00547554
0.00547546
0.00547509
0.005475
0.00547487
0.00547466
0.0054743
0.00547426
0.00547423
0.00547411
0.00547384
0.00547367
0.00547349
0.0054733
0.00547306
0.0054728
0.00547257
0.00547242
0.00547221
0.00547201
0.00547165
0.00547189
0.00547091
0.000942155
0.00154889
0.00180437
0.00192212
0.00250533
0.00408734
0.00546536
0.00626542
0.00673818
0.00705088
0.00727919
0.00745765
0.00760388
0.00772792
0.00783678
0.00793481
0.00802513
0.00810998
0.00819201
0.00827224
0.00835146
0.00843008
0.00850904
0.00858818
0.00866736
0.00874598
0.00882483
0.00890282
0.00897914
0.00905291
0.00912438
0.00919268
0.00925737
0.00931758
0.00937479
0.00942805
0.00947698
0.0095211
0.00956173
0.00959857
0.00963171
0.00966074
0.00968798
0.00971271
0.00973464
0.00975329
0.00977041
0.00978562
0.00979886
0.00980959
0.00982035
0.00983024
0.00983873
0.00984515
0.00985135
0.00985681
0.00986131
0.00986418
0.00986799
0.00987178
0.00987481
0.00987632
0.00987821
0.00987987
0.00988107
0.00988109
0.00988243
0.00988399
0.00988501
0.00988476
0.00988514
0.00988547
0.00988554
0.00988471
0.00988531
0.00988616
0.00988653
0.00988585
0.00988584
0.00988577
0.00988543
0.00988441
0.00988473
0.00988523
0.00988531
0.00988455
0.00988451
0.00988435
0.00988393
0.00988299
0.00988321
0.00988354
0.00988349
0.00988279
0.0098827
0.00988253
0.00988214
0.00988137
0.0098815
0.00988164
0.0098815
0.00988091
0.00988072
0.0098805
0.00988014
0.00987953
0.00987944
0.00987937
0.00987916
0.0098787
0.0098784
0.00987809
0.00987777
0.00987735
0.00987692
0.00987652
0.00987625
0.00987588
0.00987555
0.00987495
0.00987531
0.00987369
0.00110975
0.00189282
0.0023282
0.00257427
0.00366541
0.00627952
0.00843242
0.00967966
0.0104199
0.0109075
0.0112601
0.0115326
0.0117535
0.0119391
0.0121006
0.012245
0.0123772
0.012501
0.0126203
0.0127369
0.012852
0.0129665
0.0130817
0.0131975
0.0133139
0.0134299
0.0135467
0.0136627
0.0137769
0.0138879
0.0139958
0.0140994
0.0141981
0.0142904
0.0143782
0.0144603
0.014536
0.0146046
0.0146679
0.0147255
0.0147775
0.0148233
0.0148661
0.014905
0.0149397
0.0149694
0.0149966
0.0150209
0.0150421
0.0150596
0.0150767
0.0150924
0.015106
0.0151166
0.0151266
0.0151355
0.0151429
0.0151479
0.0151539
0.0151599
0.0151648
0.0151676
0.0151706
0.0151734
0.0151754
0.0151758
0.0151779
0.0151802
0.0151819
0.0151817
0.0151824
0.0151829
0.0151831
0.0151821
0.0151829
0.0151841
0.0151847
0.0151838
0.0151838
0.0151837
0.0151833
0.0151819
0.0151822
0.0151829
0.015183
0.015182
0.0151819
0.0151817
0.0151811
0.0151798
0.01518
0.0151804
0.0151803
0.0151793
0.0151792
0.0151789
0.0151783
0.0151773
0.0151774
0.0151775
0.0151773
0.0151765
0.0151762
0.0151758
0.0151753
0.0151744
0.0151742
0.0151741
0.0151738
0.0151731
0.0151727
0.0151722
0.0151717
0.0151711
0.0151705
0.0151699
0.0151695
0.0151689
0.0151684
0.0151676
0.015168
0.0151657
0.00129924
0.00216845
0.00281062
0.0032359
0.00496232
0.00873593
0.0117788
0.0135718
0.0146496
0.0153594
0.0158685
0.0162577
0.0165696
0.0168289
0.0170521
0.01725
0.01743
0.0175975
0.0177581
0.0179146
0.0180692
0.0182231
0.0183781
0.0185345
0.0186921
0.0188501
0.0190095
0.0191688
0.0193262
0.01948
0.0196302
0.0197752
0.0199138
0.0200442
0.0201684
0.0202849
0.0203929
0.0204913
0.020582
0.0206649
0.02074
0.0208065
0.0208684
0.0209248
0.0209752
0.0210189
0.0210586
0.0210942
0.0211255
0.0211516
0.0211767
0.0211997
0.0212199
0.0212359
0.0212507
0.0212639
0.0212751
0.021283
0.0212919
0.0213006
0.0213079
0.0213124
0.021317
0.0213211
0.0213244
0.0213254
0.0213283
0.0213316
0.021334
0.0213342
0.0213352
0.0213361
0.0213365
0.0213354
0.0213363
0.0213379
0.0213387
0.0213378
0.0213377
0.0213376
0.0213371
0.0213354
0.0213357
0.0213365
0.0213366
0.0213354
0.0213352
0.0213349
0.0213341
0.0213324
0.0213325
0.021333
0.0213329
0.0213317
0.0213314
0.021331
0.0213303
0.0213289
0.0213288
0.021329
0.0213287
0.0213277
0.0213272
0.0213267
0.021326
0.0213249
0.0213245
0.0213243
0.0213238
0.021323
0.0213223
0.0213217
0.021321
0.0213202
0.0213193
0.0213185
0.0213179
0.0213172
0.0213165
0.0213153
0.0213159
0.0213128
0.0015893
0.00237093
0.00322087
0.00387133
0.00631629
0.0113343
0.0153951
0.0178566
0.0193634
0.0203593
0.0210694
0.021607
0.0220331
0.0223834
0.0226816
0.0229432
0.023179
0.0233968
0.0236042
0.0238056
0.024004
0.0242015
0.0244006
0.0246019
0.0248054
0.0250101
0.0252174
0.0254253
0.0256318
0.0258346
0.0260334
0.0262261
0.0264112
0.0265861
0.0267531
0.0269102
0.0270564
0.0271902
0.0273138
0.027427
0.0275298
0.0276216
0.0277065
0.027784
0.0278536
0.0279145
0.0279696
0.0280191
0.0280628
0.0280998
0.0281347
0.0281667
0.0281949
0.0282178
0.0282388
0.0282574
0.0282734
0.0282852
0.0282976
0.0283097
0.0283199
0.0283268
0.0283334
0.0283393
0.0283441
0.0283461
0.02835
0.0283544
0.0283579
0.0283587
0.0283601
0.0283614
0.0283621
0.028361
0.0283621
0.028364
0.0283652
0.0283642
0.0283642
0.0283641
0.0283635
0.0283614
0.0283616
0.0283625
0.0283627
0.0283613
0.0283609
0.0283605
0.0283596
0.0283576
0.0283575
0.0283579
0.0283578
0.0283564
0.0283559
0.0283554
0.0283545
0.0283527
0.0283525
0.0283526
0.0283522
0.028351
0.0283503
0.0283496
0.0283487
0.0283473
0.0283467
0.0283463
0.0283458
0.0283447
0.0283438
0.0283429
0.0283421
0.028341
0.0283399
0.0283388
0.028338
0.028337
0.0283362
0.0283346
0.0283352
0.0283314
0.0021295
0.00252013
0.0035323
0.0044395
0.00763815
0.0139554
0.0191742
0.0224503
0.0245009
0.0258664
0.0268373
0.0275667
0.0281392
0.028605
0.0289967
0.0293366
0.0296398
0.0299172
0.0301791
0.0304319
0.0306801
0.0309266
0.031175
0.0314263
0.031681
0.031938
0.0321987
0.0324612
0.0327231
0.0329815
0.0332356
0.033483
0.0337214
0.0339479
0.0341643
0.0343688
0.0345596
0.0347351
0.0348974
0.0350464
0.0351823
0.0353041
0.0354165
0.0355193
0.035612
0.0356935
0.0357672
0.0358336
0.0358924
0.0359428
0.0359896
0.0360326
0.0360707
0.0361023
0.0361308
0.0361562
0.036178
0.0361949
0.0362116
0.0362278
0.0362418
0.0362517
0.0362609
0.0362691
0.0362758
0.0362793
0.0362844
0.0362902
0.0362949
0.0362965
0.0362985
0.0363004
0.0363016
0.0363006
0.0363019
0.0363042
0.0363057
0.0363049
0.0363048
0.0363048
0.0363041
0.0363018
0.0363018
0.0363027
0.0363031
0.0363015
0.0363009
0.0363004
0.0362993
0.0362969
0.0362965
0.036297
0.0362968
0.0362952
0.0362944
0.0362938
0.0362927
0.0362906
0.0362901
0.0362901
0.0362896
0.0362881
0.0362872
0.0362863
0.0362852
0.0362835
0.0362826
0.0362821
0.0362813
0.03628
0.0362789
0.0362778
0.0362766
0.0362753
0.0362739
0.0362725
0.0362715
0.0362702
0.0362691
0.0362672
0.0362678
0.0362632
0.00315338
0.00268521
0.00373186
0.004897
0.00883358
0.0164773
0.0230008
0.0272583
0.0299923
0.0318331
0.0331431
0.0341226
0.0348854
0.0355001
0.0360114
0.0364502
0.0368371
0.0371874
0.0375147
0.0378281
0.038134
0.0384367
0.0387408
0.0390485
0.0393605
0.039676
0.0399965
0.0403202
0.0406442
0.0409651
0.0412817
0.0415911
0.0418903
0.0421758
0.042449
0.0427078
0.0429503
0.0431742
0.0433816
0.0435725
0.0437471
0.0439043
0.044049
0.0441817
0.0443017
0.0444079
0.0445039
0.0445904
0.0446675
0.044734
0.0447953
0.0448516
0.0449017
0.0449438
0.0449815
0.0450152
0.0450445
0.0450676
0.0450897
0.0451109
0.0451296
0.0451434
0.0451558
0.0451668
0.045176
0.0451815
0.0451881
0.0451955
0.0452018
0.0452046
0.0452074
0.0452101
0.0452119
0.0452112
0.0452126
0.0452153
0.0452174
0.0452168
0.0452167
0.0452167
0.0452161
0.0452136
0.0452132
0.0452142
0.0452147
0.045213
0.0452122
0.0452116
0.0452103
0.0452076
0.0452068
0.0452071
0.0452069
0.0452052
0.0452041
0.0452032
0.0452019
0.0451995
0.0451987
0.0451985
0.0451979
0.0451962
0.045195
0.0451939
0.0451925
0.0451905
0.0451893
0.0451885
0.0451875
0.045186
0.0451845
0.0451832
0.0451818
0.0451801
0.0451784
0.0451767
0.0451753
0.0451737
0.0451724
0.0451701
0.0451706
0.0451651
0.00493035
0.00302666
0.00384255
0.00520644
0.00980549
0.0187685
0.026743
0.0321662
0.0357478
0.0381948
0.0399444
0.0412504
0.0422622
0.0430714
0.0437382
0.0443042
0.0447977
0.0452396
0.0456475
0.0460343
0.0464088
0.0467772
0.0471457
0.0475176
0.0478944
0.0482758
0.0486632
0.0490554
0.0494489
0.04984
0.0502267
0.0506058
0.0509738
0.0513262
0.0516637
0.0519845
0.052286
0.0525655
0.0528248
0.0530642
0.0532836
0.0534821
0.0536645
0.053832
0.053984
0.0541194
0.0542416
0.0543521
0.0544508
0.0545368
0.0546153
0.0546873
0.0547519
0.0548069
0.0548558
0.0548996
0.0549379
0.0549688
0.0549975
0.0550249
0.0550492
0.055068
0.0550843
0.055099
0.0551113
0.0551194
0.0551278
0.0551372
0.0551455
0.05515
0.0551538
0.0551574
0.0551601
0.05516
0.0551615
0.0551647
0.0551674
0.0551673
0.0551672
0.0551673
0.0551668
0.0551642
0.0551634
0.0551643
0.0551649
0.0551633
0.0551622
0.0551614
0.05516
0.055157
0.0551557
0.0551558
0.0551556
0.0551537
0.0551523
0.0551512
0.0551497
0.055147
0.0551456
0.0551453
0.0551446
0.0551427
0.0551411
0.0551397
0.0551381
0.0551357
0.0551341
0.055133
0.0551318
0.05513
0.0551282
0.0551265
0.0551248
0.0551229
0.0551208
0.0551187
0.055117
0.055115
0.0551134
0.0551107
0.0551111
0.0551046
0.00765209
0.00383945
0.00396778
0.00535584
0.0104582
0.0206829
0.0302449
0.0370313
0.0416487
0.04486
0.047175
0.0489062
0.0502442
0.0513091
0.0521801
0.0529121
0.053544
0.0541033
0.0546133
0.0550913
0.0555494
0.0559966
0.0564408
0.0568872
0.0573383
0.0577944
0.0582573
0.0587262
0.0591976
0.0596671
0.0601322
0.0605894
0.0610343
0.0614619
0.0618719
0.0622627
0.0626309
0.0629737
0.0632921
0.0635868
0.0638577
0.0641038
0.0643296
0.0645374
0.0647265
0.064896
0.0650489
0.0651874
0.0653117
0.0654208
0.0655196
0.0656104
0.0656921
0.0657626
0.0658251
0.065881
0.0659302
0.0659708
0.0660075
0.0660424
0.0660736
0.0660985
0.0661199
0.066139
0.0661553
0.0661667
0.0661776
0.0661894
0.0662
0.0662066
0.0662118
0.0662167
0.0662205
0.0662213
0.066223
0.0662267
0.0662301
0.0662307
0.0662308
0.0662311
0.0662307
0.0662281
0.0662269
0.0662277
0.0662284
0.0662269
0.0662255
0.0662246
0.066223
0.0662198
0.0662179
0.0662177
0.0662175
0.0662155
0.0662137
0.0662124
0.0662106
0.0662076
0.0662057
0.066205
0.0662042
0.0662021
0.0662001
0.0661984
0.0661965
0.0661938
0.0661917
0.0661903
0.0661888
0.0661868
0.0661846
0.0661825
0.0661805
0.0661782
0.0661757
0.0661732
0.0661711
0.0661687
0.0661668
0.0661636
0.0661638
0.0661562
0.0113234
0.00551208
0.00436034
0.00540035
0.0107094
0.0220567
0.0333184
0.0416737
0.0475373
0.0516991
0.0547343
0.0570156
0.0587801
0.0601811
0.0613214
0.0622725
0.063086
0.0637986
0.0644404
0.0650344
0.0655971
0.066141
0.0666764
0.067211
0.0677487
0.0682907
0.0688395
0.069395
0.0699536
0.0705109
0.0710636
0.0716078
0.0721386
0.0726502
0.0731413
0.0736104
0.0740536
0.0744676
0.0748527
0.07521
0.0755393
0.0758397
0.0761151
0.0763688
0.0766006
0.0768094
0.0769979
0.077169
0.0773231
0.0774594
0.0775821
0.0776949
0.0777969
0.0778859
0.0779645
0.0780351
0.0780974
0.0781498
0.0781963
0.0782401
0.0782797
0.0783122
0.0783397
0.0783644
0.0783856
0.0784014
0.0784152
0.07843
0.0784436
0.0784529
0.07846
0.0784665
0.0784717
0.0784738
0.0784758
0.0784801
0.0784844
0.0784859
0.0784862
0.0784868
0.0784867
0.0784843
0.0784825
0.0784832
0.078484
0.0784828
0.0784811
0.07848
0.0784784
0.0784749
0.0784723
0.0784718
0.0784715
0.0784695
0.0784673
0.0784657
0.0784637
0.0784604
0.0784578
0.0784567
0.0784557
0.0784535
0.0784511
0.0784491
0.0784468
0.0784438
0.0784411
0.0784393
0.0784376
0.0784352
0.0784326
0.0784302
0.0784277
0.078425
0.0784221
0.0784192
0.0784166
0.0784138
0.0784116
0.0784078
0.0784077
0.0783991
0.015721
0.00833296
0.00546535
0.00553731
0.0105199
0.022713
0.0357366
0.0458667
0.0532059
0.0585326
0.0624739
0.0654607
0.0677794
0.0696213
0.0711169
0.0723581
0.0734119
0.0743268
0.0751412
0.0758857
0.0765822
0.0772476
0.0778957
0.078537
0.0791775
0.0798203
0.0804682
0.0811225
0.0817799
0.082436
0.0830865
0.0837279
0.0843543
0.0849595
0.0855408
0.0860969
0.0866236
0.0871171
0.0875769
0.0880043
0.0883993
0.0887608
0.0890923
0.0893982
0.0896784
0.0899321
0.0901615
0.0903701
0.0905586
0.0907264
0.0908772
0.0910157
0.0911413
0.0912522
0.09135
0.0914379
0.0915161
0.0915827
0.091641
0.0916956
0.0917452
0.091787
0.0918222
0.0918537
0.091881
0.0919022
0.09192
0.0919383
0.0919555
0.0919683
0.0919778
0.0919864
0.0919935
0.0919972
0.0919999
0.0920049
0.0920103
0.0920129
0.0920137
0.0920147
0.092015
0.0920129
0.0920107
0.0920111
0.0920121
0.0920112
0.0920093
0.0920081
0.0920063
0.0920028
0.0919994
0.0919984
0.091998
0.091996
0.0919934
0.0919915
0.0919893
0.0919857
0.0919824
0.0919809
0.0919796
0.0919773
0.0919744
0.091972
0.0919695
0.0919661
0.0919627
0.0919605
0.0919584
0.0919558
0.0919527
0.0919499
0.091947
0.0919439
0.0919405
0.0919371
0.091934
0.0919307
0.0919281
0.0919238
0.0919233
0.0919134
0.0204327
0.0122843
0.00777974
0.00619518
0.00995283
0.0224804
0.0372293
0.049326
0.0583846
0.0651167
0.0701822
0.0740636
0.0770965
0.0795134
0.0814766
0.0831018
0.0844746
0.0856581
0.0867012
0.0876436
0.0885143
0.0893358
0.0901261
0.0908997
0.0916656
0.0924289
0.0931936
0.0939625
0.0947332
0.0955014
0.0962624
0.0970127
0.0977459
0.0984552
0.0991367
0.0997892
0.100408
0.10099
0.101533
0.102038
0.102506
0.102936
0.10333
0.103694
0.104029
0.104333
0.104609
0.10486
0.105089
0.105293
0.105476
0.105644
0.105797
0.105934
0.106054
0.106163
0.10626
0.106343
0.106416
0.106483
0.106545
0.106598
0.106643
0.106683
0.106717
0.106745
0.106768
0.106791
0.106812
0.10683
0.106842
0.106854
0.106863
0.106869
0.106873
0.106879
0.106885
0.106889
0.106891
0.106892
0.106893
0.106892
0.106889
0.106889
0.10689
0.10689
0.106888
0.106887
0.106885
0.106881
0.106877
0.106876
0.106875
0.106873
0.10687
0.106868
0.106865
0.106862
0.106857
0.106855
0.106854
0.106851
0.106848
0.106845
0.106842
0.106839
0.106835
0.106832
0.106829
0.106826
0.106823
0.10682
0.106816
0.106813
0.106809
0.106805
0.106801
0.106797
0.106794
0.106789
0.106789
0.106777
0.0249625
0.0170131
0.0114949
0.00800394
0.00926916
0.021242
0.0374901
0.0516993
0.0627265
0.071127
0.0775667
0.0825676
0.0865112
0.0896718
0.0922464
0.0943787
0.0961744
0.0977152
0.099063
0.100268
0.101369
0.102394
0.103368
0.104309
0.105232
0.106143
0.107048
0.107953
0.108856
0.109754
0.110641
0.111515
0.112368
0.113194
0.113987
0.114746
0.115467
0.116146
0.11678
0.117371
0.11792
0.118425
0.118889
0.119318
0.119713
0.120074
0.120402
0.120702
0.120975
0.12122
0.121441
0.121643
0.121828
0.121994
0.122141
0.122274
0.122393
0.122497
0.122587
0.12267
0.122746
0.122812
0.122868
0.122918
0.122962
0.122999
0.123028
0.123056
0.123083
0.123106
0.123122
0.123137
0.12315
0.123158
0.123164
0.123171
0.123179
0.123185
0.123188
0.12319
0.123192
0.123191
0.123188
0.123188
0.123189
0.123189
0.123187
0.123186
0.123184
0.123181
0.123176
0.123173
0.123173
0.123171
0.123167
0.123165
0.123162
0.123158
0.123153
0.123151
0.123149
0.123146
0.123142
0.123139
0.123136
0.123132
0.123127
0.123124
0.123121
0.123117
0.123114
0.12311
0.123106
0.123102
0.123098
0.123093
0.123089
0.123084
0.123081
0.123075
0.123074
0.123061
0.0288692
0.0219578
0.0162801
0.0114288
0.00905019
0.0190318
0.0362084
0.0525623
0.0657932
0.0761407
0.0842326
0.090614
0.0957038
0.0998161
0.103184
0.10598
0.108335
0.110351
0.112105
0.113661
0.115067
0.116362
0.117576
0.118736
0.119858
0.120954
0.122034
0.123104
0.124166
0.125216
0.126251
0.127267
0.128257
0.129214
0.130133
0.131011
0.131845
0.132631
0.133365
0.134051
0.134687
0.135275
0.135815
0.136316
0.136777
0.137201
0.137587
0.137941
0.138264
0.138556
0.138819
0.139061
0.139282
0.139482
0.13966
0.139821
0.139966
0.140094
0.140204
0.140306
0.140399
0.140481
0.140552
0.140614
0.140669
0.140716
0.140753
0.140789
0.140822
0.140851
0.140873
0.140892
0.140908
0.140921
0.140928
0.140937
0.140947
0.140955
0.140959
0.140963
0.140966
0.140966
0.140963
0.140963
0.140964
0.140965
0.140963
0.140962
0.14096
0.140957
0.140951
0.140948
0.140947
0.140945
0.140942
0.140939
0.140936
0.140932
0.140926
0.140923
0.14092
0.140918
0.140913
0.14091
0.140906
0.140902
0.140896
0.140892
0.140889
0.140885
0.140881
0.140877
0.140872
0.140868
0.140863
0.140858
0.140853
0.140848
0.140844
0.140838
0.140836
0.140821
0.0318839
0.0265232
0.021442
0.0162689
0.0102691
0.016195
0.0331567
0.0514345
0.067043
0.0796165
0.0896603
0.0977158
0.104227
0.109541
0.113926
0.117585
0.120675
0.123317
0.125612
0.127636
0.129451
0.131105
0.132639
0.134085
0.135467
0.136802
0.138103
0.13938
0.140636
0.141872
0.143083
0.144267
0.145417
0.146526
0.147587
0.1486
0.14956
0.150464
0.151309
0.152097
0.15283
0.153508
0.154131
0.154709
0.155243
0.155735
0.156185
0.156598
0.156977
0.157322
0.157633
0.157919
0.158181
0.15842
0.158634
0.158828
0.159003
0.159159
0.159294
0.159418
0.159531
0.159633
0.15972
0.159798
0.159866
0.159926
0.159973
0.160017
0.160059
0.160095
0.160124
0.160149
0.16017
0.160187
0.160198
0.160209
0.160221
0.160232
0.160238
0.160243
0.160248
0.160249
0.160247
0.160247
0.160248
0.16025
0.160248
0.160247
0.160245
0.160242
0.160236
0.160233
0.160231
0.16023
0.160226
0.160222
0.160219
0.160215
0.160209
0.160205
0.160202
0.160199
0.160194
0.16019
0.160186
0.160182
0.160176
0.160171
0.160167
0.160163
0.160158
0.160153
0.160148
0.160143
0.160138
0.160132
0.160127
0.160121
0.160116
0.16011
0.160107
0.160091
0.0339555
0.0302486
0.0262367
0.02167
0.0138886
0.0135898
0.0283801
0.0478498
0.0658362
0.0808786
0.0931811
0.103229
0.111473
0.118282
0.123953
0.128719
0.132763
0.13623
0.139239
0.141886
0.144246
0.146381
0.148342
0.150169
0.151894
0.153542
0.15513
0.156671
0.158175
0.159642
0.16107
0.162457
0.163799
0.165087
0.166315
0.167483
0.168586
0.169623
0.170591
0.171492
0.17233
0.173105
0.173819
0.17448
0.175093
0.17566
0.176179
0.176658
0.177098
0.177501
0.177867
0.178202
0.178512
0.178795
0.17905
0.179282
0.179492
0.179681
0.179846
0.179996
0.180133
0.180257
0.180365
0.180461
0.180546
0.180621
0.180682
0.180737
0.180788
0.180834
0.180871
0.180903
0.18093
0.180953
0.180968
0.180983
0.180998
0.181012
0.181021
0.181028
0.181034
0.181038
0.181037
0.181037
0.181039
0.181041
0.18104
0.181039
0.181038
0.181035
0.181029
0.181025
0.181023
0.181021
0.181017
0.181013
0.18101
0.181006
0.180999
0.180994
0.180991
0.180987
0.180983
0.180978
0.180974
0.180969
0.180962
0.180957
0.180952
0.180947
0.180942
0.180937
0.180931
0.180926
0.18092
0.180914
0.180908
0.180902
0.180896
0.180889
0.180885
0.180867
0.0352148
0.0329208
0.0301136
0.026645
0.0196372
0.0127467
0.0225374
0.0415507
0.061494
0.0791168
0.0939568
0.106326
0.11664
0.125275
0.132546
0.138711
0.143979
0.148516
0.152461
0.15593
0.159015
0.161793
0.164323
0.16666
0.168844
0.170908
0.172873
0.174762
0.176585
0.178348
0.180051
0.181694
0.183273
0.18478
0.18621
0.187561
0.188832
0.190022
0.191129
0.192157
0.19311
0.193992
0.194805
0.195557
0.196255
0.196902
0.197497
0.198047
0.198555
0.199023
0.199449
0.199841
0.200203
0.200537
0.200839
0.201115
0.201366
0.201593
0.201794
0.201976
0.202142
0.202293
0.202426
0.202544
0.20265
0.202743
0.20282
0.202889
0.202953
0.20301
0.203057
0.203099
0.203134
0.203164
0.203185
0.203205
0.203224
0.203241
0.203254
0.203264
0.203273
0.203279
0.203279
0.20328
0.203283
0.203286
0.203285
0.203285
0.203284
0.203283
0.203276
0.203272
0.203269
0.203268
0.203263
0.20326
0.203256
0.203252
0.203245
0.203239
0.203235
0.203231
0.203226
0.203221
0.203217
0.203211
0.203204
0.203198
0.203193
0.203188
0.203182
0.203176
0.20317
0.203164
0.203158
0.203151
0.203145
0.203138
0.203132
0.203124
0.203119
0.203099
0.035886
0.0345898
0.0328388
0.0305263
0.025688
0.0155533
0.0173404
0.032935
0.053503
0.0734465
0.0909818
0.105969
0.118698
0.129515
0.138739
0.146642
0.153452
0.159358
0.164515
0.169058
0.173098
0.176727
0.180018
0.183037
0.185835
0.188453
0.190923
0.193272
0.195517
0.197668
0.19973
0.201703
0.203584
0.205369
0.20705
0.208628
0.210103
0.211475
0.212745
0.213919
0.215004
0.216006
0.216928
0.217781
0.218572
0.219306
0.219985
0.220614
0.221197
0.221737
0.222231
0.222688
0.22311
0.223502
0.223859
0.224186
0.224486
0.224759
0.225001
0.225222
0.225423
0.225606
0.225769
0.225915
0.226046
0.226162
0.22626
0.226347
0.226426
0.226498
0.226559
0.226612
0.226658
0.226697
0.226726
0.226752
0.226776
0.226798
0.226816
0.22683
0.226842
0.226851
0.226854
0.226857
0.22686
0.226864
0.226865
0.226866
0.226866
0.226865
0.226859
0.226855
0.226851
0.226849
0.226845
0.226842
0.226838
0.226834
0.226827
0.22682
0.226815
0.226811
0.226806
0.226801
0.226795
0.22679
0.226783
0.226776
0.22677
0.226764
0.226758
0.226752
0.226746
0.226739
0.226732
0.226725
0.226718
0.22671
0.226704
0.226695
0.22669
0.226667
0.0361961
0.0354868
0.0344885
0.0331114
0.0303507
0.0220766
0.0156437
0.0238533
0.0420707
0.0631499
0.0831617
0.100927
0.116371
0.129726
0.141275
0.151289
0.160006
0.167628
0.174329
0.180257
0.185539
0.190284
0.19458
0.198505
0.202121
0.205482
0.208627
0.211592
0.214401
0.21707
0.219606
0.222015
0.224293
0.22644
0.228447
0.230316
0.232048
0.233649
0.23512
0.236472
0.237714
0.238856
0.239905
0.240873
0.24177
0.242604
0.243376
0.244095
0.244764
0.245385
0.245958
0.24649
0.246984
0.247443
0.247865
0.248254
0.248612
0.248939
0.249234
0.249501
0.249746
0.24997
0.25017
0.250351
0.250513
0.250658
0.250783
0.250893
0.250992
0.251083
0.25116
0.251228
0.251288
0.251339
0.251379
0.251414
0.251445
0.251474
0.251497
0.251517
0.251533
0.251547
0.251553
0.251558
0.251564
0.251569
0.251572
0.251573
0.251575
0.251575
0.25157
0.251566
0.251563
0.25156
0.251557
0.251553
0.251549
0.251545
0.251538
0.251531
0.251526
0.251521
0.251515
0.25151
0.251504
0.251499
0.251491
0.251484
0.251477
0.251471
0.251464
0.251458
0.251451
0.251444
0.251437
0.251429
0.251421
0.251413
0.251406
0.251397
0.251391
0.251366
0.0363184
0.0358956
0.0353364
0.0345739
0.0331837
0.028762
0.0198831
0.0182479
0.029351
0.0484177
0.0696461
0.0899023
0.108178
0.124351
0.138579
0.151087
0.162102
0.171829
0.180452
0.18813
0.195
0.201186
0.206793
0.211908
0.216608
0.220956
0.225003
0.228793
0.232357
0.23572
0.238892
0.241884
0.244694
0.247323
0.249764
0.252019
0.254093
0.255992
0.257725
0.259305
0.260747
0.262066
0.263273
0.264383
0.26541
0.266364
0.26725
0.268077
0.268848
0.269569
0.270238
0.270861
0.271442
0.271984
0.272486
0.272951
0.273381
0.273777
0.274136
0.274464
0.274764
0.275039
0.275288
0.275512
0.275715
0.275897
0.276057
0.276198
0.276325
0.276439
0.276539
0.276627
0.276704
0.276772
0.276826
0.276873
0.276915
0.276952
0.276984
0.277011
0.277033
0.277052
0.277064
0.277073
0.277081
0.277089
0.277094
0.277098
0.277101
0.277102
0.277099
0.277096
0.277093
0.277091
0.277087
0.277084
0.27708
0.277076
0.277069
0.277063
0.277057
0.277052
0.277046
0.27704
0.277034
0.277028
0.27702
0.277013
0.277006
0.276999
0.276992
0.276985
0.276977
0.27697
0.276962
0.276954
0.276946
0.276938
0.27693
0.27692
0.276913
0.276886
0.036359
0.0360512
0.0357002
0.0352675
0.034596
0.0327879
0.0274756
0.0202895
0.0207953
0.0322177
0.050935
0.0720594
0.0926655
0.111657
0.128786
0.144116
0.157805
0.170037
0.180988
0.19082
0.199678
0.20769
0.214972
0.221625
0.227737
0.233381
0.238619
0.243505
0.248077
0.252368
0.256396
0.260172
0.2637
0.26698
0.27001
0.272791
0.27533
0.277638
0.279729
0.281622
0.283338
0.284898
0.28632
0.287623
0.288826
0.289941
0.290979
0.291948
0.292855
0.293705
0.294499
0.295242
0.295937
0.296589
0.297195
0.29776
0.298284
0.29877
0.299214
0.299622
0.299996
0.30034
0.300652
0.300936
0.301193
0.301425
0.301631
0.301814
0.301978
0.302126
0.302256
0.302372
0.302473
0.302563
0.302638
0.302702
0.302758
0.302809
0.302851
0.302888
0.30292
0.302947
0.302966
0.302981
0.302994
0.303005
0.303013
0.30302
0.303025
0.303029
0.303028
0.303027
0.303024
0.303023
0.30302
0.303017
0.303013
0.30301
0.303004
0.302997
0.302991
0.302985
0.302979
0.302973
0.302967
0.302961
0.302954
0.302946
0.302938
0.302931
0.302924
0.302916
0.302909
0.302901
0.302893
0.302885
0.302876
0.302867
0.302859
0.302849
0.302841
0.302811
0.0363701
0.0360997
0.035828
0.0355382
0.0351791
0.0344964
0.0325584
0.0278671
0.0221294
0.0223335
0.031888
0.0488984
0.0693746
0.0902103
0.109982
0.128215
0.14483
0.159906
0.173571
0.185965
0.197229
0.207491
0.216867
0.225461
0.233373
0.240687
0.247474
0.253793
0.259694
0.265215
0.270381
0.275208
0.279703
0.283867
0.287699
0.291204
0.29439
0.297273
0.299874
0.302219
0.304335
0.306251
0.307993
0.309585
0.311051
0.312409
0.313671
0.314851
0.315958
0.316997
0.317971
0.318886
0.319745
0.320551
0.321305
0.32201
0.322667
0.323278
0.323841
0.32436
0.324838
0.325278
0.325679
0.326045
0.326379
0.326681
0.326952
0.327194
0.327411
0.327607
0.32778
0.327934
0.328071
0.328192
0.328296
0.328385
0.328463
0.328532
0.328591
0.328643
0.328687
0.328725
0.328755
0.328779
0.328799
0.328816
0.32883
0.328841
0.328849
0.328856
0.328859
0.32886
0.32886
0.32886
0.328858
0.328855
0.328853
0.32885
0.328844
0.328839
0.328833
0.328827
0.328821
0.328815
0.328809
0.328802
0.328795
0.328787
0.32878
0.328772
0.328764
0.328757
0.328749
0.328741
0.328733
0.328724
0.328716
0.328706
0.328698
0.328688
0.328679
0.328647
0.0363726
0.0361118
0.035864
0.0356233
0.0353763
0.0350648
0.0344601
0.0329557
0.0296051
0.0249536
0.0234368
0.0291738
0.0424467
0.0608484
0.0812597
0.101568
0.120863
0.138847
0.155455
0.170732
0.184776
0.197694
0.20959
0.220563
0.23071
0.240118
0.248867
0.257021
0.264635
0.271755
0.278413
0.284627
0.290407
0.295758
0.30068
0.30518
0.309273
0.31298
0.316327
0.319348
0.322077
0.324552
0.326803
0.328863
0.330759
0.332514
0.334145
0.33567
0.337098
0.33844
0.3397
0.340883
0.341996
0.34304
0.344019
0.344935
0.345791
0.346588
0.347327
0.34801
0.34864
0.349221
0.349753
0.35024
0.350685
0.35109
0.351454
0.351783
0.352078
0.352344
0.352581
0.352792
0.35298
0.353147
0.353292
0.353419
0.35353
0.353627
0.353711
0.353784
0.353848
0.353903
0.353948
0.353986
0.354017
0.354043
0.354065
0.354083
0.354097
0.354109
0.354117
0.354122
0.354125
0.354127
0.354127
0.354127
0.354125
0.354123
0.354119
0.354115
0.354109
0.354104
0.354098
0.354092
0.354086
0.35408
0.354073
0.354066
0.354058
0.35405
0.354042
0.354035
0.354027
0.354019
0.35401
0.354002
0.353993
0.353984
0.353975
0.353965
0.353956
0.353921
0.036373
0.0361141
0.0358719
0.0356443
0.0354296
0.0352179
0.034965
0.034546
0.0336636
0.0317773
0.0285794
0.0256945
0.0267262
0.0340097
0.0474584
0.0652579
0.0850141
0.104909
0.12405
0.142141
0.159108
0.174946
0.189693
0.203423
0.216222
0.228166
0.239318
0.249744
0.259502
0.268643
0.277204
0.285205
0.292661
0.299576
0.30596
0.311825
0.317191
0.322088
0.326547
0.330608
0.334311
0.337694
0.340795
0.343646
0.346279
0.348721
0.350991
0.353109
0.35509
0.356946
0.358685
0.360315
0.361843
0.363275
0.364615
0.365866
0.367034
0.368122
0.369131
0.370064
0.370927
0.371722
0.372453
0.373122
0.373734
0.374292
0.374797
0.375254
0.375666
0.376037
0.376369
0.376666
0.376931
0.377167
0.377374
0.377557
0.377716
0.377857
0.377979
0.378085
0.378178
0.378258
0.378326
0.378384
0.378432
0.378474
0.378508
0.378536
0.37856
0.37858
0.378595
0.378606
0.378614
0.378621
0.378624
0.378626
0.378627
0.378627
0.378625
0.378622
0.378618
0.378614
0.378609
0.378603
0.378598
0.378592
0.378585
0.378578
0.378571
0.378564
0.378556
0.378548
0.37854
0.378532
0.378524
0.378516
0.378507
0.378498
0.37849
0.37848
0.378471
0.378434
0.036373
0.0361143
0.0358732
0.0356483
0.0354407
0.0352508
0.0350694
0.0348751
0.0346216
0.0342041
0.0334061
0.031901
0.0296272
0.0277683
0.028783
0.0346033
0.0456657
0.0611199
0.0793317
0.0986014
0.117729
0.136128
0.153626
0.17021
0.185895
0.200691
0.214621
0.227725
0.240045
0.251637
0.262538
0.27277
0.282348
0.291289
0.299613
0.307347
0.314522
0.321174
0.327336
0.333044
0.338333
0.343234
0.34778
0.351998
0.355915
0.359556
0.362943
0.366097
0.369035
0.371774
0.374328
0.376707
0.378926
0.380992
0.382916
0.384706
0.386368
0.387911
0.389339
0.390659
0.391877
0.392998
0.394027
0.39497
0.395832
0.396619
0.397333
0.39798
0.398564
0.399091
0.399564
0.399987
0.400366
0.400703
0.401002
0.401265
0.401498
0.401702
0.401881
0.402036
0.402172
0.402291
0.402392
0.402479
0.402553
0.402617
0.40267
0.402715
0.402753
0.402784
0.40281
0.40283
0.402846
0.402859
0.402868
0.402875
0.40288
0.402883
0.402884
0.402883
0.402881
0.402878
0.402875
0.40287
0.402865
0.40286
0.402855
0.402848
0.402841
0.402835
0.402827
0.40282
0.402812
0.402804
0.402797
0.402789
0.40278
0.402772
0.402764
0.402754
0.402745
0.402705
0.0363729
0.0361143
0.0358733
0.0356488
0.0354424
0.035256
0.0350859
0.0349259
0.034769
0.0346035
0.0344046
0.0341203
0.0336477
0.0328245
0.0315406
0.0301592
0.0299473
0.0325925
0.0392104
0.0500181
0.064458
0.0814448
0.0997342
0.118277
0.136404
0.153812
0.170434
0.186296
0.201432
0.21582
0.22946
0.242369
0.254577
0.266132
0.277085
0.287482
0.29736
0.306741
0.315638
0.324056
0.331996
0.339462
0.346458
0.352994
0.359084
0.364746
0.370001
0.37487
0.379379
0.383552
0.387411
0.390978
0.394276
0.397324
0.40014
0.40274
0.40514
0.407354
0.409394
0.411271
0.412997
0.414581
0.416032
0.417359
0.41857
0.419673
0.420675
0.421582
0.422403
0.423143
0.423807
0.424404
0.424937
0.425412
0.425835
0.426208
0.426539
0.42683
0.427085
0.427308
0.427503
0.427673
0.42782
0.427946
0.428055
0.428149
0.428228
0.428295
0.428352
0.4284
0.42844
0.428472
0.428499
0.428521
0.428538
0.428551
0.428561
0.428568
0.428573
0.428575
0.428576
0.428576
0.428574
0.428571
0.428568
0.428564
0.428559
0.428553
0.428547
0.428541
0.428534
0.428527
0.42852
0.428513
0.428505
0.428498
0.42849
0.428482
0.428474
0.428465
0.428456
0.428414
0.0363729
0.0361142
0.0358732
0.0356487
0.0354425
0.0352563
0.0350874
0.0349311
0.0347847
0.0346461
0.0345128
0.0343813
0.0342446
0.0340888
0.0338863
0.0335869
0.0331192
0.0324517
0.0317917
0.031838
0.0336799
0.0382915
0.0461728
0.0573142
0.071279
0.0873328
0.104626
0.12238
0.140019
0.157212
0.173821
0.189854
0.205438
0.220688
0.235666
0.250373
0.264758
0.278738
0.292219
0.305112
0.317342
0.328861
0.339638
0.349667
0.358956
0.36753
0.375422
0.382672
0.389321
0.395416
0.400999
0.406112
0.410795
0.415086
0.419016
0.422618
0.425919
0.428943
0.431713
0.434249
0.436569
0.43869
0.440626
0.442391
0.443998
0.445459
0.446783
0.447982
0.449064
0.45004
0.450916
0.451702
0.452405
0.453032
0.453589
0.454083
0.454519
0.454904
0.455243
0.455539
0.455798
0.456024
0.45622
0.456389
0.456535
0.456661
0.456768
0.456859
0.456937
0.457003
0.457058
0.457103
0.457141
0.457172
0.457197
0.457217
0.457233
0.457245
0.457254
0.45726
0.457263
0.457265
0.457266
0.457264
0.457262
0.457259
0.457255
0.45725
0.457245
0.457239
0.457233
0.457226
0.457219
0.457212
0.457204
0.457197
0.457189
0.457181
0.457173
0.457165
0.457155
0.457111
0.0363728
0.0361141
0.0358731
0.0356487
0.0354424
0.0352562
0.0350872
0.0349311
0.0347854
0.0346485
0.0345196
0.0343979
0.0342825
0.034173
0.0340688
0.0339692
0.0338729
0.033777
0.0336741
0.0335521
0.0334009
0.0332534
0.033287
0.0339502
0.0359507
0.0400401
0.0467892
0.0565049
0.0692349
0.0847948
0.102811
0.122765
0.14405
0.166067
0.18827
0.210206
0.231517
0.251939
0.271294
0.289471
0.306414
0.322113
0.336585
0.349875
0.362041
0.373151
0.383281
0.392505
0.400899
0.408536
0.415483
0.421805
0.42756
0.432801
0.437578
0.441932
0.445903
0.449526
0.45283
0.455844
0.458592
0.461096
0.463376
0.46545
0.467334
0.469043
0.47059
0.471988
0.47325
0.474385
0.475405
0.476318
0.477135
0.477863
0.47851
0.479083
0.479591
0.480038
0.480431
0.480776
0.481077
0.481339
0.481567
0.481764
0.481935
0.482081
0.482206
0.482313
0.482404
0.482481
0.482546
0.4826
0.482645
0.482681
0.482712
0.482736
0.482755
0.48277
0.482781
0.482789
0.482794
0.482797
0.482799
0.482798
0.482796
0.482794
0.48279
0.482785
0.48278
0.482774
0.482768
0.482761
0.482754
0.482746
0.482739
0.482731
0.482723
0.482715
0.482706
0.482698
0.482688
0.48264
0.0363728
0.0361141
0.0358731
0.0356487
0.0354424
0.0352562
0.0350872
0.0349311
0.0347854
0.0346485
0.0345197
0.0343979
0.0342826
0.0341731
0.034069
0.0339697
0.033874
0.0337792
0.0336784
0.0335602
0.0334155
0.0332772
0.0333194
0.0339809
0.0359573
0.0399916
0.0466527
0.056253
0.0688514
0.0842774
0.102172
0.122025
0.143234
0.1652
0.187374
0.209297
0.230606
0.251034
0.2704
0.288592
0.305553
0.32127
0.335763
0.349075
0.361263
0.372396
0.382547
0.391792
0.400206
0.407861
0.414826
0.421164
0.426934
0.43219
0.436979
0.441345
0.445327
0.448959
0.452273
0.455295
0.458051
0.460563
0.462849
0.464929
0.466818
0.468532
0.470084
0.471487
0.472753
0.473893
0.474916
0.475833
0.476652
0.477383
0.478033
0.478609
0.479118
0.479567
0.479962
0.480309
0.480611
0.480875
0.481104
0.481303
0.481474
0.481621
0.481747
0.481855
0.481947
0.482024
0.482089
0.482144
0.482189
0.482226
0.482256
0.482281
0.4823
0.482315
0.482326
0.482334
0.48234
0.482343
0.482344
0.482344
0.482342
0.482339
0.482335
0.48233
0.482325
0.482319
0.482313
0.482306
0.482299
0.482291
0.482284
0.482276
0.482268
0.482259
0.482251
0.482242
0.482232
0.482185
0.0363728
0.0361142
0.0358732
0.0356487
0.0354425
0.0352564
0.0350874
0.0349311
0.0347847
0.034646
0.0345127
0.0343811
0.0342443
0.0340885
0.0338864
0.0335883
0.0331245
0.0324667
0.0318242
0.031889
0.0337344
0.038319
0.0461336
0.0571677
0.0709909
0.0868798
0.103998
0.121577
0.139046
0.156078
0.172524
0.188405
0.203845
0.218961
0.233818
0.248421
0.262721
0.276635
0.290069
0.302933
0.315151
0.326671
0.337461
0.347511
0.356829
0.365437
0.373365
0.380652
0.38734
0.393472
0.399091
0.40424
0.408956
0.413278
0.417238
0.420868
0.424194
0.427242
0.430035
0.432592
0.434932
0.437071
0.439024
0.440805
0.442427
0.443901
0.445238
0.446449
0.447543
0.448529
0.449415
0.45021
0.450921
0.451555
0.45212
0.45262
0.453063
0.453454
0.453798
0.454099
0.454362
0.454591
0.454791
0.454963
0.455112
0.45524
0.45535
0.455443
0.455522
0.455589
0.455645
0.455692
0.455731
0.455763
0.455788
0.455809
0.455825
0.455837
0.455846
0.455852
0.455856
0.455858
0.455858
0.455857
0.455854
0.455851
0.455847
0.455842
0.455836
0.45583
0.455824
0.455817
0.45581
0.455802
0.455794
0.455787
0.455779
0.45577
0.455762
0.455753
0.455744
0.4557
0.0363729
0.0361143
0.0358732
0.0356488
0.0354424
0.035256
0.0350859
0.0349257
0.0347685
0.0346022
0.0344018
0.0341149
0.0336382
0.0328113
0.0315317
0.0301744
0.0300064
0.0326916
0.0393174
0.0500841
0.0644311
0.081282
0.0994086
0.117777
0.135728
0.152962
0.169412
0.185105
0.200074
0.214298
0.227781
0.240543
0.252613
0.264036
0.274865
0.285149
0.294924
0.304216
0.313037
0.321395
0.329289
0.336723
0.3437
0.350229
0.356321
0.361994
0.367265
0.372156
0.37669
0.380889
0.384776
0.388373
0.391699
0.394775
0.397619
0.400246
0.402671
0.40491
0.406973
0.408873
0.410619
0.412223
0.413693
0.415038
0.416266
0.417384
0.418401
0.419323
0.420157
0.42091
0.421586
0.422194
0.422737
0.423221
0.423653
0.424035
0.424373
0.424671
0.424933
0.425162
0.425362
0.425536
0.425687
0.425818
0.42593
0.426027
0.426109
0.426178
0.426237
0.426286
0.426327
0.426361
0.426389
0.426411
0.426429
0.426443
0.426453
0.42646
0.426465
0.426468
0.426469
0.426468
0.426466
0.426463
0.426459
0.426455
0.42645
0.426444
0.426438
0.426431
0.426424
0.426417
0.426409
0.426401
0.426393
0.426385
0.426377
0.426369
0.42636
0.426351
0.426343
0.426301
0.036373
0.0361143
0.0358732
0.0356483
0.0354407
0.0352506
0.0350687
0.0348729
0.0346159
0.0341906
0.0333789
0.0318575
0.029587
0.0277823
0.0288878
0.0347842
0.0458678
0.06127
0.0793629
0.0984707
0.117416
0.135628
0.152939
0.169341
0.184849
0.199476
0.213245
0.226195
0.23837
0.249825
0.260598
0.27071
0.280177
0.289013
0.29724
0.304884
0.311977
0.318553
0.324648
0.330299
0.335539
0.340402
0.344918
0.349116
0.353021
0.356656
0.360044
0.363203
0.366151
0.368902
0.371469
0.373866
0.376102
0.378187
0.380129
0.381937
0.383618
0.385178
0.386623
0.387961
0.389196
0.390333
0.391378
0.392336
0.393211
0.394011
0.394738
0.395398
0.395994
0.396532
0.397015
0.397449
0.397836
0.398182
0.398489
0.39876
0.399
0.399211
0.399396
0.399557
0.399697
0.399819
0.399924
0.400015
0.400092
0.400159
0.400214
0.400261
0.4003
0.400333
0.400359
0.400381
0.400398
0.400411
0.400421
0.400428
0.400432
0.400435
0.400436
0.400435
0.400433
0.40043
0.400426
0.400422
0.400416
0.400411
0.400404
0.400398
0.400391
0.400383
0.400376
0.400368
0.40036
0.400352
0.400343
0.400335
0.400326
0.400318
0.400309
0.4003
0.400291
0.400252
0.036373
0.0361141
0.0358719
0.0356442
0.0354292
0.0352165
0.0349599
0.0345308
0.0336254
0.031702
0.0284884
0.0256775
0.0268546
0.0342667
0.0477636
0.0655085
0.0851285
0.104844
0.123789
0.141682
0.158457
0.17411
0.188682
0.202247
0.214891
0.22669
0.237707
0.248007
0.257648
0.266679
0.275137
0.283045
0.290413
0.297249
0.303559
0.309356
0.314661
0.319502
0.323911
0.327928
0.331592
0.334943
0.338017
0.340848
0.343467
0.345898
0.348163
0.35028
0.352262
0.354121
0.355866
0.357505
0.359043
0.360485
0.361835
0.363099
0.364277
0.365376
0.366397
0.367343
0.368218
0.369025
0.369767
0.370447
0.371069
0.371637
0.372152
0.37262
0.373041
0.373421
0.373762
0.374066
0.374338
0.37458
0.374794
0.374984
0.37515
0.375296
0.375422
0.375533
0.375628
0.375711
0.375782
0.375843
0.375895
0.375938
0.375974
0.376004
0.376028
0.376048
0.376064
0.376076
0.376085
0.376092
0.376095
0.376097
0.376098
0.376097
0.376095
0.376092
0.376088
0.376084
0.376078
0.376072
0.376066
0.376059
0.376052
0.376045
0.376037
0.37603
0.376022
0.376013
0.376005
0.375996
0.375988
0.375979
0.375971
0.375962
0.375953
0.375943
0.375935
0.375898
0.0363726
0.0361117
0.0358639
0.0356228
0.0353744
0.0350573
0.0344334
0.032882
0.0294669
0.0248414
0.0235047
0.0294457
0.0428316
0.0612095
0.0814883
0.10161
0.120702
0.138483
0.154894
0.169986
0.183857
0.196615
0.208363
0.219198
0.229216
0.238505
0.247143
0.255195
0.262715
0.269748
0.276324
0.282463
0.288176
0.293464
0.29833
0.302781
0.306829
0.310495
0.313806
0.316795
0.319496
0.321946
0.324178
0.326223
0.328107
0.329853
0.331478
0.332999
0.334425
0.335766
0.337029
0.338217
0.339335
0.340386
0.341371
0.342294
0.343156
0.34396
0.344707
0.3454
0.346039
0.346628
0.347168
0.347663
0.348115
0.348526
0.348899
0.349236
0.349539
0.349811
0.350054
0.350271
0.350464
0.350635
0.350787
0.35092
0.351035
0.351137
0.351224
0.3513
0.351365
0.351421
0.351469
0.35151
0.351543
0.351571
0.351594
0.351612
0.351626
0.351638
0.351647
0.351653
0.351657
0.351658
0.351658
0.351657
0.351655
0.351652
0.351649
0.351644
0.351639
0.351633
0.351627
0.35162
0.351613
0.351606
0.351599
0.351591
0.351584
0.351576
0.351567
0.351559
0.35155
0.351542
0.351533
0.351525
0.351516
0.351507
0.351499
0.351489
0.351481
0.351446
0.0363701
0.0360994
0.0358273
0.0355362
0.0351719
0.0344653
0.0324548
0.0276672
0.0220116
0.022485
0.0322713
0.0493548
0.0697448
0.090406
0.109971
0.127995
0.144409
0.159298
0.172791
0.185027
0.196145
0.206273
0.215525
0.224006
0.231814
0.239031
0.245728
0.251965
0.25779
0.263239
0.26834
0.273107
0.277548
0.281663
0.285453
0.28892
0.292073
0.294926
0.297501
0.299823
0.301919
0.303818
0.305546
0.307129
0.308586
0.309937
0.311194
0.31237
0.313474
0.314512
0.315488
0.316406
0.317269
0.318078
0.318836
0.319545
0.320206
0.320821
0.321391
0.321918
0.322402
0.322847
0.323254
0.323626
0.323964
0.324271
0.324548
0.324798
0.325021
0.325221
0.325399
0.325557
0.325697
0.325821
0.32593
0.326025
0.326107
0.326179
0.32624
0.326293
0.326338
0.326377
0.326409
0.326436
0.326458
0.326476
0.326489
0.3265
0.326508
0.326515
0.326519
0.326521
0.326521
0.32652
0.326518
0.326515
0.326511
0.326507
0.326503
0.326497
0.326491
0.326485
0.326478
0.326471
0.326464
0.326457
0.32645
0.326442
0.326435
0.326427
0.326418
0.32641
0.326402
0.326393
0.326385
0.326377
0.326368
0.32636
0.326351
0.326342
0.326334
0.326302
0.0363588
0.0360503
0.0356979
0.0352612
0.0345726
0.0326854
0.0272251
0.0201345
0.0209824
0.0326627
0.0514294
0.072436
0.0928485
0.111627
0.128548
0.143684
0.157196
0.169268
0.180073
0.189773
0.198511
0.206412
0.213593
0.220153
0.226179
0.231744
0.23691
0.241728
0.246239
0.250471
0.254445
0.258173
0.261657
0.264899
0.267895
0.270648
0.273162
0.275448
0.277519
0.279396
0.281097
0.282645
0.284059
0.285357
0.286554
0.287664
0.288697
0.289663
0.290568
0.291417
0.292213
0.292959
0.293657
0.294311
0.29492
0.295487
0.296013
0.296502
0.296952
0.297366
0.297745
0.298093
0.298409
0.298696
0.298956
0.299192
0.299404
0.299594
0.299762
0.299913
0.300046
0.300164
0.300268
0.300361
0.300441
0.30051
0.300569
0.30062
0.300664
0.300701
0.300733
0.30076
0.300783
0.300801
0.300814
0.300825
0.300833
0.300839
0.300844
0.300847
0.300848
0.300848
0.300845
0.300843
0.300839
0.300835
0.300831
0.300827
0.300821
0.300816
0.300809
0.300803
0.300796
0.300789
0.300782
0.300775
0.300768
0.300761
0.300753
0.300745
0.300737
0.300729
0.300721
0.300713
0.300705
0.300697
0.300689
0.300681
0.300673
0.300663
0.300657
0.300626
0.0363177
0.0358929
0.0353299
0.0345574
0.03312
0.0285151
0.0196285
0.0183967
0.02981
0.0489391
0.0700438
0.0900997
0.108161
0.12413
0.138171
0.150511
0.161375
0.170967
0.179469
0.187038
0.193808
0.199904
0.205427
0.210467
0.215096
0.219379
0.223367
0.227102
0.230615
0.233929
0.237057
0.240009
0.242783
0.24538
0.247796
0.25003
0.252084
0.253965
0.255684
0.257252
0.258684
0.259995
0.261197
0.262305
0.263328
0.264278
0.265162
0.265986
0.266756
0.267476
0.268147
0.268774
0.269357
0.2699
0.270403
0.27087
0.271301
0.271699
0.272064
0.272398
0.272702
0.272979
0.27323
0.273457
0.273662
0.273848
0.274013
0.27416
0.274289
0.274405
0.274507
0.274597
0.274676
0.274746
0.274806
0.274857
0.2749
0.274937
0.274969
0.274996
0.275018
0.275038
0.275053
0.275065
0.275073
0.27508
0.275084
0.275087
0.275089
0.27509
0.275089
0.275087
0.275084
0.275081
0.275076
0.275072
0.275067
0.275063
0.275057
0.275052
0.275045
0.275039
0.275032
0.275026
0.275019
0.275012
0.275006
0.274998
0.274991
0.274984
0.274976
0.274968
0.274961
0.274953
0.274946
0.274938
0.274931
0.274923
0.274915
0.274906
0.2749
0.274872
0.0361938
0.0354795
0.0344732
0.0330751
0.0302071
0.0217125
0.0156549
0.0242702
0.0426101
0.0635845
0.0833984
0.10095
0.116193
0.129366
0.140753
0.150624
0.159214
0.166725
0.173326
0.179163
0.184363
0.189034
0.193262
0.197124
0.200682
0.20399
0.207087
0.210006
0.212772
0.2154
0.217899
0.220274
0.222523
0.224644
0.226631
0.228483
0.2302
0.231786
0.233247
0.23459
0.235824
0.236962
0.238009
0.238976
0.239871
0.240702
0.241473
0.24219
0.242857
0.243479
0.244056
0.244591
0.245086
0.245545
0.245969
0.246359
0.246717
0.247047
0.247347
0.24762
0.247867
0.248091
0.248294
0.248476
0.24864
0.248788
0.248918
0.249034
0.249135
0.249225
0.249304
0.249373
0.249434
0.249488
0.249533
0.249572
0.249603
0.249631
0.249654
0.249673
0.249689
0.249704
0.249714
0.249721
0.249726
0.24973
0.249732
0.249733
0.249733
0.249733
0.249731
0.249728
0.249724
0.24972
0.249715
0.249711
0.249706
0.249702
0.249697
0.249691
0.249684
0.249678
0.249672
0.249666
0.24966
0.249654
0.249647
0.24964
0.249633
0.249626
0.249619
0.249612
0.249605
0.249598
0.249591
0.249584
0.249577
0.249569
0.249562
0.249554
0.249549
0.249523
0.0358801
0.0345737
0.0328088
0.0304589
0.0254315
0.0153097
0.0176289
0.0334656
0.0539835
0.073742
0.0910657
0.105853
0.118402
0.129062
0.138148
0.145931
0.152635
0.158448
0.163524
0.167993
0.171966
0.175533
0.178769
0.181735
0.184485
0.187059
0.189488
0.191799
0.194007
0.196124
0.198155
0.2001
0.201956
0.20372
0.205386
0.206951
0.208413
0.209774
0.211035
0.212204
0.213283
0.214282
0.215205
0.216058
0.216847
0.217579
0.218256
0.218885
0.219467
0.220007
0.220506
0.220966
0.22139
0.22178
0.222138
0.222467
0.222767
0.223042
0.22329
0.223515
0.223718
0.223901
0.224066
0.224213
0.224345
0.224464
0.224568
0.224659
0.224739
0.22481
0.224871
0.224926
0.224973
0.225014
0.225049
0.225078
0.225101
0.225122
0.225138
0.225153
0.225164
0.225175
0.225181
0.225186
0.225188
0.22519
0.22519
0.22519
0.225189
0.225189
0.225186
0.225182
0.225178
0.225174
0.225169
0.225165
0.22516
0.225156
0.225151
0.225145
0.225139
0.225134
0.225128
0.225122
0.225116
0.225111
0.225105
0.225098
0.225092
0.225085
0.225079
0.225072
0.225066
0.225059
0.225053
0.225046
0.22504
0.225033
0.225026
0.225018
0.225014
0.22499
0.0352019
0.0328906
0.0300637
0.0265385
0.0193044
0.0127725
0.0229895
0.0420685
0.0618613
0.0792769
0.0939168
0.106107
0.116265
0.124766
0.131921
0.137985
0.143166
0.147627
0.151505
0.154913
0.157943
0.16067
0.163154
0.165448
0.167592
0.169618
0.17155
0.173406
0.175197
0.176931
0.178608
0.180228
0.181786
0.183277
0.184694
0.186035
0.187295
0.188476
0.189577
0.1906
0.19155
0.192431
0.193245
0.193998
0.194694
0.195339
0.195934
0.196484
0.196992
0.197461
0.197891
0.198286
0.198649
0.198981
0.199284
0.199561
0.199813
0.200042
0.200249
0.200434
0.200601
0.200751
0.200885
0.201005
0.201112
0.201207
0.20129
0.201363
0.201426
0.201482
0.20153
0.201573
0.201609
0.201642
0.201668
0.201689
0.201707
0.201722
0.201734
0.201745
0.201753
0.201761
0.201765
0.201767
0.201768
0.201769
0.201768
0.201767
0.201766
0.201764
0.201761
0.201757
0.201753
0.201749
0.201745
0.201741
0.201736
0.201732
0.201727
0.201722
0.201716
0.201711
0.201706
0.201701
0.201695
0.20169
0.201684
0.201679
0.201672
0.201667
0.201661
0.201655
0.201649
0.201643
0.201637
0.201631
0.201625
0.201618
0.201613
0.201605
0.201601
0.20158
0.0339311
0.0302002
0.0261653
0.0215284
0.0136158
0.0138306
0.0288842
0.0482903
0.0660846
0.0809253
0.0930472
0.102939
0.111049
0.117745
0.123318
0.128001
0.131974
0.135378
0.138333
0.14093
0.143244
0.145338
0.147259
0.14905
0.150742
0.152359
0.153918
0.155432
0.156908
0.15835
0.159756
0.161124
0.162448
0.163723
0.164942
0.166101
0.167195
0.168225
0.169188
0.170087
0.170922
0.171697
0.172414
0.173076
0.173687
0.174251
0.174771
0.17525
0.17569
0.176095
0.176465
0.176804
0.177112
0.177394
0.17765
0.177883
0.178093
0.178285
0.178456
0.178609
0.178745
0.178868
0.178978
0.179075
0.179161
0.179238
0.179305
0.179362
0.179412
0.179456
0.179494
0.179528
0.179556
0.179581
0.179601
0.179617
0.17963
0.179641
0.17965
0.179658
0.179664
0.179669
0.179671
0.179672
0.179672
0.179672
0.179671
0.179669
0.179668
0.179666
0.179662
0.179659
0.179654
0.179651
0.179647
0.179643
0.179639
0.179636
0.179631
0.179626
0.179621
0.179616
0.179611
0.179606
0.179602
0.179597
0.179592
0.179586
0.179581
0.179575
0.17957
0.179565
0.179559
0.179554
0.179549
0.179543
0.179538
0.179532
0.179526
0.17952
0.179516
0.179497
0.0318437
0.0264558
0.0213543
0.0161155
0.0101702
0.0165577
0.0336382
0.0517776
0.0671862
0.0795743
0.089459
0.0973796
0.103777
0.108997
0.113301
0.116892
0.119923
0.122515
0.124766
0.126748
0.128525
0.130144
0.131646
0.133061
0.134414
0.135723
0.137
0.138253
0.139486
0.140701
0.141893
0.143061
0.144196
0.145295
0.146349
0.147355
0.148307
0.149206
0.150048
0.150834
0.151565
0.152243
0.15287
0.153448
0.153981
0.154471
0.154922
0.155335
0.155714
0.156062
0.156377
0.156665
0.156926
0.157164
0.157379
0.157573
0.157749
0.157908
0.158049
0.158174
0.158286
0.158387
0.158476
0.158554
0.158624
0.158686
0.158739
0.158784
0.158823
0.158859
0.158888
0.158915
0.158937
0.158956
0.158971
0.158983
0.158992
0.159001
0.159007
0.159013
0.159017
0.159021
0.159022
0.159021
0.15902
0.15902
0.159018
0.159017
0.159015
0.159013
0.15901
0.159006
0.159002
0.158999
0.158995
0.158992
0.158988
0.158985
0.15898
0.158976
0.158971
0.158967
0.158962
0.158958
0.158954
0.15895
0.158945
0.15894
0.158935
0.15893
0.158926
0.158921
0.158916
0.158911
0.158906
0.158901
0.158897
0.158891
0.158886
0.15888
0.158878
0.15886
0.028811
0.0218758
0.0161877
0.0113021
0.00911606
0.0194426
0.0366295
0.0528105
0.0658502
0.0760321
0.083986
0.0902525
0.0952473
0.0992808
0.102583
0.105323
0.10763
0.109605
0.111323
0.112845
0.114219
0.115484
0.116672
0.117805
0.118903
0.119977
0.121037
0.122086
0.123128
0.12416
0.12518
0.126182
0.12716
0.12811
0.129023
0.129895
0.130723
0.131504
0.132237
0.13292
0.133556
0.134146
0.134689
0.135189
0.135649
0.136072
0.136459
0.136813
0.137136
0.137431
0.137699
0.137941
0.13816
0.13836
0.138539
0.138701
0.138846
0.138977
0.139093
0.139195
0.139287
0.139368
0.13944
0.139504
0.13956
0.139609
0.139651
0.139687
0.139718
0.139745
0.139769
0.139789
0.139806
0.139821
0.139832
0.139841
0.139848
0.139854
0.139859
0.139863
0.139866
0.139868
0.139868
0.139867
0.139866
0.139865
0.139864
0.139862
0.13986
0.139858
0.139855
0.139851
0.139848
0.139845
0.139841
0.139838
0.139835
0.139832
0.139828
0.139824
0.13982
0.139816
0.139812
0.139809
0.139805
0.139801
0.139797
0.139792
0.139788
0.139784
0.139779
0.139775
0.139771
0.139767
0.139762
0.139758
0.139754
0.139749
0.139745
0.139739
0.139737
0.139721
0.0248876
0.0169258
0.0114133
0.00793386
0.00943643
0.0216513
0.0378378
0.0518644
0.062716
0.0709714
0.077293
0.0821974
0.0860621
0.0891581
0.091679
0.0937655
0.0955224
0.09703
0.098348
0.0995247
0.100598
0.101599
0.10255
0.10347
0.104371
0.105264
0.106152
0.107039
0.107925
0.108807
0.109682
0.110544
0.111388
0.112208
0.112997
0.113751
0.114467
0.115142
0.115775
0.116365
0.116914
0.117421
0.117888
0.118316
0.11871
0.11907
0.119399
0.119699
0.119972
0.120221
0.120445
0.120648
0.120831
0.120997
0.121145
0.121279
0.121398
0.121505
0.1216
0.121683
0.121757
0.121823
0.12188
0.121931
0.121976
0.122016
0.122048
0.122076
0.122101
0.122123
0.122141
0.122157
0.12217
0.122181
0.122189
0.122196
0.122201
0.122205
0.122209
0.122211
0.122213
0.122215
0.122214
0.122213
0.122212
0.122211
0.122209
0.122207
0.122205
0.122203
0.1222
0.122197
0.122194
0.122191
0.122188
0.122186
0.122183
0.12218
0.122176
0.122173
0.122169
0.122166
0.122163
0.122159
0.122156
0.122153
0.122149
0.122145
0.122141
0.122137
0.122134
0.12213
0.122126
0.122122
0.122119
0.122115
0.122111
0.122107
0.122103
0.122098
0.122096
0.122082
0.0203473
0.0122032
0.00772179
0.00618128
0.0101692
0.0228598
0.0375041
0.0494222
0.0583237
0.0649306
0.0698966
0.0736977
0.0766657
0.0790299
0.0809494
0.0825374
0.0838785
0.0850349
0.0860534
0.0869719
0.0878199
0.0886208
0.0893919
0.0901469
0.0908953
0.0916431
0.0923931
0.0931466
0.0939024
0.094658
0.0954087
0.0961496
0.0968754
0.0975803
0.0982587
0.0989067
0.0995215
0.100101
0.100643
0.101148
0.101616
0.102048
0.102445
0.102808
0.103141
0.103445
0.103722
0.103974
0.104203
0.10441
0.104596
0.104764
0.104916
0.105052
0.105174
0.105283
0.10538
0.105467
0.105544
0.105611
0.10567
0.105723
0.105769
0.10581
0.105845
0.105876
0.105902
0.105924
0.105943
0.10596
0.105974
0.105986
0.105997
0.106005
0.106011
0.106015
0.106019
0.106023
0.106025
0.106027
0.106028
0.106028
0.106028
0.106026
0.106025
0.106024
0.106022
0.106021
0.106019
0.106017
0.106014
0.106011
0.106009
0.106006
0.106004
0.106001
0.105999
0.105996
0.105993
0.10599
0.105987
0.105984
0.105981
0.105978
0.105975
0.105973
0.105969
0.105966
0.105962
0.105959
0.105956
0.105953
0.10595
0.105946
0.105943
0.105939
0.105936
0.105932
0.105929
0.105925
0.105923
0.105911
0.0156344
0.0082686
0.00543408
0.00555765
0.010752
0.0230489
0.0359453
0.0459081
0.0531094
0.0583298
0.0621883
0.065109
0.0673747
0.0691738
0.070634
0.0718449
0.0728729
0.0737657
0.0745597
0.075284
0.0759615
0.0766097
0.0772416
0.077867
0.0784929
0.0791228
0.0797583
0.0803992
0.0810442
0.0816899
0.0823321
0.0829658
0.0835864
0.0841886
0.0847675
0.0853197
0.0858429
0.086335
0.0867946
0.0872217
0.0876171
0.087981
0.0883144
0.0886193
0.0888979
0.0891517
0.0893822
0.0895911
0.0897805
0.0899515
0.0901048
0.0902424
0.0903663
0.0904774
0.0905765
0.0906649
0.0907439
0.0908138
0.0908749
0.0909285
0.0909762
0.0910182
0.0910548
0.0910868
0.091115
0.0911392
0.0911591
0.091176
0.091191
0.0912041
0.091215
0.0912242
0.0912322
0.0912384
0.0912425
0.0912455
0.0912484
0.0912508
0.0912524
0.0912534
0.0912543
0.0912543
0.0912532
0.0912518
0.0912507
0.0912497
0.0912482
0.0912467
0.0912452
0.0912433
0.0912407
0.0912382
0.0912361
0.0912341
0.0912319
0.0912298
0.0912277
0.0912254
0.0912225
0.0912198
0.0912173
0.0912149
0.0912124
0.0912099
0.0912074
0.0912048
0.0912018
0.0911989
0.0911961
0.0911934
0.0911906
0.0911878
0.091185
0.0911822
0.0911793
0.0911763
0.0911735
0.0911702
0.0911676
0.0911637
0.0911626
0.0911514
0.0112454
0.0054697
0.00434841
0.00543378
0.0109372
0.0223447
0.0334702
0.0416733
0.047418
0.0514911
0.0544582
0.0566857
0.0584072
0.0597735
0.060885
0.0618116
0.062604
0.0632986
0.0639233
0.0645004
0.0650471
0.0655766
0.0660985
0.0666197
0.067145
0.0676766
0.0682148
0.0687589
0.0693072
0.0698562
0.070402
0.0709401
0.0714665
0.0719762
0.0724654
0.072931
0.0733715
0.0737847
0.07417
0.074527
0.074857
0.0751598
0.0754366
0.0756891
0.0759195
0.0761287
0.0763183
0.0764896
0.0766447
0.076784
0.0769087
0.0770203
0.0771207
0.0772103
0.07729
0.0773608
0.0774242
0.0774798
0.0775283
0.0775707
0.0776085
0.0776416
0.0776704
0.0776954
0.0777176
0.0777362
0.0777515
0.0777645
0.0777762
0.0777862
0.0777945
0.0778014
0.0778075
0.077812
0.0778148
0.0778169
0.0778191
0.0778207
0.0778218
0.0778224
0.0778229
0.0778226
0.0778215
0.0778201
0.0778192
0.0778181
0.0778169
0.0778155
0.0778142
0.0778124
0.0778102
0.077808
0.0778063
0.0778045
0.0778027
0.0778009
0.0777991
0.077797
0.0777946
0.0777923
0.0777902
0.0777882
0.0777861
0.0777839
0.0777818
0.0777795
0.077777
0.0777746
0.0777722
0.0777699
0.0777675
0.0777651
0.0777628
0.0777603
0.0777579
0.0777553
0.0777529
0.07775
0.0777479
0.0777445
0.0777437
0.0777338
0.00759025
0.00381702
0.00396495
0.00538999
0.01067
0.0209236
0.0303496
0.0370008
0.0415176
0.0446558
0.0469156
0.0486032
0.0499066
0.0509435
0.0517912
0.0525033
0.053118
0.0536626
0.0541584
0.0546221
0.0550669
0.0555021
0.055935
0.0563702
0.0568111
0.0572586
0.0577127
0.058172
0.0586348
0.0590978
0.0595575
0.0600098
0.0604514
0.0608779
0.0612864
0.0616742
0.0620404
0.0623829
0.0627015
0.0629961
0.0632677
0.0635163
0.0637431
0.0639494
0.0641374
0.0643075
0.0644614
0.0646
0.0647253
0.0648374
0.0649376
0.0650269
0.0651073
0.0651786
0.065242
0.0652981
0.0653483
0.065392
0.0654302
0.0654633
0.065493
0.0655188
0.0655412
0.0655605
0.0655778
0.0655919
0.0656036
0.0656134
0.0656225
0.06563
0.0656364
0.0656415
0.0656462
0.0656492
0.0656512
0.0656526
0.0656543
0.0656553
0.065656
0.0656563
0.0656566
0.065656
0.0656549
0.0656537
0.065653
0.065652
0.0656509
0.0656496
0.0656485
0.0656469
0.065645
0.0656432
0.0656418
0.0656403
0.0656388
0.0656372
0.0656358
0.0656339
0.0656319
0.06563
0.0656283
0.0656266
0.0656248
0.065623
0.0656213
0.0656193
0.0656172
0.0656151
0.0656132
0.0656113
0.0656093
0.0656073
0.0656053
0.0656032
0.0656011
0.065599
0.0655969
0.0655945
0.0655927
0.0655898
0.0655892
0.0655806
0.0048876
0.00301714
0.00384176
0.00523548
0.00999467
0.0189653
0.0268101
0.0321159
0.035614
0.0380018
0.039707
0.0409781
0.0419621
0.0427489
0.0433969
0.0439466
0.0444262
0.044856
0.0452522
0.045627
0.0459903
0.0463489
0.0467079
0.0470706
0.0474391
0.0478135
0.0481936
0.0485778
0.0489645
0.0493505
0.049733
0.0501083
0.0504739
0.0508258
0.051162
0.0514804
0.0517802
0.0520598
0.0523194
0.0525587
0.0527789
0.0529798
0.0531628
0.0533288
0.0534799
0.0536161
0.0537392
0.0538496
0.0539495
0.0540382
0.0541175
0.054188
0.0542515
0.0543075
0.0543572
0.054401
0.0544403
0.0544741
0.0545037
0.0545293
0.0545524
0.0545721
0.0545894
0.0546041
0.0546174
0.054628
0.0546368
0.0546442
0.0546512
0.0546567
0.0546615
0.0546653
0.0546688
0.0546708
0.0546721
0.054673
0.0546743
0.0546749
0.0546754
0.0546754
0.0546756
0.0546749
0.0546739
0.0546729
0.0546723
0.0546714
0.0546705
0.0546693
0.0546685
0.0546669
0.0546654
0.0546639
0.0546629
0.0546616
0.0546604
0.054659
0.0546578
0.0546562
0.0546546
0.054653
0.0546517
0.0546502
0.0546488
0.0546473
0.0546459
0.0546442
0.0546425
0.0546407
0.0546392
0.0546376
0.0546359
0.0546343
0.0546326
0.0546309
0.0546292
0.0546274
0.0546257
0.0546237
0.0546222
0.0546197
0.0546192
0.0546119
0.00312787
0.00268155
0.00372982
0.00491873
0.00899628
0.0166348
0.0230392
0.027197
0.0298631
0.0316567
0.0329316
0.0338832
0.0346239
0.0352207
0.0357169
0.0361425
0.036518
0.0368586
0.0371761
0.0374795
0.0377762
0.0380709
0.0383673
0.0386674
0.0389727
0.0392828
0.0395972
0.0399144
0.040233
0.0405501
0.0408634
0.0411698
0.0414675
0.0417529
0.042025
0.0422818
0.042523
0.0427472
0.042955
0.0431459
0.0433213
0.0434807
0.0436257
0.0437569
0.0438762
0.0439833
0.04408
0.0441665
0.0442446
0.0443137
0.0443754
0.0444301
0.0444793
0.0445225
0.0445609
0.0445945
0.0446248
0.0446505
0.0446731
0.0446925
0.0447102
0.044725
0.0447382
0.0447492
0.0447593
0.044767
0.0447736
0.044779
0.0447844
0.0447884
0.044792
0.0447947
0.0447973
0.0447985
0.0447994
0.0448
0.044801
0.0448013
0.0448016
0.0448015
0.0448016
0.0448008
0.0448
0.044799
0.0447987
0.0447978
0.0447971
0.0447961
0.0447954
0.0447941
0.0447929
0.0447916
0.0447909
0.0447898
0.0447888
0.0447877
0.0447868
0.0447854
0.0447841
0.0447828
0.0447818
0.0447806
0.0447794
0.0447782
0.044777
0.0447756
0.0447742
0.0447728
0.0447716
0.0447703
0.044769
0.0447676
0.0447663
0.0447649
0.0447634
0.044762
0.0447606
0.0447589
0.0447577
0.0447557
0.0447553
0.0447491
0.00211624
0.00251793
0.00352804
0.00445354
0.00777243
0.0140786
0.0191922
0.0223857
0.0243822
0.0257107
0.0266541
0.0273616
0.0279166
0.0283682
0.0287478
0.0290771
0.0293712
0.0296407
0.0298945
0.0301391
0.0303799
0.0306199
0.030862
0.0311072
0.0313566
0.0316094
0.0318653
0.0321225
0.0323803
0.0326358
0.0328875
0.0331326
0.03337
0.0335968
0.0338123
0.034015
0.034205
0.0343809
0.0345436
0.0346926
0.0348293
0.034953
0.0350655
0.0351669
0.0352591
0.0353415
0.0354158
0.0354821
0.0355419
0.0355945
0.0356416
0.0356831
0.0357205
0.0357531
0.0357821
0.0358074
0.0358302
0.0358494
0.0358663
0.0358807
0.035894
0.0359049
0.0359147
0.0359228
0.0359304
0.0359359
0.0359407
0.0359446
0.0359486
0.0359515
0.0359541
0.035956
0.0359579
0.0359586
0.0359592
0.0359595
0.0359603
0.0359604
0.0359606
0.0359604
0.0359604
0.0359596
0.035959
0.0359582
0.0359579
0.0359572
0.0359566
0.0359558
0.0359553
0.0359541
0.0359532
0.0359522
0.0359517
0.0359507
0.03595
0.0359491
0.0359484
0.0359472
0.0359462
0.0359452
0.0359444
0.0359434
0.0359425
0.0359415
0.0359406
0.0359395
0.0359384
0.0359373
0.0359363
0.0359352
0.0359342
0.0359331
0.035932
0.0359309
0.0359298
0.0359286
0.0359275
0.0359261
0.0359252
0.0359235
0.0359233
0.0359181
0.00158294
0.00236819
0.00321465
0.00387836
0.00642154
0.0114281
0.0153998
0.0177949
0.0192596
0.0202272
0.020916
0.0214365
0.021849
0.0221883
0.0224769
0.0227301
0.0229586
0.0231701
0.0233709
0.0235657
0.0237582
0.0239506
0.0241447
0.0243411
0.0245406
0.0247422
0.0249456
0.0251494
0.0253528
0.0255536
0.0257506
0.0259417
0.0261261
0.0263015
0.0264677
0.0266234
0.026769
0.0269033
0.0270272
0.0271404
0.027244
0.0273375
0.0274223
0.0274986
0.0275679
0.0276296
0.0276852
0.0277345
0.0277792
0.0278181
0.027853
0.0278836
0.0279113
0.0279352
0.0279566
0.0279751
0.0279919
0.0280057
0.028018
0.0280285
0.0280382
0.0280461
0.0280532
0.028059
0.0280645
0.0280683
0.0280717
0.0280744
0.0280774
0.0280794
0.0280812
0.0280825
0.0280839
0.0280842
0.0280846
0.0280847
0.0280853
0.0280853
0.0280854
0.0280852
0.0280852
0.0280845
0.028084
0.0280833
0.0280832
0.0280825
0.0280821
0.0280815
0.0280811
0.0280801
0.0280794
0.0280786
0.0280783
0.0280775
0.028077
0.0280763
0.0280757
0.0280747
0.028074
0.0280732
0.0280727
0.0280719
0.0280712
0.0280704
0.0280697
0.0280688
0.0280679
0.0280671
0.0280664
0.0280655
0.0280647
0.0280638
0.028063
0.0280622
0.0280613
0.0280603
0.0280594
0.0280584
0.0280577
0.0280563
0.0280561
0.028052
0.00129596
0.00216463
0.00280317
0.00323723
0.00503905
0.00880511
0.0117764
0.0135179
0.014564
0.0152526
0.0157457
0.0161219
0.0164234
0.0166742
0.01689
0.0170813
0.0172556
0.0174182
0.0175736
0.0177249
0.0178749
0.0180249
0.0181761
0.0183287
0.0184833
0.018639
0.0187955
0.0189516
0.0191068
0.0192592
0.0194082
0.019552
0.0196902
0.0198211
0.0199448
0.0200602
0.0201678
0.0202667
0.0203577
0.0204406
0.0205163
0.0205843
0.020646
0.0207013
0.0207515
0.020796
0.0208361
0.0208716
0.0209036
0.0209314
0.0209563
0.0209781
0.0209979
0.0210148
0.02103
0.021043
0.0210549
0.0210646
0.0210732
0.0210805
0.0210874
0.0210928
0.0210978
0.0211018
0.0211057
0.0211082
0.0211105
0.0211124
0.0211145
0.0211158
0.0211171
0.0211179
0.0211189
0.0211189
0.0211191
0.0211192
0.0211197
0.0211195
0.0211196
0.0211194
0.0211194
0.0211188
0.0211184
0.0211179
0.0211178
0.0211173
0.021117
0.0211165
0.0211162
0.0211154
0.0211149
0.0211143
0.0211141
0.0211135
0.0211131
0.0211126
0.0211122
0.0211114
0.0211109
0.0211103
0.0211099
0.0211093
0.0211088
0.0211082
0.0211077
0.0211069
0.0211063
0.0211057
0.0211051
0.0211045
0.0211039
0.0211032
0.0211026
0.021102
0.0211013
0.0211006
0.0210999
0.0210991
0.0210986
0.0210975
0.0210974
0.0210941
0.0011075
0.00188811
0.00232045
0.00257161
0.00371543
0.00632788
0.00842769
0.00963706
0.0103544
0.0108268
0.0111678
0.0114307
0.011644
0.0118233
0.0119792
0.0121187
0.0122467
0.0123668
0.0124822
0.0125948
0.0127065
0.0128181
0.0129305
0.0130436
0.0131578
0.0132722
0.0133868
0.0135006
0.0136132
0.0137233
0.0138304
0.0139332
0.0140317
0.0141245
0.0142119
0.0142931
0.0143686
0.0144378
0.0145012
0.0145588
0.0146114
0.0146583
0.0147009
0.0147389
0.0147735
0.0148039
0.0148313
0.0148555
0.0148774
0.0148961
0.014913
0.0149278
0.0149412
0.0149525
0.0149627
0.0149714
0.0149794
0.0149858
0.0149916
0.0149964
0.015001
0.0150046
0.0150079
0.0150105
0.0150131
0.0150146
0.0150161
0.0150173
0.0150188
0.0150195
0.0150204
0.0150209
0.0150215
0.0150214
0.0150216
0.0150216
0.0150219
0.0150218
0.0150218
0.0150216
0.0150217
0.0150211
0.0150208
0.0150205
0.0150205
0.01502
0.0150198
0.0150194
0.0150192
0.0150186
0.0150183
0.0150179
0.0150178
0.0150173
0.0150171
0.0150167
0.0150164
0.0150158
0.0150154
0.015015
0.0150148
0.0150143
0.015014
0.0150135
0.0150132
0.0150126
0.0150122
0.0150117
0.0150114
0.0150109
0.0150105
0.01501
0.0150096
0.0150091
0.0150086
0.0150081
0.0150076
0.015007
0.0150066
0.0150058
0.0150058
0.0150032
0.000940056
0.00154387
0.0017972
0.00191738
0.00253217
0.0041178
0.00546143
0.00623608
0.00669355
0.00699605
0.00721648
0.00738845
0.00752941
0.0076491
0.00775415
0.00784873
0.00793611
0.00801842
0.00809769
0.00817514
0.00825201
0.00832867
0.00840569
0.00848297
0.00856073
0.00863833
0.00871572
0.00879216
0.00886749
0.00894074
0.00901167
0.00907948
0.00914415
0.00920477
0.00926164
0.00931429
0.00936313
0.00940761
0.00944838
0.00948521
0.00951878
0.00954864
0.00957568
0.00959976
0.00962162
0.00964077
0.00965805
0.00967319
0.00968692
0.0096986
0.00970914
0.00971828
0.00972665
0.00973361
0.00973994
0.00974529
0.00975026
0.0097541
0.00975765
0.00976057
0.00976345
0.00976556
0.00976759
0.00976916
0.00977075
0.0097716
0.00977253
0.00977321
0.00977414
0.00977456
0.00977508
0.00977533
0.00977575
0.0097756
0.00977566
0.00977562
0.00977588
0.00977574
0.00977576
0.00977561
0.00977562
0.00977521
0.00977502
0.00977478
0.0097748
0.00977449
0.00977438
0.00977411
0.00977398
0.00977353
0.00977332
0.00977306
0.009773
0.00977269
0.00977254
0.00977226
0.00977208
0.00977167
0.00977144
0.00977116
0.00977102
0.0097707
0.00977049
0.00977019
0.00976995
0.00976958
0.0097693
0.00976899
0.00976875
0.00976844
0.00976816
0.00976783
0.00976754
0.00976722
0.00976689
0.00976654
0.00976621
0.00976582
0.00976557
0.00976503
0.00976498
0.00976323
0.00075889
0.00115001
0.00126568
0.00130503
0.00155358
0.00230325
0.00300387
0.00342102
0.00366979
0.00383592
0.00395843
0.00405514
0.00413526
0.00420391
0.00426462
0.00431961
0.00437066
0.0044189
0.00446544
0.00451094
0.00455609
0.00460104
0.00464611
0.0046912
0.00473643
0.00478139
0.00482606
0.00487
0.00491312
0.00495485
0.00499509
0.00503337
0.00506975
0.00510368
0.00513541
0.00516466
0.00519172
0.00521626
0.0052387
0.0052589
0.00527728
0.00529354
0.00530826
0.00532133
0.00533318
0.00534351
0.00535283
0.00536097
0.00536835
0.00537457
0.0053802
0.00538506
0.00538953
0.00539321
0.00539657
0.00539938
0.00540202
0.005404
0.00540586
0.00540738
0.00540892
0.00540999
0.00541106
0.00541186
0.0054127
0.0054131
0.00541357
0.00541391
0.00541441
0.0054146
0.00541487
0.00541498
0.00541521
0.00541508
0.00541509
0.00541506
0.00541521
0.00541511
0.00541512
0.00541502
0.00541503
0.00541477
0.00541466
0.00541452
0.00541454
0.00541435
0.00541429
0.00541413
0.00541406
0.00541379
0.00541368
0.00541353
0.0054135
0.00541332
0.00541324
0.00541308
0.00541298
0.00541273
0.00541261
0.00541245
0.00541237
0.00541219
0.00541207
0.0054119
0.00541176
0.00541154
0.00541139
0.00541121
0.00541108
0.0054109
0.00541074
0.00541055
0.00541038
0.0054102
0.00541
0.0054098
0.00540961
0.00540938
0.00540924
0.00540892
0.0054089
0.00540784
0.000560672
0.000737059
0.000763424
0.000764171
0.000815078
0.0010086
0.00122069
0.00135805
0.0014432
0.00150151
0.00154545
0.00158082
0.00161062
0.00163652
0.00165971
0.00168092
0.00170077
0.00171964
0.00173791
0.00175582
0.00177361
0.00179131
0.00180904
0.00182674
0.00184446
0.00186202
0.00187942
0.00189648
0.00191317
0.00192926
0.00194473
0.00195939
0.00197328
0.00198619
0.00199822
0.00200927
0.00201947
0.00202869
0.0020371
0.00204464
0.00205149
0.00205753
0.00206299
0.00206782
0.0020722
0.002076
0.00207943
0.00208241
0.00208511
0.00208738
0.00208942
0.00209119
0.00209282
0.00209414
0.00209536
0.00209637
0.00209732
0.00209803
0.00209869
0.00209923
0.00209978
0.00210016
0.00210054
0.00210082
0.00210112
0.00210125
0.00210142
0.00210153
0.00210172
0.00210178
0.00210187
0.0021019
0.00210198
0.00210192
0.00210192
0.00210191
0.00210197
0.00210192
0.00210192
0.00210188
0.00210189
0.00210178
0.00210174
0.00210168
0.00210169
0.00210162
0.0021016
0.00210154
0.00210151
0.00210141
0.00210136
0.00210131
0.0021013
0.00210123
0.0021012
0.00210114
0.0021011
0.00210101
0.00210096
0.0021009
0.00210087
0.0021008
0.00210076
0.00210069
0.00210064
0.00210056
0.0021005
0.00210043
0.00210038
0.00210031
0.00210025
0.00210018
0.00210012
0.00210005
0.00209997
0.00209989
0.00209982
0.00209974
0.00209968
0.00209956
0.00209955
0.00209913
0.000284742
0.000272314
0.000264428
0.000259328
0.000258184
0.00025829
0.000259117
0.000260132
0.000261194
0.000262365
0.000263638
0.000264988
0.000266389
0.000267828
0.000269295
0.000270785
0.000272294
0.000273819
0.000275358
0.00027691
0.000278472
0.00028004
0.000281608
0.000283171
0.000284722
0.000286251
0.000287752
0.000289216
0.000290633
0.000291994
0.000293292
0.00029452
0.000295673
0.000296746
0.00029774
0.000298654
0.000299489
0.000300247
0.000300933
0.000301551
0.000302106
0.000302601
0.000303042
0.000303436
0.000303787
0.000304096
0.000304369
0.00030461
0.000304823
0.000305009
0.000305171
0.000305315
0.000305442
0.00030555
0.000305645
0.000305727
0.000305799
0.00030586
0.000305912
0.000305958
0.000305998
0.000306031
0.000306059
0.000306084
0.000306105
0.000306121
0.000306134
0.000306146
0.000306158
0.000306165
0.000306172
0.000306177
0.000306182
0.000306184
0.000306185
0.000306187
0.00030619
0.00030619
0.00030619
0.00030619
0.00030619
0.000306188
0.000306186
0.000306185
0.000306185
0.000306184
0.000306182
0.000306181
0.000306179
0.000306177
0.000306174
0.000306174
0.000306173
0.000306171
0.000306169
0.000306168
0.000306166
0.000306164
0.000306161
0.00030616
0.000306159
0.000306157
0.000306155
0.000306153
0.000306152
0.000306149
0.000306147
0.000306145
0.000306143
0.000306141
0.000306139
0.000306137
0.000306134
0.000306132
0.000306129
0.000306127
0.000306124
0.000306122
0.000306119
0.000306117
0.000306115
0.000306108
)
;

boundaryField
{
    lowerWall
    {
        type            nutkWallFunction;
        Cmu             0.09;
        kappa           0.41;
        E               9.8;
        value           nonuniform List<scalar> 
122
(
3.38531e-05
3.22305e-05
3.1192e-05
3.05426e-05
3.04235e-05
3.04859e-05
3.06547e-05
3.08344e-05
3.1013e-05
3.12013e-05
3.14e-05
3.16066e-05
3.18179e-05
3.20323e-05
3.22489e-05
3.24675e-05
3.26873e-05
3.29077e-05
3.3129e-05
3.33512e-05
3.35734e-05
3.37946e-05
3.40143e-05
3.42321e-05
3.44464e-05
3.46558e-05
3.48597e-05
3.50575e-05
3.52472e-05
3.54276e-05
3.5598e-05
3.57582e-05
3.59073e-05
3.60445e-05
3.61708e-05
3.62868e-05
3.63921e-05
3.64866e-05
3.65715e-05
3.66481e-05
3.67163e-05
3.67763e-05
3.68299e-05
3.68782e-05
3.69209e-05
3.69578e-05
3.69904e-05
3.70194e-05
3.70447e-05
3.70659e-05
3.70848e-05
3.71023e-05
3.71174e-05
3.71297e-05
3.71404e-05
3.71502e-05
3.71584e-05
3.71644e-05
3.71701e-05
3.7176e-05
3.7181e-05
3.71843e-05
3.71872e-05
3.71901e-05
3.71924e-05
3.71934e-05
3.71948e-05
3.71968e-05
3.71984e-05
3.71988e-05
3.71992e-05
3.72e-05
3.72005e-05
3.72e-05
3.72001e-05
3.72011e-05
3.72016e-05
3.72013e-05
3.72011e-05
3.72013e-05
3.72012e-05
3.72004e-05
3.72002e-05
3.72008e-05
3.7201e-05
3.72005e-05
3.72002e-05
3.72003e-05
3.72001e-05
3.71993e-05
3.71991e-05
3.71995e-05
3.71995e-05
3.71991e-05
3.71988e-05
3.71988e-05
3.71986e-05
3.7198e-05
3.71978e-05
3.7198e-05
3.7198e-05
3.71976e-05
3.71973e-05
3.71972e-05
3.7197e-05
3.71966e-05
3.71963e-05
3.71963e-05
3.71962e-05
3.71959e-05
3.71955e-05
3.71953e-05
3.71951e-05
3.71948e-05
3.71944e-05
3.71941e-05
3.71938e-05
3.71935e-05
3.71932e-05
3.71927e-05
3.71925e-05
3.71917e-05
)
;
    }
    upperWall
    {
        type            nutkWallFunction;
        Cmu             0.09;
        kappa           0.41;
        E               9.8;
        value           nonuniform List<scalar> 
122
(
3.36521e-05
3.20334e-05
3.09975e-05
3.03546e-05
3.02345e-05
3.02879e-05
3.04481e-05
3.062e-05
3.07925e-05
3.09757e-05
3.11694e-05
3.13708e-05
3.15771e-05
3.17867e-05
3.19989e-05
3.22129e-05
3.24283e-05
3.26447e-05
3.28619e-05
3.30799e-05
3.3298e-05
3.35157e-05
3.37322e-05
3.39467e-05
3.41582e-05
3.43655e-05
3.45675e-05
3.47632e-05
3.49513e-05
3.51306e-05
3.53003e-05
3.54598e-05
3.56085e-05
3.57459e-05
3.58722e-05
3.59877e-05
3.60927e-05
3.61875e-05
3.62727e-05
3.63492e-05
3.64175e-05
3.64782e-05
3.65321e-05
3.658e-05
3.66224e-05
3.66597e-05
3.66925e-05
3.67213e-05
3.67467e-05
3.67687e-05
3.67879e-05
3.68048e-05
3.68196e-05
3.68323e-05
3.68432e-05
3.68528e-05
3.68611e-05
3.6868e-05
3.68739e-05
3.68791e-05
3.68837e-05
3.68874e-05
3.68905e-05
3.68932e-05
3.68956e-05
3.68973e-05
3.68987e-05
3.69e-05
3.69013e-05
3.69021e-05
3.69028e-05
3.69033e-05
3.69039e-05
3.69039e-05
3.6904e-05
3.69042e-05
3.69045e-05
3.69045e-05
3.69044e-05
3.69044e-05
3.69044e-05
3.69041e-05
3.69038e-05
3.69038e-05
3.69038e-05
3.69035e-05
3.69033e-05
3.69032e-05
3.6903e-05
3.69027e-05
3.69024e-05
3.69023e-05
3.69022e-05
3.6902e-05
3.69018e-05
3.69016e-05
3.69014e-05
3.69011e-05
3.69009e-05
3.69007e-05
3.69006e-05
3.69003e-05
3.69001e-05
3.68999e-05
3.68997e-05
3.68994e-05
3.68991e-05
3.68989e-05
3.68987e-05
3.68984e-05
3.68981e-05
3.68979e-05
3.68976e-05
3.68973e-05
3.6897e-05
3.68967e-05
3.68963e-05
3.6896e-05
3.68958e-05
3.68954e-05
3.68952e-05
3.68942e-05
)
;
    }
    inlet
    {
        type            calculated;
        value           uniform 0.0366503;
    }
    outlet
    {
        type            calculated;
        value           nonuniform List<scalar> 
60
(
0.000308378
0.00212276
0.00547091
0.00987369
0.0151657
0.0213128
0.0283314
0.0362632
0.0451651
0.0551046
0.0661562
0.0783991
0.0919134
0.106777
0.123061
0.140821
0.160091
0.180867
0.203099
0.226667
0.251366
0.276886
0.302811
0.328647
0.353921
0.378434
0.402705
0.428414
0.457111
0.48264
0.482185
0.4557
0.426301
0.400252
0.375898
0.351446
0.326302
0.300626
0.274872
0.249523
0.22499
0.20158
0.179497
0.15886
0.139721
0.122082
0.105911
0.0911514
0.0777338
0.0655806
0.0546119
0.0447491
0.0359181
0.028052
0.0210941
0.0150032
0.00976323
0.00540784
0.00209913
0.000306108
)
;
    }
    frontAndBack
    {
        type            empty;
    }
}


// ************************************************************************* //
