/*--------------------------------*- C++ -*----------------------------------*\
  =========                 |
  \\      /  F ield         | OpenFOAM: The Open Source CFD Toolbox
   \\    /   O peration     | Website:  https://openfoam.org
    \\  /    A nd           | Version:  8
     \\/     M anipulation  |
\*---------------------------------------------------------------------------*/
FoamFile
{
    version     2.0;
    format      ascii;
    class       volScalarField;
    location    "550";
    object      k;
}
// * * * * * * * * * * * * * * * * * * * * * * * * * * * * * * * * * * * * * //

dimensions      [0 2 -2 0 0 0 0];

internalField   nonuniform List<scalar> 
7320
(
6.07652
5.55942
5.24732
5.04165
4.8942
4.78178
4.69211
4.61825
4.55602
4.50265
4.45625
4.41545
4.37924
4.34686
4.31771
4.29132
4.26733
4.24542
4.22534
4.20689
4.18987
4.17415
4.15959
4.14608
4.13352
4.12184
4.11094
4.10078
4.09129
4.08241
4.07411
4.06633
4.05905
4.05222
4.04581
4.03981
4.03417
4.02889
4.02393
4.01928
4.01492
4.01084
4.00701
4.00343
4.00009
3.99696
3.99404
3.99133
3.9888
3.98645
3.98427
3.98226
3.9804
3.97869
3.97712
3.97568
3.97438
3.9732
3.97214
3.97119
3.97035
3.96962
3.96898
3.96844
3.96799
3.96763
3.96735
3.96716
3.96704
3.967
3.96703
3.96712
3.96729
3.96752
3.96781
3.96816
3.96856
3.96902
3.96954
3.97011
3.97072
3.97138
3.97209
3.97284
3.97364
3.97448
3.97535
3.97627
3.97722
3.97821
3.97923
3.98028
3.98137
3.98248
3.98363
3.98481
3.98601
3.98723
3.98849
3.98976
3.99106
3.99237
3.99371
3.99506
3.99643
3.99782
3.99922
4.00063
4.00205
4.00348
4.00492
4.00636
4.00781
4.00926
4.01071
4.01215
4.0136
4.01503
4.01646
4.01788
4.01924
4.02065
4.84215
5.67924
5.54001
5.36046
5.21715
5.10399
5.01225
4.93597
4.87129
4.81558
4.76697
4.72412
4.68601
4.65186
4.62109
4.59321
4.56782
4.54462
4.52335
4.50378
4.48573
4.46904
4.45358
4.43924
4.4259
4.41348
4.40191
4.39111
4.38102
4.37158
4.36276
4.35449
4.34675
4.3395
4.3327
4.32632
4.32034
4.31473
4.30948
4.30455
4.29993
4.29561
4.29156
4.28778
4.28424
4.28094
4.27786
4.275
4.27234
4.26987
4.26758
4.26547
4.26353
4.26174
4.26011
4.25862
4.25726
4.25605
4.25496
4.25399
4.25313
4.25239
4.25175
4.25122
4.25079
4.25045
4.2502
4.25004
4.24996
4.24996
4.25004
4.25019
4.25041
4.25071
4.25107
4.25149
4.25197
4.25252
4.25312
4.25377
4.25448
4.25524
4.25605
4.25691
4.25781
4.25876
4.25975
4.26078
4.26185
4.26296
4.26411
4.26529
4.26651
4.26776
4.26904
4.27034
4.27168
4.27305
4.27444
4.27585
4.27729
4.27875
4.28023
4.28173
4.28325
4.28478
4.28632
4.28788
4.28945
4.29102
4.29261
4.29419
4.29578
4.29737
4.29896
4.30055
4.30213
4.3037
4.30526
4.30681
4.30831
4.3098
3.59581
5.0514
5.15997
5.06781
4.96411
4.87324
4.79598
4.72999
4.67307
4.62344
4.57977
4.541
4.50635
4.47517
4.44698
4.42135
4.39797
4.37656
4.35689
4.33877
4.32204
4.30655
4.29219
4.27885
4.26644
4.25488
4.2441
4.23404
4.22465
4.21586
4.20764
4.19994
4.19273
4.18598
4.17965
4.17372
4.16816
4.16296
4.15807
4.1535
4.14922
4.14522
4.14147
4.13797
4.13471
4.13166
4.12883
4.12619
4.12375
4.12149
4.1194
4.11747
4.1157
4.11408
4.11261
4.11127
4.11007
4.10898
4.10802
4.10718
4.10645
4.10582
4.10529
4.10486
4.10453
4.10428
4.10412
4.10405
4.10405
4.10414
4.10429
4.10452
4.10481
4.10517
4.10559
4.10607
4.10661
4.10721
4.10787
4.10857
4.10933
4.11014
4.11099
4.11189
4.11283
4.11382
4.11484
4.11591
4.11701
4.11815
4.11932
4.12052
4.12176
4.12303
4.12433
4.12566
4.12701
4.12839
4.12979
4.13121
4.13265
4.13412
4.1356
4.1371
4.13861
4.14014
4.14168
4.14322
4.14478
4.14634
4.14791
4.14948
4.15104
4.15261
4.15418
4.15573
4.15729
4.15883
4.16036
4.16187
4.16335
4.16477
2.74725
4.48339
4.83294
4.83938
4.78111
4.71517
4.65355
4.59832
4.54927
4.50567
4.46677
4.43188
4.40045
4.372
4.34614
4.32254
4.30093
4.28108
4.2628
4.24593
4.23032
4.21585
4.20241
4.18992
4.17829
4.16744
4.15733
4.14788
4.13906
4.1308
4.12308
4.11585
4.10909
4.10275
4.09681
4.09125
4.08604
4.08116
4.07659
4.07231
4.06831
4.06457
4.06108
4.05781
4.05477
4.05194
4.04931
4.04687
4.04461
4.04252
4.0406
4.03883
4.03722
4.03575
4.03441
4.03321
4.03213
4.03118
4.03033
4.02961
4.02898
4.02846
4.02804
4.02771
4.02747
4.02732
4.02726
4.02727
4.02736
4.02753
4.02777
4.02807
4.02844
4.02887
4.02937
4.02992
4.03054
4.0312
4.03192
4.03269
4.03351
4.03438
4.03529
4.03625
4.03725
4.03829
4.03937
4.04049
4.04164
4.04283
4.04405
4.0453
4.04658
4.04789
4.04923
4.0506
4.05199
4.0534
4.05484
4.05629
4.05777
4.05926
4.06077
4.06229
4.06383
4.06537
4.06693
4.06849
4.07006
4.07163
4.07321
4.07479
4.07636
4.07793
4.07949
4.08105
4.0826
4.08413
4.08565
4.08716
4.08863
4.09001
2.10346
3.90602
4.48941
4.61127
4.60898
4.57387
4.53133
4.489
4.44924
4.41265
4.37922
4.34873
4.32092
4.29549
4.27219
4.2508
4.23111
4.21295
4.19616
4.18061
4.16619
4.15279
4.14033
4.12872
4.11789
4.1078
4.09837
4.08956
4.08132
4.07362
4.06641
4.05966
4.05335
4.04743
4.0419
4.03671
4.03186
4.02731
4.02306
4.01908
4.01536
4.01188
4.00864
4.00562
4.0028
4.00019
3.99776
3.99552
3.99344
3.99153
3.98978
3.98817
3.98671
3.98539
3.9842
3.98313
3.98219
3.98136
3.98064
3.98003
3.97952
3.97911
3.9788
3.97858
3.97844
3.97839
3.97842
3.97853
3.97871
3.97897
3.97929
3.97968
3.98014
3.98065
3.98123
3.98186
3.98255
3.98329
3.98408
3.98493
3.98582
3.98675
3.98773
3.98876
3.98982
3.99092
3.99206
3.99324
3.99445
3.99569
3.99697
3.99827
3.99961
4.00097
4.00236
4.00377
4.00521
4.00666
4.00814
4.00963
4.01115
4.01268
4.01422
4.01577
4.01734
4.01891
4.02049
4.02208
4.02367
4.02526
4.02685
4.02844
4.03003
4.0316
4.03318
4.03474
4.03628
4.03782
4.03934
4.04083
4.04231
4.04366
1.61624
3.30894
4.10161
4.35522
4.42201
4.42574
4.40724
4.38106
4.35281
4.32483
4.29808
4.27292
4.24944
4.22762
4.20737
4.18859
4.17115
4.15496
4.13991
4.1259
4.11285
4.10069
4.08935
4.07875
4.06886
4.05961
4.05096
4.04288
4.03531
4.02823
4.0216
4.0154
4.0096
4.00416
3.99907
3.99431
3.98985
3.98567
3.98177
3.97812
3.97471
3.97153
3.96857
3.96581
3.96324
3.96086
3.95866
3.95663
3.95476
3.95304
3.95147
3.95004
3.94875
3.94759
3.94655
3.94563
3.94483
3.94414
3.94356
3.94307
3.94269
3.9424
3.9422
3.94209
3.94207
3.94212
3.94226
3.94247
3.94275
3.9431
3.94352
3.944
3.94455
3.94515
3.94581
3.94652
3.94729
3.94811
3.94898
3.9499
3.95086
3.95187
3.95292
3.95401
3.95515
3.95631
3.95752
3.95876
3.96003
3.96133
3.96266
3.96402
3.96541
3.96682
3.96826
3.96972
3.9712
3.9727
3.97422
3.97576
3.97731
3.97887
3.98045
3.98203
3.98363
3.98523
3.98683
3.98844
3.99005
3.99166
3.99327
3.99487
3.99647
3.99805
3.99963
4.00119
4.00274
4.00428
4.00579
4.00728
4.00875
4.01008
1.26812
2.7064
3.65726
4.05358
4.20386
4.25636
4.26838
4.26267
4.24897
4.23181
4.21339
4.19484
4.17674
4.15936
4.14285
4.12725
4.11255
4.09875
4.0858
4.07365
4.06226
4.05159
4.04158
4.0322
4.02342
4.01518
4.00747
4.00024
3.99347
3.98713
3.98119
3.97563
3.97042
3.96554
3.96098
3.95671
3.95271
3.94897
3.94547
3.9422
3.93915
3.93631
3.93367
3.93121
3.92893
3.92682
3.92487
3.92308
3.92144
3.91994
3.91858
3.91735
3.91625
3.91526
3.9144
3.91365
3.91301
3.91247
3.91204
3.9117
3.91145
3.91129
3.91122
3.91124
3.91133
3.91151
3.91175
3.91207
3.91246
3.91292
3.91344
3.91402
3.91466
3.91535
3.9161
3.9169
3.91776
3.91866
3.91961
3.92061
3.92165
3.92273
3.92385
3.92501
3.92621
3.92745
3.92872
3.93002
3.93135
3.93271
3.9341
3.93551
3.93695
3.93842
3.9399
3.94141
3.94293
3.94448
3.94603
3.94761
3.94919
3.95079
3.9524
3.95401
3.95563
3.95726
3.95888
3.96051
3.96214
3.96376
3.96538
3.96699
3.96859
3.97018
3.97176
3.97332
3.97487
3.97639
3.9779
3.97938
3.98084
3.98214
1.04443
2.13048
3.15609
3.69382
3.94125
4.05401
4.10457
4.12487
4.12967
4.12622
4.11833
4.1081
4.09673
4.0849
4.07304
4.06139
4.0501
4.03924
4.02888
4.01901
4.00966
4.0008
3.99244
3.98454
3.97711
3.97011
3.96352
3.95733
3.95153
3.94608
3.94097
3.93618
3.93169
3.92748
3.92354
3.91986
3.91641
3.91318
3.91017
3.90736
3.90473
3.90229
3.90002
3.89792
3.89597
3.89418
3.89253
3.89102
3.88965
3.8884
3.88729
3.88629
3.8854
3.88463
3.88397
3.88341
3.88295
3.88259
3.88232
3.88215
3.88206
3.88205
3.88212
3.88228
3.88251
3.88281
3.88318
3.88362
3.88413
3.8847
3.88533
3.88602
3.88676
3.88755
3.8884
3.88929
3.89023
3.89123
3.89226
3.89334
3.89446
3.89562
3.89682
3.89805
3.89932
3.90062
3.90195
3.90331
3.90471
3.90612
3.90757
3.90904
3.91053
3.91204
3.91357
3.91512
3.91669
3.91827
3.91986
3.92147
3.92309
3.92472
3.92635
3.92799
3.92963
3.93127
3.93292
3.93456
3.9362
3.93783
3.93945
3.94107
3.94267
3.94426
3.94583
3.94739
3.94893
3.95044
3.95193
3.95339
3.95484
3.95611
0.919762
1.62589
2.61278
3.26901
3.62244
3.80741
3.90596
3.95917
3.98746
4.00145
4.00694
4.00725
4.00438
3.99954
3.99351
3.98681
3.97976
3.97259
3.96544
3.95842
3.95158
3.94498
3.93864
3.93257
3.9268
3.92131
3.91611
3.9112
3.90657
3.90221
3.89811
3.89426
3.89065
3.88726
3.88408
3.8811
3.87832
3.87572
3.87328
3.87102
3.8689
3.86694
3.86513
3.86345
3.8619
3.86049
3.8592
3.85802
3.85697
3.85603
3.8552
3.85447
3.85385
3.85332
3.8529
3.85256
3.85232
3.85216
3.85209
3.8521
3.85219
3.85236
3.8526
3.85292
3.8533
3.85375
3.85426
3.85484
3.85548
3.85618
3.85693
3.85774
3.85859
3.85949
3.86044
3.86144
3.86248
3.86357
3.86469
3.86586
3.86706
3.8683
3.86958
3.87089
3.87223
3.8736
3.875
3.87642
3.87788
3.87935
3.88085
3.88237
3.88391
3.88547
3.88705
3.88864
3.89025
3.89186
3.89349
3.89513
3.89678
3.89843
3.90008
3.90174
3.9034
3.90506
3.90672
3.90837
3.91001
3.91165
3.91328
3.91489
3.91649
3.91807
3.91963
3.92118
3.9227
3.92419
3.92566
3.9271
3.92852
3.92976
0.860369
1.23773
2.06198
2.78202
3.23846
3.50547
3.66218
3.75644
3.81442
3.85055
3.87304
3.88674
3.89464
3.89864
3.89999
3.89953
3.89781
3.89526
3.89213
3.88865
3.88496
3.88116
3.87734
3.87355
3.86983
3.86622
3.86274
3.85941
3.85623
3.85321
3.85035
3.84765
3.84511
3.84272
3.84047
3.83836
3.83639
3.83454
3.83282
3.83122
3.82973
3.82835
3.82708
3.82592
3.82486
3.82391
3.82305
3.82228
3.82162
3.82104
3.82056
3.82016
3.81985
3.81962
3.81948
3.81941
3.81942
3.81951
3.81968
3.81991
3.82022
3.82059
3.82103
3.82153
3.82209
3.82272
3.8234
3.82413
3.82493
3.82577
3.82666
3.82761
3.82859
3.82962
3.83069
3.8318
3.83295
3.83414
3.83536
3.83663
3.83792
3.83925
3.84061
3.842
3.84342
3.84486
3.84633
3.84783
3.84934
3.85088
3.85244
3.85401
3.8556
3.85721
3.85883
3.86047
3.86211
3.86376
3.86542
3.86709
3.86876
3.87044
3.87212
3.87379
3.87547
3.87714
3.8788
3.88046
3.88211
3.88375
3.88537
3.88697
3.88856
3.89013
3.89168
3.89321
3.8947
3.89618
3.89762
3.89903
3.90042
3.90162
0.836787
0.98815
1.55966
2.25312
2.7872
3.13869
3.36248
3.50657
3.60152
3.66555
3.70958
3.74027
3.76186
3.77709
3.78778
3.79521
3.80023
3.80349
3.80544
3.80641
3.80666
3.80637
3.80569
3.80474
3.80359
3.80231
3.80097
3.79959
3.79821
3.79685
3.79553
3.79425
3.79303
3.79187
3.79077
3.78973
3.78875
3.78784
3.78699
3.7862
3.78548
3.78482
3.78423
3.7837
3.78324
3.78285
3.78252
3.78226
3.78206
3.78194
3.78187
3.78188
3.78195
3.78209
3.78229
3.78255
3.78288
3.78326
3.78371
3.78421
3.78478
3.7854
3.78607
3.7868
3.78758
3.78841
3.78929
3.79022
3.79119
3.79221
3.79327
3.79437
3.79551
3.79668
3.79789
3.79914
3.80041
3.80173
3.80307
3.80444
3.80585
3.80728
3.80873
3.81021
3.81172
3.81325
3.8148
3.81636
3.81795
3.81956
3.82118
3.82281
3.82446
3.82612
3.82778
3.82946
3.83115
3.83284
3.83454
3.83623
3.83793
3.83963
3.84133
3.84303
3.84472
3.8464
3.84807
3.84973
3.85138
3.85301
3.85463
3.85623
3.8578
3.85936
3.86088
3.86239
3.86386
3.8653
3.86671
3.86808
3.86944
3.8706
0.830413
0.857509
1.16926
1.7285
2.28148
2.70333
2.99742
3.19899
3.33861
3.4372
3.50825
3.56042
3.59936
3.62883
3.65138
3.6688
3.68236
3.69298
3.70133
3.70792
3.71313
3.71726
3.72053
3.72313
3.7252
3.72684
3.72816
3.72922
3.73008
3.73079
3.73137
3.73186
3.73228
3.73264
3.73296
3.73325
3.73351
3.73375
3.73398
3.73421
3.73444
3.73467
3.73491
3.73517
3.73545
3.73575
3.73608
3.73644
3.73683
3.73726
3.73772
3.73823
3.73877
3.73936
3.73998
3.74065
3.74136
3.74212
3.74291
3.74375
3.74463
3.74556
3.74652
3.74753
3.74857
3.74966
3.75078
3.75194
3.75313
3.75436
3.75563
3.75692
3.75825
3.75959
3.76097
3.76238
3.76381
3.76527
3.76675
3.76826
3.76979
3.77134
3.77291
3.7745
3.77611
3.77774
3.77938
3.78103
3.78271
3.78439
3.78608
3.78779
3.7895
3.79122
3.79295
3.79468
3.79641
3.79815
3.79988
3.80162
3.80335
3.80508
3.8068
3.80852
3.81022
3.81192
3.8136
3.81526
3.81691
3.81854
3.82015
3.82174
3.8233
3.82484
3.82635
3.82782
3.82927
3.83068
3.83205
3.83338
3.8347
3.83582
0.831632
0.801461
0.924682
1.27902
1.76057
2.20994
2.5635
2.82478
3.0153
3.15518
3.25939
3.33832
3.39906
3.44651
3.48408
3.51418
3.53856
3.5585
3.57496
3.58866
3.60014
3.60985
3.6181
3.62518
3.63129
3.6366
3.64126
3.64538
3.64904
3.65233
3.65529
3.65799
3.66045
3.66272
3.6648
3.66674
3.66854
3.67022
3.6718
3.67329
3.6747
3.67604
3.67733
3.67857
3.67977
3.68095
3.6821
3.68323
3.68436
3.68548
3.6866
3.68773
3.68886
3.69
3.69116
3.69234
3.69353
3.69474
3.69598
3.69723
3.69851
3.69981
3.70114
3.70249
3.70386
3.70526
3.70669
3.70813
3.70961
3.7111
3.71262
3.71415
3.71571
3.71727
3.71886
3.72047
3.72209
3.72373
3.72538
3.72705
3.72874
3.73044
3.73216
3.73388
3.73562
3.73737
3.73913
3.7409
3.74267
3.74445
3.74624
3.74803
3.74983
3.75162
3.75342
3.75522
3.75701
3.75881
3.7606
3.76238
3.76415
3.76592
3.76767
3.76942
3.77115
3.77286
3.77456
3.77624
3.77789
3.77952
3.78113
3.78271
3.78426
3.78578
3.78727
3.78872
3.79013
3.7915
3.79284
3.79413
3.7954
3.79647
0.835915
0.782667
0.803403
0.968303
1.29566
1.69673
2.07275
2.38225
2.62383
2.80953
2.95259
3.06385
3.15146
3.22133
3.27774
3.32383
3.3619
3.39365
3.42038
3.44308
3.46251
3.47927
3.49382
3.50656
3.51777
3.52771
3.53657
3.54453
3.55172
3.55825
3.5642
3.56966
3.57469
3.57933
3.58363
3.58763
3.59136
3.59485
3.59812
3.60119
3.60408
3.60682
3.60942
3.61189
3.61425
3.61652
3.61871
3.62082
3.62286
3.62486
3.62681
3.62871
3.63059
3.63244
3.63427
3.63608
3.63788
3.63967
3.64146
3.64324
3.64501
3.64679
3.64858
3.65036
3.65215
3.65395
3.65575
3.65756
3.65938
3.66121
3.66304
3.66488
3.66673
3.66858
3.67043
3.67229
3.67415
3.67602
3.6779
3.67978
3.68166
3.68356
3.68545
3.68735
3.68926
3.69116
3.69307
3.69498
3.69689
3.6988
3.70071
3.70261
3.70451
3.70641
3.70831
3.71019
3.71207
3.71394
3.7158
3.71765
3.71948
3.7213
3.72311
3.72489
3.72666
3.72841
3.73013
3.73183
3.7335
3.73514
3.73675
3.73833
3.73988
3.74138
3.74285
3.74428
3.74566
3.747
3.7483
3.74955
3.75077
3.7518
0.841165
0.780282
0.755
0.801817
0.962761
1.23783
1.56799
1.88853
2.16639
2.39488
2.57903
2.72692
2.8462
2.94318
3.02278
3.08874
3.14394
3.19054
3.23023
3.26431
3.29379
3.31948
3.34201
3.3619
3.37957
3.39535
3.40954
3.42235
3.43398
3.44459
3.45431
3.46325
3.4715
3.47914
3.48623
3.49282
3.49898
3.50473
3.51012
3.51518
3.51995
3.52444
3.52869
3.53272
3.53655
3.5402
3.54369
3.54704
3.55025
3.55335
3.55634
3.55924
3.56206
3.56481
3.56748
3.5701
3.57267
3.5752
3.57768
3.58013
3.58254
3.58493
3.58729
3.58963
3.59195
3.59425
3.59654
3.59881
3.60107
3.60332
3.60556
3.60779
3.61001
3.61222
3.61441
3.6166
3.61877
3.62094
3.6231
3.62525
3.6274
3.62954
3.63167
3.63379
3.63591
3.63803
3.64013
3.64223
3.64431
3.64639
3.64846
3.65052
3.65257
3.6546
3.65662
3.65863
3.66063
3.6626
3.66456
3.6665
3.66843
3.67032
3.6722
3.67405
3.67588
3.67768
3.67945
3.68118
3.68289
3.68455
3.68618
3.68777
3.68932
3.69082
3.69228
3.6937
3.69506
3.69637
3.69763
3.69883
3.7
3.70099
0.846372
0.784571
0.740866
0.731421
0.780818
0.913761
1.13036
1.39676
1.66969
1.92048
2.13792
2.32135
2.47447
2.60211
2.70889
2.79873
2.87484
2.93979
2.99561
3.04393
3.08604
3.12298
3.15558
3.18452
3.21035
3.23353
3.25444
3.27339
3.29065
3.30642
3.3209
3.33423
3.34655
3.35797
3.36857
3.37845
3.38767
3.39628
3.40436
3.41194
3.41907
3.42578
3.43212
3.43812
3.44381
3.44922
3.45436
3.45927
3.46397
3.46847
3.47279
3.47695
3.48097
3.48485
3.48862
3.49227
3.49582
3.49927
3.50265
3.50594
3.50917
3.51233
3.51543
3.51848
3.52148
3.52443
3.52734
3.53021
3.53304
3.53583
3.53859
3.54133
3.54403
3.54669
3.54933
3.55193
3.55451
3.55707
3.5596
3.56211
3.56459
3.56706
3.5695
3.57192
3.57433
3.57671
3.57908
3.58142
3.58375
3.58606
3.58834
3.59061
3.59285
3.59507
3.59727
3.59945
3.6016
3.60373
3.60583
3.6079
3.60995
3.61196
3.61395
3.6159
3.61782
3.6197
3.62154
3.62334
3.6251
3.62681
3.62848
3.6301
3.63167
3.63319
3.63466
3.63607
3.63742
3.63871
3.63994
3.6411
3.64223
3.64318
0.851011
0.791143
0.741126
0.708367
0.70346
0.741579
0.838108
0.996907
1.20263
1.4285
1.65059
1.85477
2.03555
2.19259
2.32789
2.44426
2.54449
2.63115
2.70642
2.77214
2.82983
2.88074
2.92591
2.9662
3.00229
3.0348
3.06419
3.0909
3.11526
3.13756
3.15805
3.17694
3.19441
3.21061
3.22566
3.23969
3.25278
3.26503
3.2765
3.28727
3.29739
3.30693
3.31592
3.32443
3.33248
3.34011
3.34736
3.35427
3.36085
3.36714
3.37316
3.37894
3.38448
3.38982
3.39496
3.39993
3.40474
3.40939
3.41391
3.41829
3.42256
3.42672
3.43077
3.43473
3.43859
3.44238
3.44609
3.44972
3.45328
3.45678
3.46022
3.4636
3.46692
3.47019
3.4734
3.47656
3.47966
3.48272
3.48574
3.48871
3.49165
3.49454
3.49739
3.50021
3.50299
3.50574
3.50845
3.51113
3.51378
3.51639
3.51897
3.52151
3.52403
3.5265
3.52895
3.53136
3.53373
3.53607
3.53837
3.54063
3.54285
3.54503
3.54717
3.54927
3.55132
3.55332
3.55528
3.55718
3.55904
3.56083
3.56257
3.56426
3.56588
3.56743
3.56893
3.57035
3.57171
3.573
3.57421
3.57535
3.57645
3.57737
0.854799
0.797919
0.746862
0.705362
0.677885
0.670753
0.692779
0.753704
0.85933
1.00619
1.18133
1.368
1.55204
1.72458
1.88152
2.02185
2.14624
2.2561
2.35311
2.43889
2.51496
2.58264
2.64308
2.69728
2.74606
2.79014
2.83013
2.86654
2.89982
2.93034
2.95841
2.98432
3.00829
3.03053
3.05121
3.07049
3.08848
3.10532
3.12111
3.13592
3.14985
3.16297
3.17534
3.18702
3.19808
3.20856
3.2185
3.22794
3.23694
3.24552
3.25371
3.26154
3.26905
3.27625
3.28316
3.28982
3.29623
3.30242
3.3084
3.31419
3.3198
3.32523
3.33051
3.33564
3.34063
3.34549
3.35022
3.35485
3.35936
3.36377
3.36808
3.3723
3.37643
3.38048
3.38444
3.38831
3.39211
3.39584
3.39949
3.40307
3.40659
3.41005
3.41345
3.41679
3.42007
3.4233
3.42648
3.4296
3.43267
3.4357
3.43867
3.44159
3.44447
3.44729
3.45007
3.4528
3.45548
3.4581
3.46068
3.4632
3.46568
3.46809
3.47046
3.47276
3.47501
3.4772
3.47932
3.48138
3.48338
3.48531
3.48716
3.48895
3.49066
3.49229
3.49385
3.49532
3.49671
3.49802
3.49925
3.50039
3.50146
3.50237
0.857613
0.803838
0.754023
0.710069
0.674015
0.648368
0.636594
0.64348
0.674826
0.735879
0.828724
0.950233
1.09243
1.24518
1.3992
1.54781
1.68713
1.81538
1.93217
2.03791
2.13338
2.21952
2.29732
2.36769
2.43148
2.48946
2.5423
2.59059
2.63486
2.67555
2.71306
2.74772
2.77984
2.80966
2.83742
2.86331
2.8875
2.91014
2.93137
2.95131
2.97006
2.98772
3.00438
3.02011
3.035
3.04909
3.06246
3.07515
3.08723
3.09873
3.1097
3.12017
3.13018
3.13977
3.14896
3.15779
3.16627
3.17443
3.1823
3.18989
3.19721
3.2043
3.21115
3.21779
3.22423
3.23048
3.23655
3.24245
3.24819
3.25378
3.25923
3.26454
3.26972
3.27477
3.27971
3.28452
3.28922
3.29382
3.2983
3.30269
3.30699
3.31119
3.3153
3.31933
3.32328
3.32715
3.33094
3.33466
3.3383
3.34187
3.34538
3.34881
3.35217
3.35547
3.3587
3.36186
3.36495
3.36797
3.37093
3.37382
3.37663
3.37938
3.38206
3.38466
3.38719
3.38964
3.39201
3.3943
3.39651
3.39863
3.40067
3.40261
3.40447
3.40623
3.4079
3.40947
3.41094
3.41231
3.41358
3.41474
3.41583
3.41676
0.859482
0.808378
0.760626
0.716973
0.678334
0.645749
0.620512
0.604371
0.599722
0.609658
0.637654
0.686737
0.758295
0.851094
0.961178
1.08279
1.20982
1.33698
1.46042
1.57773
1.68766
1.78972
1.88396
1.97071
2.05044
2.12372
2.19109
2.25311
2.31028
2.36309
2.41194
2.45724
2.49931
2.53846
2.57497
2.60906
2.64097
2.67086
2.69892
2.72529
2.75011
2.7735
2.79558
2.81643
2.83617
2.85486
2.87258
2.88941
2.90541
2.92064
2.93515
2.949
2.96223
2.97487
2.98698
2.99859
3.00973
3.02043
3.03072
3.04063
3.05017
3.05938
3.06827
3.07686
3.08517
3.09321
3.101
3.10856
3.11589
3.12301
3.12993
3.13665
3.14319
3.14956
3.15576
3.1618
3.16768
3.17341
3.17899
3.18444
3.18974
3.19492
3.19998
3.20492
3.20975
3.21446
3.21907
3.22357
3.22797
3.23228
3.23648
3.2406
3.24462
3.24854
3.25238
3.25612
3.25978
3.26334
3.26681
3.2702
3.27349
3.27669
3.2798
3.28281
3.28573
3.28855
3.29127
3.29389
3.2964
3.29881
3.30111
3.3033
3.30538
3.30735
3.30919
3.31092
3.31253
3.31402
3.31538
3.31662
3.31776
3.31875
0.860565
0.811411
0.765711
0.723439
0.684828
0.650242
0.620147
0.595142
0.57603
0.563904
0.56022
0.566795
0.585676
0.618805
0.66751
0.731993
0.811019
0.902008
1.00149
1.10577
1.21146
1.31586
1.41705
1.51382
1.60548
1.69175
1.7726
1.84818
1.91874
1.98455
2.04596
2.10328
2.15682
2.20688
2.25374
2.29766
2.33886
2.37757
2.41397
2.44825
2.48057
2.51107
2.53988
2.56714
2.59294
2.61741
2.64062
2.66267
2.68363
2.70359
2.7226
2.74074
2.75806
2.77461
2.79045
2.80561
2.82015
2.8341
2.84751
2.86039
2.87279
2.88473
2.89624
2.90734
2.91806
2.92842
2.93844
2.94813
2.95752
2.96662
2.97544
2.984
2.99231
3.00038
3.00822
3.01585
3.02326
3.03047
3.03749
3.04431
3.05095
3.05742
3.06371
3.06985
3.07582
3.08165
3.08734
3.09288
3.09828
3.10356
3.1087
3.11371
3.1186
3.12337
3.12802
3.13254
3.13695
3.14124
3.14541
3.14946
3.1534
3.15722
3.16091
3.16449
3.16794
3.17127
3.17448
3.17756
3.1805
3.18332
3.186
3.18855
3.19095
3.19322
3.19534
3.19731
3.19914
3.20083
3.20236
3.20374
3.205
3.2061
0.861099
0.813133
0.76901
0.728261
0.690673
0.656203
0.624916
0.596953
0.57254
0.551996
0.535764
0.524447
0.518835
0.519919
0.528854
0.546863
0.575059
0.614217
0.66454
0.725513
0.795886
0.873821
0.957146
1.04364
1.1313
1.21843
1.30377
1.38643
1.46584
1.54168
1.61381
1.68221
1.74694
1.80812
1.86591
1.92048
1.97201
2.02068
2.06668
2.11018
2.15132
2.19028
2.22718
2.26217
2.29537
2.32689
2.35685
2.38535
2.41247
2.43832
2.46296
2.48648
2.50894
2.53041
2.55096
2.57063
2.58949
2.60758
2.62494
2.64162
2.65766
2.6731
2.68797
2.7023
2.71611
2.72945
2.74233
2.75478
2.76682
2.77847
2.78975
2.80068
2.81128
2.82155
2.83152
2.8412
2.8506
2.85973
2.86861
2.87723
2.88561
2.89375
2.90167
2.90937
2.91686
2.92415
2.93125
2.93816
2.94488
2.95143
2.95781
2.96402
2.97006
2.97594
2.98166
2.98723
2.99264
2.99789
3.00299
3.00794
3.01274
3.01739
3.02188
3.02622
3.0304
3.03443
3.03829
3.042
3.04555
3.04893
3.05214
3.05518
3.05806
3.06075
3.06328
3.06562
3.06778
3.06977
3.07157
3.07319
3.07467
3.07597
0.861317
0.813942
0.770775
0.731184
0.694718
0.661081
0.630095
0.601662
0.575754
0.552397
0.531673
0.513721
0.498751
0.487049
0.478999
0.475087
0.475905
0.482135
0.494503
0.513717
0.540366
0.574817
0.617121
0.666953
0.723612
0.786071
0.853087
0.92332
0.99546
1.06832
1.14091
1.21244
1.2823
1.3501
1.41557
1.47853
1.53893
1.59674
1.65199
1.70473
1.75504
1.803
1.84873
1.89231
1.93386
1.97348
2.01128
2.04734
2.08176
2.11464
2.14606
2.17609
2.20483
2.23233
2.25867
2.28392
2.30814
2.33138
2.3537
2.37515
2.39578
2.41562
2.43473
2.45315
2.4709
2.48802
2.50455
2.52051
2.53594
2.55086
2.56529
2.57927
2.5928
2.60591
2.61862
2.63095
2.6429
2.65451
2.66578
2.67673
2.68736
2.69768
2.70771
2.71745
2.72692
2.73612
2.74506
2.75376
2.76221
2.77043
2.77843
2.7862
2.79376
2.80111
2.80825
2.81518
2.82191
2.82845
2.83478
2.84092
2.84687
2.85261
2.85817
2.86352
2.86868
2.87365
2.87841
2.88297
2.88732
2.89147
2.89542
2.89915
2.90267
2.90597
2.90906
2.91193
2.91458
2.91701
2.91922
2.92121
2.92302
2.92464
0.861389
0.814244
0.77153
0.732597
0.696917
0.664079
0.633769
0.605753
0.579862
0.555979
0.53403
0.513979
0.495828
0.479611
0.4654
0.453309
0.443493
0.436161
0.431574
0.430052
0.431968
0.437737
0.4478
0.462586
0.482477
0.50776
0.53858
0.574909
0.61652
0.662993
0.713737
0.768036
0.825099
0.884118
0.94432
1.005
1.06556
1.1255
1.18443
1.24205
1.29816
1.35262
1.40533
1.45625
1.50535
1.55264
1.59815
1.64191
1.68396
1.72435
1.76316
1.80042
1.83622
1.87061
1.90365
1.93541
1.96594
1.99531
2.02356
2.05075
2.07694
2.10216
2.12647
2.1499
2.17251
2.19434
2.21541
2.23576
2.25544
2.27446
2.29287
2.31068
2.32792
2.34463
2.36082
2.37651
2.39173
2.4065
2.42083
2.43474
2.44824
2.46136
2.4741
2.48648
2.4985
2.51017
2.52151
2.53252
2.54322
2.55361
2.56372
2.57353
2.58306
2.59232
2.60131
2.61003
2.6185
2.6267
2.63466
2.64236
2.64981
2.65701
2.66396
2.67066
2.67711
2.68331
2.68926
2.69496
2.7004
2.70558
2.7105
2.71517
2.71957
2.7237
2.72757
2.73117
2.73451
2.73757
2.74037
2.7429
2.7452
2.74729
0.861406
0.814329
0.771776
0.733121
0.697834
0.665476
0.635686
0.608168
0.582682
0.559037
0.53708
0.516692
0.497782
0.480288
0.464168
0.449403
0.435996
0.423969
0.413369
0.404262
0.396745
0.390937
0.38699
0.385084
0.385432
0.388271
0.393858
0.402462
0.414347
0.429752
0.448878
0.47186
0.498754
0.529518
0.564012
0.601992
0.643124
0.687001
0.733164
0.781125
0.830399
0.880515
0.931044
0.981603
1.03187
1.08156
1.13048
1.17845
1.22535
1.27109
1.31562
1.35889
1.40089
1.44161
1.48106
1.51926
1.55621
1.59196
1.62652
1.65993
1.69223
1.72345
1.75364
1.78283
1.81105
1.83835
1.86477
1.89033
1.91507
1.93903
1.96223
1.9847
2.00649
2.0276
2.04807
2.06792
2.08718
2.10587
2.12401
2.14162
2.15873
2.17534
2.19148
2.20717
2.22241
2.23722
2.25161
2.26559
2.27915
2.29233
2.30513
2.31756
2.32963
2.34135
2.35272
2.36375
2.37445
2.38481
2.39486
2.40458
2.41398
2.42306
2.43182
2.44027
2.44841
2.45622
2.46372
2.4709
2.47776
2.4843
2.49052
2.49642
2.50199
2.50723
2.51215
2.51674
2.52101
2.52495
2.52856
2.53185
2.53487
2.53763
0.861407
0.814342
0.77183
0.73326
0.698113
0.665954
0.636417
0.609191
0.584014
0.560665
0.538959
0.518737
0.499869
0.482247
0.46578
0.450397
0.43604
0.422666
0.410246
0.398762
0.388209
0.378592
0.36993
0.362255
0.35561
0.350053
0.345657
0.342512
0.340723
0.34041
0.34171
0.344774
0.349762
0.356838
0.366166
0.377899
0.392176
0.409106
0.428762
0.451175
0.476326
0.504144
0.534503
0.567228
0.602099
0.63886
0.677231
0.716916
0.757618
0.799044
0.840919
0.882991
0.925035
0.966854
1.00828
1.04919
1.08946
1.129
1.16777
1.20571
1.24278
1.27898
1.31428
1.34869
1.38221
1.41483
1.44658
1.47746
1.50749
1.53669
1.56507
1.59266
1.61947
1.64552
1.67084
1.69546
1.71938
1.74264
1.76525
1.78723
1.80861
1.8294
1.84962
1.86929
1.88842
1.90703
1.92512
1.94273
1.95984
1.97647
1.99263
2.00832
2.02355
2.03834
2.05269
2.06661
2.08011
2.0932
2.10587
2.11814
2.13
2.14146
2.15252
2.16318
2.17345
2.18332
2.19279
2.20187
2.21055
2.21883
2.22671
2.2342
2.24128
2.24797
2.25426
2.26016
2.26566
2.27076
2.27548
2.27982
2.28382
2.28752
0.861405
0.814337
0.771831
0.733277
0.698164
0.666062
0.636607
0.60949
0.584448
0.561253
0.53971
0.519653
0.500935
0.483431
0.467033
0.451647
0.437194
0.423603
0.410816
0.398785
0.387468
0.376832
0.366852
0.357508
0.348789
0.340687
0.333205
0.326348
0.32013
0.314572
0.309702
0.305554
0.302171
0.299605
0.297916
0.297172
0.297451
0.298839
0.301427
0.305315
0.310603
0.317394
0.325788
0.335879
0.347751
0.361473
0.377098
0.394657
0.414154
0.435569
0.458852
0.483929
0.510695
0.539024
0.568768
0.599766
0.631841
0.664816
0.698507
0.732737
0.767336
0.802144
0.837015
0.871817
0.906437
0.940774
0.974744
1.00828
1.04132
1.07384
1.10578
1.13713
1.16787
1.19799
1.22748
1.25635
1.28457
1.31217
1.33914
1.36549
1.39122
1.41634
1.44086
1.46478
1.48811
1.51086
1.53304
1.55466
1.57572
1.59624
1.61622
1.63566
1.65458
1.67295
1.6908
1.70813
1.72494
1.74125
1.75706
1.77237
1.78719
1.80151
1.81534
1.82868
1.84154
1.8539
1.86579
1.87718
1.8881
1.89853
1.90848
1.91794
1.92694
1.93545
1.94349
1.95107
1.95818
1.96483
1.97102
1.97677
1.98212
1.98713
0.861402
0.814329
0.77182
0.733266
0.698157
0.666065
0.636627
0.609537
0.584532
0.561385
0.539902
0.519913
0.50127
0.483846
0.467525
0.45221
0.437813
0.424257
0.411474
0.399403
0.387993
0.377196
0.366972
0.357284
0.348103
0.339402
0.331157
0.323351
0.315968
0.308997
0.302429
0.296259
0.290486
0.285112
0.280141
0.275582
0.271446
0.26775
0.264513
0.261758
0.259515
0.257814
0.256693
0.256194
0.256363
0.257251
0.258913
0.261407
0.264794
0.269138
0.274501
0.280947
0.288534
0.297321
0.307355
0.318681
0.331331
0.345327
0.360678
0.377382
0.395419
0.414757
0.43535
0.457138
0.480047
0.503992
0.528882
0.554614
0.581083
0.608179
0.635793
0.663816
0.692141
0.720668
0.749303
0.777956
0.806547
0.835004
0.863263
0.891268
0.918971
0.946329
0.973309
0.999882
1.02602
1.05172
1.07694
1.10169
1.12596
1.14973
1.17299
1.19576
1.21801
1.23975
1.26097
1.28165
1.30179
1.32138
1.34041
1.3589
1.37683
1.39421
1.41104
1.42731
1.44302
1.45818
1.47279
1.48684
1.50034
1.51329
1.5257
1.53757
1.5489
1.5597
1.56998
1.57973
1.58897
1.59771
1.60596
1.61371
1.62103
1.62795
0.8614
0.814321
0.77181
0.733253
0.698143
0.66605
0.636614
0.609527
0.584528
0.561391
0.53992
0.519948
0.501326
0.483926
0.467634
0.45235
0.437986
0.424462
0.411709
0.399665
0.388273
0.377484
0.367254
0.35754
0.348309
0.339526
0.331164
0.323195
0.315596
0.308347
0.301429
0.294824
0.288519
0.282502
0.276761
0.271287
0.266073
0.261113
0.256403
0.251941
0.247726
0.243758
0.24004
0.236576
0.233372
0.230435
0.227776
0.225406
0.223338
0.221588
0.220175
0.219119
0.218442
0.218171
0.218333
0.218958
0.22008
0.221731
0.223949
0.226772
0.230237
0.234383
0.239249
0.244873
0.25129
0.258534
0.266635
0.275619
0.285508
0.296318
0.308057
0.32073
0.334332
0.348851
0.364268
0.380556
0.397682
0.415603
0.434273
0.453638
0.473639
0.494214
0.515298
0.536821
0.558715
0.58091
0.603337
0.625927
0.648615
0.671338
0.694036
0.716653
0.739138
0.761443
0.783524
0.805347
0.826879
0.848083
0.868924
0.88937
0.909403
0.929004
0.948158
0.966855
0.985083
1.00284
1.02011
1.0369
1.05319
1.069
1.08432
1.09915
1.11349
1.12734
1.14071
1.15359
1.16599
1.17792
1.18937
1.20036
1.2109
1.22102
0.861399
0.814317
0.771804
0.733245
0.698133
0.666039
0.636602
0.609515
0.584516
0.561379
0.53991
0.51994
0.501322
0.483926
0.46764
0.452363
0.438006
0.424492
0.411749
0.399716
0.388335
0.377557
0.367336
0.357631
0.348405
0.339624
0.331258
0.323279
0.315662
0.308383
0.301421
0.294758
0.288376
0.282259
0.276392
0.270762
0.265358
0.260167
0.255181
0.25039
0.245786
0.241363
0.237113
0.233033
0.229117
0.225362
0.221764
0.218322
0.215034
0.2119
0.20892
0.206096
0.203428
0.20092
0.198576
0.196401
0.1944
0.19258
0.190948
0.189514
0.188288
0.18728
0.186504
0.185973
0.185702
0.185708
0.186009
0.186623
0.187572
0.188876
0.190559
0.192645
0.195157
0.198121
0.201562
0.205506
0.209978
0.215002
0.220603
0.226802
0.23362
0.241075
0.249184
0.257959
0.26741
0.277543
0.288359
0.299857
0.312029
0.324864
0.338347
0.352458
0.36717
0.382456
0.398284
0.414616
0.431414
0.448636
0.466243
0.484188
0.502422
0.520894
0.539552
0.558347
0.577228
0.596146
0.615054
0.633905
0.652657
0.671267
0.689696
0.707909
0.72587
0.74355
0.76092
0.777954
0.794629
0.810924
0.826823
0.842309
0.857373
0.871977
0.861399
0.814317
0.771804
0.733245
0.698133
0.666039
0.636602
0.609515
0.584516
0.561379
0.53991
0.51994
0.501322
0.483926
0.46764
0.452363
0.438006
0.424492
0.411749
0.399716
0.388335
0.377557
0.367336
0.357631
0.348405
0.339624
0.331258
0.323279
0.315662
0.308383
0.301421
0.294758
0.288376
0.282259
0.276392
0.270762
0.265358
0.260167
0.255181
0.25039
0.245787
0.241363
0.237114
0.233034
0.229119
0.225363
0.221766
0.218324
0.215037
0.211903
0.208924
0.2061
0.203433
0.200926
0.198583
0.196408
0.194408
0.192589
0.190959
0.189527
0.188303
0.187298
0.186525
0.185997
0.185731
0.185742
0.186048
0.186669
0.187625
0.188939
0.190632
0.192729
0.195255
0.198234
0.201693
0.205656
0.21015
0.215198
0.220825
0.227054
0.233904
0.241394
0.249541
0.258356
0.26785
0.278029
0.288893
0.300441
0.312665
0.325554
0.339092
0.353257
0.368026
0.383369
0.399253
0.415641
0.432495
0.449771
0.467431
0.485427
0.50371
0.522229
0.540932
0.559768
0.578688
0.597642
0.616582
0.635464
0.654243
0.672878
0.691331
0.709564
0.727544
0.74524
0.762624
0.77967
0.796356
0.812661
0.828568
0.844061
0.85913
0.87374
0.8614
0.814321
0.77181
0.733253
0.698143
0.66605
0.636614
0.609527
0.584528
0.561391
0.53992
0.519948
0.501326
0.483926
0.467634
0.45235
0.437985
0.424462
0.411709
0.399665
0.388273
0.377484
0.367253
0.35754
0.348309
0.339526
0.331164
0.323195
0.315597
0.308347
0.301429
0.294825
0.288521
0.282504
0.276763
0.27129
0.266077
0.261118
0.25641
0.251949
0.247736
0.24377
0.240055
0.236594
0.233393
0.23046
0.227805
0.225439
0.223377
0.221633
0.220227
0.219178
0.218511
0.21825
0.218424
0.219062
0.220199
0.221867
0.224105
0.226949
0.230439
0.234612
0.239509
0.245167
0.251622
0.258907
0.267053
0.276086
0.286029
0.296896
0.308697
0.321436
0.335107
0.349699
0.365193
0.381562
0.39877
0.416777
0.435534
0.454988
0.47508
0.495746
0.516921
0.538536
0.560521
0.582806
0.605321
0.627999
0.650773
0.67358
0.69636
0.719058
0.741621
0.764002
0.786157
0.808053
0.829655
0.850928
0.871832
0.892341
0.912434
0.932093
0.951303
0.970054
0.988336
1.00614
1.02346
1.0403
1.05664
1.0725
1.08786
1.10273
1.11711
1.131
1.1444
1.15732
1.16975
1.18171
1.1932
1.20422
1.21479
1.22494
0.861402
0.814329
0.77182
0.733266
0.698157
0.666065
0.636627
0.609537
0.584532
0.561385
0.539902
0.519912
0.50127
0.483845
0.467524
0.452209
0.437812
0.424256
0.411472
0.399402
0.387991
0.377195
0.366971
0.357284
0.348103
0.339402
0.331159
0.323354
0.315973
0.309004
0.302438
0.296272
0.290503
0.285133
0.280167
0.275614
0.271485
0.267797
0.26457
0.261826
0.259595
0.257908
0.256803
0.256323
0.256512
0.257424
0.259112
0.261635
0.265055
0.269435
0.274839
0.281329
0.288966
0.297805
0.307897
0.319284
0.332
0.346066
0.361491
0.378272
0.396389
0.415811
0.43649
0.458365
0.481362
0.505397
0.530376
0.556197
0.582753
0.609935
0.637634
0.665738
0.694143
0.722748
0.751456
0.78018
0.80884
0.837363
0.865686
0.893752
0.921513
0.948928
0.975963
1.00259
1.02878
1.05453
1.0798
1.1046
1.12892
1.15273
1.17605
1.19886
1.22116
1.24295
1.26421
1.28494
1.30512
1.32476
1.34384
1.36237
1.38035
1.39778
1.41465
1.43096
1.44672
1.46193
1.47658
1.49068
1.50423
1.51722
1.52968
1.54159
1.55297
1.56382
1.57414
1.58394
1.59322
1.60201
1.61029
1.61809
1.62545
1.63241
0.861405
0.814337
0.771831
0.733277
0.698164
0.666062
0.636607
0.60949
0.584447
0.561251
0.539709
0.519651
0.500932
0.483428
0.467029
0.451643
0.437189
0.423599
0.410813
0.398782
0.387467
0.376833
0.366856
0.357515
0.3488
0.340705
0.333229
0.326381
0.320173
0.314628
0.309772
0.305641
0.302278
0.299736
0.298073
0.29736
0.297675
0.299103
0.301737
0.305676
0.311022
0.317877
0.32634
0.336507
0.348461
0.362271
0.377988
0.395643
0.41524
0.436758
0.460146
0.485328
0.512198
0.54063
0.570475
0.60157
0.633739
0.666802
0.700578
0.734887
0.76956
0.804436
0.839371
0.874233
0.908908
0.943296
0.977314
1.01089
1.04398
1.07653
1.10851
1.1399
1.17068
1.20083
1.23035
1.25925
1.28751
1.31514
1.34214
1.36852
1.39428
1.41943
1.44397
1.46792
1.49129
1.51407
1.53628
1.55793
1.57902
1.59957
1.61959
1.63907
1.65801
1.67642
1.6943
1.71167
1.72852
1.74487
1.76071
1.77606
1.79092
1.80528
1.81915
1.83254
1.84544
1.85785
1.86978
1.88122
1.89218
1.90266
1.91266
1.92218
1.93122
1.93978
1.94787
1.9555
1.96265
1.96935
1.9756
1.9814
1.98679
1.99185
0.861407
0.814342
0.77183
0.73326
0.698112
0.665953
0.636415
0.609187
0.584009
0.560659
0.538951
0.518729
0.49986
0.482238
0.465771
0.450389
0.436034
0.422664
0.410249
0.398772
0.388227
0.378622
0.369975
0.362317
0.355694
0.350164
0.3458
0.342693
0.340948
0.340688
0.342049
0.345184
0.350252
0.357418
0.366847
0.378693
0.393091
0.41015
0.429943
0.452499
0.477796
0.50576
0.536263
0.569128
0.604132
0.64102
0.679507
0.719298
0.760094
0.801605
0.843554
0.88569
0.927788
0.969653
1.01112
1.05206
1.09236
1.13193
1.17072
1.20867
1.24576
1.28197
1.31729
1.35171
1.38524
1.41788
1.44964
1.48053
1.51057
1.53978
1.56817
1.59577
1.62259
1.64866
1.674
1.69862
1.72256
1.74584
1.76846
1.79046
1.81186
1.83267
1.85291
1.8726
1.89175
1.91039
1.92851
1.94614
1.96328
1.97994
1.99612
2.01184
2.0271
2.04192
2.05631
2.07027
2.0838
2.09693
2.10964
2.12195
2.13385
2.14536
2.15647
2.16718
2.17749
2.18741
2.19694
2.20607
2.2148
2.22313
2.23107
2.23861
2.24575
2.2525
2.25884
2.26479
2.27035
2.27551
2.28029
2.28468
2.28873
2.29249
0.861405
0.814329
0.771776
0.733119
0.69783
0.66547
0.635677
0.608156
0.582668
0.559021
0.537062
0.516674
0.497766
0.480275
0.464162
0.449406
0.436013
0.424004
0.413427
0.40435
0.39687
0.391108
0.387218
0.385381
0.385811
0.388748
0.39445
0.403186
0.41522
0.430793
0.450101
0.473277
0.500374
0.531346
0.566047
0.604228
0.645551
0.689604
0.735925
0.784025
0.833416
0.883629
0.934236
0.984855
1.03516
1.08489
1.13383
1.1818
1.22871
1.27445
1.31896
1.36223
1.40421
1.44492
1.48436
1.52254
1.55948
1.59521
1.62976
1.66316
1.69545
1.72666
1.75684
1.78602
1.81424
1.84154
1.86795
1.89351
1.91825
1.94221
1.96542
1.9879
2.00968
2.0308
2.05128
2.07115
2.09042
2.10912
2.12727
2.1449
2.16202
2.17865
2.19481
2.21052
2.22578
2.24062
2.25503
2.26903
2.28262
2.29583
2.30866
2.32112
2.33323
2.34498
2.35639
2.36746
2.3782
2.38861
2.3987
2.40846
2.41791
2.42705
2.43587
2.44437
2.45256
2.46043
2.46799
2.47523
2.48215
2.48876
2.49504
2.501
2.50663
2.51194
2.51693
2.52158
2.52591
2.52992
2.5336
2.53695
2.54003
2.54286
0.861388
0.814243
0.771526
0.73259
0.696905
0.664061
0.633746
0.605726
0.579833
0.55595
0.534004
0.513962
0.495824
0.479627
0.465445
0.453393
0.443628
0.436361
0.431857
0.430439
0.432481
0.438405
0.448649
0.463646
0.483776
0.509321
0.54042
0.577037
0.618935
0.665685
0.716688
0.771219
0.828481
0.887666
0.947998
1.00878
1.06941
1.12939
1.18834
1.24596
1.30206
1.3565
1.40917
1.46005
1.50911
1.55636
1.60182
1.64553
1.68754
1.72789
1.76665
1.80387
1.83963
1.87398
1.90699
1.93872
1.96922
1.99856
2.02679
2.05397
2.08013
2.10534
2.12964
2.15307
2.17567
2.19748
2.21855
2.2389
2.25857
2.2776
2.29601
2.31382
2.33108
2.34779
2.36399
2.37969
2.39492
2.4097
2.42405
2.43797
2.4515
2.46463
2.47739
2.48979
2.50184
2.51353
2.52489
2.53594
2.54667
2.5571
2.56723
2.57708
2.58665
2.59595
2.60499
2.61376
2.62227
2.63053
2.63853
2.64629
2.6538
2.66105
2.66807
2.67483
2.68135
2.68761
2.69363
2.69939
2.7049
2.71016
2.71515
2.71989
2.72436
2.72857
2.73252
2.73619
2.7396
2.74274
2.74561
2.74821
2.75059
2.75275
0.861316
0.813937
0.770764
0.731165
0.694689
0.661045
0.630052
0.601618
0.575716
0.552372
0.531671
0.513756
0.498837
0.487207
0.479253
0.475467
0.476447
0.482881
0.495498
0.515007
0.541992
0.576813
0.619505
0.669727
0.726759
0.789559
0.85687
0.927345
0.999673
1.07267
1.14535
1.21692
1.2868
1.35459
1.42002
1.48294
1.54328
1.60102
1.6562
1.70886
1.75909
1.80697
1.85262
1.89612
1.9376
1.97715
2.01487
2.05087
2.08523
2.11806
2.14942
2.17941
2.2081
2.23556
2.26187
2.28709
2.31128
2.3345
2.35679
2.37823
2.39884
2.41867
2.43777
2.45617
2.47392
2.49104
2.50757
2.52353
2.53896
2.55388
2.56832
2.5823
2.59584
2.60896
2.62168
2.63402
2.646
2.65762
2.66891
2.67987
2.69052
2.70087
2.71092
2.72069
2.73018
2.73941
2.74839
2.75711
2.76561
2.77387
2.7819
2.78972
2.79732
2.80472
2.81191
2.81889
2.82568
2.83227
2.83867
2.84487
2.85088
2.85669
2.86231
2.86774
2.87297
2.87801
2.88284
2.88748
2.89191
2.89614
2.90016
2.90398
2.90758
2.91097
2.91414
2.91709
2.91982
2.92233
2.92463
2.9267
2.92858
2.93028
0.861096
0.813121
0.768984
0.72822
0.69062
0.656144
0.62486
0.596913
0.572531
0.55204
0.535888
0.524686
0.519235
0.520534
0.529752
0.548115
0.576736
0.616375
0.667213
0.728704
0.799565
0.877928
0.961605
1.04837
1.13621
1.22345
1.30884
1.39151
1.47089
1.54667
1.61872
1.68703
1.75165
1.81273
1.8704
1.92486
1.97628
2.02484
2.07073
2.11412
2.15517
2.19402
2.23084
2.26574
2.29886
2.33031
2.36019
2.38863
2.41569
2.44148
2.46608
2.48955
2.51198
2.53342
2.55393
2.57358
2.59242
2.61048
2.62783
2.6445
2.66053
2.67596
2.69082
2.70515
2.71896
2.7323
2.74518
2.75764
2.76968
2.78134
2.79263
2.80357
2.81418
2.82446
2.83445
2.84415
2.85356
2.86271
2.87161
2.88025
2.88866
2.89682
2.90477
2.9125
2.92002
2.92735
2.93448
2.94143
2.9482
2.95479
2.96121
2.96747
2.97356
2.9795
2.98527
2.9909
2.99637
3.00169
3.00685
3.01187
3.01674
3.02146
3.02602
3.03044
3.0347
3.03881
3.04276
3.04655
3.05018
3.05364
3.05694
3.06007
3.06303
3.06582
3.06843
3.07086
3.07311
3.07519
3.07708
3.07878
3.08034
3.08172
0.860556
0.811383
0.765662
0.723372
0.684754
0.650177
0.620113
0.59517
0.576161
0.564196
0.560746
0.56765
0.586971
0.620647
0.669989
0.735153
0.814847
0.906433
1.0064
1.11104
1.21695
1.32148
1.42271
1.51945
1.61103
1.69719
1.77792
1.85337
1.92378
1.98945
2.05071
2.10788
2.16128
2.21121
2.25794
2.30172
2.3428
2.38139
2.41768
2.45186
2.48407
2.51448
2.5432
2.57038
2.59611
2.6205
2.64365
2.66564
2.68656
2.70647
2.72544
2.74355
2.76083
2.77736
2.79317
2.80832
2.82284
2.83678
2.85018
2.86305
2.87545
2.88738
2.89889
2.91
2.92072
2.93109
2.94111
2.95081
2.96021
2.96932
2.97815
2.98672
2.99505
3.00313
3.01099
3.01864
3.02607
3.03331
3.04035
3.04719
3.05386
3.06035
3.06668
3.07285
3.07887
3.08473
3.09046
3.09604
3.10149
3.10681
3.11201
3.11707
3.12202
3.12685
3.13155
3.13614
3.14061
3.14497
3.14921
3.15334
3.15735
3.16124
3.16502
3.16868
3.17221
3.17563
3.17892
3.18209
3.18512
3.18803
3.1908
3.19344
3.19594
3.1983
3.20051
3.20258
3.2045
3.20627
3.2079
3.20937
3.21072
3.2119
0.859464
0.80833
0.760551
0.716886
0.678261
0.645727
0.620595
0.604638
0.600284
0.610661
0.639266
0.689119
0.761547
0.855222
0.966084
1.08831
1.21574
1.34312
1.46664
1.58393
1.69375
1.79567
1.88974
1.9763
2.05584
2.12892
2.19611
2.25795
2.31495
2.36758
2.41628
2.46142
2.50335
2.54237
2.57874
2.61271
2.6445
2.67428
2.70223
2.72851
2.75324
2.77654
2.79854
2.81933
2.83899
2.85762
2.8753
2.89208
2.90804
2.92323
2.93771
2.95153
2.96474
2.97737
2.98946
3.00106
3.01219
3.02288
3.03317
3.04307
3.05262
3.06183
3.07072
3.07931
3.08763
3.09568
3.10348
3.11105
3.11839
3.12552
3.13246
3.1392
3.14576
3.15214
3.15836
3.16442
3.17033
3.17608
3.18169
3.18716
3.1925
3.19772
3.20281
3.20778
3.21265
3.2174
3.22206
3.22661
3.23106
3.23541
3.23967
3.24384
3.24792
3.25191
3.25581
3.25962
3.26334
3.26697
3.27052
3.27398
3.27735
3.28063
3.28382
3.28692
3.28993
3.29283
3.29564
3.29835
3.30096
3.30346
3.30586
3.30815
3.31032
3.31238
3.31432
3.31615
3.31785
3.31943
3.32088
3.32221
3.32344
3.32452
0.857582
0.803766
0.753927
0.709985
0.674001
0.648514
0.637038
0.644422
0.676518
0.738565
0.832541
0.955142
1.09823
1.25157
1.4059
1.55461
1.69386
1.82195
1.93853
2.04402
2.13923
2.22513
2.30268
2.37282
2.43639
2.49417
2.54681
2.59493
2.63903
2.67956
2.71691
2.75144
2.78342
2.81312
2.84075
2.86653
2.89061
2.91316
2.93429
2.95415
2.97282
2.9904
3.007
3.02267
3.0375
3.05154
3.06487
3.07753
3.08957
3.10104
3.11199
3.12244
3.13244
3.14202
3.1512
3.16002
3.1685
3.17666
3.18452
3.19211
3.19944
3.20653
3.21339
3.22004
3.22649
3.23275
3.23883
3.24475
3.2505
3.25611
3.26157
3.2669
3.2721
3.27717
3.28213
3.28697
3.2917
3.29632
3.30083
3.30525
3.30958
3.31382
3.31797
3.32204
3.32603
3.32994
3.33378
3.33754
3.34124
3.34486
3.34842
3.35191
3.35534
3.3587
3.36199
3.36522
3.36838
3.37148
3.37451
3.37748
3.38038
3.38321
3.38597
3.38865
3.39127
3.39381
3.39627
3.39866
3.40096
3.40318
3.40531
3.40735
3.4093
3.41116
3.41292
3.41459
3.41615
3.41762
3.41898
3.42023
3.42141
3.42243
0.854751
0.797826
0.746765
0.70534
0.678073
0.671377
0.694173
0.756253
0.863298
1.01155
1.18777
1.37509
1.55938
1.7319
1.88865
2.0287
2.15276
2.2623
2.35898
2.44445
2.52024
2.58765
2.64785
2.70182
2.75039
2.79428
2.83409
2.87034
2.90347
2.93385
2.96179
2.98757
3.01142
3.03355
3.05413
3.0733
3.09121
3.10796
3.12366
3.1384
3.15226
3.16532
3.17763
3.18927
3.20028
3.21072
3.22063
3.23005
3.23902
3.24757
3.25575
3.26357
3.27106
3.27826
3.28517
3.29182
3.29824
3.30443
3.31042
3.31621
3.32182
3.32726
3.33255
3.33769
3.34269
3.34756
3.35231
3.35695
3.36148
3.36591
3.37024
3.37448
3.37863
3.3827
3.38668
3.39058
3.39441
3.39816
3.40184
3.40546
3.40901
3.41251
3.41594
3.41932
3.42265
3.42593
3.42915
3.43232
3.43545
3.43853
3.44156
3.44454
3.44747
3.45036
3.45321
3.456
3.45875
3.46145
3.46411
3.46671
3.46926
3.47176
3.47421
3.4766
3.47894
3.48121
3.48343
3.48559
3.48767
3.4897
3.49165
3.49353
3.49533
3.49706
3.49871
3.50028
3.50177
3.50317
3.50449
3.50572
3.50688
3.50788
0.850946
0.791039
0.741074
0.708546
0.704202
0.7434
0.841547
1.00216
1.20938
1.43613
1.65851
1.86259
2.04306
2.1997
2.33458
2.45052
2.55036
2.63665
2.71159
2.77702
2.83444
2.88511
2.93006
2.97014
3.00606
3.03839
3.06764
3.0942
3.11843
3.14061
3.16099
3.17977
3.19714
3.21324
3.2282
3.24214
3.25515
3.26732
3.27872
3.28943
3.2995
3.30898
3.31793
3.32639
3.3344
3.34201
3.34923
3.35612
3.36268
3.36896
3.37497
3.38074
3.38628
3.39161
3.39676
3.40172
3.40653
3.41119
3.41571
3.42011
3.42438
3.42855
3.43261
3.43658
3.44046
3.44426
3.44798
3.45163
3.45521
3.45873
3.46219
3.46559
3.46894
3.47222
3.47546
3.47864
3.48178
3.48487
3.48791
3.49092
3.49389
3.49682
3.49971
3.50257
3.5054
3.50819
3.51095
3.51368
3.51637
3.51904
3.52168
3.52428
3.52685
3.5294
3.53191
3.53438
3.53683
3.53924
3.54161
3.54395
3.54625
3.54852
3.55074
3.55292
3.55506
3.55715
3.5592
3.56119
3.56314
3.56503
3.56686
3.56864
3.57035
3.572
3.57359
3.57511
3.57656
3.57794
3.57924
3.58047
3.58165
3.58266
0.846292
0.784482
0.740966
0.732137
0.78289
0.917939
1.13673
1.40461
1.67813
1.92885
2.1459
2.3288
2.48137
2.6085
2.7148
2.80421
2.87994
2.94455
3.00007
3.04813
3.09
3.12673
3.15914
3.18791
3.21359
3.23663
3.25741
3.27625
3.29339
3.30906
3.32344
3.33668
3.34891
3.36024
3.37077
3.38057
3.38972
3.39827
3.40629
3.41381
3.42089
3.42757
3.43387
3.43984
3.44549
3.45087
3.456
3.46089
3.46558
3.47007
3.47438
3.47854
3.48256
3.48644
3.4902
3.49386
3.49741
3.50088
3.50426
3.50757
3.5108
3.51397
3.51709
3.52015
3.52316
3.52613
3.52905
3.53194
3.53478
3.5376
3.54038
3.54313
3.54586
3.54855
3.55121
3.55384
3.55645
3.55903
3.56159
3.56413
3.56665
3.56915
3.57164
3.5741
3.57655
3.57898
3.58139
3.58378
3.58616
3.58852
3.59086
3.59319
3.59549
3.59777
3.60004
3.60228
3.6045
3.6067
3.60888
3.61103
3.61315
3.61524
3.61731
3.61934
3.62134
3.62331
3.62524
3.62713
3.62898
3.63078
3.63254
3.63425
3.63592
3.63752
3.63908
3.64058
3.64202
3.6434
3.64471
3.64596
3.64717
3.64821
0.841078
0.780264
0.755504
0.803802
0.967329
1.24502
1.57667
1.89752
2.175
2.40285
2.5863
2.73353
2.85223
2.94869
3.02784
3.09342
3.14828
3.1946
3.23403
3.26789
3.29717
3.32268
3.34505
3.3648
3.38234
3.39801
3.41209
3.4248
3.43634
3.44686
3.4565
3.46536
3.47353
3.4811
3.48812
3.49466
3.50075
3.50645
3.51179
3.51681
3.52153
3.52599
3.53021
3.53421
3.53802
3.54165
3.54512
3.54845
3.55166
3.55475
3.55774
3.56064
3.56346
3.5662
3.56889
3.57151
3.57409
3.57662
3.57911
3.58157
3.58399
3.58639
3.58877
3.59112
3.59345
3.59577
3.59808
3.60037
3.60265
3.60492
3.60718
3.60943
3.61167
3.61389
3.61611
3.61832
3.62052
3.62272
3.62491
3.6271
3.62928
3.63145
3.63362
3.63579
3.63795
3.6401
3.64225
3.6444
3.64654
3.64867
3.65079
3.6529
3.65501
3.6571
3.65919
3.66126
3.66332
3.66537
3.6674
3.66941
3.67141
3.67338
3.67534
3.67727
3.67918
3.68106
3.68291
3.68473
3.68652
3.68827
3.68999
3.69166
3.6933
3.69489
3.69644
3.69793
3.69938
3.70078
3.70212
3.7034
3.70465
3.70572
0.835835
0.782846
0.804872
0.972689
1.30328
1.70602
2.08215
2.39101
2.63171
2.81657
2.95888
3.0695
3.15657
3.22598
3.28202
3.32778
3.36557
3.39708
3.4236
3.44612
3.46538
3.48199
3.49642
3.50903
3.52014
3.52998
3.53876
3.54664
3.55375
3.5602
3.56609
3.57148
3.57644
3.58102
3.58527
3.58921
3.59289
3.59633
3.59955
3.60259
3.60545
3.60815
3.61073
3.61318
3.61552
3.61778
3.61995
3.62205
3.62409
3.62608
3.62803
3.62994
3.63181
3.63367
3.6355
3.63732
3.63913
3.64093
3.64272
3.64451
3.6463
3.64809
3.64989
3.65169
3.65349
3.6553
3.65712
3.65895
3.66079
3.66263
3.66449
3.66635
3.66821
3.67008
3.67196
3.67384
3.67573
3.67763
3.67954
3.68145
3.68337
3.6853
3.68723
3.68917
3.69111
3.69306
3.69501
3.69696
3.69892
3.70088
3.70284
3.7048
3.70676
3.70871
3.71066
3.71261
3.71455
3.71649
3.71842
3.72033
3.72224
3.72413
3.72601
3.72787
3.72972
3.73154
3.73334
3.73512
3.73687
3.7386
3.74029
3.74195
3.74358
3.74517
3.74672
3.74822
3.74969
3.75111
3.75249
3.75381
3.7551
3.75621
0.831589
0.802127
0.9281
1.28649
1.77028
2.21974
2.57241
2.8326
3.02211
3.16115
3.26468
3.34305
3.40333
3.4504
3.48765
3.51748
3.54164
3.56138
3.57767
3.59122
3.60257
3.61215
3.6203
3.62728
3.63331
3.63854
3.64313
3.64718
3.65077
3.654
3.65691
3.65955
3.66196
3.66417
3.6662
3.66809
3.66985
3.67149
3.67304
3.67449
3.67587
3.67719
3.67846
3.67968
3.68087
3.68203
3.68317
3.6843
3.68542
3.68654
3.68766
3.68879
3.68993
3.69107
3.69224
3.69342
3.69462
3.69584
3.69709
3.69835
3.69964
3.70096
3.7023
3.70366
3.70505
3.70646
3.7079
3.70937
3.71085
3.71237
3.7139
3.71546
3.71703
3.71862
3.72023
3.72186
3.72351
3.72517
3.72686
3.72856
3.73028
3.73201
3.73376
3.73552
3.7373
3.73909
3.74089
3.7427
3.74452
3.74635
3.74818
3.75002
3.75187
3.75372
3.75558
3.75743
3.75929
3.76114
3.76299
3.76484
3.76668
3.76851
3.77034
3.77215
3.77396
3.77574
3.77751
3.77927
3.781
3.78271
3.78439
3.78605
3.78767
3.78927
3.79083
3.79236
3.79385
3.7953
3.79671
3.79807
3.79941
3.80055
0.83047
0.859252
1.17557
1.73833
2.29171
2.71247
3.00523
3.20563
3.34431
3.44216
3.51263
3.56434
3.6029
3.63205
3.65435
3.67155
3.68493
3.69539
3.7036
3.71007
3.71517
3.7192
3.72239
3.72491
3.72691
3.72849
3.72975
3.73075
3.73156
3.73221
3.73275
3.73319
3.73357
3.73389
3.73416
3.73441
3.73463
3.73484
3.73504
3.73524
3.73544
3.73565
3.73588
3.73613
3.73639
3.73668
3.73701
3.73736
3.73775
3.73818
3.73864
3.73915
3.7397
3.74029
3.74092
3.74159
3.74231
3.74308
3.74388
3.74473
3.74563
3.74656
3.74754
3.74856
3.74962
3.75072
3.75185
3.75303
3.75424
3.75549
3.75677
3.75808
3.75943
3.7608
3.7622
3.76362
3.76508
3.76656
3.76807
3.76961
3.77117
3.77275
3.77435
3.77598
3.77762
3.77929
3.78097
3.78266
3.78438
3.7861
3.78784
3.78959
3.79136
3.79313
3.7949
3.79669
3.79848
3.80027
3.80207
3.80386
3.80566
3.80745
3.80923
3.81101
3.81279
3.81455
3.8163
3.81804
3.81976
3.82146
3.82314
3.8248
3.82643
3.82804
3.82962
3.83117
3.83268
3.83416
3.8356
3.837
3.83838
3.83957
0.837083
0.991886
1.56879
2.26379
2.79675
3.14662
3.36902
3.51204
3.60619
3.66961
3.71316
3.74348
3.76477
3.77975
3.79024
3.79749
3.80237
3.8055
3.80733
3.80821
3.80837
3.80801
3.80726
3.80624
3.80504
3.80371
3.80231
3.80089
3.79947
3.79806
3.7967
3.79538
3.79413
3.79293
3.79179
3.79072
3.78971
3.78877
3.78789
3.78708
3.78634
3.78567
3.78506
3.78452
3.78405
3.78365
3.78331
3.78305
3.78285
3.78273
3.78267
3.78268
3.78275
3.78289
3.7831
3.78337
3.7837
3.7841
3.78456
3.78507
3.78565
3.78628
3.78696
3.78771
3.7885
3.78934
3.79024
3.79118
3.79217
3.79321
3.79428
3.7954
3.79656
3.79775
3.79898
3.80025
3.80155
3.80288
3.80425
3.80565
3.80708
3.80854
3.81003
3.81154
3.81308
3.81464
3.81623
3.81783
3.81946
3.8211
3.82277
3.82444
3.82614
3.82784
3.82956
3.83129
3.83302
3.83477
3.83652
3.83827
3.84003
3.84179
3.84354
3.8453
3.84705
3.84879
3.85053
3.85225
3.85397
3.85566
3.85735
3.85901
3.86065
3.86227
3.86386
3.86543
3.86697
3.86848
3.86995
3.87138
3.8728
3.87402
0.861181
1.2442
2.07273
2.79223
3.24675
3.51205
3.66751
3.76086
3.81819
3.85383
3.87594
3.88935
3.89701
3.90082
3.90201
3.9014
3.89958
3.89692
3.89371
3.89015
3.88639
3.88253
3.87865
3.87481
3.87104
3.86739
3.86387
3.8605
3.85729
3.85423
3.85134
3.84861
3.84604
3.84361
3.84134
3.8392
3.8372
3.83533
3.83359
3.83197
3.83046
3.82907
3.82779
3.82662
3.82555
3.82459
3.82373
3.82296
3.8223
3.82172
3.82124
3.82085
3.82054
3.82032
3.82018
3.82012
3.82014
3.82024
3.82042
3.82066
3.82098
3.82136
3.82181
3.82232
3.8229
3.82354
3.82423
3.82498
3.82579
3.82665
3.82756
3.82852
3.82952
3.83057
3.83166
3.83279
3.83396
3.83517
3.83642
3.83771
3.83903
3.84039
3.84178
3.8432
3.84465
3.84612
3.84763
3.84915
3.85071
3.85228
3.85387
3.85549
3.85712
3.85877
3.86044
3.86212
3.86381
3.86551
3.86722
3.86894
3.87066
3.87239
3.87412
3.87585
3.87758
3.87931
3.88103
3.88275
3.88446
3.88615
3.88783
3.8895
3.89115
3.89278
3.89439
3.89597
3.89753
3.89906
3.90056
3.90202
3.90347
3.90473
0.921567
1.63494
2.62374
3.27799
3.62928
3.8127
3.91021
3.96269
3.99047
4.00408
4.00927
4.00936
4.00629
4.0013
3.99516
3.98835
3.98121
3.97396
3.96674
3.95965
3.95276
3.94611
3.93972
3.93362
3.92781
3.92229
3.91706
3.91212
3.90746
3.90307
3.89895
3.89507
3.89143
3.88801
3.88481
3.88181
3.87901
3.87638
3.87393
3.87165
3.86953
3.86755
3.86573
3.86404
3.86249
3.86107
3.85978
3.85861
3.85755
3.85661
3.85578
3.85506
3.85445
3.85393
3.85351
3.85318
3.85294
3.8528
3.85274
3.85276
3.85286
3.85304
3.85329
3.85362
3.85401
3.85447
3.855
3.8556
3.85625
3.85696
3.85773
3.85855
3.85942
3.86034
3.86131
3.86233
3.86339
3.8645
3.86565
3.86684
3.86806
3.86933
3.87063
3.87197
3.87334
3.87474
3.87617
3.87762
3.87911
3.88062
3.88215
3.88371
3.88529
3.88689
3.88851
3.89014
3.89179
3.89345
3.89512
3.89681
3.8985
3.9002
3.9019
3.90361
3.90532
3.90703
3.90874
3.91045
3.91214
3.91383
3.91551
3.91718
3.91883
3.92047
3.92208
3.92368
3.92525
3.9268
3.92832
3.92981
3.93129
3.93257
1.04783
2.14113
3.16618
3.70126
3.94668
4.05816
4.10789
4.12764
4.13203
4.12829
4.12018
4.10978
4.09826
4.08632
4.07436
4.06263
4.05126
4.04035
4.02993
4.02002
4.01062
4.00173
3.99333
3.98541
3.97794
3.97091
3.9643
3.95809
3.95226
3.94679
3.94166
3.93685
3.93234
3.92811
3.92416
3.92045
3.91699
3.91374
3.91072
3.90789
3.90526
3.90281
3.90053
3.89842
3.89647
3.89468
3.89303
3.89152
3.89015
3.88891
3.88779
3.8868
3.88592
3.88516
3.8845
3.88395
3.8835
3.88315
3.88289
3.88272
3.88264
3.88265
3.88273
3.8829
3.88314
3.88345
3.88384
3.8843
3.88482
3.8854
3.88605
3.88675
3.8875
3.88832
3.88918
3.89009
3.89106
3.89207
3.89312
3.89422
3.89537
3.89655
3.89777
3.89903
3.90033
3.90165
3.90302
3.90441
3.90583
3.90728
3.90876
3.91026
3.91179
3.91333
3.9149
3.91649
3.91809
3.91972
3.92135
3.923
3.92466
3.92633
3.92801
3.92969
3.93138
3.93307
3.93476
3.93645
3.93813
3.93981
3.94149
3.94315
3.9448
3.94644
3.94806
3.94966
3.95124
3.9528
3.95434
3.95585
3.95734
3.95865
1.27351
2.71741
3.66587
4.05945
4.20804
4.25954
4.27093
4.26479
4.2508
4.23342
4.21483
4.19615
4.17794
4.16048
4.14389
4.12823
4.11348
4.09963
4.08664
4.07446
4.06304
4.05233
4.0423
4.0329
4.02409
4.01584
4.0081
4.00086
3.99407
3.98771
3.98175
3.97617
3.97095
3.96606
3.96148
3.95719
3.95318
3.94943
3.94593
3.94265
3.93959
3.93675
3.9341
3.93163
3.92935
3.92724
3.92529
3.9235
3.92187
3.92037
3.91901
3.91779
3.91669
3.91572
3.91486
3.91412
3.91349
3.91296
3.91253
3.9122
3.91197
3.91182
3.91177
3.91179
3.9119
3.91208
3.91235
3.91268
3.91308
3.91355
3.91409
3.91468
3.91534
3.91605
3.91681
3.91763
3.91851
3.91943
3.9204
3.92142
3.92248
3.92359
3.92473
3.92592
3.92714
3.9284
3.9297
3.93103
3.93239
3.93378
3.93519
3.93664
3.93811
3.93961
3.94113
3.94267
3.94423
3.94581
3.9474
3.94901
3.95064
3.95227
3.95392
3.95557
3.95723
3.9589
3.96057
3.96224
3.96391
3.96557
3.96724
3.96889
3.97053
3.97217
3.97379
3.97539
3.97698
3.97855
3.98009
3.98161
3.98311
3.98445
1.62357
3.31924
4.10848
4.35964
4.4251
4.42809
4.40914
4.38265
4.35419
4.32605
4.29917
4.27392
4.25037
4.22848
4.20818
4.18935
4.17187
4.15564
4.14056
4.12653
4.11346
4.10128
4.08991
4.0793
4.06939
4.06013
4.05147
4.04336
4.03579
4.02869
4.02205
4.01584
4.01002
4.00458
3.99948
3.9947
3.99023
3.98605
3.98214
3.97849
3.97508
3.97189
3.96892
3.96616
3.9636
3.96122
3.95902
3.95699
3.95512
3.95341
3.95184
3.95042
3.94914
3.94798
3.94695
3.94604
3.94525
3.94457
3.944
3.94352
3.94315
3.94287
3.94269
3.94259
3.94258
3.94265
3.94279
3.94302
3.94331
3.94368
3.94412
3.94461
3.94517
3.94579
3.94647
3.9472
3.94799
3.94883
3.94972
3.95066
3.95164
3.95267
3.95374
3.95486
3.95601
3.95721
3.95843
3.9597
3.961
3.96233
3.96369
3.96508
3.96649
3.96794
3.96941
3.9709
3.97241
3.97394
3.9755
3.97707
3.97865
3.98025
3.98186
3.98348
3.98511
3.98675
3.98839
3.99004
3.99169
3.99334
3.99498
3.99662
3.99825
3.99988
4.00149
4.00309
4.00468
4.00625
4.0078
4.00932
4.01083
4.01219
2.11223
3.91483
4.49453
4.61442
4.61117
4.57553
4.53268
4.49014
4.45023
4.41353
4.38001
4.34946
4.32159
4.29612
4.27279
4.25136
4.23164
4.21346
4.19665
4.18108
4.16664
4.15323
4.14075
4.12913
4.11829
4.10819
4.09875
4.08993
4.08168
4.07397
4.06675
4.06
4.05367
4.04775
4.04221
4.03702
4.03216
4.02761
4.02335
4.01937
4.01565
4.01217
4.00893
4.00591
4.0031
4.00048
3.99806
3.99582
3.99375
3.99184
3.9901
3.9885
3.98705
3.98573
3.98455
3.98349
3.98256
3.98174
3.98103
3.98043
3.97994
3.97954
3.97924
3.97903
3.97891
3.97887
3.97891
3.97903
3.97923
3.9795
3.97984
3.98025
3.98072
3.98125
3.98184
3.9825
3.9832
3.98396
3.98478
3.98564
3.98655
3.98751
3.98851
3.98955
3.99064
3.99177
3.99293
3.99413
3.99537
3.99664
3.99794
3.99927
4.00064
4.00203
4.00344
4.00488
4.00635
4.00784
4.00934
4.01087
4.01241
4.01397
4.01555
4.01714
4.01873
4.02034
4.02195
4.02357
4.0252
4.02682
4.02845
4.03007
4.03169
4.0333
4.0349
4.0365
4.03808
4.03964
4.04119
4.04272
4.04422
4.04561
2.75671
4.49025
4.83644
4.84145
4.78254
4.71626
4.65444
4.59908
4.54993
4.50626
4.4673
4.43237
4.40091
4.37243
4.34654
4.32292
4.30129
4.28143
4.26313
4.24625
4.23063
4.21615
4.2027
4.1902
4.17856
4.16771
4.15759
4.14814
4.1393
4.13104
4.12332
4.11609
4.10931
4.10297
4.09703
4.09147
4.08626
4.08138
4.07681
4.07253
4.06853
4.06479
4.06129
4.05804
4.055
4.05217
4.04955
4.04711
4.04486
4.04278
4.04086
4.0391
4.0375
4.03604
4.03471
4.03352
4.03245
4.03151
4.03068
4.02996
4.02935
4.02884
4.02843
4.02812
4.02789
4.02776
4.0277
4.02773
4.02784
4.02802
4.02827
4.0286
4.02898
4.02943
4.02995
4.03052
4.03115
4.03184
4.03258
4.03337
4.03421
4.0351
4.03603
4.03701
4.03804
4.0391
4.0402
4.04134
4.04252
4.04373
4.04498
4.04626
4.04757
4.04891
4.05027
4.05167
4.05308
4.05453
4.05599
4.05747
4.05898
4.0605
4.06204
4.06359
4.06516
4.06673
4.06832
4.06991
4.07151
4.07312
4.07472
4.07633
4.07793
4.07953
4.08112
4.08271
4.08428
4.08585
4.08739
4.08892
4.09042
4.09183
3.60496
5.05607
5.16201
5.06896
4.96489
4.87383
4.79645
4.7304
4.67342
4.62376
4.58005
4.54126
4.50659
4.4754
4.44719
4.42155
4.39816
4.37674
4.35706
4.33894
4.3222
4.3067
4.29234
4.27899
4.26658
4.25502
4.24424
4.23417
4.22477
4.21598
4.20776
4.20006
4.19285
4.18609
4.17977
4.17384
4.16828
4.16307
4.15819
4.15362
4.14935
4.14535
4.14161
4.13811
4.13485
4.13181
4.12899
4.12636
4.12392
4.12167
4.11959
4.11767
4.11591
4.11431
4.11284
4.11152
4.11032
4.10925
4.10831
4.10747
4.10675
4.10614
4.10563
4.10521
4.10489
4.10466
4.10452
4.10446
4.10448
4.10458
4.10475
4.10499
4.1053
4.10568
4.10612
4.10663
4.10719
4.10781
4.10848
4.10921
4.10999
4.11082
4.11169
4.11261
4.11358
4.11459
4.11564
4.11673
4.11785
4.11902
4.12022
4.12145
4.12271
4.12401
4.12533
4.12668
4.12806
4.12947
4.1309
4.13235
4.13382
4.13531
4.13682
4.13835
4.13989
4.14145
4.14301
4.14459
4.14617
4.14776
4.14935
4.15095
4.15254
4.15414
4.15573
4.15731
4.15889
4.16045
4.16201
4.16354
4.16504
4.16649
4.84955
5.68154
5.54072
5.36077
5.21733
5.1041
5.01232
4.93602
4.87132
4.8156
4.76698
4.72412
4.686
4.65185
4.62107
4.59318
4.5678
4.5446
4.52332
4.50375
4.48569
4.46901
4.45355
4.4392
4.42586
4.41344
4.40186
4.39106
4.38097
4.37154
4.36271
4.35445
4.34671
4.33946
4.33266
4.32628
4.32031
4.3147
4.30945
4.30453
4.29992
4.2956
4.29156
4.28779
4.28426
4.28097
4.2779
4.27504
4.27239
4.26993
4.26766
4.26556
4.26362
4.26185
4.26023
4.25875
4.25741
4.25621
4.25513
4.25417
4.25333
4.25261
4.25199
4.25147
4.25105
4.25073
4.2505
4.25035
4.25029
4.25031
4.25041
4.25058
4.25082
4.25113
4.25151
4.25196
4.25246
4.25303
4.25365
4.25433
4.25506
4.25585
4.25668
4.25756
4.25849
4.25946
4.26048
4.26153
4.26263
4.26377
4.26494
4.26615
4.26739
4.26866
4.26997
4.27131
4.27267
4.27406
4.27548
4.27693
4.27839
4.27988
4.28139
4.28291
4.28446
4.28601
4.28759
4.28917
4.29076
4.29236
4.29397
4.29558
4.2972
4.29881
4.30043
4.30204
4.30364
4.30523
4.30682
4.30839
4.30991
4.31142
6.07794
5.55972
5.2474
5.04169
4.89423
4.78182
4.69214
4.61828
4.55605
4.50269
4.45629
4.41549
4.37928
4.3469
4.31775
4.29137
4.26737
4.24546
4.22539
4.20693
4.18991
4.17419
4.15963
4.14612
4.13357
4.12188
4.11099
4.10083
4.09134
4.08246
4.07416
4.06638
4.0591
4.05227
4.04587
4.03987
4.03424
4.02896
4.024
4.01936
4.01501
4.01093
4.00711
4.00354
4.0002
3.99709
3.99418
3.99147
3.98895
3.98661
3.98445
3.98244
3.9806
3.9789
3.97734
3.97592
3.97463
3.97346
3.97241
3.97148
3.97065
3.96993
3.96931
3.96879
3.96835
3.96801
3.96775
3.96757
3.96747
3.96744
3.96749
3.9676
3.96779
3.96803
3.96834
3.96871
3.96914
3.96962
3.97016
3.97074
3.97138
3.97206
3.9728
3.97357
3.97439
3.97525
3.97615
3.97709
3.97806
3.97907
3.98012
3.9812
3.98231
3.98345
3.98462
3.98582
3.98705
3.9883
3.98958
3.99088
3.9922
3.99354
3.9949
3.99628
3.99768
3.99909
4.00051
4.00195
4.00339
4.00485
4.00631
4.00777
4.00924
4.01071
4.01218
4.01365
4.01511
4.01657
4.01802
4.01946
4.02083
4.02226
)
;

boundaryField
{
    lowerWall
    {
        type            kqRWallFunction;
        value           nonuniform List<scalar> 
122
(
6.07652
5.55942
5.24732
5.04165
4.8942
4.78178
4.69211
4.61825
4.55602
4.50265
4.45625
4.41545
4.37924
4.34686
4.31771
4.29132
4.26733
4.24542
4.22534
4.20689
4.18987
4.17415
4.15959
4.14608
4.13352
4.12184
4.11094
4.10078
4.09129
4.08241
4.07411
4.06633
4.05905
4.05222
4.04581
4.03981
4.03417
4.02889
4.02393
4.01928
4.01492
4.01084
4.00701
4.00343
4.00009
3.99696
3.99404
3.99133
3.9888
3.98645
3.98427
3.98226
3.9804
3.97869
3.97712
3.97568
3.97438
3.9732
3.97214
3.97119
3.97035
3.96962
3.96898
3.96844
3.96799
3.96763
3.96735
3.96716
3.96704
3.967
3.96703
3.96712
3.96729
3.96752
3.96781
3.96816
3.96856
3.96902
3.96954
3.97011
3.97072
3.97138
3.97209
3.97284
3.97364
3.97448
3.97535
3.97627
3.97722
3.97821
3.97923
3.98028
3.98137
3.98248
3.98363
3.98481
3.98601
3.98723
3.98849
3.98976
3.99106
3.99237
3.99371
3.99506
3.99643
3.99782
3.99922
4.00063
4.00205
4.00348
4.00492
4.00636
4.00781
4.00926
4.01071
4.01215
4.0136
4.01503
4.01646
4.01788
4.01924
4.02065
)
;
    }
    upperWall
    {
        type            kqRWallFunction;
        value           nonuniform List<scalar> 
122
(
6.07794
5.55972
5.2474
5.04169
4.89423
4.78182
4.69214
4.61828
4.55605
4.50269
4.45629
4.41549
4.37928
4.3469
4.31775
4.29137
4.26737
4.24546
4.22539
4.20693
4.18991
4.17419
4.15963
4.14612
4.13357
4.12188
4.11099
4.10083
4.09134
4.08246
4.07416
4.06638
4.0591
4.05227
4.04587
4.03987
4.03424
4.02896
4.024
4.01936
4.01501
4.01093
4.00711
4.00354
4.0002
3.99709
3.99418
3.99147
3.98895
3.98661
3.98445
3.98244
3.9806
3.9789
3.97734
3.97592
3.97463
3.97346
3.97241
3.97148
3.97065
3.96993
3.96931
3.96879
3.96835
3.96801
3.96775
3.96757
3.96747
3.96744
3.96749
3.9676
3.96779
3.96803
3.96834
3.96871
3.96914
3.96962
3.97016
3.97074
3.97138
3.97206
3.9728
3.97357
3.97439
3.97525
3.97615
3.97709
3.97806
3.97907
3.98012
3.9812
3.98231
3.98345
3.98462
3.98582
3.98705
3.9883
3.98958
3.99088
3.9922
3.99354
3.9949
3.99628
3.99768
3.99909
4.00051
4.00195
4.00339
4.00485
4.00631
4.00777
4.00924
4.01071
4.01218
4.01365
4.01511
4.01657
4.01802
4.01946
4.02083
4.02226
)
;
    }
    inlet
    {
        type            turbulentIntensityKineticEnergyInlet;
        intensity       0.0223;
        value           uniform 0.91377;
    }
    outlet
    {
        type            zeroGradient;
    }
    frontAndBack
    {
        type            empty;
    }
}


// ************************************************************************* //
