/*--------------------------------*- C++ -*----------------------------------*\
  =========                 |
  \\      /  F ield         | OpenFOAM: The Open Source CFD Toolbox
   \\    /   O peration     | Website:  https://openfoam.org
    \\  /    A nd           | Version:  8
     \\/     M anipulation  |
\*---------------------------------------------------------------------------*/
FoamFile
{
    version     2.0;
    format      ascii;
    class       volScalarField;
    location    "550";
    object      nut;
}
// * * * * * * * * * * * * * * * * * * * * * * * * * * * * * * * * * * * * * //

dimensions      [0 2 -1 0 0 0 0];

internalField   nonuniform List<scalar> 
7320
(
0.000286299
0.000273847
0.000266049
0.000260783
0.000256941
0.000253973
0.00025158
0.000249592
0.000247905
0.000246449
0.000245176
0.000244051
0.000243048
0.000242148
0.000241334
0.000240596
0.000239922
0.000239306
0.000238739
0.000238217
0.000237735
0.000237288
0.000236874
0.000236489
0.000236131
0.000235797
0.000235485
0.000235194
0.000234922
0.000234667
0.000234428
0.000234204
0.000233995
0.000233798
0.000233613
0.00023344
0.000233277
0.000233125
0.000232981
0.000232847
0.000232721
0.000232603
0.000232492
0.000232389
0.000232292
0.000232201
0.000232117
0.000232038
0.000231965
0.000231897
0.000231834
0.000231776
0.000231722
0.000231673
0.000231627
0.000231586
0.000231549
0.000231515
0.000231484
0.000231457
0.000231433
0.000231412
0.000231394
0.000231378
0.000231366
0.000231356
0.000231348
0.000231343
0.00023134
0.000231339
0.00023134
0.000231344
0.000231349
0.000231356
0.000231365
0.000231376
0.000231389
0.000231403
0.000231418
0.000231435
0.000231454
0.000231474
0.000231495
0.000231518
0.000231541
0.000231567
0.000231593
0.00023162
0.000231648
0.000231678
0.000231708
0.00023174
0.000231772
0.000231805
0.000231839
0.000231874
0.00023191
0.000231946
0.000231983
0.000232021
0.000232059
0.000232098
0.000232138
0.000232178
0.000232218
0.000232259
0.000232301
0.000232342
0.000232384
0.000232426
0.000232469
0.000232511
0.000232554
0.000232596
0.000232639
0.000232682
0.000232724
0.000232766
0.000232808
0.00023285
0.00023289
0.000232931
0.000562815
0.000740638
0.000767571
0.000767651
0.000763096
0.000757975
0.000753148
0.000748779
0.000744861
0.00074135
0.000738193
0.000735345
0.000732764
0.000730416
0.000728271
0.000726307
0.000724501
0.000722838
0.000721301
0.000719879
0.00071856
0.000717334
0.000716194
0.000715132
0.000714141
0.000713216
0.000712352
0.000711544
0.000710788
0.00071008
0.000709418
0.000708797
0.000708215
0.00070767
0.000707159
0.00070668
0.000706232
0.000705811
0.000705417
0.000705048
0.000704703
0.000704381
0.000704079
0.000703798
0.000703536
0.000703292
0.000703065
0.000702855
0.00070266
0.000702481
0.000702315
0.000702164
0.000702025
0.000701899
0.000701786
0.000701683
0.000701592
0.000701511
0.00070144
0.000701379
0.000701327
0.000701284
0.00070125
0.000701224
0.000701206
0.000701196
0.000701193
0.000701197
0.000701208
0.000701225
0.000701249
0.000701278
0.000701314
0.000701354
0.000701401
0.000701452
0.000701508
0.000701569
0.000701635
0.000701706
0.00070178
0.000701859
0.000701942
0.000702028
0.000702119
0.000702213
0.00070231
0.00070241
0.000702514
0.000702621
0.00070273
0.000702843
0.000702958
0.000703075
0.000703195
0.000703317
0.000703441
0.000703567
0.000703695
0.000703825
0.000703956
0.000704089
0.000704223
0.000704359
0.000704495
0.000704633
0.000704771
0.000704909
0.000705048
0.000705188
0.000705327
0.000705466
0.000705606
0.000705744
0.000705882
0.00070602
0.000706156
0.000706291
0.000706425
0.000706557
0.000706688
0.000706805
0.00076108
0.00115457
0.00127125
0.00130573
0.00131552
0.00131688
0.00131508
0.00131204
0.00130855
0.00130497
0.00130147
0.00129811
0.00129493
0.00129193
0.00128913
0.0012865
0.00128405
0.00128176
0.00127961
0.00127761
0.00127574
0.00127398
0.00127234
0.0012708
0.00126936
0.00126801
0.00126675
0.00126557
0.00126446
0.00126342
0.00126245
0.00126154
0.00126069
0.0012599
0.00125915
0.00125845
0.0012578
0.00125719
0.00125662
0.00125608
0.00125559
0.00125512
0.00125469
0.00125429
0.00125392
0.00125357
0.00125326
0.00125296
0.0012527
0.00125245
0.00125223
0.00125203
0.00125185
0.00125169
0.00125155
0.00125143
0.00125132
0.00125123
0.00125116
0.00125111
0.00125107
0.00125104
0.00125103
0.00125103
0.00125105
0.00125108
0.00125112
0.00125117
0.00125123
0.0012513
0.00125139
0.00125148
0.00125158
0.0012517
0.00125182
0.00125195
0.00125208
0.00125223
0.00125238
0.00125254
0.00125271
0.00125289
0.00125307
0.00125326
0.00125345
0.00125365
0.00125385
0.00125407
0.00125428
0.0012545
0.00125472
0.00125495
0.00125519
0.00125542
0.00125566
0.0012559
0.00125615
0.0012564
0.00125665
0.0012569
0.00125716
0.00125742
0.00125767
0.00125793
0.0012582
0.00125846
0.00125872
0.00125898
0.00125924
0.0012595
0.00125976
0.00126002
0.00126028
0.00126053
0.00126079
0.00126104
0.00126128
0.00126153
0.00126177
0.00126201
0.00126224
0.00126244
0.00094219
0.00154866
0.00180331
0.00190635
0.0019512
0.00197187
0.00198147
0.00198555
0.00198668
0.00198617
0.00198472
0.00198276
0.00198051
0.00197813
0.00197571
0.00197331
0.00197095
0.00196867
0.00196648
0.00196438
0.00196238
0.00196047
0.00195867
0.00195696
0.00195535
0.00195383
0.00195239
0.00195105
0.00194978
0.0019486
0.00194749
0.00194645
0.00194547
0.00194456
0.00194371
0.00194292
0.00194217
0.00194148
0.00194083
0.00194023
0.00193967
0.00193916
0.00193868
0.00193823
0.00193783
0.00193745
0.00193712
0.00193681
0.00193653
0.00193628
0.00193607
0.00193588
0.00193571
0.00193557
0.00193546
0.00193537
0.00193531
0.00193527
0.00193525
0.00193525
0.00193527
0.00193531
0.00193538
0.00193546
0.00193556
0.00193567
0.0019358
0.00193595
0.00193612
0.0019363
0.00193649
0.0019367
0.00193692
0.00193715
0.0019374
0.00193765
0.00193792
0.0019382
0.00193849
0.00193879
0.0019391
0.00193942
0.00193975
0.00194009
0.00194043
0.00194079
0.00194115
0.00194151
0.00194189
0.00194227
0.00194265
0.00194304
0.00194344
0.00194384
0.00194424
0.00194465
0.00194506
0.00194547
0.00194589
0.0019463
0.00194672
0.00194715
0.00194757
0.00194799
0.00194841
0.00194883
0.00194925
0.00194967
0.00195009
0.0019505
0.00195092
0.00195132
0.00195173
0.00195213
0.00195252
0.00195291
0.00195329
0.00195367
0.00195404
0.0019544
0.00195476
0.00195504
0.00110978
0.00189233
0.00232606
0.0025368
0.00264438
0.00270313
0.00273713
0.00275765
0.00277031
0.00277817
0.00278296
0.00278574
0.00278718
0.00278769
0.00278758
0.00278703
0.00278618
0.00278514
0.00278397
0.00278273
0.00278144
0.00278015
0.00277886
0.0027776
0.00277637
0.00277519
0.00277406
0.00277298
0.00277196
0.002771
0.0027701
0.00276925
0.00276845
0.00276771
0.00276702
0.00276638
0.00276578
0.00276522
0.00276471
0.00276423
0.00276379
0.00276339
0.00276303
0.0027627
0.0027624
0.00276214
0.00276191
0.00276171
0.00276154
0.00276141
0.0027613
0.00276123
0.00276118
0.00276117
0.00276118
0.00276121
0.00276128
0.00276137
0.00276149
0.00276163
0.0027618
0.00276199
0.0027622
0.00276243
0.00276269
0.00276297
0.00276327
0.00276358
0.00276392
0.00276427
0.00276465
0.00276503
0.00276543
0.00276585
0.00276628
0.00276673
0.00276719
0.00276766
0.00276815
0.00276865
0.00276916
0.00276968
0.00277021
0.00277075
0.0027713
0.00277186
0.00277243
0.002773
0.00277359
0.00277417
0.00277477
0.00277537
0.00277597
0.00277658
0.00277719
0.00277781
0.00277843
0.00277905
0.00277967
0.00278029
0.00278091
0.00278154
0.00278216
0.00278278
0.0027834
0.00278401
0.00278462
0.00278523
0.00278583
0.00278642
0.00278701
0.00278759
0.00278817
0.00278873
0.00278929
0.00278983
0.00279037
0.00279089
0.0027914
0.0027919
0.0027924
0.00279277
0.00129926
0.00216764
0.00280717
0.00316585
0.00336954
0.00349116
0.00356775
0.00361825
0.00365279
0.00367709
0.00369457
0.00370734
0.00371679
0.00372385
0.00372913
0.0037331
0.00373607
0.00373829
0.00373993
0.00374112
0.00374196
0.00374254
0.00374292
0.00374314
0.00374325
0.00374328
0.00374326
0.00374319
0.0037431
0.003743
0.0037429
0.0037428
0.0037427
0.00374262
0.00374254
0.00374247
0.00374241
0.00374237
0.00374233
0.00374231
0.0037423
0.00374231
0.00374233
0.00374238
0.00374243
0.00374251
0.00374261
0.00374273
0.00374288
0.00374304
0.00374323
0.00374345
0.00374368
0.00374395
0.00374424
0.00374455
0.00374488
0.00374525
0.00374563
0.00374604
0.00374648
0.00374693
0.00374741
0.00374792
0.00374844
0.00374899
0.00374955
0.00375014
0.00375075
0.00375137
0.00375202
0.00375268
0.00375335
0.00375404
0.00375474
0.00375546
0.00375619
0.00375694
0.00375769
0.00375846
0.00375925
0.00376004
0.00376084
0.00376166
0.00376248
0.00376331
0.00376415
0.00376499
0.00376584
0.00376669
0.00376755
0.00376842
0.00376928
0.00377015
0.00377103
0.0037719
0.00377277
0.00377364
0.00377452
0.00377538
0.00377625
0.00377711
0.00377797
0.00377882
0.00377967
0.00378051
0.00378134
0.00378216
0.00378298
0.00378378
0.00378457
0.00378535
0.00378611
0.00378686
0.00378759
0.00378831
0.00378901
0.00378969
0.00379035
0.00379099
0.00379164
0.00379208
0.00158937
0.00236976
0.00321596
0.00375923
0.00409609
0.00431112
0.00445413
0.00455312
0.00462407
0.00467641
0.00471597
0.00474649
0.00477044
0.00478951
0.00480489
0.00481744
0.00482777
0.00483636
0.00484356
0.00484964
0.00485482
0.00485927
0.00486312
0.00486647
0.00486942
0.00487204
0.00487439
0.00487651
0.00487844
0.00488022
0.00488186
0.00488339
0.00488481
0.00488615
0.00488741
0.00488859
0.00488971
0.00489077
0.00489178
0.00489274
0.00489365
0.00489454
0.00489539
0.00489622
0.00489703
0.00489782
0.00489861
0.00489938
0.00490015
0.00490093
0.0049017
0.00490248
0.00490327
0.00490406
0.00490487
0.00490569
0.00490652
0.00490736
0.00490822
0.0049091
0.00490999
0.0049109
0.00491183
0.00491277
0.00491373
0.0049147
0.0049157
0.0049167
0.00491773
0.00491876
0.00491982
0.00492088
0.00492195
0.00492303
0.00492413
0.00492523
0.00492635
0.00492748
0.00492861
0.00492976
0.00493091
0.00493207
0.00493324
0.00493442
0.0049356
0.00493678
0.00493797
0.00493916
0.00494036
0.00494156
0.00494275
0.00494395
0.00494515
0.00494634
0.00494753
0.00494872
0.00494991
0.00495109
0.00495226
0.00495343
0.00495458
0.00495573
0.00495687
0.004958
0.00495911
0.00496021
0.0049613
0.00496237
0.00496342
0.00496446
0.00496548
0.00496647
0.00496744
0.0049684
0.00496932
0.00497022
0.0049711
0.00497194
0.00497276
0.00497355
0.00497434
0.00497484
0.00212976
0.00251869
0.00352583
0.00427893
0.00478634
0.00512981
0.00536872
0.00554022
0.00566706
0.00576335
0.00583815
0.00589739
0.00594512
0.00598413
0.00601645
0.00604352
0.00606643
0.00608601
0.00610288
0.00611753
0.00613036
0.00614166
0.00615169
0.00616066
0.00616873
0.00617603
0.00618268
0.00618878
0.00619439
0.00619959
0.00620442
0.00620892
0.00621312
0.00621707
0.00622077
0.00622424
0.00622752
0.0062306
0.00623352
0.00623627
0.00623889
0.00624138
0.00624375
0.00624601
0.00624819
0.00625028
0.00625229
0.00625425
0.00625615
0.006258
0.00625981
0.00626158
0.00626333
0.00626505
0.00626675
0.00626844
0.00627011
0.00627177
0.00627343
0.00627507
0.00627672
0.00627836
0.00628001
0.00628165
0.0062833
0.00628495
0.0062866
0.00628825
0.00628991
0.00629157
0.00629324
0.0062949
0.00629657
0.00629823
0.00629989
0.00630155
0.00630322
0.00630489
0.00630656
0.00630822
0.00630989
0.00631156
0.00631323
0.0063149
0.00631656
0.00631822
0.00631988
0.00632153
0.00632318
0.00632482
0.00632646
0.00632809
0.0063297
0.00633131
0.00633291
0.0063345
0.00633608
0.00633764
0.00633919
0.00634072
0.00634223
0.00634373
0.00634521
0.00634667
0.0063481
0.00634951
0.0063509
0.00635226
0.0063536
0.0063549
0.00635618
0.00635742
0.00635863
0.0063598
0.00636094
0.00636204
0.0063631
0.00636412
0.0063651
0.00636603
0.00636696
0.00636751
0.0031541
0.00268382
0.00372393
0.00468584
0.00539542
0.00590413
0.0062731
0.00654666
0.00675434
0.00691556
0.00704326
0.00714624
0.00723059
0.00730064
0.00735953
0.00740958
0.00745254
0.00748974
0.00752221
0.00755076
0.00757605
0.00759858
0.00761879
0.00763701
0.00765354
0.0076686
0.00768241
0.00769513
0.00770688
0.00771779
0.00772794
0.00773742
0.00774629
0.0077546
0.0077624
0.00776973
0.00777662
0.00778312
0.00778925
0.00779504
0.00780051
0.0078057
0.00781063
0.00781532
0.00781979
0.00782407
0.00782816
0.0078321
0.00783588
0.00783954
0.00784308
0.00784651
0.00784985
0.0078531
0.00785627
0.00785938
0.00786242
0.0078654
0.00786834
0.00787123
0.00787408
0.00787689
0.00787967
0.00788242
0.00788514
0.00788783
0.0078905
0.00789315
0.00789578
0.00789839
0.00790098
0.00790354
0.00790608
0.0079086
0.0079111
0.00791358
0.00791605
0.00791849
0.00792093
0.00792334
0.00792574
0.00792813
0.0079305
0.00793285
0.00793518
0.0079375
0.0079398
0.00794208
0.00794434
0.00794659
0.00794881
0.00795102
0.0079532
0.00795535
0.00795749
0.0079596
0.00796168
0.00796374
0.00796577
0.00796777
0.00796974
0.00797168
0.00797359
0.00797546
0.00797729
0.00797909
0.00798085
0.00798257
0.00798424
0.00798587
0.00798745
0.00798899
0.00799047
0.0079919
0.00799328
0.00799461
0.00799587
0.00799708
0.00799823
0.00799931
0.00800039
0.00800095
0.00493181
0.00302612
0.0038337
0.00494834
0.00587406
0.00658116
0.00711649
0.00752621
0.00784508
0.00809766
0.00830115
0.00846767
0.00860586
0.00872198
0.00882067
0.0089054
0.00897879
0.0090429
0.00909931
0.0091493
0.00919388
0.00923386
0.00926993
0.00930263
0.00933243
0.00935971
0.00938479
0.00940795
0.0094294
0.00944934
0.00946793
0.00948531
0.00950157
0.00951682
0.00953115
0.00954462
0.0095573
0.00956924
0.00958051
0.00959115
0.00960121
0.00961074
0.00961978
0.00962837
0.00963653
0.00964432
0.00965176
0.00965887
0.0096657
0.00967225
0.00967857
0.00968465
0.00969053
0.00969622
0.00970174
0.0097071
0.00971231
0.00971739
0.00972235
0.00972719
0.00973192
0.00973656
0.0097411
0.00974556
0.00974994
0.00975424
0.00975848
0.00976265
0.00976675
0.00977079
0.00977477
0.0097787
0.00978255
0.00978635
0.0097901
0.00979379
0.00979743
0.00980103
0.00980458
0.00980808
0.00981154
0.00981496
0.00981834
0.00982167
0.00982496
0.00982821
0.00983142
0.00983459
0.00983772
0.0098408
0.00984385
0.00984684
0.0098498
0.00985271
0.00985558
0.0098584
0.00986118
0.00986391
0.00986659
0.00986922
0.0098718
0.00987433
0.0098768
0.00987922
0.00988158
0.00988388
0.00988612
0.0098883
0.00989041
0.00989245
0.00989443
0.00989633
0.00989815
0.0098999
0.00990158
0.00990317
0.00990468
0.0099061
0.00990745
0.00990868
0.00990991
0.00991047
0.00765447
0.00384129
0.0039599
0.0050637
0.00617752
0.00710148
0.0078361
0.00841791
0.00888249
0.00925803
0.00956562
0.00982082
0.0100351
0.0102171
0.0103732
0.0105082
0.0106262
0.0107298
0.0108217
0.0109035
0.0109769
0.011043
0.0111029
0.0111574
0.0112072
0.011253
0.0112951
0.0113342
0.0113704
0.0114041
0.0114355
0.011465
0.0114926
0.0115185
0.0115428
0.0115657
0.0115873
0.0116076
0.0116268
0.011645
0.0116621
0.0116784
0.0116938
0.0117084
0.0117224
0.0117356
0.0117483
0.0117603
0.0117719
0.011783
0.0117936
0.0118038
0.0118137
0.0118231
0.0118323
0.0118412
0.0118497
0.0118581
0.0118661
0.011874
0.0118816
0.0118891
0.0118963
0.0119034
0.0119103
0.0119171
0.0119237
0.0119302
0.0119365
0.0119427
0.0119488
0.0119548
0.0119606
0.0119664
0.011972
0.0119775
0.0119829
0.0119882
0.0119934
0.0119985
0.0120035
0.0120084
0.0120133
0.0120181
0.0120227
0.0120274
0.0120319
0.0120363
0.0120407
0.012045
0.0120492
0.0120534
0.0120574
0.0120614
0.0120653
0.0120692
0.0120729
0.0120766
0.0120802
0.0120837
0.0120871
0.0120905
0.0120938
0.0120969
0.0121
0.012103
0.0121059
0.0121087
0.0121114
0.012114
0.0121165
0.0121189
0.0121212
0.0121234
0.0121254
0.0121274
0.0121292
0.0121309
0.0121325
0.0121339
0.0121353
0.0121358
0.0113266
0.00551803
0.00435849
0.00510578
0.00628855
0.00740978
0.00836168
0.0091471
0.00979278
0.0103264
0.0107711
0.0111453
0.0114634
0.0117362
0.0119723
0.0121782
0.0123592
0.0125193
0.0126619
0.0127896
0.0129046
0.0130087
0.0131033
0.0131897
0.0132689
0.0133418
0.0134092
0.0134716
0.0135296
0.0135837
0.0136343
0.0136816
0.013726
0.0137678
0.0138071
0.0138441
0.013879
0.0139119
0.013943
0.0139725
0.0140004
0.0140268
0.0140518
0.0140756
0.0140983
0.0141198
0.0141404
0.01416
0.0141787
0.0141967
0.0142139
0.0142304
0.0142463
0.0142616
0.0142763
0.0142905
0.0143042
0.0143174
0.0143303
0.0143427
0.0143548
0.0143665
0.0143778
0.0143889
0.0143996
0.0144101
0.0144203
0.0144303
0.01444
0.0144495
0.0144587
0.0144678
0.0144766
0.0144852
0.0144936
0.0145018
0.0145098
0.0145176
0.0145253
0.0145328
0.0145402
0.0145474
0.0145544
0.0145613
0.0145681
0.0145747
0.0145811
0.0145875
0.0145937
0.0145998
0.0146057
0.0146115
0.0146172
0.0146228
0.0146282
0.0146335
0.0146387
0.0146438
0.0146487
0.0146535
0.0146581
0.0146627
0.0146671
0.0146714
0.0146755
0.0146795
0.0146833
0.0146871
0.0146906
0.014694
0.0146973
0.0147004
0.0147033
0.0147061
0.0147087
0.0147111
0.0147134
0.0147154
0.0147174
0.0147191
0.0147207
0.0147212
0.0157248
0.0083437
0.00547916
0.00531275
0.00627167
0.00748282
0.00862975
0.00963244
0.0104877
0.0112134
0.0118305
0.0123582
0.0128125
0.0132064
0.0135503
0.0138528
0.0141205
0.0143588
0.0145721
0.0147641
0.0149378
0.0150955
0.0152395
0.0153713
0.0154925
0.0156044
0.0157079
0.015804
0.0158936
0.0159772
0.0160554
0.0161287
0.0161976
0.0162624
0.0163235
0.0163811
0.0164355
0.0164869
0.0165356
0.0165817
0.0166253
0.0166667
0.0167061
0.0167435
0.016779
0.0168129
0.0168452
0.0168761
0.0169056
0.0169338
0.0169608
0.0169868
0.0170117
0.0170356
0.0170586
0.0170808
0.0171022
0.0171228
0.0171428
0.0171621
0.0171808
0.0171989
0.0172164
0.0172334
0.0172499
0.0172659
0.0172815
0.0172967
0.0173114
0.0173258
0.0173398
0.0173534
0.0173667
0.0173796
0.0173921
0.0174044
0.0174163
0.017428
0.0174393
0.0174504
0.0174612
0.0174717
0.0174821
0.0174921
0.0175019
0.0175115
0.0175209
0.01753
0.017539
0.0175477
0.0175562
0.0175645
0.0175726
0.0175805
0.0175882
0.0175957
0.017603
0.01761
0.017617
0.0176237
0.0176302
0.0176365
0.0176426
0.0176484
0.0176541
0.0176596
0.0176649
0.0176699
0.0176747
0.0176793
0.0176837
0.0176879
0.0176918
0.0176954
0.0176988
0.017702
0.0177049
0.0177076
0.01771
0.0177121
0.017714
0.0177146
0.0204365
0.0122987
0.00781878
0.0061763
0.00638132
0.00739745
0.00862145
0.00980678
0.0108762
0.0118169
0.0126375
0.0133529
0.0139782
0.0145273
0.0150118
0.0154416
0.0158248
0.0161683
0.0164775
0.0167573
0.0170115
0.0172433
0.0174556
0.0176507
0.0178306
0.017997
0.0181514
0.0182951
0.0184291
0.0185544
0.0186719
0.0187822
0.018886
0.0189837
0.0190759
0.0191631
0.0192455
0.0193234
0.0193973
0.0194674
0.0195339
0.0195971
0.0196571
0.0197143
0.0197687
0.0198206
0.0198701
0.0199174
0.0199626
0.0200059
0.0200473
0.0200871
0.0201253
0.020162
0.0201973
0.0202312
0.020264
0.0202955
0.020326
0.0203554
0.0203839
0.0204114
0.020438
0.0204639
0.0204889
0.0205131
0.0205367
0.0205596
0.0205818
0.0206034
0.0206244
0.0206448
0.0206646
0.0206839
0.0207027
0.0207209
0.0207387
0.0207559
0.0207727
0.0207891
0.0208051
0.0208206
0.0208358
0.0208505
0.0208649
0.0208789
0.0208926
0.0209059
0.0209189
0.0209316
0.0209439
0.0209559
0.0209676
0.0209789
0.02099
0.0210007
0.0210112
0.0210213
0.0210312
0.0210407
0.02105
0.0210589
0.0210676
0.0210759
0.0210839
0.0210916
0.021099
0.0211061
0.0211128
0.0211192
0.0211253
0.021131
0.0211364
0.0211414
0.0211461
0.0211504
0.0211543
0.0211578
0.021161
0.0211638
0.0211663
0.0211671
0.024966
0.017029
0.011559
0.00833441
0.00718515
0.00746836
0.008455
0.00967288
0.0108973
0.0120408
0.0130773
0.0140053
0.014833
0.0155712
0.0162309
0.0168222
0.0173542
0.0178345
0.01827
0.0186661
0.0190279
0.0193594
0.0196641
0.0199452
0.0202052
0.0204464
0.0206707
0.02088
0.0210756
0.0212588
0.0214309
0.0215927
0.0217452
0.0218891
0.0220251
0.0221537
0.0222755
0.022391
0.0225006
0.0226047
0.0227037
0.0227978
0.0228874
0.0229728
0.0230542
0.0231319
0.0232061
0.023277
0.0233449
0.0234099
0.0234723
0.0235321
0.0235895
0.0236447
0.0236977
0.0237488
0.023798
0.0238455
0.0238913
0.0239355
0.0239782
0.0240195
0.0240595
0.0240981
0.0241356
0.0241719
0.0242071
0.0242413
0.0242745
0.0243066
0.0243379
0.0243683
0.0243978
0.0244264
0.0244543
0.0244814
0.0245077
0.0245333
0.0245581
0.0245823
0.0246059
0.0246288
0.0246511
0.0246728
0.024694
0.0247145
0.0247346
0.0247541
0.0247731
0.0247916
0.0248095
0.024827
0.0248441
0.0248606
0.0248767
0.0248923
0.0249075
0.0249222
0.0249364
0.0249502
0.0249636
0.0249765
0.024989
0.0250009
0.0250125
0.0250236
0.0250342
0.0250443
0.0250539
0.0250631
0.0250718
0.0250799
0.0250876
0.0250947
0.0251013
0.0251074
0.0251129
0.0251179
0.0251224
0.0251263
0.0251297
0.0251311
0.0288721
0.0219727
0.0163572
0.0121026
0.00944208
0.00839318
0.00856599
0.00943681
0.0106072
0.0118514
0.0130626
0.0141965
0.0152393
0.0161903
0.0170549
0.0178406
0.0185555
0.0192071
0.0198026
0.0203481
0.0208492
0.0213109
0.0217373
0.0221322
0.0224989
0.0228402
0.0231586
0.0234564
0.0237355
0.0239975
0.024244
0.0244763
0.0246956
0.0249029
0.0250991
0.025285
0.0254614
0.025629
0.0257882
0.0259397
0.026084
0.0262214
0.0263524
0.0264775
0.0265969
0.026711
0.0268201
0.0269246
0.0270246
0.0271205
0.0272125
0.0273009
0.0273857
0.0274673
0.0275458
0.0276214
0.0276943
0.0277646
0.0278324
0.0278978
0.0279611
0.0280222
0.0280814
0.0281386
0.0281941
0.0282478
0.0282999
0.0283504
0.0283993
0.0284469
0.0284931
0.0285379
0.0285815
0.0286237
0.0286648
0.0287047
0.0287435
0.0287812
0.0288179
0.0288535
0.0288882
0.0289219
0.0289547
0.0289866
0.0290177
0.0290479
0.0290773
0.0291059
0.0291337
0.0291608
0.0291872
0.0292128
0.0292377
0.0292619
0.0292854
0.0293082
0.0293304
0.0293519
0.0293727
0.0293929
0.0294124
0.0294312
0.0294493
0.0294668
0.0294836
0.0294998
0.0295152
0.02953
0.0295441
0.0295574
0.02957
0.0295819
0.0295931
0.0296035
0.0296132
0.029622
0.0296302
0.0296375
0.029644
0.0296497
0.0296548
0.0296572
0.0318859
0.0265354
0.0215162
0.0170871
0.0134893
0.0110289
0.00983786
0.0097379
0.0103766
0.011418
0.0126294
0.0138773
0.0150935
0.0162465
0.0173241
0.0183238
0.0192482
0.0201018
0.0208901
0.0216189
0.0222936
0.0229193
0.0235006
0.0240417
0.0245465
0.0250182
0.0254599
0.0258743
0.0262637
0.0266305
0.0269763
0.027303
0.027612
0.0279047
0.0281824
0.028446
0.0286966
0.028935
0.0291621
0.0293784
0.0295848
0.0297818
0.0299699
0.0301498
0.0303218
0.0304864
0.030644
0.0307952
0.0309401
0.0310791
0.0312127
0.0313411
0.0314645
0.0315833
0.0316976
0.0318079
0.0319141
0.0320166
0.0321156
0.0322112
0.0323036
0.032393
0.0324794
0.0325631
0.0326442
0.0327228
0.0327989
0.0328728
0.0329444
0.033014
0.0330815
0.0331471
0.0332108
0.0332727
0.0333328
0.0333912
0.033448
0.0335032
0.0335568
0.033609
0.0336598
0.0337091
0.0337571
0.0338039
0.0338493
0.0338935
0.0339366
0.0339785
0.0340192
0.0340589
0.0340974
0.0341349
0.0341714
0.0342068
0.0342413
0.0342747
0.0343072
0.0343386
0.0343691
0.0343987
0.0344272
0.0344549
0.0344815
0.0345072
0.0345319
0.0345556
0.0345783
0.0346
0.0346207
0.0346404
0.0346591
0.0346767
0.0346932
0.0347087
0.034723
0.0347363
0.0347484
0.0347595
0.0347694
0.0347781
0.0347859
0.0347903
0.0339568
0.0302574
0.0262964
0.0224018
0.0187493
0.0155657
0.0131349
0.01166
0.0111401
0.0113925
0.0121663
0.0132379
0.014448
0.0156984
0.0169334
0.0181236
0.0192548
0.0203216
0.0213231
0.0222613
0.0231394
0.0239613
0.0247308
0.0254521
0.0261289
0.0267647
0.0273628
0.0279263
0.0284579
0.0289601
0.0294352
0.0298852
0.0303121
0.0307174
0.0311027
0.0314694
0.0318187
0.0321518
0.0324696
0.032773
0.0330631
0.0333404
0.0336058
0.03386
0.0341035
0.034337
0.0345609
0.0347759
0.0349824
0.0351808
0.0353717
0.0355553
0.035732
0.0359023
0.0360664
0.0362247
0.0363775
0.036525
0.0366675
0.0368052
0.0369384
0.0370673
0.0371921
0.0373129
0.03743
0.0375436
0.0376536
0.0377605
0.0378641
0.0379648
0.0380625
0.0381575
0.0382498
0.0383395
0.0384266
0.0385114
0.0385938
0.0386739
0.0387518
0.0388276
0.0389014
0.0389731
0.039043
0.0391109
0.0391771
0.0392415
0.0393041
0.0393651
0.0394245
0.0394823
0.0395385
0.0395932
0.0396464
0.0396982
0.0397485
0.0397973
0.0398448
0.0398908
0.0399354
0.0399787
0.0400206
0.0400611
0.0401002
0.0401379
0.0401742
0.0402092
0.0402427
0.0402748
0.0403054
0.0403346
0.0403622
0.0403884
0.0404131
0.0404362
0.0404578
0.0404778
0.0404963
0.0405131
0.0405284
0.0405419
0.0405541
0.0405621
0.0352156
0.0329264
0.0301548
0.0271692
0.0241079
0.0210829
0.0182539
0.0158401
0.0140585
0.0130305
0.012737
0.0130508
0.0138009
0.0148263
0.0160022
0.0172434
0.018496
0.0197278
0.0209204
0.0220639
0.0231539
0.0241891
0.0251702
0.026099
0.0269781
0.0278101
0.0285978
0.0293441
0.0300517
0.0307232
0.031361
0.0319674
0.0325445
0.0330942
0.0336182
0.0341183
0.0345959
0.0350524
0.035489
0.0359069
0.0363072
0.0366908
0.0370587
0.0374117
0.0377505
0.038076
0.0383889
0.0386897
0.0389791
0.0392577
0.039526
0.0397845
0.0400337
0.0402742
0.0405062
0.0407302
0.0409467
0.0411559
0.0413582
0.0415539
0.0417433
0.0419268
0.0421045
0.0422768
0.0424438
0.0426059
0.0427631
0.0429158
0.043064
0.043208
0.0433479
0.043484
0.0436163
0.0437449
0.04387
0.0439917
0.04411
0.0442252
0.0443374
0.0444465
0.0445527
0.0446561
0.0447568
0.0448549
0.0449504
0.0450434
0.045134
0.0452222
0.0453081
0.0453918
0.0454732
0.0455525
0.0456297
0.0457048
0.0457778
0.0458488
0.0459178
0.0459848
0.0460499
0.046113
0.0461741
0.0462333
0.0462905
0.0463457
0.046399
0.0464503
0.0464996
0.0465469
0.0465921
0.0466353
0.0466763
0.0467153
0.0467521
0.0467868
0.0468193
0.0468496
0.0468776
0.0469035
0.046927
0.0469482
0.0469675
0.0469815
0.0358864
0.034593
0.0328633
0.0308401
0.0286213
0.0262674
0.0238358
0.0214144
0.0191386
0.0171788
0.0156958
0.0147878
0.0144645
0.0146594
0.0152639
0.0161609
0.0172464
0.01844
0.0196844
0.0209414
0.0221859
0.0234025
0.0245816
0.025718
0.0268092
0.0278545
0.0288543
0.0298098
0.0307225
0.0315944
0.0324272
0.0332232
0.0339842
0.0347121
0.0354087
0.0360758
0.036715
0.0373278
0.0379157
0.0384799
0.0390218
0.0395424
0.0400428
0.0405241
0.0409873
0.0414331
0.0418625
0.0422762
0.042675
0.0430596
0.0434307
0.0437889
0.0441348
0.0444689
0.0447919
0.0451041
0.0454062
0.0456986
0.0459816
0.0462558
0.0465215
0.046779
0.0470288
0.0472711
0.0475062
0.0477345
0.0479563
0.0481717
0.0483811
0.0485846
0.0487826
0.0489752
0.0491626
0.049345
0.0495225
0.0496953
0.0498635
0.0500274
0.0501869
0.0503424
0.0504938
0.0506414
0.0507852
0.0509253
0.0510618
0.0511949
0.0513246
0.051451
0.0515742
0.0516943
0.0518113
0.0519252
0.0520362
0.0521443
0.0522496
0.052352
0.0524516
0.0525484
0.0526425
0.0527338
0.0528224
0.0529083
0.0529914
0.0530718
0.0531494
0.0532243
0.0532964
0.0533657
0.0534321
0.0534956
0.0535563
0.0536139
0.0536687
0.0537204
0.0537691
0.0538147
0.0538572
0.0538966
0.0539328
0.0539659
0.0539961
0.05402
0.0361963
0.0354884
0.0345011
0.0332718
0.0318469
0.0302605
0.0285351
0.0266917
0.024764
0.0228125
0.0209309
0.0192398
0.0178631
0.0168966
0.0163857
0.0163216
0.0166534
0.0173069
0.0182017
0.0192644
0.020434
0.0216643
0.0229216
0.0241827
0.0254314
0.0266569
0.027852
0.0290125
0.0301357
0.0312207
0.0322671
0.0332754
0.0342464
0.0351811
0.0360807
0.0369466
0.0377801
0.0385826
0.0393554
0.0400999
0.0408172
0.0415086
0.0421753
0.0428183
0.0434388
0.0440376
0.0446157
0.0451742
0.0457137
0.0462351
0.0467393
0.0472269
0.0476987
0.0481553
0.0485974
0.0490256
0.0494405
0.0498426
0.0502326
0.0506108
0.0509778
0.051334
0.0516798
0.0520158
0.0523422
0.0526594
0.0529679
0.0532678
0.0535597
0.0538437
0.0541201
0.0543893
0.0546514
0.0549068
0.0551556
0.0553981
0.0556344
0.0558647
0.0560891
0.0563079
0.0565213
0.0567295
0.0569325
0.0571304
0.0573235
0.0575119
0.0576956
0.0578749
0.0580497
0.0582202
0.0583865
0.0585487
0.0587067
0.0588608
0.0590109
0.0591572
0.0592995
0.0594381
0.0595729
0.0597039
0.0598311
0.0599545
0.0600742
0.0601901
0.0603023
0.0604106
0.060515
0.0606156
0.0607123
0.060805
0.0608937
0.0609784
0.0610589
0.0611354
0.0612077
0.0612757
0.0613396
0.0613991
0.0614544
0.0615052
0.0615521
0.0615913
0.0363185
0.0358964
0.035342
0.0346443
0.0338099
0.0328502
0.0317745
0.0305881
0.0292942
0.0278982
0.0264145
0.0248739
0.0233287
0.0218531
0.0205352
0.0194615
0.0187
0.018288
0.0182293
0.0184992
0.0190539
0.0198402
0.020804
0.0218958
0.0230737
0.0243048
0.0255638
0.0268323
0.0280966
0.0293472
0.030577
0.0317813
0.0329567
0.0341012
0.0352138
0.0362939
0.0373416
0.0383571
0.0393411
0.0402941
0.0412169
0.0421105
0.0429757
0.0438134
0.0446247
0.0454104
0.0461714
0.0469087
0.0476232
0.0483155
0.0489867
0.0496374
0.0502685
0.0508807
0.0514747
0.0520512
0.052611
0.0531545
0.0536824
0.0541954
0.054694
0.0551787
0.05565
0.0561084
0.0565545
0.0569886
0.0574112
0.0578227
0.0582236
0.0586141
0.0589947
0.0593656
0.0597273
0.06008
0.060424
0.0607596
0.0610871
0.0614066
0.0617183
0.0620224
0.0623193
0.0626091
0.062892
0.0631683
0.063438
0.0637014
0.0639586
0.0642096
0.0644548
0.0646941
0.0649277
0.0651557
0.0653782
0.0655953
0.065807
0.0660135
0.0662147
0.0664107
0.0666016
0.0667873
0.066968
0.0671435
0.0673139
0.0674791
0.0676392
0.0677941
0.0679438
0.0680882
0.0682273
0.068361
0.0684893
0.0686121
0.0687294
0.068841
0.0689471
0.0690474
0.069142
0.0692307
0.0693137
0.0693908
0.0694625
0.0695249
0.0363591
0.0360515
0.0357024
0.0352937
0.0348163
0.0342669
0.0336458
0.0329534
0.032189
0.0313505
0.0304344
0.0294384
0.0283636
0.0272185
0.0260225
0.0248094
0.0236274
0.0225355
0.0215963
0.0208663
0.020387
0.0201807
0.0202495
0.0205783
0.0211397
0.021899
0.0228189
0.0238634
0.0249998
0.0262003
0.0274423
0.0287082
0.0299841
0.0312598
0.0325274
0.0337809
0.0350159
0.036229
0.0374178
0.0385808
0.0397169
0.0408255
0.0419064
0.0429596
0.0439854
0.0449841
0.0459562
0.046902
0.0478223
0.0487175
0.0495885
0.0504357
0.05126
0.0520619
0.0528423
0.0536017
0.0543409
0.0550604
0.0557609
0.056443
0.0571073
0.0577544
0.0583848
0.0589992
0.0595979
0.0601816
0.0607508
0.0613059
0.0618474
0.0623757
0.0628912
0.0633944
0.0638857
0.0643653
0.0648338
0.0652913
0.0657382
0.0661748
0.0666014
0.0670182
0.0674255
0.0678234
0.0682122
0.0685924
0.0689639
0.0693271
0.0696821
0.0700291
0.0703682
0.0706996
0.0710235
0.0713399
0.0716489
0.0719508
0.0722455
0.0725332
0.0728139
0.0730876
0.0733545
0.0736144
0.0738675
0.0741138
0.0743532
0.0745857
0.0748113
0.07503
0.0752416
0.0754462
0.0756436
0.0758339
0.0760169
0.0761925
0.0763608
0.0765215
0.0766748
0.0768204
0.0769584
0.0770887
0.0772112
0.077326
0.0774335
0.0775301
0.0363702
0.0360998
0.0358287
0.035546
0.0352425
0.0349115
0.0345487
0.0341513
0.0337177
0.0332458
0.0327334
0.0321771
0.0315728
0.0309161
0.0302028
0.0294306
0.0286007
0.02772
0.0268034
0.025875
0.0249679
0.0241225
0.023382
0.0227875
0.0223733
0.0221625
0.0221666
0.022385
0.0228071
0.023415
0.0241857
0.0250941
0.0261147
0.0272235
0.0283986
0.0296216
0.0308769
0.0321518
0.0334363
0.0347227
0.0360046
0.0372772
0.0385367
0.0397799
0.0410046
0.0422088
0.0433911
0.0445507
0.0456869
0.0467993
0.0478878
0.0489525
0.0499934
0.0510109
0.0520052
0.0529767
0.0539257
0.0548527
0.0557581
0.0566425
0.0575062
0.0583497
0.0591737
0.0599786
0.0607649
0.0615332
0.0622839
0.0630175
0.0637346
0.0644355
0.0651206
0.0657906
0.0664456
0.0670862
0.0677127
0.0683256
0.0689251
0.0695116
0.0700855
0.0706471
0.0711966
0.0717343
0.0722604
0.0727752
0.073279
0.073772
0.0742545
0.0747267
0.0751887
0.0756407
0.0760829
0.0765154
0.0769384
0.0773519
0.077756
0.0781509
0.0785367
0.0789133
0.0792809
0.0796394
0.0799888
0.0803293
0.0806607
0.0809829
0.0812961
0.0816001
0.0818948
0.0821802
0.0824562
0.0827228
0.0829797
0.083227
0.0834646
0.0836923
0.0839102
0.084118
0.0843159
0.0845037
0.0846814
0.084849
0.0850072
0.0851524
0.0363726
0.0361118
0.0358643
0.0356247
0.0353882
0.0351497
0.0349053
0.0346516
0.0343862
0.034107
0.0338124
0.0335008
0.0331704
0.032819
0.0324439
0.032042
0.0316095
0.0311425
0.0306372
0.0300908
0.0295024
0.0288739
0.0282116
0.0275273
0.0268383
0.0261678
0.0255434
0.0249946
0.0245507
0.0242372
0.0240741
0.0240746
0.0242444
0.0245825
0.0250818
0.0257305
0.0265138
0.0274147
0.0284155
0.0294988
0.0306481
0.0318485
0.0330869
0.034352
0.0356346
0.0369269
0.0382227
0.0395171
0.0408059
0.0420859
0.0433545
0.0446093
0.0458486
0.0470709
0.048275
0.04946
0.0506252
0.0517702
0.0528946
0.0539983
0.0550813
0.0561437
0.0571857
0.0582075
0.0592094
0.0601915
0.0611543
0.062098
0.0630229
0.0639294
0.0648177
0.0656883
0.0665415
0.0673776
0.068197
0.069
0.0697871
0.0705586
0.0713148
0.0720561
0.0727827
0.073495
0.0741932
0.0748776
0.0755483
0.0762055
0.0768495
0.0774804
0.0780987
0.0787043
0.0792975
0.0798784
0.0804471
0.0810038
0.0815485
0.0820814
0.0826026
0.083112
0.0836097
0.0840957
0.0845701
0.0850328
0.0854838
0.085923
0.0863504
0.0867659
0.0871694
0.0875608
0.0879401
0.0883071
0.0886618
0.0890039
0.0893336
0.0896506
0.0899549
0.0902464
0.0905251
0.090791
0.091044
0.0912842
0.0915123
0.0917255
0.036373
0.0361141
0.035872
0.0356439
0.0354272
0.0352191
0.0350173
0.0348192
0.0346229
0.0344266
0.0342287
0.034028
0.0338235
0.033614
0.0333987
0.0331765
0.0329461
0.0327063
0.0324551
0.0321905
0.0319101
0.031611
0.0312904
0.0309453
0.0305734
0.030173
0.0297441
0.0292888
0.0288122
0.0283226
0.0278322
0.0273566
0.0269142
0.0265251
0.0262095
0.0259866
0.0258726
0.0258802
0.0260177
0.0262892
0.0266946
0.0272299
0.0278883
0.0286604
0.0295353
0.030501
0.0315451
0.0326553
0.0338199
0.035028
0.0362697
0.0375365
0.0388208
0.0401163
0.0414178
0.0427209
0.0440221
0.0453183
0.0466073
0.047887
0.0491557
0.050412
0.0516547
0.0528828
0.0540954
0.0552918
0.0564713
0.0576336
0.0587783
0.0599051
0.061014
0.062105
0.0631781
0.0642333
0.0652709
0.066291
0.0672938
0.0682795
0.0692483
0.0702004
0.071136
0.0720552
0.0729584
0.0738455
0.0747168
0.0755724
0.0764124
0.0772368
0.0780458
0.0788395
0.079618
0.0803815
0.0811301
0.0818638
0.0825829
0.0832873
0.083977
0.0846522
0.0853127
0.0859587
0.08659
0.0872067
0.0878086
0.0883956
0.0889678
0.089525
0.0900671
0.0905939
0.0911055
0.0916017
0.0920823
0.0925473
0.0929967
0.0934303
0.0938481
0.0942501
0.0946361
0.0950064
0.0953607
0.0956993
0.096023
0.0963301
0.036373
0.0361144
0.0358731
0.0356473
0.035435
0.0352345
0.0350442
0.0348626
0.0346883
0.03452
0.0343566
0.0341972
0.0340406
0.0338863
0.0337335
0.0335815
0.03343
0.0332783
0.0331261
0.0329727
0.0328178
0.0326606
0.0325003
0.0323361
0.0321666
0.0319907
0.0318066
0.0316125
0.0314065
0.0311866
0.0309508
0.0306976
0.0304261
0.0301364
0.0298298
0.0295097
0.0291811
0.0288517
0.028531
0.0282309
0.0279644
0.0277453
0.0275875
0.027504
0.0275062
0.0276032
0.0278018
0.0281061
0.0285177
0.0290356
0.0296568
0.0303764
0.031188
0.0320842
0.0330566
0.0340967
0.0351957
0.0363449
0.037536
0.0387613
0.0400137
0.0412867
0.0425746
0.0438726
0.0451765
0.0464827
0.0477883
0.0490908
0.0503882
0.0516788
0.0529612
0.0542343
0.0554969
0.0567482
0.0579875
0.0592139
0.060427
0.061626
0.0628106
0.0639803
0.0651346
0.0662734
0.0673962
0.0685029
0.0695934
0.0706675
0.0717251
0.0727662
0.0737907
0.0747985
0.0757896
0.0767639
0.0777212
0.0786614
0.0795847
0.080491
0.0813803
0.0822525
0.0831075
0.0839452
0.0847656
0.0855685
0.0863537
0.0871213
0.087871
0.0886027
0.0893164
0.0900118
0.090689
0.0913478
0.0919882
0.09261
0.0932133
0.093798
0.094364
0.0949115
0.0954404
0.0959507
0.0964425
0.0969159
0.097372
0.09781
0.0363729
0.0361143
0.0358731
0.0356476
0.035436
0.0352369
0.0350488
0.0348708
0.0347016
0.0345405
0.0343865
0.0342388
0.0340968
0.0339597
0.0338271
0.0336984
0.0335731
0.0334509
0.0333314
0.0332143
0.0330994
0.0329864
0.0328751
0.0327653
0.032657
0.0325498
0.0324436
0.0323381
0.032233
0.032128
0.0320224
0.0319158
0.0318073
0.0316961
0.0315812
0.0314614
0.0313354
0.031202
0.03106
0.0309082
0.030746
0.0305731
0.0303899
0.0301978
0.0299993
0.029798
0.0295992
0.0294093
0.029236
0.0290878
0.0289743
0.0289047
0.0288885
0.0289342
0.0290494
0.0292406
0.0295125
0.0298684
0.03031
0.0308376
0.0314498
0.0321443
0.0329175
0.0337649
0.0346815
0.0356615
0.036699
0.0377876
0.0389213
0.0400938
0.0412992
0.0425319
0.0437866
0.0450585
0.0463432
0.0476369
0.048936
0.0502377
0.0515393
0.0528386
0.0541339
0.0554234
0.0567059
0.0579803
0.0592455
0.0605008
0.0617455
0.0629787
0.0642
0.0654087
0.0666042
0.0677861
0.0689536
0.0701063
0.0712436
0.0723647
0.0734689
0.0745562
0.0756261
0.0766783
0.0777127
0.0787289
0.0797267
0.0807059
0.0816663
0.0826078
0.0835302
0.0844334
0.0853174
0.0861821
0.0870273
0.0878531
0.0886594
0.0894461
0.0902132
0.0909607
0.0916885
0.0923968
0.0930853
0.0937544
0.0944048
0.0950361
0.0363728
0.0361141
0.035873
0.0356475
0.0354359
0.0352369
0.0350492
0.0348717
0.0347034
0.0345435
0.0343913
0.0342461
0.0341073
0.0339743
0.0338467
0.0337239
0.0336057
0.0334917
0.0333814
0.0332747
0.0331712
0.0330707
0.032973
0.032878
0.0327854
0.0326952
0.0326072
0.0325214
0.0324377
0.0323561
0.0322764
0.0321988
0.0321231
0.0320494
0.0319776
0.0319077
0.0318395
0.031773
0.031708
0.0316444
0.0315817
0.0315198
0.0314581
0.0313962
0.0313334
0.0312692
0.0312027
0.0311333
0.0310603
0.0309831
0.0309011
0.0308141
0.0307222
0.0306261
0.0305269
0.0304265
0.0303273
0.0302329
0.0301475
0.030076
0.0300241
0.0299978
0.0300034
0.0300474
0.030136
0.030275
0.0304696
0.0307244
0.0310429
0.0314278
0.031881
0.0324033
0.0329946
0.033654
0.0343799
0.03517
0.0360213
0.0369306
0.0378939
0.0389073
0.0399664
0.041067
0.0422044
0.0433743
0.0445725
0.0457946
0.0470368
0.0482954
0.0495668
0.0508479
0.0521357
0.0534277
0.0547215
0.0560152
0.0573068
0.0585948
0.059878
0.0611549
0.0624242
0.063685
0.0649366
0.0661784
0.0674098
0.0686305
0.0698398
0.0710374
0.0722228
0.0733955
0.074555
0.0757008
0.0768324
0.0779492
0.0790508
0.0801365
0.0812057
0.082258
0.0832928
0.0843094
0.0853074
0.0862864
0.0872463
0.0881853
0.0363728
0.0361141
0.0358729
0.0356474
0.0354358
0.0352368
0.0350491
0.0348716
0.0347034
0.0345437
0.0343917
0.0342468
0.0341085
0.0339761
0.0338494
0.0337277
0.0336109
0.0334984
0.0333901
0.0332856
0.0331847
0.0330872
0.0329928
0.0329013
0.0328125
0.0327264
0.0326427
0.0325613
0.0324821
0.0324051
0.0323301
0.032257
0.0321859
0.0321167
0.0320493
0.0319837
0.03192
0.0318582
0.0317983
0.0317403
0.0316844
0.0316305
0.0315788
0.0315294
0.0314823
0.0314375
0.0313953
0.0313557
0.0313187
0.0312844
0.0312529
0.031224
0.0311979
0.0311744
0.0311535
0.031135
0.0311188
0.0311045
0.0310921
0.0310813
0.0310718
0.0310636
0.0310564
0.0310503
0.0310456
0.0310426
0.0310421
0.0310452
0.0310534
0.0310686
0.0310932
0.0311301
0.0311828
0.031255
0.0313508
0.0314748
0.0316314
0.0318253
0.0320609
0.0323426
0.0326745
0.03306
0.0335024
0.0340042
0.0345674
0.0351936
0.0358837
0.0366378
0.0374557
0.0383367
0.0392795
0.0402823
0.041343
0.0424591
0.0436276
0.0448456
0.0461096
0.0474161
0.0487614
0.0501416
0.0515529
0.0529912
0.0544528
0.0559338
0.0574302
0.0589385
0.060455
0.0619763
0.0634991
0.0650202
0.0665367
0.0680457
0.0695446
0.0710311
0.0725027
0.0739576
0.0753936
0.0768092
0.0782027
0.0795727
0.0809181
0.0822346
0.0363728
0.0361141
0.0358729
0.0356474
0.0354358
0.0352368
0.0350491
0.0348716
0.0347034
0.0345437
0.0343917
0.0342468
0.0341085
0.0339761
0.0338494
0.0337277
0.0336109
0.0334984
0.0333901
0.0332856
0.0331847
0.0330872
0.0329927
0.0329012
0.0328125
0.0327264
0.0326427
0.0325613
0.0324821
0.0324051
0.0323301
0.032257
0.0321859
0.0321166
0.0320492
0.0319837
0.03192
0.0318582
0.0317982
0.0317403
0.0316843
0.0316305
0.0315788
0.0315293
0.0314822
0.0314374
0.0313952
0.0313555
0.0313185
0.0312842
0.0312526
0.0312238
0.0311976
0.0311741
0.0311532
0.0311347
0.0311184
0.0311042
0.0310918
0.031081
0.0310716
0.0310635
0.0310565
0.0310507
0.0310462
0.0310437
0.0310437
0.0310475
0.0310565
0.0310726
0.0310984
0.0311367
0.031191
0.031265
0.031363
0.0314894
0.0316487
0.0318456
0.0320846
0.03237
0.0327059
0.0330957
0.0335427
0.0340495
0.0346179
0.0352496
0.0359453
0.0367053
0.0375292
0.0384164
0.0393654
0.0403744
0.0414414
0.0425637
0.0437384
0.0449624
0.0462324
0.0475446
0.0488955
0.050281
0.0516974
0.0531407
0.054607
0.0560923
0.057593
0.0591052
0.0606254
0.0621502
0.0636762
0.0652004
0.0667197
0.0682314
0.0697328
0.0712216
0.0726954
0.0741523
0.0755903
0.0770077
0.0784029
0.0797745
0.0811215
0.0824394
0.0363728
0.0361141
0.035873
0.0356475
0.0354359
0.0352369
0.0350492
0.0348717
0.0347034
0.0345435
0.0343913
0.0342461
0.0341073
0.0339743
0.0338466
0.0337239
0.0336057
0.0334916
0.0333814
0.0332746
0.0331711
0.0330706
0.0329729
0.0328778
0.0327853
0.032695
0.032607
0.0325212
0.0324375
0.0323558
0.0322761
0.0321985
0.0321228
0.032049
0.0319772
0.0319072
0.031839
0.0317724
0.0317073
0.0316436
0.0315808
0.0315187
0.0314569
0.0313948
0.0313318
0.0312673
0.0312007
0.031131
0.0310577
0.0309802
0.0308979
0.0308107
0.0307186
0.0306224
0.0305232
0.0304228
0.030324
0.0302302
0.0301456
0.0300752
0.0300247
0.0300002
0.0300081
0.0300548
0.0301465
0.030289
0.0304877
0.0307469
0.0310703
0.0314606
0.0319195
0.0324478
0.0330456
0.0337117
0.0344447
0.035242
0.0361009
0.0370178
0.0379891
0.0390105
0.0400777
0.0411865
0.0423321
0.0435104
0.0447168
0.0459473
0.0471978
0.0484646
0.0497442
0.0510334
0.0523294
0.0536294
0.0549312
0.0562328
0.0575323
0.0588281
0.060119
0.0614036
0.0626804
0.0639487
0.0652077
0.0664569
0.0676957
0.0689236
0.0701401
0.0713447
0.0725371
0.0737166
0.0748829
0.0760353
0.0771735
0.0782968
0.0794046
0.0804965
0.0815718
0.08263
0.0836706
0.0846928
0.0856963
0.0866806
0.0876458
0.0885898
0.0363729
0.0361143
0.0358731
0.0356476
0.035436
0.0352369
0.0350488
0.0348708
0.0347016
0.0345405
0.0343864
0.0342387
0.0340967
0.0339596
0.033827
0.0336982
0.0335729
0.0334506
0.0333311
0.0332139
0.0330989
0.0329858
0.0328744
0.0327646
0.0326561
0.0325488
0.0324424
0.0323368
0.0322315
0.0321263
0.0320205
0.0319136
0.0318048
0.0316932
0.0315778
0.0314575
0.031331
0.031197
0.0310543
0.0309018
0.0307388
0.0305651
0.0303811
0.0301883
0.0299892
0.0297876
0.0295886
0.0293988
0.029226
0.0290788
0.0289667
0.028899
0.0288852
0.0289337
0.0290523
0.0292473
0.0295233
0.0298838
0.0303303
0.0308629
0.0314805
0.0321805
0.0329593
0.0338126
0.034735
0.0357209
0.0367643
0.0378588
0.0389984
0.0401768
0.041388
0.0426265
0.0438869
0.0451645
0.0464549
0.0477542
0.0490589
0.0503662
0.0516733
0.0529782
0.054279
0.0555741
0.0568622
0.0581422
0.0594132
0.0606742
0.0619247
0.0631638
0.064391
0.0656057
0.0668072
0.0679952
0.0691689
0.0703278
0.0714713
0.0725986
0.0737093
0.0748029
0.0758793
0.076938
0.0779789
0.0790017
0.0800061
0.080992
0.0819591
0.0829073
0.0838364
0.0847464
0.0856371
0.0865085
0.0873604
0.0881929
0.0890058
0.0897991
0.0905727
0.0913267
0.092061
0.0927756
0.0934704
0.0941457
0.0948022
0.0954395
0.036373
0.0361144
0.0358731
0.0356473
0.035435
0.0352345
0.0350441
0.0348625
0.0346881
0.0345198
0.0343564
0.0341968
0.0340401
0.0338856
0.0337326
0.0335805
0.0334287
0.0332768
0.0331243
0.0329707
0.0328154
0.0326578
0.0324971
0.0323323
0.0321623
0.0319857
0.0318008
0.0316059
0.0313989
0.0311779
0.0309409
0.0306864
0.0304136
0.0301225
0.0298146
0.0294932
0.0291637
0.0288336
0.0285128
0.0282129
0.0279473
0.0277299
0.0275743
0.0274937
0.0274993
0.0276002
0.0278031
0.0281121
0.0285286
0.0290515
0.0296778
0.0304025
0.0312191
0.0321201
0.0330974
0.0341421
0.0352455
0.0363991
0.0375943
0.0388236
0.0400798
0.0413565
0.0426481
0.0439497
0.045257
0.0465667
0.0478757
0.0491815
0.0504823
0.0517763
0.0530621
0.0543385
0.0556046
0.0568594
0.0581021
0.0593321
0.0605488
0.0617515
0.0629397
0.0641131
0.0652712
0.0664138
0.0675405
0.0686512
0.0697456
0.0708238
0.0718855
0.0729308
0.0739596
0.0749718
0.0759673
0.076946
0.0779079
0.0788528
0.0797808
0.0806919
0.0815861
0.0824632
0.0833233
0.0841661
0.0849916
0.0857997
0.0865903
0.0873631
0.0881182
0.0888554
0.0895745
0.0902754
0.0909581
0.0916225
0.0922684
0.0928958
0.0935046
0.0940948
0.0946664
0.0952194
0.0957537
0.0962694
0.0967666
0.0972454
0.0977067
0.0981498
0.036373
0.0361141
0.035872
0.0356439
0.0354271
0.035219
0.0350169
0.0348187
0.0346222
0.0344255
0.0342273
0.0340263
0.0338212
0.0336112
0.0333953
0.0331724
0.0329413
0.0327006
0.0324484
0.0321827
0.0319009
0.0316004
0.0312782
0.0309313
0.0305574
0.0301549
0.0297239
0.0292666
0.0287881
0.0282971
0.0278058
0.02733
0.0268882
0.0265007
0.0261877
0.0259682
0.0258585
0.0258709
0.0260137
0.0262909
0.0267019
0.0272429
0.0279067
0.028684
0.0295638
0.030534
0.0315821
0.032696
0.0338639
0.035075
0.0363194
0.0375886
0.0388751
0.0401727
0.0414761
0.042781
0.0440839
0.0453818
0.0466725
0.0479538
0.0492242
0.0504822
0.0517266
0.0529564
0.0541707
0.0553688
0.0565502
0.0577142
0.0588608
0.0599895
0.0611004
0.0621933
0.0632684
0.0643257
0.0653655
0.0663878
0.0673929
0.0683809
0.0693521
0.0703067
0.0712448
0.0721667
0.0730725
0.0739624
0.0748365
0.0756949
0.0765379
0.0773653
0.0781773
0.0789741
0.0797558
0.0805226
0.0812746
0.0820118
0.0827344
0.0834423
0.0841357
0.0848146
0.0854789
0.0861287
0.086764
0.0873846
0.0879905
0.0885817
0.089158
0.0897193
0.0902656
0.0907967
0.0913125
0.091813
0.0922979
0.0927673
0.093221
0.0936589
0.094081
0.0944873
0.0948776
0.0952521
0.0956107
0.0959534
0.0962813
0.0965924
0.0363726
0.0361118
0.0358641
0.0356245
0.0353876
0.0351488
0.0349038
0.0346496
0.0343834
0.0341033
0.0338076
0.0334948
0.033163
0.03281
0.0324332
0.0320293
0.0315946
0.0311251
0.0306171
0.0300679
0.0294764
0.0288449
0.02818
0.0274934
0.026803
0.0261322
0.0255087
0.0249623
0.024522
0.0242133
0.0240561
0.0240632
0.0242399
0.024585
0.025091
0.0257461
0.0265352
0.0274412
0.0284465
0.0295336
0.030686
0.031889
0.0331294
0.0343961
0.0356799
0.0369731
0.0382697
0.0395647
0.0408539
0.0421344
0.0434032
0.0446583
0.0458979
0.0471205
0.0483249
0.0495102
0.0506757
0.051821
0.0529457
0.0540499
0.0551334
0.0561963
0.0572389
0.0582614
0.0592639
0.0602468
0.0612104
0.062155
0.0630808
0.0639882
0.0648776
0.0657493
0.0666036
0.067441
0.0682617
0.0690661
0.0698546
0.0706275
0.0713853
0.0721282
0.0728565
0.0735705
0.0742705
0.0749567
0.0756293
0.0762885
0.0769345
0.0775676
0.0781879
0.0787958
0.0793913
0.0799746
0.0805457
0.0811049
0.0816522
0.0821877
0.0827115
0.0832237
0.0837242
0.0842131
0.0846904
0.0851561
0.0856101
0.0860524
0.0864829
0.0869015
0.0873082
0.0877028
0.0880853
0.0884556
0.0888135
0.089159
0.089492
0.0898123
0.0901199
0.0904147
0.0906967
0.0909659
0.0912221
0.0914655
0.0916967
0.0919131
0.0363701
0.0360996
0.0358282
0.0355449
0.0352404
0.0349082
0.0345439
0.0341448
0.0337091
0.033235
0.0327199
0.0321608
0.0315533
0.0308931
0.0301759
0.0293997
0.0285656
0.0276812
0.0267614
0.0258308
0.0249231
0.0240788
0.0233414
0.022752
0.0223443
0.0221414
0.0221538
0.0223807
0.022811
0.0234265
0.024204
0.0251181
0.0261435
0.0272559
0.028434
0.029659
0.0309156
0.0321914
0.0334764
0.0347628
0.0360445
0.0373167
0.0385755
0.0398181
0.0410419
0.0422453
0.0434268
0.0445855
0.0457209
0.0468325
0.0479202
0.0489842
0.0500245
0.0510414
0.0520351
0.0530062
0.0539548
0.0548815
0.0557866
0.0566707
0.0575343
0.0583778
0.0592017
0.0600067
0.0607931
0.0615616
0.0623125
0.0630465
0.0637638
0.0644652
0.0651508
0.0658213
0.0664769
0.0671182
0.0677454
0.068359
0.0689594
0.0695468
0.0701216
0.0706842
0.0712348
0.0717736
0.0723009
0.0728169
0.073322
0.0738163
0.0743003
0.0747739
0.0752374
0.075691
0.0761348
0.0765689
0.0769936
0.0774089
0.0778149
0.0782117
0.0785994
0.0789781
0.0793477
0.0797083
0.08006
0.0804026
0.0807363
0.0810609
0.0813764
0.0816828
0.0819799
0.0822678
0.0825463
0.0828153
0.0830748
0.0833246
0.0835648
0.083795
0.0840155
0.0842259
0.0844263
0.0846167
0.0847969
0.084967
0.0851276
0.0852752
0.0363589
0.0360506
0.0357003
0.0352898
0.03481
0.0342577
0.0336332
0.032937
0.0321685
0.0313253
0.0304043
0.0294031
0.028323
0.0271727
0.0259725
0.0247565
0.0235737
0.0224835
0.0215488
0.0208257
0.0203552
0.0201589
0.0202379
0.0205765
0.0211468
0.0219138
0.0228401
0.0238895
0.0250295
0.0262326
0.0274762
0.0287429
0.0300191
0.0312945
0.0325614
0.033814
0.0350477
0.0362594
0.0374468
0.0386082
0.0397426
0.0408495
0.0419288
0.0429804
0.0440046
0.0450018
0.0459724
0.0469168
0.0478357
0.0487297
0.0495995
0.0504456
0.0512688
0.0520698
0.0528493
0.0536079
0.0543463
0.0550651
0.055765
0.0564466
0.0571105
0.0577572
0.0583873
0.0590014
0.0596
0.0601835
0.0607526
0.0613077
0.0618492
0.0623776
0.0628933
0.0633967
0.0638882
0.0643682
0.064837
0.0652949
0.0657423
0.0661794
0.0666065
0.067024
0.0674318
0.0678304
0.06822
0.068601
0.0689734
0.0693375
0.0696934
0.0700414
0.0703815
0.070714
0.071039
0.0713566
0.071667
0.0719701
0.0722662
0.0725553
0.0728374
0.0731127
0.0733811
0.0736426
0.0738974
0.0741454
0.0743865
0.0746208
0.0748482
0.0750687
0.0752822
0.0754887
0.0756881
0.0758803
0.0760653
0.076243
0.0764132
0.076576
0.0767313
0.076879
0.077019
0.0771513
0.0772759
0.0773926
0.0775021
0.0776006
0.0363178
0.0358937
0.0353361
0.0346341
0.0337946
0.0328293
0.0317475
0.0305547
0.029254
0.0278511
0.0263611
0.0248153
0.0232671
0.0217916
0.0204772
0.0194107
0.0186592
0.0182589
0.0182122
0.0184936
0.0190584
0.0198531
0.0208233
0.0219197
0.0231008
0.0243338
0.0255937
0.0268622
0.028126
0.0293756
0.030604
0.0318066
0.0329802
0.0341228
0.0352332
0.0363112
0.0373567
0.0383701
0.0393519
0.0403027
0.0412235
0.042115
0.0429782
0.0438141
0.0446235
0.0454075
0.0461669
0.0469026
0.0476156
0.0483065
0.0489764
0.0496259
0.0502558
0.0508669
0.05146
0.0520356
0.0525944
0.0531372
0.0536644
0.0541768
0.0546748
0.0551589
0.0556298
0.0560879
0.0565336
0.0569674
0.0573898
0.0578012
0.0582019
0.0585923
0.0589729
0.0593438
0.0597056
0.0600584
0.0604026
0.0607384
0.061066
0.0613858
0.0616978
0.0620023
0.0622995
0.0625898
0.0628732
0.06315
0.0634203
0.0636843
0.0639421
0.0641939
0.0644397
0.0646798
0.0649143
0.0651432
0.0653666
0.0655847
0.0657974
0.066005
0.0662073
0.0664045
0.0665966
0.0667836
0.0669655
0.0671423
0.0673141
0.0674808
0.0676423
0.0677987
0.0679499
0.0680958
0.0682365
0.0683718
0.0685017
0.0686262
0.0687451
0.0688584
0.0689661
0.0690681
0.0691643
0.0692548
0.0693394
0.0694182
0.0694915
0.0695555
0.036194
0.0354812
0.034487
0.0332498
0.0318164
0.0302214
0.0284873
0.0266356
0.0247008
0.0227445
0.0208618
0.0191743
0.0178058
0.0168513
0.0163543
0.0163042
0.0166487
0.0173125
0.0182152
0.0192834
0.0204565
0.0216886
0.0229467
0.0242075
0.0254552
0.0266792
0.0278726
0.0290309
0.0301519
0.0312345
0.0322785
0.0332844
0.0342528
0.035185
0.0360822
0.0369456
0.0377767
0.0385769
0.0393474
0.0400897
0.0408049
0.0414943
0.042159
0.0428002
0.0434188
0.044016
0.0445925
0.0451494
0.0456875
0.0462076
0.0467105
0.0471969
0.0476676
0.0481232
0.0485643
0.0489916
0.0494057
0.0498071
0.0501963
0.0505739
0.0509404
0.0512961
0.0516415
0.051977
0.052303
0.05262
0.0529281
0.0532279
0.0535195
0.0538034
0.0540797
0.0543488
0.0546109
0.0548663
0.0551152
0.0553577
0.0555941
0.0558245
0.0560491
0.0562682
0.0564818
0.0566902
0.0568935
0.0570919
0.0572854
0.0574742
0.0576584
0.0578381
0.0580135
0.0581846
0.0583516
0.0585144
0.0586732
0.0588281
0.058979
0.0591261
0.0592694
0.0594088
0.0595446
0.0596766
0.0598049
0.0599294
0.0600502
0.0601673
0.0602806
0.0603902
0.0604959
0.0605978
0.0606957
0.0607898
0.0608798
0.0609659
0.0610479
0.0611257
0.0611994
0.0612689
0.0613341
0.061395
0.0614517
0.061504
0.0615522
0.0615928
0.0358805
0.034577
0.0328355
0.0308006
0.0285705
0.0262063
0.0237664
0.0213399
0.0190641
0.0171105
0.0156395
0.0147471
0.0144401
0.0146497
0.0152661
0.0161715
0.0172625
0.0184591
0.0197048
0.0209616
0.0222052
0.0234202
0.0245972
0.0257313
0.0268199
0.0278626
0.0288597
0.0298124
0.0307224
0.0315916
0.0324218
0.0332151
0.0339736
0.034699
0.0353932
0.0360579
0.0366949
0.0373055
0.0378912
0.0384534
0.0389933
0.0395121
0.0400107
0.0404904
0.0409519
0.0413962
0.0418241
0.0422365
0.042634
0.0430175
0.0433874
0.0437445
0.0440894
0.0444227
0.0447448
0.0450563
0.0453577
0.0456494
0.0459318
0.0462054
0.0464706
0.0467277
0.046977
0.047219
0.0474538
0.0476818
0.0479033
0.0481185
0.0483277
0.0485311
0.0487289
0.0489214
0.0491087
0.0492911
0.0494686
0.0496415
0.0498097
0.0499736
0.0501333
0.0502889
0.0504405
0.0505883
0.0507323
0.0508727
0.0510095
0.051143
0.051273
0.0513999
0.0515235
0.051644
0.0517616
0.0518761
0.0519877
0.0520964
0.0522023
0.0523054
0.0524058
0.0525034
0.0525983
0.0526905
0.05278
0.0528668
0.0529509
0.0530322
0.0531109
0.0531868
0.05326
0.0533303
0.0533979
0.0534626
0.0535243
0.0535832
0.0536391
0.053692
0.0537419
0.0537887
0.0538324
0.053873
0.0539105
0.0539447
0.0539761
0.0540011
0.0352026
0.0328963
0.0301085
0.0271089
0.0240365
0.0210044
0.0181744
0.0157675
0.0140001
0.0129902
0.0127151
0.0130442
0.0138053
0.0148377
0.0160172
0.0172597
0.018512
0.0197425
0.020933
0.0220741
0.0231613
0.0241936
0.0251718
0.0260977
0.0269738
0.0278029
0.0285879
0.0293315
0.0300364
0.0307053
0.0313406
0.0319446
0.0325193
0.0330668
0.0335887
0.0340867
0.0345622
0.0350168
0.0354515
0.0358677
0.0362662
0.0366482
0.0370146
0.0373661
0.0377036
0.0380278
0.0383394
0.0386391
0.0389274
0.039205
0.0394724
0.03973
0.0399785
0.0402181
0.0404495
0.0406729
0.0408887
0.0410974
0.0412992
0.0414945
0.0416835
0.0418666
0.042044
0.042216
0.0423827
0.0425445
0.0427016
0.042854
0.0430021
0.043146
0.0432858
0.0434217
0.043554
0.0436826
0.0438077
0.0439293
0.0440477
0.044163
0.0442752
0.0443844
0.0444908
0.0445944
0.0446953
0.0447936
0.0448893
0.0449826
0.0450735
0.0451621
0.0452484
0.0453325
0.0454144
0.0454941
0.0455718
0.0456475
0.0457211
0.0457927
0.0458623
0.04593
0.0459958
0.0460596
0.0461215
0.0461815
0.0462395
0.0462956
0.0463498
0.046402
0.0464522
0.0465004
0.0465466
0.0465908
0.0466329
0.0466729
0.0467107
0.0467464
0.0467799
0.0468113
0.0468404
0.0468672
0.0468918
0.0469141
0.0469343
0.0469493
0.0339322
0.0302091
0.0262302
0.0223236
0.0186661
0.0154863
0.0130691
0.0116143
0.0111152
0.0113844
0.0121697
0.0132476
0.0144605
0.0157111
0.0169448
0.0181328
0.0192614
0.0203251
0.0213235
0.0222585
0.0231335
0.0239523
0.0247188
0.0254372
0.0261112
0.0267443
0.0273399
0.0279009
0.0284302
0.0289301
0.029403
0.029851
0.0302758
0.0306792
0.0310626
0.0314276
0.0317752
0.0321066
0.0324228
0.0327248
0.0330134
0.0332894
0.0335536
0.0338065
0.0340489
0.0342813
0.0345043
0.0347183
0.034924
0.0351216
0.0353117
0.0354946
0.0356707
0.0358404
0.036004
0.0361618
0.0363141
0.0364612
0.0366033
0.0367407
0.0368736
0.0370022
0.0371268
0.0372474
0.0373643
0.0374776
0.0375875
0.0376942
0.0377977
0.0378983
0.0379959
0.0380908
0.0381831
0.0382728
0.0383599
0.0384447
0.0385271
0.0386073
0.0386853
0.0387612
0.0388351
0.038907
0.038977
0.0390452
0.0391116
0.0391762
0.0392392
0.0393005
0.0393602
0.0394184
0.039475
0.0395301
0.0395838
0.039636
0.0396868
0.0397362
0.0397842
0.0398308
0.0398761
0.03992
0.0399626
0.0400038
0.0400436
0.0400821
0.0401192
0.0401549
0.0401892
0.0402221
0.0402536
0.0402836
0.0403121
0.0403392
0.0403648
0.0403888
0.0404113
0.0404322
0.0404515
0.0404692
0.0404854
0.0404998
0.0405128
0.0405217
0.0318454
0.0264681
0.0214346
0.0170017
0.0134119
0.0109706
0.00980315
0.00972374
0.0103762
0.0114249
0.012639
0.0138867
0.0151011
0.0162514
0.0173258
0.0183222
0.0192431
0.0200934
0.0208785
0.0216042
0.0222759
0.0228987
0.0234773
0.0240159
0.0245182
0.0249876
0.0254271
0.0258394
0.0262269
0.0265917
0.0269357
0.0272607
0.0275681
0.0278592
0.0281353
0.0283975
0.0286467
0.0288837
0.0291095
0.0293247
0.0295299
0.0297258
0.0299129
0.0300918
0.0302629
0.0304267
0.0305836
0.030734
0.0308783
0.0310167
0.0311497
0.0312776
0.0314005
0.0315189
0.0316329
0.0317427
0.0318486
0.0319508
0.0320495
0.0321449
0.0322371
0.0323262
0.0324125
0.032496
0.0325769
0.0326554
0.0327314
0.0328052
0.0328767
0.0329462
0.0330137
0.0330793
0.033143
0.0332048
0.033265
0.0333234
0.0333802
0.0334355
0.0334892
0.0335415
0.0335924
0.0336419
0.0336901
0.033737
0.0337827
0.0338272
0.0338705
0.0339126
0.0339537
0.0339937
0.0340326
0.0340705
0.0341073
0.0341432
0.0341781
0.034212
0.034245
0.0342769
0.034308
0.0343381
0.0343673
0.0343955
0.0344228
0.0344491
0.0344744
0.0344988
0.0345223
0.0345447
0.0345661
0.0345866
0.0346059
0.0346243
0.0346416
0.0346578
0.0346729
0.0346869
0.0346999
0.0347116
0.0347223
0.0347317
0.0347402
0.0347454
0.0288132
0.0218907
0.0162707
0.0120265
0.00938884
0.00836569
0.00855793
0.00943949
0.0106139
0.0118583
0.0130675
0.0141984
0.0152377
0.0161851
0.0170462
0.0178285
0.0185401
0.0191886
0.0197811
0.0203239
0.0208224
0.0212816
0.0217058
0.0220985
0.0224632
0.0228026
0.0231192
0.0234153
0.0236927
0.0239532
0.0241983
0.0244292
0.0246471
0.0248531
0.0250481
0.0252329
0.0254082
0.0255747
0.025733
0.0258835
0.0260269
0.0261634
0.0262937
0.026418
0.0265367
0.0266502
0.0267588
0.0268627
0.0269623
0.0270577
0.0271493
0.0272372
0.0273218
0.027403
0.0274813
0.0275566
0.0276292
0.0276993
0.0277669
0.0278322
0.0278953
0.0279563
0.0280153
0.0280725
0.0281278
0.0281814
0.0282334
0.0282839
0.0283328
0.0283803
0.0284265
0.0284713
0.0285149
0.0285572
0.0285983
0.0286383
0.0286771
0.0287149
0.0287516
0.0287874
0.0288222
0.028856
0.028889
0.0289211
0.0289523
0.0289828
0.0290124
0.0290413
0.0290694
0.0290968
0.0291235
0.0291494
0.0291747
0.0291993
0.0292232
0.0292464
0.029269
0.0292909
0.0293122
0.0293329
0.0293529
0.0293722
0.0293909
0.029409
0.0294264
0.0294431
0.0294592
0.0294745
0.0294892
0.0295032
0.0295164
0.029529
0.0295408
0.0295518
0.0295621
0.0295717
0.0295804
0.0295884
0.0295955
0.0296019
0.0296075
0.0296105
0.0248902
0.0169415
0.0114817
0.00828227
0.00716077
0.00746284
0.00845808
0.0096779
0.0109008
0.0120413
0.0130741
0.0139984
0.0148224
0.015557
0.0162134
0.0168016
0.0173307
0.0178084
0.0182413
0.0186352
0.0189948
0.0193243
0.0196272
0.0199066
0.020165
0.0204046
0.0206276
0.0208355
0.0210298
0.0212119
0.0213828
0.0215435
0.021695
0.0218379
0.0219729
0.0221006
0.0222216
0.0223363
0.0224451
0.0225485
0.0226468
0.0227402
0.0228293
0.0229141
0.022995
0.0230722
0.023146
0.0232166
0.0232841
0.0233488
0.0234109
0.0234704
0.0235276
0.0235825
0.0236354
0.0236863
0.0237354
0.0237827
0.0238283
0.0238724
0.023915
0.0239563
0.0239961
0.0240348
0.0240722
0.0241084
0.0241436
0.0241777
0.0242109
0.0242431
0.0242743
0.0243047
0.0243342
0.0243629
0.0243908
0.0244179
0.0244443
0.02447
0.024495
0.0245193
0.0245429
0.024566
0.0245885
0.0246103
0.0246317
0.0246524
0.0246727
0.0246924
0.0247117
0.0247304
0.0247487
0.0247665
0.0247838
0.0248007
0.0248171
0.0248331
0.0248486
0.0248637
0.0248784
0.0248926
0.0249064
0.0249197
0.0249326
0.0249451
0.0249571
0.0249687
0.0249798
0.0249904
0.0250006
0.0250103
0.0250195
0.0250282
0.0250364
0.025044
0.0250512
0.0250578
0.0250639
0.0250694
0.0250744
0.0250788
0.0250828
0.0250846
0.0203501
0.0122174
0.00776295
0.00615095
0.00637583
0.00739972
0.00862442
0.0098073
0.0108731
0.0118098
0.0126265
0.0133382
0.0139602
0.0145062
0.0149878
0.015415
0.0157959
0.0161371
0.0164444
0.0167224
0.0169748
0.0172051
0.017416
0.0176098
0.0177884
0.0179537
0.018107
0.0182496
0.0183827
0.0185071
0.0186237
0.0187332
0.0188361
0.0189332
0.0190247
0.0191111
0.0191929
0.0192702
0.0193435
0.0194131
0.0194791
0.0195418
0.0196014
0.0196581
0.0197122
0.0197638
0.019813
0.01986
0.019905
0.019948
0.0199893
0.0200289
0.0200669
0.0201034
0.0201386
0.0201724
0.0202051
0.0202365
0.0202669
0.0202963
0.0203247
0.0203521
0.0203787
0.0204045
0.0204295
0.0204538
0.0204773
0.0205002
0.0205224
0.020544
0.020565
0.0205854
0.0206053
0.0206246
0.0206434
0.0206617
0.0206795
0.0206969
0.0207138
0.0207303
0.0207464
0.020762
0.0207773
0.0207922
0.0208068
0.020821
0.0208348
0.0208483
0.0208615
0.0208744
0.020887
0.0208992
0.0209112
0.0209228
0.0209342
0.0209452
0.020956
0.0209665
0.0209766
0.0209865
0.0209962
0.0210055
0.0210145
0.0210232
0.0210316
0.0210398
0.0210476
0.0210551
0.0210622
0.0210691
0.0210756
0.0210817
0.0210876
0.021093
0.0210981
0.0211029
0.0211072
0.0211112
0.0211148
0.021118
0.021121
0.0211222
0.015637
0.00827904
0.00544824
0.00530522
0.00627267
0.00748408
0.00862803
0.00962674
0.010478
0.0111998
0.0118133
0.0123378
0.0127892
0.0131806
0.0135223
0.0138226
0.0140884
0.0143251
0.0145369
0.0147275
0.0148999
0.0150564
0.0151993
0.0153301
0.0154504
0.0155614
0.0156642
0.0157595
0.0158484
0.0159313
0.0160088
0.0160816
0.0161499
0.0162141
0.0162747
0.0163318
0.0163857
0.0164367
0.0164849
0.0165306
0.0165739
0.016615
0.016654
0.0166911
0.0167264
0.0167601
0.0167922
0.0168229
0.0168522
0.0168803
0.0169072
0.016933
0.0169578
0.0169816
0.0170046
0.0170267
0.017048
0.0170686
0.0170885
0.0171077
0.0171264
0.0171444
0.017162
0.0171789
0.0171954
0.0172115
0.0172271
0.0172422
0.017257
0.0172714
0.0172854
0.017299
0.0173123
0.0173253
0.0173379
0.0173502
0.0173622
0.0173739
0.0173853
0.0173965
0.0174074
0.0174181
0.0174285
0.0174387
0.0174486
0.0174584
0.0174679
0.0174772
0.0174863
0.0174952
0.0175039
0.0175124
0.0175208
0.0175289
0.0175368
0.0175446
0.0175521
0.0175595
0.0175667
0.0175737
0.0175805
0.0175871
0.0175935
0.0175997
0.0176057
0.0176115
0.0176171
0.0176225
0.0176277
0.0176327
0.0176374
0.0176419
0.0176462
0.0176502
0.0176539
0.0176575
0.0176607
0.0176637
0.0176665
0.0176689
0.0176712
0.0176721
0.0112476
0.00547539
0.00434611
0.00510513
0.00628867
0.00740674
0.00835449
0.00913579
0.00977769
0.0103079
0.0107497
0.0111214
0.0114371
0.011708
0.0119423
0.0121466
0.0123262
0.012485
0.0126265
0.0127532
0.0128672
0.0129704
0.0130643
0.0131499
0.0132285
0.0133008
0.0133676
0.0134294
0.013487
0.0135406
0.0135907
0.0136376
0.0136816
0.0137229
0.0137618
0.0137984
0.013833
0.0138656
0.0138965
0.0139256
0.0139532
0.0139794
0.0140043
0.0140279
0.0140503
0.0140717
0.0140921
0.0141116
0.0141303
0.0141481
0.0141653
0.0141817
0.0141975
0.0142127
0.0142274
0.0142415
0.0142552
0.0142684
0.0142812
0.0142937
0.0143057
0.0143174
0.0143287
0.0143398
0.0143506
0.014361
0.0143713
0.0143812
0.014391
0.0144005
0.0144097
0.0144188
0.0144277
0.0144363
0.0144447
0.014453
0.0144611
0.014469
0.0144767
0.0144843
0.0144917
0.014499
0.0145062
0.0145132
0.01452
0.0145268
0.0145334
0.0145399
0.0145462
0.0145524
0.0145585
0.0145645
0.0145704
0.0145761
0.0145818
0.0145873
0.0145927
0.0145979
0.0146031
0.0146081
0.014613
0.0146178
0.0146225
0.014627
0.0146314
0.0146357
0.0146398
0.0146438
0.0146476
0.0146513
0.0146549
0.0146582
0.0146615
0.0146645
0.0146674
0.0146701
0.0146727
0.014675
0.0146772
0.0146792
0.014681
0.0146818
0.00759178
0.00381868
0.0039565
0.00506317
0.00617406
0.0070938
0.00782429
0.00840242
0.00886384
0.00923667
0.00954195
0.00979516
0.0100077
0.0101882
0.010343
0.0104769
0.0105938
0.0106966
0.0107876
0.0108687
0.0109414
0.0110069
0.0110663
0.0111203
0.0111696
0.011215
0.0112567
0.0112954
0.0113312
0.0113646
0.0113957
0.0114248
0.0114521
0.0114777
0.0115018
0.0115245
0.0115458
0.0115659
0.0115849
0.0116029
0.0116199
0.011636
0.0116512
0.0116657
0.0116795
0.0116927
0.0117052
0.0117172
0.0117287
0.0117397
0.0117503
0.0117605
0.0117703
0.0117797
0.0117889
0.0117977
0.0118063
0.0118146
0.0118227
0.0118305
0.0118381
0.0118456
0.0118528
0.0118599
0.0118668
0.0118736
0.0118802
0.0118867
0.0118931
0.0118993
0.0119054
0.0119114
0.0119173
0.0119231
0.0119287
0.0119342
0.0119397
0.011945
0.0119503
0.0119555
0.0119606
0.0119656
0.0119705
0.0119754
0.0119802
0.0119849
0.0119895
0.011994
0.0119985
0.012003
0.0120073
0.0120116
0.0120158
0.0120199
0.012024
0.012028
0.0120319
0.0120357
0.0120395
0.0120432
0.0120468
0.0120504
0.0120538
0.0120572
0.0120605
0.0120637
0.0120668
0.0120699
0.0120728
0.0120756
0.0120783
0.0120809
0.0120834
0.0120858
0.0120881
0.0120903
0.0120923
0.0120942
0.012096
0.0120977
0.0120993
0.0121
0.00488849
0.00301652
0.00383246
0.00494522
0.00586678
0.00656975
0.00710149
0.00750823
0.00782461
0.00807513
0.00827691
0.00844198
0.00857893
0.008694
0.00879177
0.00887569
0.00894838
0.00901186
0.00906771
0.0091172
0.00916133
0.0092009
0.0092366
0.00926896
0.00929844
0.00932542
0.00935023
0.00937313
0.00939434
0.00941406
0.00943243
0.00944959
0.00946565
0.00948071
0.00949485
0.00950815
0.00952066
0.00953246
0.00954359
0.0095541
0.00956405
0.00957347
0.00958241
0.00959091
0.00959901
0.00960673
0.00961411
0.00962117
0.00962795
0.00963447
0.00964075
0.00964681
0.00965267
0.00965834
0.00966385
0.00966919
0.0096744
0.00967947
0.00968442
0.00968926
0.009694
0.00969864
0.00970319
0.00970765
0.00971204
0.00971636
0.0097206
0.00972478
0.0097289
0.00973296
0.00973697
0.00974091
0.0097448
0.00974863
0.0097524
0.00975613
0.00975981
0.00976345
0.00976705
0.0097706
0.00977412
0.00977759
0.00978103
0.00978443
0.00978779
0.00979111
0.0097944
0.00979765
0.00980087
0.00980405
0.00980719
0.00981029
0.00981335
0.00981637
0.00981936
0.0098223
0.00982521
0.00982806
0.00983088
0.00983365
0.00983637
0.00983905
0.00984167
0.00984424
0.00984676
0.00984922
0.00985162
0.00985396
0.00985624
0.00985845
0.00986059
0.00986266
0.00986466
0.00986658
0.00986842
0.00987018
0.00987185
0.00987344
0.00987494
0.00987634
0.00987772
0.00987843
0.00312828
0.00268014
0.00372157
0.0046797
0.00538514
0.00589032
0.00625644
0.00652772
0.00673357
0.00689332
0.00701982
0.00712179
0.00720529
0.00727462
0.0073329
0.00738242
0.00742491
0.00746169
0.0074938
0.00752202
0.00754701
0.00756928
0.00758924
0.00760725
0.00762357
0.00763845
0.00765209
0.00766463
0.00767623
0.00768699
0.007697
0.00770634
0.00771508
0.00772326
0.00773094
0.00773815
0.00774495
0.00775134
0.00775738
0.00776308
0.00776849
0.00777361
0.00777848
0.00778311
0.00778754
0.00779177
0.00779583
0.00779973
0.0078035
0.00780713
0.00781065
0.00781407
0.0078174
0.00782064
0.00782381
0.00782691
0.00782995
0.00783293
0.00783587
0.00783876
0.00784161
0.00784443
0.00784721
0.00784997
0.0078527
0.0078554
0.00785808
0.00786074
0.00786339
0.00786601
0.00786862
0.0078712
0.00787376
0.0078763
0.00787883
0.00788133
0.00788383
0.00788631
0.00788878
0.00789123
0.00789367
0.0078961
0.00789851
0.00790091
0.0079033
0.00790567
0.00790803
0.00791037
0.0079127
0.00791501
0.00791731
0.00791958
0.00792184
0.00792408
0.0079263
0.0079285
0.00793068
0.00793283
0.00793496
0.00793706
0.00793914
0.00794118
0.0079432
0.00794518
0.00794713
0.00794905
0.00795093
0.00795276
0.00795456
0.00795631
0.00795802
0.00795968
0.00796129
0.00796285
0.00796435
0.0079658
0.00796719
0.00796851
0.00796978
0.00797098
0.00797217
0.00797284
0.00211639
0.00251651
0.00352139
0.00427039
0.00477425
0.00511496
0.00535176
0.00552165
0.00564723
0.00574253
0.00581652
0.00587511
0.00592229
0.00596084
0.00599277
0.0060195
0.00604212
0.00606144
0.00607808
0.00609254
0.00610518
0.00611633
0.00612621
0.00613505
0.00614299
0.00615018
0.00615672
0.00616272
0.00616824
0.00617334
0.00617808
0.0061825
0.00618662
0.00619049
0.00619411
0.00619752
0.00620072
0.00620375
0.00620661
0.00620931
0.00621188
0.00621433
0.00621666
0.0062189
0.00622104
0.00622311
0.0062251
0.00622704
0.00622893
0.00623077
0.00623257
0.00623434
0.00623608
0.0062378
0.00623949
0.00624118
0.00624285
0.00624451
0.00624617
0.00624782
0.00624947
0.00625112
0.00625277
0.00625442
0.00625608
0.00625773
0.0062594
0.00626106
0.00626273
0.0062644
0.00626608
0.00626776
0.00626944
0.00627112
0.0062728
0.00627448
0.00627617
0.00627786
0.00627955
0.00628125
0.00628294
0.00628464
0.00628634
0.00628804
0.00628974
0.00629144
0.00629314
0.00629484
0.00629653
0.00629822
0.00629991
0.00630159
0.00630326
0.00630493
0.00630659
0.00630824
0.00630988
0.00631151
0.00631313
0.00631473
0.00631632
0.00631789
0.00631945
0.00632099
0.0063225
0.006324
0.00632547
0.00632692
0.00632834
0.00632973
0.00633109
0.00633242
0.00633372
0.00633498
0.00633621
0.0063374
0.00633855
0.00633965
0.00634072
0.00634173
0.00634275
0.00634337
0.001583
0.00236704
0.00320964
0.00374928
0.00408339
0.00429644
0.00443801
0.00453595
0.00460609
0.00465781
0.00469688
0.004727
0.00475062
0.00476942
0.00478457
0.00479691
0.00480708
0.00481552
0.00482259
0.00482856
0.00483364
0.004838
0.00484176
0.00484504
0.00484792
0.00485048
0.00485277
0.00485483
0.00485671
0.00485844
0.00486003
0.00486151
0.00486288
0.00486418
0.00486539
0.00486653
0.00486761
0.00486864
0.00486961
0.00487054
0.00487143
0.00487229
0.00487313
0.00487394
0.00487473
0.00487551
0.00487629
0.00487705
0.00487782
0.00487858
0.00487935
0.00488013
0.00488092
0.00488171
0.00488252
0.00488334
0.00488417
0.00488502
0.00488588
0.00488676
0.00488766
0.00488857
0.0048895
0.00489045
0.00489142
0.0048924
0.0048934
0.00489441
0.00489544
0.00489649
0.00489755
0.00489862
0.00489971
0.0049008
0.00490191
0.00490303
0.00490416
0.0049053
0.00490645
0.00490762
0.00490879
0.00490997
0.00491116
0.00491236
0.00491357
0.00491478
0.00491599
0.00491722
0.00491844
0.00491967
0.0049209
0.00492213
0.00492337
0.0049246
0.00492583
0.00492706
0.00492829
0.00492952
0.00493074
0.00493195
0.00493316
0.00493436
0.00493555
0.00493673
0.0049379
0.00493906
0.0049402
0.00494133
0.00494244
0.00494354
0.00494461
0.00494567
0.0049467
0.00494771
0.0049487
0.00494966
0.00495059
0.0049515
0.00495238
0.00495322
0.00495406
0.00495462
0.00129599
0.00216382
0.0027997
0.00315555
0.00335732
0.00347765
0.00355334
0.00360321
0.00363728
0.00366123
0.00367843
0.00369099
0.00370026
0.00370717
0.00371233
0.0037162
0.00371909
0.00372123
0.0037228
0.00372393
0.00372473
0.00372526
0.0037256
0.00372579
0.00372587
0.00372587
0.00372581
0.00372572
0.00372561
0.00372548
0.00372535
0.00372523
0.00372511
0.003725
0.0037249
0.00372481
0.00372473
0.00372467
0.00372462
0.00372458
0.00372456
0.00372455
0.00372457
0.0037246
0.00372465
0.00372472
0.00372482
0.00372494
0.00372508
0.00372524
0.00372543
0.00372564
0.00372588
0.00372615
0.00372644
0.00372675
0.00372709
0.00372745
0.00372784
0.00372826
0.00372869
0.00372916
0.00372964
0.00373015
0.00373068
0.00373123
0.0037318
0.00373239
0.003733
0.00373364
0.00373429
0.00373495
0.00373563
0.00373633
0.00373704
0.00373777
0.00373851
0.00373926
0.00374003
0.00374082
0.00374161
0.00374242
0.00374324
0.00374406
0.0037449
0.00374575
0.0037466
0.00374746
0.00374833
0.00374921
0.00375009
0.00375098
0.00375187
0.00375276
0.00375366
0.00375456
0.00375546
0.00375636
0.00375726
0.00375816
0.00375906
0.00375995
0.00376085
0.00376173
0.00376261
0.00376349
0.00376436
0.00376522
0.00376607
0.00376691
0.00376774
0.00376855
0.00376935
0.00377014
0.00377091
0.00377167
0.0037724
0.00377312
0.00377382
0.0037745
0.00377518
0.00377566
0.00110753
0.00188763
0.00231832
0.00252711
0.00263351
0.00269151
0.00272503
0.00274521
0.00275765
0.00276533
0.00276999
0.00277267
0.00277402
0.00277447
0.00277431
0.00277371
0.00277284
0.00277176
0.00277057
0.0027693
0.002768
0.00276669
0.00276539
0.00276411
0.00276287
0.00276168
0.00276054
0.00275945
0.00275842
0.00275745
0.00275654
0.00275568
0.00275488
0.00275413
0.00275343
0.00275278
0.00275217
0.00275161
0.00275109
0.0027506
0.00275016
0.00274975
0.00274939
0.00274905
0.00274875
0.00274849
0.00274826
0.00274806
0.00274789
0.00274776
0.00274765
0.00274758
0.00274754
0.00274752
0.00274753
0.00274757
0.00274764
0.00274774
0.00274786
0.002748
0.00274817
0.00274836
0.00274858
0.00274882
0.00274908
0.00274936
0.00274966
0.00274998
0.00275032
0.00275068
0.00275106
0.00275145
0.00275186
0.00275228
0.00275272
0.00275317
0.00275363
0.00275411
0.00275461
0.00275511
0.00275563
0.00275616
0.0027567
0.00275725
0.00275781
0.00275838
0.00275896
0.00275954
0.00276014
0.00276074
0.00276134
0.00276196
0.00276258
0.0027632
0.00276383
0.00276446
0.00276509
0.00276573
0.00276637
0.00276701
0.00276765
0.0027683
0.00276894
0.00276958
0.00277022
0.00277085
0.00277148
0.00277211
0.00277273
0.00277335
0.00277396
0.00277457
0.00277516
0.00277575
0.00277633
0.0027769
0.00277746
0.002778
0.00277854
0.00277906
0.00277958
0.00277997
0.000940091
0.00154366
0.00179618
0.00189808
0.00194231
0.00196263
0.00197202
0.00197596
0.001977
0.00197642
0.00197493
0.00197293
0.00197066
0.00196827
0.00196583
0.00196342
0.00196106
0.00195877
0.00195657
0.00195447
0.00195247
0.00195056
0.00194876
0.00194705
0.00194544
0.00194392
0.00194248
0.00194114
0.00193987
0.00193869
0.00193757
0.00193653
0.00193556
0.00193465
0.00193379
0.001933
0.00193225
0.00193156
0.00193091
0.00193031
0.00192975
0.00192923
0.00192875
0.00192831
0.0019279
0.00192753
0.00192719
0.00192689
0.00192661
0.00192637
0.00192615
0.00192596
0.0019258
0.00192566
0.00192555
0.00192547
0.00192541
0.00192537
0.00192535
0.00192535
0.00192538
0.00192542
0.00192549
0.00192557
0.00192567
0.00192579
0.00192593
0.00192608
0.00192625
0.00192643
0.00192663
0.00192684
0.00192706
0.0019273
0.00192755
0.00192781
0.00192808
0.00192836
0.00192866
0.00192896
0.00192928
0.0019296
0.00192994
0.00193028
0.00193063
0.00193099
0.00193135
0.00193173
0.00193211
0.00193249
0.00193288
0.00193328
0.00193369
0.00193409
0.00193451
0.00193492
0.00193534
0.00193576
0.00193619
0.00193662
0.00193705
0.00193748
0.00193791
0.00193835
0.00193878
0.00193921
0.00193964
0.00194007
0.0019405
0.00194093
0.00194135
0.00194177
0.00194219
0.0019426
0.00194301
0.00194341
0.0019438
0.00194419
0.00194457
0.00194494
0.00194532
0.00194561
0.00075892
0.00114997
0.00126545
0.00129943
0.00130899
0.00131025
0.00130839
0.00130531
0.00130181
0.00129822
0.00129471
0.00129136
0.00128818
0.00128519
0.00128239
0.00127977
0.00127732
0.00127503
0.0012729
0.0012709
0.00126903
0.00126728
0.00126564
0.00126411
0.00126268
0.00126133
0.00126007
0.00125889
0.00125779
0.00125676
0.00125579
0.00125488
0.00125403
0.00125324
0.00125249
0.0012518
0.00125114
0.00125053
0.00124997
0.00124943
0.00124894
0.00124848
0.00124805
0.00124765
0.00124728
0.00124693
0.00124662
0.00124633
0.00124606
0.00124582
0.0012456
0.0012454
0.00124522
0.00124507
0.00124493
0.00124481
0.0012447
0.00124462
0.00124455
0.0012445
0.00124446
0.00124443
0.00124442
0.00124443
0.00124445
0.00124448
0.00124452
0.00124457
0.00124464
0.00124471
0.0012448
0.00124489
0.001245
0.00124511
0.00124524
0.00124537
0.00124551
0.00124566
0.00124581
0.00124598
0.00124615
0.00124633
0.00124651
0.0012467
0.0012469
0.0012471
0.00124731
0.00124752
0.00124774
0.00124797
0.00124819
0.00124843
0.00124866
0.0012489
0.00124915
0.00124939
0.00124965
0.0012499
0.00125015
0.00125041
0.00125067
0.00125094
0.0012512
0.00125146
0.00125173
0.001252
0.00125226
0.00125253
0.0012528
0.00125307
0.00125333
0.00125359
0.00125386
0.00125412
0.00125438
0.00125463
0.00125489
0.00125514
0.00125538
0.00125562
0.00125587
0.00125607
0.000560691
0.000737105
0.000763632
0.000763607
0.000759028
0.000753908
0.000749091
0.000744734
0.000740829
0.00073733
0.000734186
0.000731348
0.000728778
0.00072644
0.000724305
0.000722349
0.000720551
0.000718895
0.000717366
0.00071595
0.000714637
0.000713417
0.000712282
0.000711224
0.000710238
0.000709318
0.000708458
0.000707653
0.000706901
0.000706196
0.000705537
0.000704919
0.00070434
0.000703798
0.000703289
0.000702813
0.000702366
0.000701948
0.000701556
0.000701189
0.000700846
0.000700525
0.000700225
0.000699946
0.000699686
0.000699443
0.000699218
0.00069901
0.000698817
0.000698639
0.000698475
0.000698326
0.000698189
0.000698064
0.000697952
0.000697851
0.000697761
0.000697682
0.000697612
0.000697553
0.000697502
0.000697461
0.000697428
0.000697404
0.000697387
0.000697378
0.000697377
0.000697382
0.000697394
0.000697413
0.000697438
0.000697469
0.000697506
0.000697548
0.000697595
0.000697648
0.000697706
0.000697769
0.000697836
0.000697908
0.000697984
0.000698065
0.000698149
0.000698237
0.000698329
0.000698425
0.000698524
0.000698626
0.000698732
0.00069884
0.000698952
0.000699066
0.000699183
0.000699302
0.000699424
0.000699548
0.000699674
0.000699802
0.000699932
0.000700064
0.000700197
0.000700332
0.000700469
0.000700606
0.000700745
0.000700884
0.000701024
0.000701165
0.000701306
0.000701447
0.000701589
0.00070173
0.000701871
0.000702012
0.000702152
0.000702291
0.00070243
0.000702567
0.000702702
0.000702836
0.000702969
0.000703088
0.000284746
0.000272336
0.000264576
0.000259339
0.000255518
0.000252566
0.000250187
0.00024821
0.000246532
0.000245084
0.000243818
0.000242699
0.000241702
0.000240807
0.000239998
0.000239264
0.000238594
0.000237981
0.000237417
0.000236898
0.000236419
0.000235975
0.000235563
0.00023518
0.000234824
0.000234491
0.000234181
0.000233892
0.000233621
0.000233368
0.00023313
0.000232908
0.000232699
0.000232504
0.00023232
0.000232148
0.000231986
0.000231835
0.000231692
0.000231559
0.000231434
0.000231316
0.000231207
0.000231104
0.000231008
0.000230918
0.000230834
0.000230756
0.000230684
0.000230617
0.000230554
0.000230497
0.000230443
0.000230395
0.00023035
0.000230309
0.000230272
0.000230239
0.000230209
0.000230182
0.000230158
0.000230138
0.00023012
0.000230106
0.000230093
0.000230084
0.000230077
0.000230072
0.00023007
0.000230069
0.000230071
0.000230075
0.000230081
0.000230089
0.000230098
0.000230109
0.000230122
0.000230137
0.000230153
0.000230171
0.00023019
0.00023021
0.000230232
0.000230255
0.000230279
0.000230305
0.000230332
0.000230359
0.000230388
0.000230418
0.000230449
0.000230481
0.000230514
0.000230548
0.000230582
0.000230618
0.000230654
0.000230691
0.000230728
0.000230767
0.000230806
0.000230845
0.000230885
0.000230926
0.000230967
0.000231008
0.00023105
0.000231092
0.000231134
0.000231177
0.00023122
0.000231263
0.000231306
0.000231349
0.000231392
0.000231435
0.000231477
0.00023152
0.000231562
0.000231604
0.000231644
0.000231686
)
;

boundaryField
{
    lowerWall
    {
        type            nutkWallFunction;
        Cmu             0.09;
        kappa           0.41;
        E               9.8;
        value           nonuniform List<scalar> 
122
(
3.38542e-05
3.22344e-05
3.12155e-05
3.05252e-05
3.00205e-05
2.96299e-05
2.93146e-05
2.90524e-05
2.88296e-05
2.86371e-05
2.84688e-05
2.83199e-05
2.81871e-05
2.80679e-05
2.79601e-05
2.78622e-05
2.77729e-05
2.76911e-05
2.76159e-05
2.75466e-05
2.74825e-05
2.74232e-05
2.73682e-05
2.7317e-05
2.72694e-05
2.7225e-05
2.71836e-05
2.71448e-05
2.71086e-05
2.70747e-05
2.70429e-05
2.70131e-05
2.69852e-05
2.6959e-05
2.69344e-05
2.69113e-05
2.68896e-05
2.68693e-05
2.68502e-05
2.68322e-05
2.68154e-05
2.67997e-05
2.67849e-05
2.67711e-05
2.67581e-05
2.6746e-05
2.67347e-05
2.67242e-05
2.67144e-05
2.67053e-05
2.66969e-05
2.66891e-05
2.66819e-05
2.66752e-05
2.66691e-05
2.66636e-05
2.66585e-05
2.66539e-05
2.66498e-05
2.66461e-05
2.66429e-05
2.664e-05
2.66375e-05
2.66354e-05
2.66337e-05
2.66323e-05
2.66312e-05
2.66305e-05
2.663e-05
2.66298e-05
2.663e-05
2.66303e-05
2.6631e-05
2.66319e-05
2.6633e-05
2.66343e-05
2.66359e-05
2.66377e-05
2.66397e-05
2.66419e-05
2.66443e-05
2.66469e-05
2.66496e-05
2.66526e-05
2.66556e-05
2.66589e-05
2.66623e-05
2.66658e-05
2.66695e-05
2.66734e-05
2.66773e-05
2.66814e-05
2.66856e-05
2.669e-05
2.66944e-05
2.6699e-05
2.67036e-05
2.67084e-05
2.67132e-05
2.67182e-05
2.67232e-05
2.67283e-05
2.67334e-05
2.67387e-05
2.6744e-05
2.67494e-05
2.67548e-05
2.67602e-05
2.67657e-05
2.67713e-05
2.67768e-05
2.67824e-05
2.6788e-05
2.67936e-05
2.67992e-05
2.68048e-05
2.68103e-05
2.68159e-05
2.68214e-05
2.68269e-05
2.68321e-05
2.68375e-05
)
;
    }
    upperWall
    {
        type            nutkWallFunction;
        Cmu             0.09;
        kappa           0.41;
        E               9.8;
        value           nonuniform List<scalar> 
122
(
3.36526e-05
3.20374e-05
3.10226e-05
3.03355e-05
2.98333e-05
2.94446e-05
2.91308e-05
2.88699e-05
2.86481e-05
2.84567e-05
2.82891e-05
2.8141e-05
2.80089e-05
2.78902e-05
2.77829e-05
2.76855e-05
2.75966e-05
2.75152e-05
2.74404e-05
2.73714e-05
2.73077e-05
2.72486e-05
2.71939e-05
2.7143e-05
2.70956e-05
2.70514e-05
2.70101e-05
2.69716e-05
2.69356e-05
2.69018e-05
2.68702e-05
2.68406e-05
2.68128e-05
2.67867e-05
2.67622e-05
2.67393e-05
2.67177e-05
2.66975e-05
2.66785e-05
2.66607e-05
2.6644e-05
2.66283e-05
2.66136e-05
2.65999e-05
2.6587e-05
2.6575e-05
2.65638e-05
2.65534e-05
2.65437e-05
2.65347e-05
2.65263e-05
2.65186e-05
2.65115e-05
2.65049e-05
2.64989e-05
2.64934e-05
2.64884e-05
2.64839e-05
2.64799e-05
2.64763e-05
2.64731e-05
2.64703e-05
2.64679e-05
2.64658e-05
2.64642e-05
2.64628e-05
2.64618e-05
2.64611e-05
2.64607e-05
2.64606e-05
2.64608e-05
2.64613e-05
2.6462e-05
2.64629e-05
2.64641e-05
2.64656e-05
2.64672e-05
2.64691e-05
2.64711e-05
2.64734e-05
2.64759e-05
2.64785e-05
2.64813e-05
2.64843e-05
2.64875e-05
2.64908e-05
2.64943e-05
2.64979e-05
2.65017e-05
2.65056e-05
2.65096e-05
2.65138e-05
2.65181e-05
2.65225e-05
2.6527e-05
2.65316e-05
2.65364e-05
2.65412e-05
2.65461e-05
2.65511e-05
2.65562e-05
2.65614e-05
2.65666e-05
2.65719e-05
2.65773e-05
2.65827e-05
2.65882e-05
2.65937e-05
2.65993e-05
2.66049e-05
2.66105e-05
2.66161e-05
2.66218e-05
2.66274e-05
2.66331e-05
2.66387e-05
2.66444e-05
2.66499e-05
2.66555e-05
2.6661e-05
2.66663e-05
2.66718e-05
)
;
    }
    inlet
    {
        type            calculated;
        value           uniform 0.0366503;
    }
    outlet
    {
        type            calculated;
        value           nonuniform List<scalar> 
60
(
0.000232931
0.000706805
0.00126244
0.00195504
0.00279277
0.00379208
0.00497484
0.00636751
0.00800095
0.00991047
0.0121358
0.0147212
0.0177146
0.0211671
0.0251311
0.0296572
0.0347903
0.0405621
0.0469815
0.05402
0.0615913
0.0695249
0.0775301
0.0851524
0.0917255
0.0963301
0.09781
0.0950361
0.0881853
0.0822346
0.0824394
0.0885898
0.0954395
0.0981498
0.0965924
0.0919131
0.0852752
0.0776006
0.0695555
0.0615928
0.0540011
0.0469493
0.0405217
0.0347454
0.0296105
0.0250846
0.0211222
0.0176721
0.0146818
0.0121
0.00987843
0.00797284
0.00634337
0.00495462
0.00377566
0.00277997
0.00194561
0.00125607
0.000703088
0.000231686
)
;
    }
    frontAndBack
    {
        type            empty;
    }
}


// ************************************************************************* //
