/*--------------------------------*- C++ -*----------------------------------*\
  =========                 |
  \\      /  F ield         | OpenFOAM: The Open Source CFD Toolbox
   \\    /   O peration     | Website:  https://openfoam.org
    \\  /    A nd           | Version:  8
     \\/     M anipulation  |
\*---------------------------------------------------------------------------*/
FoamFile
{
    version     2.0;
    format      ascii;
    class       volScalarField;
    location    "500";
    object      epsilon;
}
// * * * * * * * * * * * * * * * * * * * * * * * * * * * * * * * * * * * * * //

dimensions      [0 2 -3 0 0 0 0];

internalField   nonuniform List<scalar> 
7320
(
11607.3
10157.7
9314.43
8772.22
8390.2
8102.8
7875.93
7690.7
7535.77
7403.76
7289.61
7189.73
7101.46
7022.84
6952.31
6888.69
6831
6778.46
6730.43
6686.36
6645.81
6608.4
6573.78
6541.68
6511.84
6484.05
6458.14
6433.93
6411.3
6390.12
6370.28
6351.71
6334.3
6317.99
6302.71
6288.4
6274.99
6262.43
6250.67
6239.66
6229.36
6219.72
6210.72
6202.3
6194.45
6187.11
6180.28
6173.91
6167.99
6162.49
6157.39
6152.66
6148.3
6144.27
6140.57
6137.17
6134.07
6131.25
6128.69
6126.39
6124.34
6122.51
6120.91
6119.52
6118.34
6117.35
6116.55
6115.93
6115.49
6115.22
6115.11
6115.16
6115.36
6115.7
6116.19
6116.82
6117.57
6118.46
6119.48
6120.61
6121.87
6123.24
6124.72
6126.31
6128.01
6129.81
6131.71
6133.72
6135.81
6138.01
6140.29
6142.67
6145.13
6147.67
6150.3
6153
6155.79
6158.64
6161.58
6164.57
6167.64
6170.77
6173.96
6177.2
6180.5
6183.85
6187.24
6190.68
6194.15
6197.66
6201.19
6204.75
6208.33
6211.92
6215.52
6219.13
6222.74
6226.34
6229.92
6233.5
6236.93
6240.46
3749.32
3919.37
3598.69
3368.86
3210.19
3093.2
3002.11
2928.43
2867.18
2815.25
2770.5
2731.45
2697.02
2666.41
2638.99
2614.29
2591.92
2571.56
2552.97
2535.92
2520.24
2505.78
2492.41
2480.02
2468.51
2457.8
2447.81
2438.5
2429.8
2421.67
2414.06
2406.94
2400.28
2394.05
2388.22
2382.76
2377.65
2372.87
2368.4
2364.22
2360.31
2356.65
2353.24
2350.06
2347.09
2344.32
2341.74
2339.34
2337.11
2335.04
2333.13
2331.36
2329.73
2328.22
2326.85
2325.59
2324.44
2323.4
2322.46
2321.63
2320.88
2320.22
2319.65
2319.17
2318.76
2318.42
2318.17
2317.98
2317.85
2317.8
2317.8
2317.87
2317.99
2318.18
2318.41
2318.7
2319.04
2319.43
2319.87
2320.36
2320.89
2321.47
2322.09
2322.75
2323.46
2324.2
2324.98
2325.8
2326.66
2327.55
2328.48
2329.44
2330.44
2331.46
2332.52
2333.61
2334.72
2335.87
2337.04
2338.23
2339.45
2340.7
2341.96
2343.25
2344.55
2345.87
2347.21
2348.57
2349.93
2351.31
2352.7
2354.09
2355.49
2356.89
2358.3
2359.7
2361.1
2362.5
2363.89
2365.28
2366.61
2367.97
1528.99
1989.05
1884.98
1770.23
1685.89
1623.05
1574.14
1534.67
1501.95
1474.25
1450.43
1429.67
1411.39
1395.16
1380.63
1367.55
1355.71
1344.94
1335.11
1326.1
1317.82
1310.18
1303.13
1296.59
1290.53
1284.88
1279.63
1274.73
1270.17
1265.9
1261.91
1258.18
1254.7
1251.44
1248.39
1245.54
1242.87
1240.37
1238.04
1235.86
1233.82
1231.92
1230.14
1228.49
1226.94
1225.5
1224.16
1222.92
1221.76
1220.69
1219.7
1218.79
1217.95
1217.18
1216.47
1215.82
1215.24
1214.71
1214.23
1213.81
1213.44
1213.11
1212.83
1212.59
1212.39
1212.24
1212.12
1212.04
1211.99
1211.98
1212.01
1212.06
1212.14
1212.26
1212.4
1212.57
1212.77
1212.99
1213.24
1213.51
1213.81
1214.13
1214.48
1214.84
1215.23
1215.63
1216.06
1216.5
1216.97
1217.45
1217.95
1218.47
1219
1219.56
1220.12
1220.7
1221.3
1221.91
1222.53
1223.16
1223.81
1224.47
1225.14
1225.82
1226.51
1227.2
1227.91
1228.62
1229.33
1230.06
1230.78
1231.51
1232.24
1232.98
1233.71
1234.44
1235.17
1235.9
1236.62
1237.34
1238.03
1238.73
720.941
1168.15
1165.72
1105.65
1054.38
1014.75
983.61
958.429
937.557
919.91
904.75
891.557
879.953
869.656
860.45
852.167
844.676
837.867
831.654
825.964
820.736
815.919
811.47
807.352
803.532
799.984
796.683
793.609
790.743
788.069
785.573
783.241
781.061
779.024
777.12
775.339
773.674
772.117
770.661
769.301
768.03
766.843
765.736
764.702
763.74
762.844
762.01
761.236
760.518
759.853
759.239
758.673
758.153
757.676
757.24
756.843
756.484
756.16
755.87
755.613
755.388
755.192
755.024
754.884
754.77
754.681
754.616
754.574
754.555
754.557
754.58
754.622
754.684
754.764
754.862
754.977
755.109
755.257
755.421
755.6
755.793
756
756.221
756.456
756.703
756.963
757.234
757.518
757.813
758.118
758.434
758.761
759.097
759.443
759.797
760.161
760.533
760.913
761.301
761.696
762.097
762.506
762.92
763.34
763.765
764.195
764.628
765.066
765.507
765.95
766.395
766.842
767.29
767.739
768.187
768.634
769.08
769.524
769.965
770.403
770.828
771.25
358.82
725.629
779.829
754.392
722.982
696.536
675.147
657.664
643.11
630.786
620.195
610.98
602.879
595.694
589.274
583.502
578.284
573.544
569.22
565.263
561.629
558.282
555.194
552.336
549.689
547.231
544.947
542.821
540.84
538.994
537.271
535.661
534.158
532.753
531.439
530.211
529.062
527.987
526.982
526.043
525.165
524.345
523.58
522.866
522.201
521.582
521.005
520.471
519.975
519.516
519.092
518.701
518.342
518.013
517.713
517.44
517.193
516.97
516.772
516.596
516.441
516.308
516.194
516.099
516.022
515.962
515.919
515.892
515.881
515.884
515.901
515.931
515.975
516.031
516.099
516.179
516.27
516.373
516.485
516.608
516.741
516.883
517.033
517.193
517.361
517.538
517.722
517.914
518.113
518.32
518.532
518.752
518.978
519.21
519.448
519.691
519.94
520.194
520.452
520.715
520.983
521.254
521.529
521.808
522.089
522.374
522.661
522.951
523.242
523.535
523.829
524.124
524.419
524.715
525.01
525.305
525.598
525.891
526.181
526.47
526.751
527.027
180.95
454.606
539.365
539.227
522.289
504.944
489.985
477.422
466.829
457.801
450.016
443.23
437.258
431.96
427.225
422.969
419.121
415.626
412.44
409.524
406.847
404.384
402.111
400.01
398.064
396.259
394.582
393.021
391.568
390.213
388.948
387.767
386.663
385.631
384.666
383.762
382.917
382.125
381.385
380.692
380.044
379.438
378.872
378.344
377.852
377.393
376.966
376.569
376.201
375.86
375.545
375.254
374.987
374.741
374.517
374.313
374.129
373.962
373.813
373.681
373.564
373.463
373.376
373.303
373.243
373.196
373.161
373.137
373.125
373.124
373.132
373.15
373.178
373.215
373.26
373.314
373.375
373.445
373.522
373.606
373.696
373.794
373.897
374.007
374.123
374.244
374.371
374.503
374.639
374.781
374.927
375.078
375.233
375.392
375.555
375.722
375.892
376.065
376.242
376.422
376.604
376.79
376.977
377.167
377.359
377.554
377.749
377.947
378.145
378.345
378.545
378.747
378.948
379.15
379.352
379.553
379.754
379.954
380.153
380.35
380.544
380.732
91.0616
278.177
374.321
393.387
388.302
378.207
368.135
359.167
351.387
344.653
338.793
333.658
329.123
325.091
321.482
318.234
315.297
312.628
310.194
307.966
305.922
304.04
302.304
300.7
299.215
297.836
296.556
295.364
294.254
293.217
292.25
291.345
290.499
289.707
288.965
288.27
287.618
287.008
286.436
285.9
285.399
284.929
284.49
284.079
283.695
283.338
283.004
282.694
282.405
282.138
281.89
281.661
281.449
281.255
281.077
280.915
280.767
280.633
280.512
280.404
280.308
280.224
280.151
280.089
280.036
279.993
279.959
279.934
279.917
279.909
279.907
279.914
279.927
279.947
279.973
280.005
280.044
280.088
280.137
280.192
280.251
280.316
280.385
280.458
280.535
280.617
280.702
280.791
280.883
280.979
281.078
281.181
281.286
281.394
281.504
281.618
281.734
281.852
281.972
282.095
282.219
282.346
282.474
282.604
282.735
282.868
283.002
283.138
283.274
283.411
283.55
283.688
283.827
283.967
284.107
284.246
284.386
284.525
284.664
284.802
284.938
285.069
46.0967
162.189
254.261
286.985
292.083
288.344
282.427
276.399
270.841
265.871
261.463
257.552
254.072
250.96
248.165
245.642
243.355
241.275
239.375
237.635
236.037
234.566
233.209
231.954
230.791
229.711
228.707
227.772
226.899
226.084
225.321
224.606
223.937
223.309
222.72
222.167
221.647
221.16
220.703
220.273
219.871
219.493
219.139
218.807
218.497
218.207
217.936
217.683
217.447
217.228
217.024
216.835
216.66
216.498
216.35
216.213
216.088
215.974
215.87
215.776
215.692
215.617
215.55
215.492
215.442
215.399
215.363
215.333
215.311
215.294
215.283
215.278
215.278
215.283
215.293
215.308
215.327
215.351
215.379
215.41
215.445
215.484
215.526
215.571
215.619
215.671
215.725
215.781
215.841
215.903
215.967
216.033
216.102
216.172
216.245
216.319
216.396
216.474
216.554
216.635
216.718
216.803
216.888
216.975
217.064
217.153
217.244
217.336
217.429
217.522
217.617
217.712
217.807
217.904
218
218.097
218.194
218.292
218.389
218.486
218.583
218.675
24.1389
88.6484
164.986
205.253
218.887
220.976
218.885
215.492
211.862
208.378
205.161
202.236
199.59
197.197
195.031
193.064
191.273
189.638
188.141
186.768
185.504
184.34
183.263
182.267
181.343
180.483
179.682
178.935
178.235
177.58
176.966
176.389
175.847
175.338
174.858
174.407
173.983
173.583
173.208
172.854
172.522
172.209
171.916
171.64
171.381
171.139
170.912
170.699
170.5
170.314
170.14
169.979
169.829
169.689
169.56
169.44
169.33
169.228
169.135
169.049
168.972
168.901
168.837
168.78
168.729
168.684
168.645
168.61
168.581
168.557
168.537
168.521
168.51
168.503
168.499
168.499
168.503
168.51
168.52
168.533
168.548
168.567
168.588
168.611
168.636
168.664
168.694
168.726
168.76
168.796
168.834
168.873
168.914
168.957
169.001
169.046
169.093
169.142
169.192
169.243
169.295
169.349
169.403
169.459
169.516
169.574
169.634
169.694
169.755
169.817
169.88
169.944
170.009
170.074
170.14
170.207
170.274
170.341
170.409
170.478
170.547
170.612
13.5084
45.5623
99.814
140.768
160.687
168.047
169.612
168.74
166.918
164.789
162.633
160.564
158.629
156.839
155.192
153.679
152.289
151.011
149.836
148.752
147.752
146.827
145.971
145.176
144.436
143.746
143.102
142.498
141.932
141.399
140.898
140.425
139.98
139.559
139.162
138.788
138.435
138.101
137.787
137.49
137.21
136.946
136.698
136.463
136.243
136.036
135.841
135.657
135.485
135.324
135.173
135.031
134.898
134.774
134.658
134.551
134.45
134.357
134.27
134.19
134.116
134.048
133.986
133.928
133.876
133.828
133.784
133.745
133.71
133.678
133.651
133.627
133.606
133.588
133.573
133.561
133.552
133.545
133.541
133.539
133.539
133.541
133.545
133.551
133.559
133.569
133.58
133.593
133.608
133.623
133.641
133.659
133.679
133.701
133.723
133.747
133.772
133.798
133.825
133.854
133.884
133.914
133.946
133.979
134.013
134.048
134.084
134.121
134.16
134.199
134.239
134.28
134.322
134.365
134.409
134.454
134.499
134.546
134.593
134.64
134.689
134.735
8.23297
22.8776
55.2867
90.228
113.178
124.85
129.856
131.463
131.425
130.618
129.473
128.204
126.919
125.67
124.481
123.363
122.317
121.344
120.438
119.597
118.815
118.088
117.412
116.781
116.191
115.639
115.121
114.633
114.173
113.738
113.326
112.937
112.567
112.218
111.886
111.572
111.274
110.993
110.726
110.474
110.235
110.009
109.796
109.594
109.404
109.224
109.054
108.893
108.742
108.6
108.465
108.339
108.22
108.108
108.002
107.903
107.81
107.723
107.642
107.565
107.494
107.427
107.365
107.307
107.252
107.202
107.155
107.112
107.071
107.034
107
106.968
106.94
106.913
106.889
106.868
106.848
106.831
106.815
106.801
106.789
106.779
106.77
106.763
106.757
106.753
106.749
106.748
106.747
106.748
106.749
106.752
106.757
106.762
106.768
106.775
106.784
106.793
106.804
106.815
106.828
106.842
106.857
106.873
106.89
106.908
106.927
106.947
106.969
106.991
107.015
107.039
107.065
107.092
107.119
107.148
107.178
107.208
107.24
107.273
107.306
107.339
5.47937
11.9932
28.2309
52.6649
74.495
88.7635
96.7041
100.69
102.44
102.969
102.841
102.365
101.714
100.983
100.226
99.4737
98.7433
98.0438
97.3795
96.752
96.1613
95.6061
95.0845
94.5943
94.1327
93.6974
93.2857
92.8954
92.5246
92.1718
91.8357
91.5153
91.2098
90.9187
90.6412
90.3771
90.1258
89.8868
89.6597
89.444
89.2392
89.0448
88.8603
88.6853
88.5194
88.362
88.2129
88.0715
87.9375
87.8106
87.6903
87.5763
87.4684
87.3663
87.2696
87.1781
87.0915
87.0096
86.9322
86.8589
86.7897
86.7242
86.6624
86.604
86.5487
86.4965
86.4471
86.4004
86.3562
86.3145
86.2752
86.2382
86.2033
86.1705
86.1395
86.1103
86.0829
86.0571
86.0329
86.0101
85.9887
85.9687
85.95
85.9325
85.9162
85.9011
85.887
85.8741
85.8622
85.8514
85.8415
85.8327
85.8249
85.818
85.8122
85.8073
85.8035
85.8006
85.7988
85.7979
85.7981
85.7994
85.8017
85.8051
85.8096
85.8153
85.822
85.8298
85.8389
85.8491
85.8604
85.8729
85.8866
85.9014
85.9173
85.9344
85.9526
85.9719
85.9923
86.0136
86.0365
86.059
3.95841
6.92866
14.0447
27.7128
44.4801
58.7408
68.5349
74.555
78.0225
79.9011
80.8188
81.1603
81.1575
80.9504
80.6247
80.2331
79.8085
79.3717
78.9356
78.5082
78.0944
77.6968
77.3164
76.9533
76.6068
76.2758
75.9591
75.6556
75.3641
75.0838
74.8142
74.5548
74.3054
74.0658
73.8359
73.6156
73.4046
73.203
73.0103
72.8265
72.6512
72.4841
72.3249
72.1732
72.0287
71.8912
71.7602
71.6354
71.5166
71.4035
71.2958
71.1931
71.0954
71.0022
70.9135
70.8289
70.7483
70.6714
70.5981
70.5282
70.4616
70.398
70.3372
70.2792
70.2238
70.1707
70.1199
70.0712
70.0246
69.98
69.9372
69.8964
69.8572
69.8196
69.7836
69.7491
69.7159
69.6841
69.6536
69.6242
69.596
69.569
69.543
69.518
69.494
69.471
69.449
69.4279
69.4077
69.3884
69.3701
69.3526
69.3361
69.3205
69.3058
69.292
69.2792
69.2674
69.2565
69.2466
69.2377
69.2299
69.2231
69.2175
69.2129
69.2094
69.2071
69.206
69.206
69.2073
69.2097
69.2134
69.2183
69.2244
69.2317
69.2402
69.2499
69.2607
69.2727
69.2859
69.3006
69.3156
3.07723
4.48267
7.42969
13.6627
23.6765
35.0256
44.8491
52.0825
56.9684
60.1184
62.0853
63.271
63.946
64.2875
64.4108
64.3917
64.2799
64.109
63.9013
63.6722
63.4318
63.1872
62.9427
62.701
62.4637
62.2313
62.0039
61.7817
61.5643
61.3518
61.1442
60.9417
60.7444
60.5527
60.3668
60.187
60.0135
59.8463
59.6855
59.531
59.3829
59.241
59.105
58.9749
58.8503
58.7311
58.617
58.5079
58.4034
58.3034
58.2076
58.1158
58.0279
57.9436
57.8628
57.7853
57.711
57.6396
57.571
57.505
57.4417
57.3807
57.322
57.2654
57.2109
57.1583
57.1074
57.0582
57.0106
56.9645
56.92
56.8769
56.8352
56.7948
56.7556
56.7176
56.6808
56.645
56.6102
56.5765
56.5437
56.5118
56.4808
56.4507
56.4214
56.393
56.3654
56.3386
56.3126
56.2875
56.2632
56.2397
56.2171
56.1953
56.1743
56.1543
56.1352
56.117
56.0997
56.0834
56.0681
56.0539
56.0406
56.0285
56.0175
56.0075
55.9987
55.9911
55.9847
55.9795
55.9755
55.9727
55.9712
55.9709
55.9718
55.9739
55.9773
55.9819
55.9876
55.9945
56.003
56.0124
2.55068
3.21778
4.43832
6.94253
11.6103
18.4646
26.1706
33.1843
38.7612
42.8701
45.7762
47.7853
49.1524
50.0675
50.6657
51.0416
51.2612
51.3706
51.4022
51.3791
51.3177
51.2296
51.123
51.0038
50.8757
50.7415
50.6028
50.4608
50.3166
50.1708
50.0242
49.8775
49.7315
49.5867
49.444
49.3039
49.1668
49.0333
48.9035
48.7778
48.6561
48.5387
48.4254
48.3163
48.2112
48.11
48.0126
47.9189
47.8286
47.7417
47.658
47.5774
47.4996
47.4247
47.3523
47.2825
47.215
47.1498
47.0868
47.0257
46.9667
46.9094
46.8539
46.8
46.7477
46.6968
46.6473
46.599
46.5519
46.506
46.4613
46.4177
46.3751
46.3336
46.293
46.2534
46.2146
46.1768
46.1397
46.1035
46.068
46.0333
45.9993
45.9661
45.9336
45.9018
45.8707
45.8403
45.8107
45.7818
45.7537
45.7263
45.6996
45.6738
45.6488
45.6246
45.6013
45.5788
45.5573
45.5367
45.517
45.4983
45.4807
45.4641
45.4485
45.4341
45.4208
45.4086
45.3976
45.3877
45.3791
45.3717
45.3654
45.3604
45.3566
45.354
45.3526
45.3524
45.3534
45.3556
45.3592
45.3641
2.23299
2.5213
3.02004
3.97831
5.81131
8.95325
13.4245
18.6064
23.6546
28.0086
31.4918
34.1618
36.1611
37.6393
38.7238
39.5145
40.0867
40.4964
40.785
40.9829
41.1129
41.1915
41.2312
41.2411
41.2277
41.196
41.1495
41.0909
41.0223
40.9454
40.8617
40.7726
40.6793
40.583
40.4847
40.3854
40.2859
40.1869
40.0889
39.9926
39.8981
39.8058
39.7157
39.6281
39.543
39.4604
39.3802
39.3025
39.2271
39.154
39.083
39.0142
38.9474
38.8826
38.8196
38.7584
38.6988
38.6409
38.5845
38.5295
38.4759
38.4236
38.3726
38.3227
38.2739
38.2262
38.1795
38.1336
38.0886
38.0444
38.001
37.9584
37.9166
37.8756
37.8353
37.7957
37.7568
37.7186
37.6809
37.6439
37.6076
37.5718
37.5366
37.502
37.4681
37.4347
37.4019
37.3698
37.3383
37.3074
37.2772
37.2476
37.2188
37.1906
37.1633
37.1367
37.1108
37.0858
37.0617
37.0384
37.016
36.9946
36.9741
36.9546
36.9361
36.9186
36.9023
36.887
36.8728
36.8597
36.8477
36.837
36.8273
36.8189
36.8116
36.8054
36.8004
36.7965
36.7938
36.7922
36.792
36.7934
2.04415
2.12289
2.29752
2.64296
3.30166
4.48769
6.42602
9.18515
12.5445
16.0848
19.4151
22.3108
24.7067
26.6315
28.1526
29.3441
30.2731
30.9958
31.5573
31.9928
32.3298
32.5895
32.7881
32.9382
33.0492
33.1284
33.1815
33.2127
33.2254
33.2225
33.2064
33.179
33.1423
33.0978
33.0472
32.9916
32.9323
32.8703
32.8065
32.7416
32.6761
32.6107
32.5455
32.481
32.4172
32.3545
32.2928
32.2323
32.173
32.1148
32.0579
32.0021
31.9474
31.8939
31.8415
31.7901
31.7397
31.6903
31.6418
31.5942
31.5474
31.5015
31.4563
31.4118
31.368
31.3249
31.2824
31.2404
31.199
31.158
31.1176
31.0776
31.0382
30.9992
30.9607
30.9227
30.8852
30.8481
30.8115
30.7754
30.7397
30.7044
30.6696
30.6353
30.6014
30.568
30.5351
30.5027
30.4708
30.4395
30.4087
30.3786
30.349
30.32
30.2917
30.2641
30.2372
30.211
30.1856
30.161
30.1372
30.1143
30.0922
30.0711
30.0508
30.0316
30.0133
29.996
29.9797
29.9645
29.9503
29.9372
29.9251
29.9141
29.9042
29.8954
29.8876
29.8809
29.8752
29.8707
29.8673
29.8657
1.93662
1.89378
1.90909
1.99887
2.20581
2.60134
3.28857
4.38475
5.96584
7.99811
10.3234
12.7231
15.0051
17.0512
18.8156
20.3
21.5308
22.5427
23.3713
24.0486
24.602
25.0545
25.4245
25.7271
25.9742
26.1752
26.3377
26.4677
26.57
26.6485
26.7067
26.7474
26.7731
26.7859
26.7878
26.7806
26.7658
26.7448
26.7188
26.6887
26.6554
26.6196
26.5819
26.5429
26.5029
26.4622
26.421
26.3796
26.3382
26.2967
26.2554
26.2143
26.1734
26.1328
26.0924
26.0524
26.0127
25.9733
25.9342
25.8954
25.857
25.8188
25.781
25.7434
25.7061
25.669
25.6322
25.5956
25.5592
25.523
25.487
25.4512
25.4156
25.3802
25.345
25.3101
25.2755
25.2411
25.207
25.1731
25.1395
25.1062
25.0732
25.0405
25.0082
24.9761
24.9445
24.9132
24.8823
24.8519
24.8218
24.7923
24.7633
24.7347
24.7068
24.6794
24.6526
24.6264
24.6009
24.5761
24.552
24.5286
24.506
24.4842
24.4632
24.4431
24.4238
24.4055
24.388
24.3714
24.3558
24.3412
24.3274
24.3147
24.3029
24.2921
24.2822
24.2733
24.2653
24.2584
24.2525
24.2483
1.87971
1.76618
1.6969
1.67019
1.69599
1.79455
1.99808
2.35263
2.91531
3.74021
4.85282
6.22679
7.78257
9.41177
11.0108
12.5043
13.8505
15.0349
16.0609
16.9411
17.6917
18.3301
18.8722
19.3325
19.7231
20.0547
20.3359
20.5738
20.7746
20.9432
21.0839
21.2003
21.2956
21.3725
21.4334
21.4806
21.516
21.5412
21.5578
21.5671
21.5702
21.5682
21.5617
21.5516
21.5385
21.5228
21.505
21.4854
21.4643
21.4419
21.4184
21.3941
21.369
21.3432
21.3168
21.29
21.2627
21.2351
21.2071
21.1789
21.1503
21.1216
21.0927
21.0635
21.0343
21.0048
20.9752
20.9455
20.9157
20.8858
20.8557
20.8255
20.7953
20.7649
20.7346
20.7042
20.6738
20.6435
20.6132
20.583
20.5529
20.5229
20.493
20.4633
20.4337
20.4043
20.3752
20.3462
20.3176
20.2892
20.2611
20.2334
20.206
20.179
20.1524
20.1263
20.1007
20.0755
20.0509
20.0269
20.0034
19.9805
19.9583
19.9368
19.9159
19.8957
19.8763
19.8576
19.8397
19.8226
19.8063
19.7908
19.7761
19.7622
19.7491
19.7369
19.7255
19.7149
19.7052
19.6963
19.6884
19.6821
1.85262
1.70013
1.58443
1.50014
1.4469
1.42874
1.45383
1.53512
1.69135
1.94726
2.33147
2.87025
3.5778
4.44716
5.44734
6.52936
7.63814
8.72438
9.75172
10.6983
11.5544
12.3189
12.9957
13.5916
14.1143
14.5719
14.9717
15.3206
15.6246
15.8892
16.1189
16.3179
16.4897
16.6376
16.7643
16.8725
16.9644
17.042
17.1071
17.1614
17.2062
17.2427
17.2722
17.2954
17.3132
17.3264
17.3355
17.341
17.3435
17.3431
17.3404
17.3354
17.3286
17.3201
17.31
17.2986
17.2859
17.272
17.2572
17.2413
17.2246
17.2071
17.1889
17.1699
17.1504
17.1302
17.1095
17.0882
17.0665
17.0443
17.0217
16.9987
16.9753
16.9515
16.9274
16.9029
16.8783
16.8534
16.8283
16.8031
16.7778
16.7524
16.7269
16.7013
16.6758
16.6503
16.6248
16.5993
16.574
16.5488
16.5238
16.4989
16.4742
16.4498
16.4257
16.4018
16.3783
16.3551
16.3323
16.3099
16.2879
16.2664
16.2454
16.2249
16.2049
16.1855
16.1667
16.1484
16.1308
16.1137
16.0974
16.0816
16.0666
16.0521
16.0384
16.0253
16.013
16.0012
15.9902
15.9799
15.9704
15.9624
1.84139
1.6697
1.52946
1.4157
1.32537
1.25752
1.21298
1.19428
1.2059
1.25453
1.3495
1.50277
1.72823
2.03963
2.44734
2.95457
3.5547
4.23105
4.95942
5.71248
6.46424
7.19341
7.88478
8.5291
9.12198
9.66248
10.1519
10.5929
10.9886
11.3428
11.6589
11.9405
12.1908
12.413
12.6097
12.7837
12.9373
13.0727
13.1919
13.2966
13.3885
13.469
13.5394
13.6008
13.6544
13.7009
13.7411
13.7758
13.8055
13.8308
13.8522
13.8699
13.8845
13.8961
13.9051
13.9117
13.916
13.9184
13.9189
13.9177
13.915
13.9108
13.9052
13.8984
13.8904
13.8813
13.8712
13.8601
13.8481
13.8353
13.8217
13.8074
13.7924
13.7767
13.7603
13.7433
13.7258
13.7077
13.6893
13.6704
13.6511
13.6316
13.6117
13.5916
13.5713
13.5508
13.5301
13.5093
13.4884
13.4675
13.4465
13.4255
13.4046
13.3837
13.363
13.3423
13.3218
13.3015
13.2814
13.2616
13.242
13.2226
13.2036
13.185
13.1667
13.1487
13.1312
13.1141
13.0974
13.0811
13.0654
13.05
13.0352
13.0209
13.0071
12.9937
12.9809
12.9686
12.9568
12.9456
12.935
12.9257
1.83747
1.65774
1.50597
1.37779
1.26982
1.17973
1.10613
1.0485
1.0071
0.982967
0.97802
0.995182
1.03851
1.11327
1.22579
1.383
1.59157
1.85661
2.18032
2.56087
2.99207
3.46382
3.96341
4.47718
4.99215
5.49722
5.98377
6.44582
6.87968
7.28351
7.65682
8.00005
8.31426
8.60088
8.86157
9.09811
9.31231
9.506
9.6809
9.83869
9.98093
10.1091
10.2245
10.3283
10.4218
10.5058
10.5814
10.6494
10.7104
10.7652
10.8144
10.8584
10.8977
10.9328
10.9639
10.9915
11.0159
11.0372
11.0557
11.0717
11.0853
11.0967
11.106
11.1135
11.1191
11.1231
11.1256
11.1265
11.1261
11.1245
11.1216
11.1176
11.1125
11.1064
11.0994
11.0914
11.0825
11.0729
11.0624
11.0513
11.0395
11.0271
11.0142
11.0007
10.9868
10.9725
10.9579
10.9428
10.9275
10.9119
10.8961
10.8801
10.8639
10.8476
10.8312
10.8148
10.7982
10.7817
10.7652
10.7488
10.7324
10.7161
10.6999
10.6839
10.668
10.6524
10.6369
10.6216
10.6066
10.5919
10.5774
10.5632
10.5493
10.5357
10.5224
10.5095
10.4968
10.4845
10.4726
10.461
10.4499
10.4398
1.83635
1.65389
1.49762
1.36332
1.24761
1.14783
1.062
0.988661
0.926848
0.875995
0.835924
0.806832
0.789309
0.784375
0.793528
0.818789
0.862717
0.928353
1.01907
1.13829
1.28906
1.47359
1.69271
1.94554
2.22929
2.53945
2.87014
3.21468
3.56618
3.91819
4.26501
4.60206
4.92585
5.23398
5.52496
5.79806
6.0531
6.29031
6.51022
6.71354
6.90113
7.07391
7.23284
7.37888
7.51299
7.63609
7.74904
7.85265
7.9477
8.03486
8.11478
8.18805
8.25521
8.31674
8.37308
8.42464
8.47178
8.51485
8.55413
8.58991
8.62243
8.65191
8.67857
8.7026
8.72415
8.7434
8.76048
8.77554
8.78868
8.80003
8.8097
8.81778
8.82437
8.82956
8.83342
8.83603
8.83744
8.8377
8.83683
8.83491
8.83204
8.82826
8.82363
8.81822
8.81208
8.80526
8.79781
8.78977
8.78119
8.77211
8.76256
8.7526
8.74225
8.73155
8.72053
8.70924
8.69769
8.68592
8.67396
8.66183
8.64957
8.6372
8.62474
8.61222
8.59965
8.58707
8.57448
8.56191
8.54937
8.53689
8.52447
8.51213
8.49988
8.48773
8.4757
8.46379
8.45201
8.44037
8.42889
8.41757
8.40658
8.39636
1.8361
1.6529
1.49526
1.35888
1.24033
1.13688
1.04634
0.966998
0.8975
0.836801
0.784121
0.738903
0.700795
0.66963
0.645428
0.628393
0.618928
0.617651
0.625409
0.643289
0.672614
0.714913
0.771858
0.84516
0.936427
1.04698
1.17767
1.32871
1.49953
1.68877
1.89428
2.11328
2.34252
2.57854
2.81785
3.05721
3.29373
3.52496
3.74899
3.96438
4.17018
4.36577
4.5509
4.72552
4.88977
5.04392
5.18834
5.32343
5.44963
5.56743
5.6773
5.7797
5.8751
5.96394
6.04665
6.12363
6.19526
6.26189
6.32383
6.38141
6.43489
6.48453
6.53057
6.57324
6.61274
6.64926
6.68298
6.71407
6.74267
6.76894
6.793
6.81499
6.835
6.85317
6.86958
6.88433
6.89751
6.9092
6.91948
6.9284
6.93598
6.9423
6.94744
6.95147
6.95447
6.95648
6.95756
6.95779
6.95719
6.95584
6.95376
6.95101
6.94762
6.94364
6.93911
6.93406
6.92852
6.92253
6.91612
6.90932
6.90216
6.89466
6.88684
6.87874
6.87038
6.86177
6.85294
6.8439
6.83468
6.8253
6.81575
6.80608
6.79628
6.78636
6.77636
6.76626
6.7561
6.74587
6.7356
6.7253
6.71512
6.70545
1.83605
1.6527
1.49473
1.35782
1.23848
1.13393
1.04192
0.960651
0.888632
0.82467
0.767793
0.717216
0.672311
0.632587
0.597667
0.567277
0.541239
0.519467
0.501959
0.488805
0.480186
0.47638
0.477767
0.484836
0.49818
0.518494
0.546554
0.583197
0.629277
0.68561
0.752916
0.831744
0.922405
1.02492
1.13896
1.26386
1.39863
1.54195
1.6923
1.84799
2.00728
2.16843
2.32982
2.48997
2.6476
2.80163
2.95124
3.09578
3.23481
3.36806
3.49537
3.61672
3.73214
3.84173
3.94565
4.04405
4.13714
4.22511
4.30819
4.38657
4.46048
4.53013
4.59572
4.65745
4.71552
4.77012
4.82143
4.86961
4.91483
4.95724
4.99698
5.03419
5.06899
5.10151
5.13185
5.16012
5.18643
5.21088
5.23355
5.25452
5.27388
5.29171
5.30805
5.32293
5.33642
5.34861
5.35956
5.36934
5.37801
5.38562
5.39224
5.3979
5.40266
5.40656
5.40964
5.41195
5.41352
5.41438
5.41458
5.41413
5.41308
5.41145
5.40927
5.40656
5.40335
5.39965
5.3955
5.39091
5.3859
5.38049
5.3747
5.36855
5.36204
5.3552
5.34805
5.34059
5.33285
5.32483
5.31655
5.30805
5.29945
5.29109
1.83603
1.65264
1.49462
1.3576
1.23811
1.13332
1.04098
0.959246
0.886595
0.821781
0.76377
0.711705
0.664871
0.622675
0.584622
0.550304
0.519386
0.491594
0.466712
0.444573
0.425055
0.408082
0.393615
0.38166
0.37226
0.365503
0.361518
0.360482
0.362614
0.368185
0.377508
0.390937
0.408863
0.431696
0.459858
0.493758
0.533773
0.580224
0.633348
0.693275
0.760013
0.833427
0.91324
0.99903
1.09024
1.18621
1.28619
1.38935
1.49485
1.60184
1.70951
1.8171
1.92391
2.02932
2.13281
2.23395
2.3324
2.42789
2.52023
2.60931
2.69504
2.77741
2.85641
2.93209
3.00449
3.07369
3.13975
3.20277
3.26283
3.32001
3.37442
3.42615
3.47528
3.52192
3.56615
3.60807
3.64776
3.68533
3.72085
3.7544
3.78608
3.81596
3.8441
3.87059
3.89549
3.91885
3.94069
3.96105
3.98001
3.99763
4.01397
4.02908
4.04301
4.05582
4.06753
4.07821
4.08788
4.09659
4.10437
4.11125
4.11727
4.12246
4.12685
4.13045
4.1333
4.13543
4.13685
4.13759
4.13766
4.1371
4.13591
4.13412
4.13175
4.12882
4.12534
4.12134
4.11683
4.11183
4.10637
4.10047
4.09426
4.08801
1.83602
1.65261
1.49457
1.35754
1.23801
1.13319
1.0408
0.958995
0.886239
0.821274
0.763051
0.710688
0.663449
0.620708
0.581938
0.54669
0.514581
0.485287
0.45853
0.434076
0.411723
0.391305
0.372681
0.355736
0.340378
0.326536
0.314157
0.303209
0.293677
0.285565
0.278893
0.2737
0.270046
0.268008
0.267682
0.269186
0.272657
0.27825
0.286138
0.296507
0.309554
0.325483
0.344495
0.366785
0.392532
0.42189
0.454982
0.49189
0.532647
0.577235
0.625578
0.677541
0.732932
0.791508
0.852972
0.916992
0.9832
1.05121
1.12061
1.19101
1.262
1.33322
1.40429
1.4749
1.54474
1.61357
1.68114
1.74729
1.81184
1.87469
1.93574
1.99492
2.0522
2.10754
2.16095
2.21241
2.26196
2.30961
2.35539
2.39932
2.44146
2.48183
2.52047
2.55743
2.59274
2.62644
2.65858
2.6892
2.71832
2.74597
2.77215
2.79689
2.82025
2.84225
2.86296
2.8824
2.90062
2.91765
2.93352
2.94826
2.96191
2.97448
2.98602
2.99655
3.00608
3.01465
3.02228
3.029
3.03481
3.03976
3.04385
3.04711
3.04957
3.05124
3.05216
3.05233
3.0518
3.05057
3.04869
3.04618
3.04315
3.03983
1.83602
1.65258
1.49453
1.35749
1.23795
1.13313
1.04073
0.958918
0.886153
0.821175
0.76293
0.710534
0.663244
0.620428
0.581551
0.546153
0.513841
0.484276
0.457165
0.432255
0.409327
0.388188
0.368672
0.350636
0.333951
0.31851
0.304216
0.290989
0.278758
0.267464
0.257058
0.247499
0.238756
0.230806
0.223632
0.217228
0.211592
0.206732
0.202663
0.199407
0.196995
0.195466
0.194865
0.195248
0.196677
0.199224
0.202967
0.207989
0.214382
0.222238
0.231654
0.242727
0.255551
0.270218
0.286809
0.305397
0.326044
0.348793
0.373672
0.400687
0.429823
0.461042
0.494284
0.529466
0.566482
0.605206
0.645493
0.687183
0.730104
0.774072
0.818897
0.864388
0.910351
0.956597
1.00294
1.04921
1.09525
1.14089
1.186
1.23046
1.27415
1.31698
1.35887
1.39974
1.43954
1.47823
1.51576
1.55212
1.58728
1.62123
1.65397
1.6855
1.7158
1.74487
1.77267
1.79921
1.82451
1.84859
1.87144
1.8931
1.91357
1.93286
1.951
1.968
1.98387
1.99863
2.0123
2.0249
2.03646
2.04698
2.0565
2.06503
2.07261
2.07925
2.08499
2.08986
2.09388
2.09708
2.09949
2.10116
2.10217
2.10269
1.83601
1.65256
1.4945
1.35744
1.2379
1.13307
1.04068
0.958862
0.886097
0.821119
0.762874
0.710479
0.663188
0.620369
0.581486
0.546077
0.513746
0.484154
0.457003
0.432037
0.409031
0.387791
0.368143
0.349936
0.333036
0.317326
0.302702
0.28907
0.276348
0.264464
0.253352
0.242956
0.233223
0.224109
0.215575
0.207584
0.200107
0.193116
0.18659
0.18051
0.17486
0.169628
0.164805
0.160385
0.156365
0.152745
0.149529
0.146723
0.144336
0.14238
0.140871
0.139827
0.139272
0.139229
0.139729
0.140802
0.142483
0.144811
0.147824
0.151565
0.156077
0.161407
0.167597
0.174694
0.18274
0.191777
0.201844
0.212975
0.225201
0.238543
0.253021
0.268643
0.285411
0.303316
0.322344
0.342466
0.363648
0.385845
0.409001
0.433054
0.457934
0.483561
0.509851
0.536715
0.564057
0.591782
0.61979
0.647983
0.67626
0.704525
0.732683
0.760646
0.788324
0.815637
0.842526
0.868911
0.894718
0.919875
0.944321
0.968008
0.990896
1.01295
1.03415
1.05447
1.0739
1.09242
1.11004
1.12675
1.14256
1.15747
1.1715
1.18466
1.19696
1.20842
1.21907
1.22892
1.238
1.24633
1.25393
1.26083
1.26708
1.27277
1.83601
1.65254
1.49448
1.35742
1.23787
1.13304
1.04064
0.958826
0.886061
0.821083
0.762838
0.710444
0.663153
0.620336
0.581454
0.546046
0.513716
0.484124
0.456972
0.432004
0.408994
0.387747
0.368088
0.349865
0.332945
0.317207
0.302545
0.288866
0.276084
0.264124
0.25292
0.242409
0.232538
0.223257
0.214522
0.206293
0.198534
0.191212
0.184299
0.177766
0.17159
0.165749
0.160224
0.154998
0.150054
0.145378
0.140958
0.136784
0.132845
0.129135
0.125645
0.122372
0.11931
0.116457
0.113811
0.111371
0.109139
0.107116
0.105305
0.103711
0.102339
0.101196
0.100291
0.0996325
0.0992315
0.0991002
0.0992519
0.0997016
0.100465
0.101559
0.103003
0.104815
0.107015
0.109624
0.112662
0.116151
0.120113
0.124567
0.129533
0.13503
0.141077
0.147687
0.154876
0.162653
0.171028
0.180005
0.189585
0.199765
0.210541
0.221901
0.23383
0.24631
0.259318
0.272826
0.286806
0.301223
0.316039
0.33122
0.346726
0.362508
0.378518
0.394705
0.411019
0.427408
0.443821
0.460211
0.476527
0.492726
0.508761
0.524593
0.54018
0.555488
0.570483
0.585135
0.599415
0.613301
0.626772
0.639808
0.652394
0.66452
0.676178
0.68735
1.83601
1.65254
1.49448
1.35742
1.23787
1.13304
1.04064
0.958826
0.886061
0.821083
0.762838
0.710444
0.663153
0.620336
0.581454
0.546046
0.513716
0.484124
0.456972
0.432004
0.408994
0.387747
0.368088
0.349865
0.332945
0.317207
0.302545
0.288866
0.276084
0.264125
0.25292
0.242409
0.232538
0.223257
0.214522
0.206294
0.198535
0.191213
0.184299
0.177767
0.171591
0.165751
0.160226
0.155
0.150056
0.14538
0.140961
0.136787
0.132849
0.129139
0.125651
0.122378
0.119317
0.116465
0.113821
0.111383
0.109153
0.107132
0.105324
0.103734
0.102366
0.101228
0.100327
0.0996751
0.0992812
0.0991582
0.0993195
0.0997801
0.100556
0.101664
0.103124
0.104953
0.107173
0.109804
0.112867
0.116383
0.120373
0.124859
0.129859
0.135392
0.141477
0.148129
0.15536
0.163182
0.171602
0.180625
0.190252
0.200481
0.211304
0.222711
0.234686
0.24721
0.260261
0.27381
0.287827
0.302278
0.317125
0.332335
0.347865
0.363667
0.379691
0.395886
0.412202
0.428589
0.444994
0.461371
0.47767
0.493845
0.509853
0.525653
0.541205
0.556474
0.571427
0.586033
0.600266
0.614101
0.627519
0.6405
0.653031
0.665099
0.676699
0.687812
1.83601
1.65256
1.4945
1.35744
1.2379
1.13307
1.04068
0.958862
0.886097
0.821119
0.762874
0.710479
0.663188
0.62037
0.581486
0.546077
0.513746
0.484154
0.457003
0.432037
0.409032
0.387791
0.368143
0.349936
0.333037
0.317327
0.302703
0.289071
0.27635
0.264466
0.253355
0.24296
0.233228
0.224115
0.215582
0.207592
0.200117
0.193128
0.186605
0.180527
0.17488
0.169651
0.164832
0.160416
0.156401
0.152787
0.149578
0.14678
0.144401
0.142456
0.140959
0.139929
0.13939
0.139366
0.139887
0.140985
0.142695
0.145054
0.148104
0.151886
0.156445
0.161825
0.168073
0.175233
0.183348
0.192461
0.202609
0.213827
0.226144
0.239584
0.254164
0.269891
0.286767
0.304784
0.323923
0.344157
0.36545
0.387755
0.411016
0.43517
0.460145
0.48586
0.512231
0.539167
0.566573
0.594352
0.622404
0.65063
0.67893
0.707208
0.73537
0.763325
0.790986
0.818277
0.845134
0.871475
0.89723
0.922323
0.946697
0.970305
0.99311
1.01508
1.03618
1.05641
1.07573
1.09415
1.11167
1.12827
1.14397
1.15877
1.17269
1.18574
1.19793
1.20928
1.21981
1.22955
1.23852
1.24673
1.25421
1.261
1.26714
1.27272
1.83602
1.65258
1.49453
1.35749
1.23795
1.13313
1.04073
0.958918
0.886153
0.821175
0.76293
0.710535
0.663244
0.620429
0.581551
0.546154
0.513842
0.484277
0.457167
0.432258
0.40933
0.388192
0.368678
0.350643
0.33396
0.318521
0.30423
0.291006
0.278779
0.26749
0.257089
0.247537
0.238802
0.23086
0.223697
0.217304
0.211682
0.206838
0.202787
0.199552
0.197163
0.195661
0.195091
0.19551
0.196981
0.199575
0.203372
0.208456
0.214918
0.222853
0.232358
0.24353
0.256464
0.271252
0.287975
0.306707
0.327508
0.350421
0.375472
0.402666
0.431987
0.463396
0.496828
0.532199
0.569401
0.608305
0.648765
0.690618
0.733687
0.77779
0.822734
0.868326
0.914372
0.960682
1.00707
1.05337
1.09941
1.14504
1.19013
1.23454
1.27818
1.32094
1.36274
1.40352
1.44322
1.48179
1.51921
1.55544
1.59047
1.62428
1.6569
1.68829
1.71845
1.74736
1.77501
1.8014
1.82656
1.85048
1.87319
1.89469
1.91502
1.93417
1.95216
1.96902
1.98475
1.99937
2.01291
2.02538
2.0368
2.04719
2.05658
2.06499
2.07244
2.07896
2.08458
2.08933
2.09323
2.09632
2.09862
2.10017
2.10107
2.10148
1.83602
1.65261
1.49457
1.35754
1.23801
1.13319
1.0408
0.958996
0.88624
0.821275
0.763052
0.71069
0.663451
0.620712
0.581943
0.546697
0.514591
0.4853
0.458547
0.434097
0.411751
0.39134
0.372725
0.355791
0.340446
0.326619
0.314259
0.303333
0.293827
0.285744
0.279107
0.273955
0.270347
0.268362
0.268098
0.269674
0.273227
0.278915
0.28691
0.297402
0.310588
0.326674
0.345861
0.368345
0.394306
0.423897
0.457242
0.49442
0.535463
0.58035
0.629
0.681277
0.736984
0.795872
0.857641
0.921954
0.988437
1.0567
1.12633
1.19694
1.26811
1.33947
1.41066
1.48136
1.55126
1.62011
1.68769
1.75381
1.81833
1.88111
1.94208
2.00116
2.05833
2.11355
2.16682
2.21814
2.26754
2.31504
2.36065
2.40443
2.4464
2.4866
2.52507
2.56186
2.597
2.63053
2.6625
2.69295
2.7219
2.74938
2.77537
2.79994
2.82313
2.84497
2.86552
2.88481
2.90288
2.91976
2.93549
2.9501
2.96361
2.97606
2.98748
2.99789
3.00731
3.01577
3.02329
3.0299
3.03561
3.04046
3.04446
3.04763
3.04999
3.05158
3.05241
3.0525
3.05188
3.05058
3.04862
3.04603
3.04292
3.03953
1.83603
1.65264
1.49462
1.35761
1.23811
1.13332
1.04099
0.95925
0.8866
0.821788
0.763781
0.71172
0.664891
0.622702
0.584658
0.550352
0.519448
0.491674
0.466814
0.444702
0.425217
0.408283
0.393864
0.381964
0.372631
0.365953
0.362061
0.361133
0.363394
0.369114
0.37861
0.39224
0.410395
0.433489
0.461946
0.496176
0.536556
0.583405
0.636959
0.697344
0.764562
0.838474
0.918794
1.00509
1.09681
1.19326
1.2937
1.39729
1.50319
1.61054
1.71853
1.82639
1.93341
2.039
2.14263
2.24386
2.34236
2.43787
2.53021
2.61924
2.70491
2.78719
2.86609
2.94165
3.01391
3.08296
3.14886
3.21171
3.27159
3.32859
3.3828
3.43433
3.48327
3.5297
3.57373
3.61545
3.65495
3.69231
3.72764
3.761
3.79249
3.82219
3.85015
3.87647
3.9012
3.92439
3.94606
3.96627
3.98507
4.00255
4.01875
4.03373
4.04755
4.06024
4.07185
4.08243
4.09201
4.10064
4.10834
4.11515
4.12111
4.12624
4.13057
4.13413
4.13694
4.13902
4.14041
4.14111
4.14116
4.14057
4.13936
4.13755
4.13516
4.1322
4.12871
4.12469
4.12016
4.11514
4.10966
4.10374
4.09751
4.09125
1.83605
1.6527
1.49473
1.35782
1.23849
1.13394
1.04194
0.960672
0.888663
0.824713
0.767852
0.717295
0.672418
0.632727
0.597848
0.567509
0.541536
0.519841
0.502429
0.489391
0.480912
0.477275
0.478867
0.48618
0.499815
0.520472
0.548935
0.586045
0.632657
0.689591
0.757562
0.837113
0.928547
1.03187
1.14674
1.27248
1.40806
1.55216
1.70325
1.85962
2.01951
2.1812
2.34305
2.50358
2.66151
2.81579
2.96558
3.11025
3.24936
3.38264
3.50996
3.63127
3.74663
3.85614
3.95995
4.05822
4.15117
4.23899
4.32189
4.40009
4.47381
4.54325
4.60863
4.67015
4.72801
4.78238
4.83347
4.88143
4.92643
4.96862
5.00814
5.04513
5.07972
5.11204
5.14218
5.17026
5.19639
5.22066
5.24316
5.26397
5.28319
5.30087
5.31708
5.33182
5.3452
5.35727
5.36813
5.37783
5.38642
5.39398
5.40054
5.40616
5.41089
5.41477
5.41784
5.42015
5.42172
5.4226
5.42282
5.42241
5.42139
5.4198
5.41766
5.415
5.41185
5.40821
5.40412
5.3996
5.39465
5.38931
5.38359
5.3775
5.37106
5.36429
5.3572
5.34981
5.34212
5.33416
5.32595
5.31749
5.30895
5.30063
1.8361
1.65291
1.49527
1.3589
1.24036
1.13692
1.04641
0.967098
0.897637
0.836986
0.784367
0.739227
0.701217
0.670177
0.646129
0.629287
0.620063
0.619085
0.627213
0.645547
0.675425
0.718392
0.776129
0.850357
0.942681
1.05441
1.18639
1.33878
1.51099
1.70161
1.90846
2.1287
2.35906
2.59606
2.8362
3.07624
3.31329
3.54492
3.76923
3.98482
4.19072
4.38637
4.57149
4.74606
4.91024
5.0643
5.20859
5.34355
5.46961
5.58724
5.69694
5.79916
5.89437
5.98301
6.06552
6.14229
6.21371
6.28011
6.34184
6.39918
6.45243
6.50184
6.54766
6.5901
6.62937
6.66567
6.69918
6.73006
6.75846
6.78453
6.80841
6.83022
6.85007
6.86808
6.88435
6.89898
6.91204
6.92362
6.93381
6.94264
6.95015
6.95641
6.9615
6.96551
6.96848
6.9705
6.9716
6.97185
6.9713
6.97
6.96799
6.96532
6.96203
6.95815
6.95373
6.9488
6.94339
6.93754
6.93127
6.92462
6.91761
6.91027
6.90262
6.89469
6.8865
6.87806
6.86941
6.86055
6.8515
6.84228
6.83291
6.8234
6.81376
6.80401
6.79415
6.78421
6.77419
6.7641
6.75395
6.74378
6.73371
6.72415
1.83636
1.65391
1.49766
1.3634
1.24773
1.14801
1.06225
0.989009
0.927316
0.876617
0.836745
0.807909
0.790715
0.786204
0.795899
0.821852
0.866653
0.933378
1.02543
1.14623
1.29885
1.48544
1.70678
1.96189
2.24792
2.56025
2.89289
3.23912
3.59202
3.94511
4.29275
4.63034
4.95446
5.26274
5.55374
5.82675
6.08163
6.31864
6.53832
6.7414
6.92873
7.10125
7.25993
7.40574
7.53962
7.66249
7.77522
7.87863
7.97346
8.06042
8.14014
8.21321
8.28015
8.34147
8.3976
8.44895
8.49588
8.53874
8.57781
8.61338
8.64569
8.67498
8.70144
8.72528
8.74665
8.76573
8.78265
8.79756
8.81057
8.8218
8.83136
8.83935
8.84587
8.851
8.85481
8.85739
8.85879
8.85904
8.85818
8.8563
8.85348
8.84977
8.84523
8.83993
8.83392
8.82724
8.81994
8.81207
8.80367
8.79479
8.78546
8.77572
8.7656
8.75515
8.74439
8.73335
8.72207
8.71058
8.69891
8.68707
8.6751
8.66303
8.65086
8.63864
8.62637
8.61409
8.60179
8.58951
8.57727
8.56506
8.55292
8.54084
8.52885
8.51696
8.50516
8.49349
8.48193
8.4705
8.45921
8.44809
8.43727
8.42722
1.8375
1.65781
1.50612
1.37805
1.2702
1.18027
1.10687
1.04951
1.00845
0.984782
0.980453
0.998438
1.04286
1.11906
1.23343
1.39298
1.60436
1.87266
2.19994
2.58421
3.01905
3.49417
3.99667
4.51282
5.02959
5.53591
6.02324
6.48568
6.91962
7.32329
7.69629
8.03909
8.3528
8.63888
8.89901
9.13502
9.34871
9.54192
9.71639
9.87379
10.0157
10.1435
10.2586
10.3622
10.4555
10.5393
10.6147
10.6825
10.7434
10.798
10.847
10.8908
10.93
10.9649
10.9959
11.0233
11.0475
11.0686
11.087
11.1029
11.1163
11.1276
11.1368
11.1441
11.1497
11.1536
11.156
11.1569
11.1565
11.1548
11.1519
11.148
11.1429
11.1369
11.13
11.1221
11.1134
11.1038
11.0935
11.0826
11.071
11.0588
11.0462
11.033
11.0194
11.0054
10.991
10.9763
10.9614
10.9461
10.9307
10.9151
10.8993
10.8834
10.8674
10.8514
10.8353
10.8192
10.8031
10.7871
10.7712
10.7553
10.7396
10.724
10.7086
10.6933
10.6783
10.6634
10.6488
10.6345
10.6204
10.6066
10.593
10.5798
10.5668
10.5541
10.5418
10.5298
10.5181
10.5067
10.4958
10.486
1.84147
1.66992
1.52989
1.41637
1.32636
1.2589
1.21488
1.19691
1.20954
1.25958
1.35651
1.51246
1.74146
2.05731
2.47028
2.98331
3.58935
4.27126
5.00444
5.76131
6.51582
7.24676
7.93908
8.58371
9.17643
9.71645
10.2052
10.6452
11.0401
11.3932
11.7084
11.9891
12.2385
12.4598
12.6558
12.8292
12.9822
13.1171
13.2358
13.3402
13.4318
13.5121
13.5823
13.6436
13.697
13.7434
13.7835
13.8181
13.8478
13.873
13.8942
13.9119
13.9263
13.9379
13.9468
13.9533
13.9576
13.9599
13.9603
13.9591
13.9563
13.952
13.9465
13.9397
13.9317
13.9226
13.9126
13.9016
13.8897
13.8771
13.8636
13.8495
13.8347
13.8192
13.803
13.7863
13.7691
13.7514
13.7332
13.7147
13.6959
13.6767
13.6573
13.6376
13.6177
13.5977
13.5775
13.5572
13.5369
13.5165
13.4961
13.4757
13.4553
13.435
13.4149
13.3948
13.3749
13.3552
13.3357
13.3164
13.2974
13.2787
13.2603
13.2422
13.2245
13.2071
13.1901
13.1735
13.1574
13.1416
13.1264
13.1115
13.0971
13.0832
13.0698
13.0569
13.0444
13.0324
13.021
13.01
12.9997
12.9906
1.85285
1.70072
1.58546
1.5017
1.44916
1.43197
1.45847
1.54185
1.70114
1.96146
2.3517
2.89816
3.61465
4.49336
5.5023
6.59164
7.70585
8.7956
9.82481
10.772
11.6278
12.3914
13.0671
13.6616
14.1828
14.6388
15.0371
15.3846
15.6872
15.9505
16.179
16.3768
16.5477
16.6947
16.8207
16.9283
17.0197
17.097
17.1618
17.2159
17.2605
17.297
17.3264
17.3496
17.3674
17.3806
17.3897
17.3952
17.3977
17.3973
17.3946
17.3897
17.3829
17.3744
17.3643
17.3529
17.3402
17.3264
17.3116
17.2959
17.2793
17.2619
17.2438
17.225
17.2056
17.1856
17.1651
17.1441
17.1227
17.1008
17.0785
17.0559
17.0328
17.0094
16.9857
16.9618
16.9376
16.9132
16.8887
16.864
16.8393
16.8144
16.7896
16.7647
16.7398
16.7149
16.6901
16.6654
16.6408
16.6163
16.592
16.5679
16.544
16.5203
16.497
16.4739
16.4511
16.4287
16.4067
16.3851
16.3639
16.3432
16.3229
16.3031
16.2839
16.2652
16.247
16.2294
16.2124
16.196
16.1802
16.1651
16.1505
16.1366
16.1234
16.1108
16.0988
16.0875
16.0768
16.0668
16.0576
16.0498
1.88026
1.76748
1.69908
1.67351
1.70095
1.80207
2.00961
2.37039
2.94219
3.77923
4.90608
6.2945
7.86285
9.50136
11.1062
12.6024
13.9491
15.1326
16.1569
17.0349
17.7832
18.4192
18.959
19.417
19.8056
20.1352
20.4146
20.6509
20.8501
21.0174
21.1568
21.2722
21.3665
21.4427
21.503
21.5498
21.5848
21.6099
21.6264
21.6356
21.6388
21.6368
21.6304
21.6205
21.6075
21.5919
21.5742
21.5548
21.5338
21.5115
21.4882
21.464
21.439
21.4134
21.3872
21.3605
21.3334
21.306
21.2782
21.2502
21.2219
21.1935
21.1649
21.1361
21.1071
21.0781
21.0489
21.0196
20.9902
20.9608
20.9313
20.9016
20.8719
20.8422
20.8124
20.7827
20.753
20.7234
20.6939
20.6644
20.6351
20.6059
20.5768
20.5479
20.5192
20.4907
20.4625
20.4345
20.4067
20.3793
20.3521
20.3254
20.2989
20.2729
20.2473
20.2222
20.1975
20.1733
20.1497
20.1266
20.1041
20.0822
20.0609
20.0402
20.0202
20.0009
19.9824
19.9645
19.9473
19.931
19.9154
19.9005
19.8864
19.8732
19.8607
19.849
19.838
19.8279
19.8185
19.81
19.8024
19.7963
1.9378
1.89636
1.91341
2.00574
2.21689
2.61955
3.31844
4.43183
6.03458
8.08929
10.4335
12.8459
15.1344
17.1824
18.9456
20.4273
21.6545
22.6627
23.4875
24.1613
24.7115
25.161
25.5283
25.8285
26.0733
26.2723
26.4329
26.5612
26.6619
26.7392
26.7962
26.8359
26.8608
26.8731
26.8746
26.8671
26.8522
26.8312
26.8052
26.7752
26.7421
26.7065
26.6692
26.6304
26.5906
26.5502
26.5093
26.4682
26.4271
26.3859
26.3449
26.304
26.2634
26.2231
26.1831
26.1434
26.104
26.065
26.0263
25.9879
25.9499
25.9122
25.8748
25.8378
25.801
25.7645
25.7283
25.6923
25.6566
25.6211
25.5858
25.5507
25.5159
25.4813
25.447
25.4129
25.3792
25.3457
25.3125
25.2796
25.247
25.2147
25.1828
25.1511
25.1198
25.0889
25.0584
25.0282
24.9985
24.9692
24.9403
24.912
24.8841
24.8568
24.83
24.8038
24.7782
24.7532
24.7288
24.7052
24.6822
24.66
24.6385
24.6178
24.5979
24.5788
24.5605
24.5431
24.5265
24.5108
24.4961
24.4822
24.4692
24.4571
24.446
24.4358
24.4264
24.418
24.4105
24.4038
24.3983
24.3944
2.04645
2.12773
2.30595
2.65758
3.32772
4.53373
6.5018
9.29578
12.6862
16.2471
19.587
22.4842
24.877
26.7966
28.3117
29.4973
30.4208
31.1386
31.6956
32.1272
32.4608
32.7174
32.9132
33.0608
33.1696
33.2468
33.298
33.3275
33.3388
33.3347
33.3175
33.2893
33.2519
33.207
33.1561
33.1004
33.0412
32.9794
32.9158
32.8512
32.7861
32.721
32.6562
32.5921
32.5288
32.4665
32.4052
32.3452
32.2863
32.2286
32.1721
32.1167
32.0626
32.0095
31.9576
31.9067
31.8569
31.808
31.7601
31.7131
31.667
31.6217
31.5772
31.5334
31.4904
31.448
31.4063
31.3651
31.3246
31.2845
31.245
31.206
31.1675
31.1295
31.0921
31.0552
31.0188
30.9828
30.9474
30.9124
30.8779
30.8439
30.8103
30.7773
30.7447
30.7126
30.6811
30.65
30.6195
30.5896
30.5602
30.5314
30.5033
30.4757
30.4488
30.4227
30.3972
30.3724
30.3484
30.3251
30.3027
30.2811
30.2603
30.2405
30.2215
30.2034
30.1863
30.1701
30.1549
30.1407
30.1274
30.1152
30.104
30.0938
30.0846
30.0765
30.0693
30.0631
30.0579
30.0538
30.0508
30.0494
2.23713
2.53016
3.03691
4.01133
5.87532
9.06502
13.589
18.8108
23.879
28.237
31.7155
34.3769
36.3669
37.8361
38.9126
39.6962
40.2623
40.6668
40.9508
41.1449
41.2714
41.347
41.384
41.3914
41.3758
41.3421
41.2938
41.2336
41.1636
41.0855
41.0009
40.911
40.8172
40.7206
40.6222
40.5229
40.4236
40.3249
40.2273
40.1314
40.0374
39.9456
39.8562
39.7691
39.6846
39.6026
39.523
39.4459
39.3711
39.2986
39.2283
39.1601
39.094
39.0298
38.9675
38.907
38.8482
38.791
38.7354
38.6812
38.6285
38.5771
38.5269
38.4779
38.4301
38.3834
38.3376
38.2928
38.2488
38.2057
38.1635
38.1221
38.0815
38.0417
38.0026
37.9643
37.9267
37.8898
37.8536
37.818
37.783
37.7487
37.715
37.6819
37.6495
37.6177
37.5865
37.5559
37.526
37.4968
37.4682
37.4403
37.4131
37.3866
37.3609
37.3359
37.3118
37.2884
37.2659
37.2442
37.2234
37.2035
37.1846
37.1665
37.1495
37.1335
37.1184
37.1044
37.0915
37.0796
37.0687
37.059
37.0503
37.0428
37.0363
37.0309
37.0266
37.0233
37.0211
37.0199
37.0201
37.0217
2.55791
3.23424
4.47414
7.02087
11.7607
18.6935
26.4515
33.4836
39.0574
43.154
46.0457
48.041
49.396
50.3008
50.8904
51.2591
51.4726
51.5768
51.604
51.5771
51.5123
51.4213
51.3121
51.1904
51.0601
50.9238
50.7833
50.6397
50.4941
50.3471
50.1996
50.0523
49.9058
49.7609
49.6181
49.4781
49.3414
49.2082
49.079
48.9538
48.8328
48.716
48.6035
48.4951
48.3907
48.2903
48.1937
48.1007
48.0113
47.9252
47.8423
47.7625
47.6856
47.6115
47.5401
47.4711
47.4046
47.3404
47.2783
47.2183
47.1603
47.1041
47.0497
46.9969
46.9457
46.896
46.8477
46.8006
46.7548
46.7102
46.6668
46.6245
46.5834
46.5433
46.5042
46.466
46.4288
46.3925
46.3571
46.3224
46.2886
46.2556
46.2233
46.1918
46.1611
46.1311
46.1018
46.0733
46.0455
46.0185
45.9922
45.9667
45.942
45.9181
45.895
45.8727
45.8513
45.8307
45.8111
45.7923
45.7745
45.7576
45.7417
45.7268
45.713
45.7001
45.6884
45.6777
45.6681
45.6596
45.6523
45.646
45.6409
45.6369
45.6341
45.6323
45.6317
45.6322
45.6337
45.6364
45.6404
45.6456
3.0897
4.51457
7.5105
13.8436
23.9762
35.3993
45.2416
52.4633
57.3279
60.4561
62.4041
63.5741
64.2364
64.5674
64.6822
64.656
64.5383
64.3623
64.1503
63.9174
63.6738
63.4262
63.179
62.9349
62.6952
62.4607
62.2315
62.0075
61.7887
61.5751
61.3666
61.1634
60.9657
60.7738
60.588
60.4084
60.2352
60.0685
59.9082
59.7545
59.6071
59.466
59.3308
59.2016
59.0779
58.9596
58.8465
58.7383
58.6348
58.5358
58.441
58.3503
58.2634
58.1802
58.1005
58.0241
57.9509
57.8806
57.8132
57.7485
57.6864
57.6266
57.5692
57.514
57.4608
57.4095
57.3601
57.3123
57.2661
57.2216
57.1786
57.137
57.0969
57.0582
57.0206
56.9844
56.9492
56.9152
56.8823
56.8503
56.8194
56.7894
56.7604
56.7322
56.705
56.6786
56.653
56.6283
56.6045
56.5815
56.5593
56.538
56.5175
56.4979
56.4792
56.4613
56.4444
56.4283
56.4132
56.399
56.3858
56.3736
56.3624
56.3522
56.3431
56.335
56.328
56.3221
56.3173
56.3137
56.3111
56.3097
56.3095
56.3104
56.3124
56.3155
56.3197
56.3251
56.3315
56.339
56.3479
56.3576
3.9802
6.99437
14.2291
28.0769
44.9651
59.2527
69.0256
75.0122
78.4486
80.3016
81.1991
81.5248
81.5093
81.292
80.9579
80.5594
80.129
79.6871
79.2467
78.8155
78.3984
77.9977
77.6145
77.2487
76.8998
76.5666
76.2478
75.9425
75.6494
75.3679
75.0973
74.8372
74.5873
74.3475
74.1176
73.8975
73.6869
73.4857
73.2938
73.1107
72.9362
72.7699
72.6116
72.461
72.3175
72.181
72.0511
71.9275
71.8099
71.6979
71.5914
71.49
71.3934
71.3016
71.2141
71.1308
71.0515
70.976
70.9041
70.8356
70.7703
70.7082
70.6489
70.5924
70.5384
70.4869
70.4377
70.3907
70.3457
70.3027
70.2617
70.2226
70.1852
70.1495
70.1153
70.0827
70.0515
70.0216
69.9931
69.9658
69.9397
69.9148
69.8909
69.8681
69.8464
69.8257
69.8059
69.7872
69.7694
69.7525
69.7366
69.7215
69.7074
69.6943
69.682
69.6707
69.6603
69.6509
69.6425
69.635
69.6285
69.623
69.6185
69.615
69.6126
69.6113
69.611
69.6119
69.6138
69.6168
69.6209
69.6262
69.6325
69.64
69.6485
69.6582
69.6689
69.6806
69.6934
69.7072
69.7224
69.7378
5.51862
12.1358
28.618
53.2721
75.163
89.4015
97.2921
101.233
102.948
103.451
103.303
102.811
102.148
101.406
100.641
99.8821
99.1458
98.4411
97.7722
97.1407
96.5464
95.9878
95.4632
94.9701
94.5059
94.068
93.6541
93.2618
92.8892
92.535
92.1977
91.8764
91.5703
91.2789
91.0014
90.7374
90.4864
90.2479
90.0214
89.8064
89.6024
89.409
89.2255
89.0516
88.8868
88.7307
88.5827
88.4426
88.3099
88.1843
88.0653
87.9528
87.8463
87.7456
87.6503
87.5603
87.4752
87.3948
87.3188
87.2472
87.1795
87.1157
87.0555
86.9987
86.9451
86.8946
86.847
86.802
86.7597
86.7199
86.6825
86.6474
86.6144
86.5836
86.5547
86.5276
86.5023
86.4787
86.4567
86.4362
86.4171
86.3994
86.3831
86.368
86.3542
86.3416
86.3301
86.3197
86.3105
86.3023
86.2951
86.289
86.2838
86.2797
86.2766
86.2745
86.2734
86.2732
86.2741
86.2759
86.2787
86.2826
86.2875
86.2934
86.3003
86.3083
86.3173
86.3274
86.3386
86.3508
86.364
86.3783
86.3937
86.41
86.4274
86.4458
86.4652
86.4855
86.5067
86.5289
86.5524
86.5753
8.30684
23.1874
55.9835
91.0943
114.02
125.618
130.558
132.117
132.043
131.21
130.045
128.76
127.463
126.203
125.006
123.88
122.828
121.849
120.939
120.093
119.307
118.576
117.896
117.262
116.67
116.115
115.594
115.103
114.641
114.205
113.792
113.401
113.031
112.68
112.349
112.035
111.737
111.456
111.19
110.938
110.7
110.475
110.263
110.062
109.873
109.694
109.526
109.367
109.217
109.076
108.943
108.818
108.7
108.59
108.486
108.389
108.297
108.212
108.132
108.057
107.988
107.922
107.862
107.806
107.753
107.705
107.66
107.618
107.58
107.545
107.513
107.483
107.457
107.432
107.411
107.391
107.374
107.359
107.346
107.334
107.325
107.317
107.311
107.306
107.303
107.301
107.301
107.302
107.304
107.308
107.313
107.319
107.326
107.334
107.343
107.353
107.365
107.377
107.391
107.405
107.421
107.438
107.455
107.474
107.494
107.514
107.536
107.559
107.583
107.607
107.633
107.66
107.687
107.716
107.745
107.775
107.806
107.838
107.871
107.904
107.939
107.972
13.6539
46.1865
100.89
141.893
161.711
168.972
170.465
169.543
167.685
165.531
163.354
161.269
159.321
157.52
155.863
154.341
152.945
151.661
150.479
149.391
148.386
147.457
146.596
145.797
145.054
144.361
143.714
143.107
142.538
142.003
141.5
141.026
140.579
140.158
139.761
139.386
139.033
138.699
138.385
138.089
137.81
137.547
137.299
137.066
136.847
136.641
136.447
136.265
136.095
135.935
135.785
135.645
135.513
135.391
135.277
135.171
135.072
134.981
134.896
134.818
134.745
134.679
134.618
134.563
134.512
134.466
134.425
134.388
134.355
134.326
134.3
134.278
134.26
134.244
134.232
134.222
134.215
134.211
134.209
134.21
134.213
134.218
134.225
134.234
134.245
134.257
134.272
134.288
134.305
134.324
134.345
134.366
134.39
134.414
134.44
134.467
134.495
134.525
134.555
134.587
134.619
134.653
134.688
134.724
134.761
134.799
134.838
134.878
134.919
134.96
135.003
135.046
135.091
135.136
135.181
135.228
135.275
135.323
135.371
135.419
135.469
135.516
24.4338
89.7616
166.479
206.652
220.133
222.111
219.945
216.502
212.836
209.324
206.086
203.143
200.483
198.078
195.9
193.923
192.124
190.482
188.978
187.598
186.329
185.159
184.078
183.077
182.148
181.285
180.48
179.729
179.027
178.369
177.752
177.174
176.63
176.119
175.639
175.187
174.762
174.363
173.987
173.634
173.302
172.99
172.698
172.423
172.165
171.924
171.698
171.486
171.289
171.104
170.932
170.772
170.623
170.486
170.358
170.24
170.131
170.031
169.94
169.856
169.781
169.712
169.65
169.595
169.546
169.503
169.466
169.434
169.407
169.385
169.367
169.354
169.346
169.341
169.34
169.343
169.349
169.358
169.371
169.387
169.405
169.427
169.451
169.477
169.506
169.537
169.57
169.605
169.642
169.682
169.723
169.765
169.81
169.856
169.903
169.952
170.003
170.055
170.108
170.162
170.218
170.275
170.333
170.392
170.452
170.514
170.576
170.639
170.703
170.768
170.833
170.9
170.967
171.034
171.102
171.171
171.24
171.309
171.378
171.448
171.518
171.584
46.6901
163.957
256.213
288.718
293.63
289.774
283.781
277.7
272.104
267.103
262.671
258.74
255.242
252.115
249.307
246.772
244.475
242.385
240.477
238.729
237.124
235.647
234.283
233.023
231.854
230.77
229.761
228.821
227.945
227.126
226.36
225.643
224.971
224.341
223.751
223.196
222.677
222.189
221.731
221.302
220.899
220.522
220.168
219.837
219.528
219.238
218.968
218.716
218.482
218.264
218.061
217.874
217.7
217.54
217.393
217.258
217.135
217.022
216.921
216.829
216.746
216.673
216.609
216.553
216.504
216.464
216.43
216.403
216.383
216.368
216.36
216.357
216.36
216.368
216.381
216.399
216.421
216.447
216.478
216.512
216.551
216.592
216.638
216.686
216.738
216.792
216.85
216.91
216.973
217.038
217.106
217.176
217.248
217.322
217.398
217.477
217.557
217.638
217.722
217.807
217.893
217.981
218.07
218.161
218.252
218.345
218.439
218.534
218.63
218.726
218.823
218.921
219.019
219.118
219.217
219.316
219.415
219.514
219.613
219.711
219.81
219.903
92.208
280.768
376.825
395.574
390.283
380.065
369.912
360.886
353.062
346.293
340.404
335.243
330.687
326.636
323.011
319.748
316.797
314.116
311.671
309.433
307.379
305.489
303.746
302.134
300.642
299.257
297.971
296.774
295.658
294.618
293.646
292.738
291.889
291.094
290.35
289.653
289
288.388
287.816
287.279
286.777
286.307
285.868
285.458
285.075
284.717
284.385
284.075
283.787
283.521
283.274
283.046
282.836
282.643
282.467
282.306
282.16
282.027
281.909
281.803
281.709
281.627
281.556
281.495
281.445
281.404
281.373
281.35
281.336
281.33
281.332
281.34
281.356
281.379
281.408
281.444
281.485
281.533
281.585
281.643
281.706
281.774
281.846
281.923
282.004
282.089
282.178
282.27
282.366
282.466
282.569
282.675
282.783
282.895
283.01
283.127
283.246
283.368
283.492
283.618
283.747
283.877
284.008
284.142
284.277
284.413
284.55
284.689
284.828
284.969
285.109
285.251
285.393
285.535
285.677
285.819
285.96
286.101
286.242
286.381
286.519
286.651
183.056
458.245
542.617
542.087
524.925
507.445
492.394
479.762
469.116
460.043
452.22
445.402
439.403
434.079
429.323
425.046
421.18
417.67
414.468
411.539
408.85
406.375
404.092
401.981
400.026
398.213
396.528
394.96
393.5
392.14
390.87
389.684
388.576
387.54
386.571
385.665
384.817
384.024
383.281
382.587
381.938
381.332
380.765
380.237
379.744
379.285
378.858
378.461
378.094
377.753
377.439
377.149
376.883
376.639
376.416
376.213
376.03
375.865
375.718
375.587
375.473
375.374
375.289
375.218
375.161
375.116
375.084
375.063
375.054
375.055
375.066
375.087
375.118
375.158
375.207
375.264
375.329
375.402
375.482
375.57
375.664
375.765
375.873
375.986
376.106
376.231
376.361
376.497
376.638
376.783
376.933
377.088
377.247
377.41
377.577
377.747
377.921
378.098
378.279
378.462
378.648
378.837
379.028
379.222
379.417
379.615
379.814
380.014
380.216
380.418
380.622
380.826
381.03
381.234
381.438
381.642
381.845
382.047
382.248
382.447
382.642
382.831
362.553
730.72
784.22
758.32
726.657
700.051
678.548
660.977
646.352
633.968
623.326
614.067
605.927
598.708
592.258
586.458
581.214
576.452
572.107
568.131
564.479
561.117
558.013
555.143
552.482
550.013
547.719
545.583
543.594
541.739
540.009
538.393
536.884
535.474
534.155
532.923
531.77
530.692
529.684
528.743
527.863
527.041
526.274
525.559
524.892
524.272
523.695
523.16
522.664
522.205
521.781
521.391
521.033
520.704
520.405
520.133
519.887
519.667
519.47
519.296
519.143
519.012
518.9
518.808
518.734
518.677
518.637
518.613
518.604
518.61
518.631
518.665
518.712
518.772
518.844
518.928
519.023
519.129
519.246
519.373
519.509
519.656
519.811
519.975
520.147
520.328
520.516
520.713
520.916
521.127
521.344
521.568
521.798
522.034
522.276
522.523
522.776
523.033
523.296
523.562
523.833
524.108
524.387
524.669
524.954
525.241
525.531
525.824
526.118
526.413
526.71
527.008
527.305
527.603
527.901
528.198
528.493
528.788
529.08
529.37
529.653
529.93
727.535
1175.53
1172.05
1111.42
1059.84
1020
988.702
963.396
942.421
924.688
909.453
896.195
884.534
874.185
864.934
856.61
849.081
842.239
835.994
830.276
825.022
820.181
815.71
811.571
807.733
804.168
800.852
797.764
794.886
792.2
789.693
787.352
785.164
783.119
781.208
779.421
777.75
776.188
774.728
773.363
772.088
770.898
769.787
768.752
767.786
766.888
766.053
765.277
764.558
763.893
763.278
762.712
762.191
761.714
761.279
760.883
760.525
760.203
759.915
759.66
759.436
759.243
759.078
758.941
758.83
758.744
758.683
758.645
758.63
758.636
758.663
758.71
758.776
758.86
758.963
759.083
759.22
759.373
759.542
759.726
759.924
760.137
760.363
760.603
760.855
761.12
761.397
761.685
761.985
762.296
762.617
762.948
763.289
763.639
763.998
764.366
764.742
765.126
765.518
765.917
766.322
766.734
767.152
767.575
768.003
768.435
768.872
769.312
769.755
770.201
770.649
771.098
771.548
771.998
772.448
772.897
773.344
773.79
774.233
774.672
775.098
775.522
1541.16
2000.71
1895.11
1779.62
1694.82
1631.66
1582.51
1542.85
1509.96
1482.12
1458.17
1437.31
1418.94
1402.62
1388.01
1374.86
1362.96
1352.14
1342.26
1333.2
1324.88
1317.21
1310.11
1303.54
1297.45
1291.78
1286.5
1281.58
1276.99
1272.71
1268.7
1264.96
1261.46
1258.19
1255.13
1252.27
1249.59
1247.09
1244.75
1242.56
1240.51
1238.61
1236.82
1235.16
1233.61
1232.17
1230.82
1229.58
1228.42
1227.35
1226.36
1225.44
1224.6
1223.82
1223.12
1222.47
1221.89
1221.36
1220.89
1220.47
1220.1
1219.77
1219.5
1219.26
1219.07
1218.92
1218.81
1218.73
1218.69
1218.68
1218.71
1218.77
1218.86
1218.98
1219.13
1219.31
1219.52
1219.75
1220
1220.28
1220.59
1220.92
1221.27
1221.64
1222.03
1222.45
1222.88
1223.33
1223.8
1224.29
1224.8
1225.33
1225.87
1226.42
1226.99
1227.58
1228.18
1228.8
1229.42
1230.06
1230.71
1231.38
1232.05
1232.73
1233.42
1234.12
1234.83
1235.54
1236.26
1236.98
1237.71
1238.44
1239.17
1239.91
1240.64
1241.37
1242.1
1242.83
1243.56
1244.28
1244.97
1245.67
3775.04
3941.35
3618.18
3387.09
3227.6
3110.01
3018.46
2944.39
2882.83
2830.61
2785.63
2746.37
2711.76
2680.99
2653.43
2628.59
2606.1
2585.64
2566.94
2549.8
2534.04
2519.5
2506.06
2493.6
2482.03
2471.27
2461.24
2451.88
2443.14
2434.97
2427.33
2420.19
2413.5
2407.25
2401.39
2395.91
2390.79
2385.99
2381.5
2377.31
2373.39
2369.72
2366.3
2363.1
2360.12
2357.34
2354.76
2352.35
2350.12
2348.05
2346.13
2344.35
2342.72
2341.22
2339.84
2338.58
2337.43
2336.4
2335.46
2334.63
2333.89
2333.24
2332.68
2332.19
2331.79
2331.47
2331.22
2331.04
2330.93
2330.88
2330.9
2330.98
2331.11
2331.31
2331.56
2331.86
2332.21
2332.62
2333.07
2333.57
2334.12
2334.71
2335.34
2336.02
2336.74
2337.49
2338.29
2339.12
2339.99
2340.89
2341.83
2342.81
2343.81
2344.85
2345.91
2347.01
2348.14
2349.29
2350.47
2351.67
2352.89
2354.14
2355.41
2356.7
2358.01
2359.34
2360.68
2362.03
2363.4
2364.78
2366.17
2367.56
2368.96
2370.36
2371.77
2373.17
2374.57
2375.97
2377.36
2378.74
2380.07
2381.44
11676.1
10215.1
9366.55
8821.2
8437.04
8148.03
7919.9
7733.64
7577.86
7445.12
7330.33
7229.89
7141.14
7062.08
6991.16
6927.18
6869.17
6816.34
6768.04
6723.73
6682.96
6645.34
6610.53
6578.25
6548.25
6520.32
6494.27
6469.95
6447.21
6425.93
6406.01
6387.36
6369.89
6353.52
6338.18
6323.82
6310.36
6297.76
6285.96
6274.92
6264.59
6254.93
6245.89
6237.45
6229.57
6222.22
6215.37
6208.98
6203.05
6197.54
6192.43
6187.69
6183.32
6179.29
6175.59
6172.2
6169.1
6166.29
6163.74
6161.45
6159.41
6157.6
6156.01
6154.65
6153.48
6152.52
6151.75
6151.16
6150.74
6150.5
6150.42
6150.5
6150.73
6151.11
6151.64
6152.3
6153.09
6154.02
6155.07
6156.24
6157.54
6158.94
6160.47
6162.09
6163.83
6165.67
6167.61
6169.65
6171.78
6174.01
6176.32
6178.73
6181.22
6183.79
6186.45
6189.18
6191.99
6194.87
6197.82
6200.84
6203.92
6207.07
6210.27
6213.53
6216.83
6220.19
6223.59
6227.03
6230.51
6234.02
6237.55
6241.11
6244.69
6248.28
6251.88
6255.49
6259.09
6262.68
6266.26
6269.83
6273.25
6276.78
)
;

boundaryField
{
    lowerWall
    {
        type            epsilonWallFunction;
        value           nonuniform List<scalar> 
122
(
11607.3
10157.7
9314.43
8772.22
8390.2
8102.8
7875.93
7690.7
7535.77
7403.76
7289.61
7189.73
7101.46
7022.84
6952.31
6888.69
6831
6778.46
6730.43
6686.36
6645.81
6608.4
6573.78
6541.68
6511.84
6484.05
6458.14
6433.93
6411.3
6390.12
6370.28
6351.71
6334.3
6317.99
6302.71
6288.4
6274.99
6262.43
6250.67
6239.66
6229.36
6219.72
6210.72
6202.3
6194.45
6187.11
6180.28
6173.91
6167.99
6162.49
6157.39
6152.66
6148.3
6144.27
6140.57
6137.17
6134.07
6131.25
6128.69
6126.39
6124.34
6122.51
6120.91
6119.52
6118.34
6117.35
6116.55
6115.93
6115.49
6115.22
6115.11
6115.16
6115.36
6115.7
6116.19
6116.82
6117.57
6118.46
6119.48
6120.61
6121.87
6123.24
6124.72
6126.31
6128.01
6129.81
6131.71
6133.72
6135.81
6138.01
6140.29
6142.67
6145.13
6147.67
6150.3
6153
6155.79
6158.64
6161.58
6164.57
6167.64
6170.77
6173.96
6177.2
6180.5
6183.85
6187.24
6190.68
6194.15
6197.66
6201.19
6204.75
6208.33
6211.92
6215.52
6219.13
6222.74
6226.34
6229.92
6233.5
6236.93
6240.46
)
;
    }
    upperWall
    {
        type            epsilonWallFunction;
        value           nonuniform List<scalar> 
122
(
11676.1
10215.1
9366.55
8821.2
8437.04
8148.03
7919.9
7733.64
7577.86
7445.12
7330.33
7229.89
7141.14
7062.08
6991.16
6927.18
6869.17
6816.34
6768.04
6723.73
6682.96
6645.34
6610.53
6578.25
6548.25
6520.32
6494.27
6469.95
6447.21
6425.93
6406.01
6387.36
6369.89
6353.52
6338.18
6323.82
6310.36
6297.76
6285.96
6274.92
6264.59
6254.93
6245.89
6237.45
6229.57
6222.22
6215.37
6208.98
6203.05
6197.54
6192.43
6187.69
6183.32
6179.29
6175.59
6172.2
6169.1
6166.29
6163.74
6161.45
6159.41
6157.6
6156.01
6154.65
6153.48
6152.52
6151.75
6151.16
6150.74
6150.5
6150.42
6150.5
6150.73
6151.11
6151.64
6152.3
6153.09
6154.02
6155.07
6156.24
6157.54
6158.94
6160.47
6162.09
6163.83
6165.67
6167.61
6169.65
6171.78
6174.01
6176.32
6178.73
6181.22
6183.79
6186.45
6189.18
6191.99
6194.87
6197.82
6200.84
6203.92
6207.07
6210.27
6213.53
6216.83
6220.19
6223.59
6227.03
6230.51
6234.02
6237.55
6241.11
6244.69
6248.28
6251.88
6255.49
6259.09
6262.68
6266.26
6269.83
6273.25
6276.78
)
;
    }
    inlet
    {
        type            turbulentMixingLengthDissipationRateInlet;
        mixingLength    0.07;
        phi             phi;
        k               k;
        value           uniform 2.0504;
    }
    outlet
    {
        type            zeroGradient;
    }
    frontAndBack
    {
        type            empty;
    }
}


// ************************************************************************* //
