/*--------------------------------*- C++ -*----------------------------------*\
  =========                 |
  \\      /  F ield         | OpenFOAM: The Open Source CFD Toolbox
   \\    /   O peration     | Website:  https://openfoam.org
    \\  /    A nd           | Version:  8
     \\/     M anipulation  |
\*---------------------------------------------------------------------------*/
FoamFile
{
    version     2.0;
    format      ascii;
    class       volScalarField;
    location    "500";
    object      k;
}
// * * * * * * * * * * * * * * * * * * * * * * * * * * * * * * * * * * * * * //

dimensions      [0 2 -2 0 0 0 0];

internalField   nonuniform List<scalar> 
7320
(
6.07652
5.55942
5.24732
5.04165
4.8942
4.78178
4.69211
4.61825
4.55602
4.50265
4.45625
4.41545
4.37924
4.34685
4.31771
4.29132
4.26733
4.24542
4.22534
4.20688
4.18986
4.17412
4.15953
4.14598
4.13336
4.1216
4.11062
4.10034
4.09072
4.08171
4.07327
4.06535
4.05792
4.05095
4.04441
4.03828
4.03254
4.02715
4.02211
4.01738
4.01295
4.00881
4.00493
4.00131
3.99792
3.99476
3.99181
3.98906
3.98651
3.98413
3.98193
3.97988
3.97799
3.97625
3.97465
3.97318
3.97183
3.97061
3.9695
3.9685
3.96761
3.96681
3.96612
3.96551
3.96499
3.96456
3.96421
3.96394
3.96374
3.96362
3.96357
3.96358
3.96366
3.9638
3.96401
3.96427
3.96459
3.96497
3.9654
3.96588
3.96642
3.967
3.96763
3.96831
3.96904
3.9698
3.97062
3.97147
3.97237
3.9733
3.97428
3.97529
3.97634
3.97743
3.97855
3.97971
3.9809
3.98212
3.98337
3.98465
3.98596
3.98729
3.98865
3.99004
3.99144
3.99287
3.99432
3.99579
3.99727
3.99876
4.00027
4.00179
4.00332
4.00485
4.00638
4.00792
4.00946
4.011
4.01252
4.01405
4.01551
4.01702
4.84215
5.67924
5.54001
5.36046
5.21715
5.10399
5.01225
4.93597
4.87129
4.81558
4.76697
4.72412
4.68601
4.65186
4.62109
4.59321
4.56782
4.54462
4.52335
4.50377
4.48572
4.46902
4.45354
4.43915
4.42576
4.41328
4.40162
4.39071
4.3805
4.37094
4.36197
4.35356
4.34568
4.33828
4.33133
4.32482
4.31871
4.31299
4.30762
4.30259
4.29788
4.29347
4.28934
4.28549
4.28188
4.27852
4.27538
4.27245
4.26973
4.2672
4.26486
4.26268
4.26068
4.25882
4.25712
4.25556
4.25414
4.25284
4.25167
4.25061
4.24967
4.24883
4.2481
4.24747
4.24692
4.24647
4.24611
4.24583
4.24563
4.24551
4.24547
4.24549
4.24558
4.24574
4.24597
4.24625
4.2466
4.24701
4.24747
4.24799
4.24857
4.24919
4.24987
4.25059
4.25137
4.25219
4.25305
4.25396
4.25491
4.2559
4.25694
4.25801
4.25913
4.26028
4.26146
4.26268
4.26394
4.26523
4.26655
4.2679
4.26928
4.27068
4.27212
4.27357
4.27506
4.27656
4.27808
4.27962
4.28118
4.28275
4.28434
4.28594
4.28754
4.28915
4.29076
4.29238
4.294
4.29561
4.29722
4.29882
4.30037
4.30191
3.59581
5.0514
5.15997
5.06781
4.96411
4.87324
4.79598
4.72999
4.67307
4.62344
4.57977
4.541
4.50635
4.47517
4.44698
4.42136
4.39797
4.37656
4.3569
4.33878
4.32204
4.30655
4.29218
4.27882
4.26638
4.25477
4.24392
4.23376
4.22424
4.21531
4.20692
4.19905
4.19165
4.18469
4.17815
4.17201
4.16624
4.16081
4.15572
4.15094
4.14646
4.14226
4.13832
4.13463
4.13118
4.12796
4.12494
4.12213
4.11951
4.11707
4.1148
4.1127
4.11075
4.10895
4.1073
4.10577
4.10437
4.1031
4.10194
4.10089
4.09995
4.09911
4.09836
4.09771
4.09714
4.09666
4.09626
4.09594
4.09569
4.09552
4.09541
4.09537
4.09539
4.09548
4.09562
4.09582
4.09608
4.09639
4.09675
4.09716
4.09763
4.09813
4.09869
4.09929
4.09993
4.10062
4.10134
4.10211
4.10291
4.10375
4.10463
4.10554
4.10649
4.10748
4.10849
4.10954
4.11062
4.11173
4.11287
4.11404
4.11523
4.11645
4.1177
4.11897
4.12026
4.12157
4.1229
4.12425
4.12562
4.12701
4.1284
4.12981
4.13123
4.13266
4.13409
4.13553
4.13697
4.13841
4.13985
4.14129
4.14269
4.14405
2.74725
4.48339
4.83294
4.83938
4.78111
4.71517
4.65355
4.59832
4.54927
4.50567
4.46677
4.43188
4.40045
4.372
4.34614
4.32254
4.30093
4.28109
4.26281
4.24595
4.23034
4.21588
4.20245
4.18995
4.17829
4.16741
4.15722
4.14767
4.1387
4.13027
4.12233
4.11486
4.10782
4.10119
4.09494
4.08906
4.08351
4.07829
4.07337
4.06875
4.0644
4.06032
4.05649
4.05289
4.04951
4.04635
4.04339
4.04063
4.03804
4.03563
4.03339
4.0313
4.02936
4.02756
4.02589
4.02436
4.02294
4.02164
4.02045
4.01937
4.01839
4.0175
4.01671
4.016
4.01538
4.01483
4.01436
4.01396
4.01364
4.01338
4.01318
4.01305
4.01297
4.01296
4.01299
4.01308
4.01322
4.01341
4.01365
4.01393
4.01426
4.01463
4.01505
4.0155
4.01599
4.01652
4.01709
4.0177
4.01834
4.01901
4.01972
4.02046
4.02123
4.02204
4.02287
4.02374
4.02463
4.02555
4.0265
4.02748
4.02849
4.02952
4.03057
4.03165
4.03275
4.03387
4.03502
4.03618
4.03736
4.03856
4.03977
4.041
4.04225
4.0435
4.04476
4.04604
4.04731
4.0486
4.04988
4.05117
4.05244
4.05363
2.10346
3.90602
4.48941
4.61127
4.60898
4.57387
4.53133
4.489
4.44924
4.41265
4.37922
4.34873
4.32092
4.29549
4.27219
4.2508
4.23111
4.21296
4.19618
4.18064
4.16624
4.15286
4.14041
4.1288
4.11796
4.10782
4.0983
4.08936
4.08094
4.073
4.06551
4.05842
4.05173
4.0454
4.03941
4.03375
4.0284
4.02335
4.01858
4.01409
4.00985
4.00585
4.00209
3.99855
3.99522
3.9921
3.98916
3.98641
3.98384
3.98143
3.97917
3.97707
3.9751
3.97328
3.97158
3.97
3.96854
3.96719
3.96594
3.9648
3.96375
3.96279
3.96192
3.96113
3.96042
3.95978
3.95921
3.95871
3.95828
3.95791
3.95759
3.95734
3.95714
3.95699
3.95689
3.95684
3.95683
3.95687
3.95696
3.95708
3.95725
3.95746
3.9577
3.95798
3.95829
3.95864
3.95903
3.95944
3.95989
3.96037
3.96089
3.96143
3.962
3.9626
3.96323
3.96389
3.96457
3.96529
3.96603
3.9668
3.96759
3.96841
3.96926
3.97013
3.97102
3.97194
3.97288
3.97384
3.97482
3.97583
3.97685
3.97789
3.97895
3.98002
3.98111
3.98221
3.98333
3.98445
3.98558
3.98671
3.98785
3.98889
1.61624
3.30894
4.10161
4.35522
4.42201
4.42574
4.40724
4.38106
4.35281
4.32483
4.29808
4.27292
4.24944
4.22762
4.20738
4.18859
4.17116
4.15497
4.13993
4.12594
4.11292
4.10079
4.08947
4.07888
4.06897
4.05967
4.05091
4.04265
4.03484
4.02744
4.02042
4.01376
4.00743
4.00142
3.99572
3.9903
3.98515
3.98028
3.97566
3.97129
3.96715
3.96324
3.95955
3.95606
3.95277
3.94968
3.94676
3.94402
3.94144
3.93901
3.93674
3.9346
3.9326
3.93073
3.92898
3.92734
3.92582
3.9244
3.92308
3.92185
3.92071
3.91966
3.91869
3.9178
3.91698
3.91622
3.91553
3.91491
3.91434
3.91383
3.91338
3.91297
3.91262
3.91231
3.91205
3.91183
3.91166
3.91152
3.91142
3.91136
3.91134
3.91135
3.9114
3.91148
3.91159
3.91173
3.9119
3.9121
3.91233
3.91259
3.91288
3.9132
3.91354
3.91392
3.91432
3.91474
3.9152
3.91568
3.91619
3.91673
3.91729
3.91788
3.9185
3.91914
3.91981
3.92051
3.92123
3.92198
3.92275
3.92354
3.92436
3.9252
3.92607
3.92695
3.92786
3.92878
3.92972
3.93067
3.93164
3.93262
3.93362
3.93451
1.26812
2.7064
3.65726
4.05358
4.20386
4.25636
4.26838
4.26267
4.24897
4.23181
4.21339
4.19484
4.17674
4.15936
4.14285
4.12725
4.11256
4.09877
4.08583
4.07371
4.06235
4.05171
4.04174
4.03237
4.02356
4.01524
4.00738
3.99992
3.99282
3.98606
3.9796
3.97343
3.96754
3.9619
3.95652
3.95138
3.94648
3.94181
3.93737
3.93314
3.92913
3.92533
3.92172
3.9183
3.91506
3.912
3.9091
3.90637
3.90379
3.90135
3.89906
3.89689
3.89485
3.89293
3.89112
3.88942
3.88782
3.88632
3.88492
3.8836
3.88236
3.8812
3.88012
3.8791
3.87815
3.87727
3.87644
3.87566
3.87495
3.87428
3.87366
3.87309
3.87256
3.87207
3.87163
3.87122
3.87085
3.87051
3.87021
3.86994
3.86971
3.8695
3.86933
3.86918
3.86906
3.86897
3.8689
3.86887
3.86886
3.86887
3.86892
3.86899
3.86908
3.8692
3.86935
3.86953
3.86973
3.86996
3.87022
3.87051
3.87082
3.87117
3.87154
3.87194
3.87237
3.87283
3.87332
3.87384
3.87439
3.87496
3.87557
3.8762
3.87686
3.87755
3.87826
3.879
3.87976
3.88055
3.88135
3.88218
3.88303
3.88376
1.04443
2.13048
3.15609
3.69382
3.94125
4.05401
4.10457
4.12487
4.12967
4.12622
4.11833
4.10811
4.09673
4.0849
4.07304
4.06139
4.05011
4.03927
4.02892
4.01909
4.00977
4.00096
3.99262
3.98473
3.97725
3.97014
3.96336
3.95687
3.95064
3.94464
3.93886
3.9333
3.92793
3.92275
3.91778
3.91299
3.90839
3.90399
3.89978
3.89575
3.89191
3.88824
3.88475
3.88143
3.87827
3.87527
3.87243
3.86972
3.86716
3.86473
3.86242
3.86023
3.85816
3.8562
3.85434
3.85258
3.85091
3.84933
3.84784
3.84642
3.84508
3.8438
3.8426
3.84146
3.84037
3.83934
3.83836
3.83743
3.83655
3.83571
3.83491
3.83416
3.83344
3.83276
3.83211
3.8315
3.83091
3.83036
3.82984
3.82934
3.82887
3.82843
3.82801
3.82762
3.82726
3.82691
3.8266
3.8263
3.82603
3.82579
3.82556
3.82537
3.8252
3.82505
3.82494
3.82484
3.82478
3.82474
3.82474
3.82476
3.82481
3.8249
3.82501
3.82516
3.82534
3.82555
3.8258
3.82608
3.82639
3.82674
3.82713
3.82755
3.828
3.82848
3.829
3.82955
3.83013
3.83074
3.83138
3.83205
3.83275
3.83334
0.919762
1.62589
2.61278
3.26901
3.62244
3.80741
3.90596
3.95917
3.98746
4.00145
4.00694
4.00725
4.00438
3.99954
3.99352
3.98682
3.97978
3.97262
3.96549
3.9585
3.95171
3.94515
3.93884
3.93277
3.92693
3.9213
3.91584
3.91055
3.90538
3.90034
3.89542
3.8906
3.8859
3.88131
3.87685
3.87252
3.86833
3.86428
3.86038
3.85662
3.85302
3.84956
3.84625
3.84308
3.84005
3.83716
3.83439
3.83176
3.82925
3.82685
3.82457
3.82239
3.82031
3.81832
3.81643
3.81463
3.8129
3.81125
3.80968
3.80817
3.80673
3.80536
3.80403
3.80276
3.80155
3.80037
3.79924
3.79815
3.7971
3.79608
3.7951
3.79416
3.79324
3.79235
3.7915
3.79067
3.78986
3.78908
3.78832
3.78759
3.78688
3.78619
3.78552
3.78487
3.78425
3.78364
3.78306
3.78249
3.78195
3.78143
3.78094
3.78046
3.78001
3.77959
3.7792
3.77883
3.77849
3.77817
3.77789
3.77764
3.77742
3.77724
3.77709
3.77698
3.7769
3.77686
3.77686
3.7769
3.77698
3.7771
3.77726
3.77745
3.77769
3.77797
3.77829
3.77865
3.77905
3.77949
3.77996
3.78046
3.78102
3.78146
0.860369
1.23773
2.06198
2.78202
3.23846
3.50547
3.66218
3.75644
3.81442
3.85055
3.87304
3.88674
3.89464
3.89864
3.9
3.89953
3.89783
3.89529
3.89219
3.88875
3.8851
3.88134
3.87755
3.87374
3.86994
3.86614
3.86234
3.85853
3.85471
3.85087
3.84701
3.84316
3.83931
3.83549
3.83171
3.82798
3.82433
3.82076
3.81728
3.8139
3.81063
3.80747
3.80442
3.80149
3.79866
3.79595
3.79334
3.79083
3.78843
3.78612
3.7839
3.78177
3.77973
3.77776
3.77587
3.77405
3.7723
3.77062
3.76899
3.76742
3.7659
3.76443
3.76301
3.76163
3.76029
3.75899
3.75771
3.75647
3.75526
3.75407
3.75291
3.75178
3.75067
3.74958
3.74852
3.74747
3.74644
3.74543
3.74444
3.74347
3.74251
3.74157
3.74065
3.73974
3.73885
3.73798
3.73712
3.73629
3.73547
3.73467
3.7339
3.73314
3.73241
3.73171
3.73103
3.73038
3.72976
3.72917
3.72861
3.72809
3.7276
3.72714
3.72673
3.72635
3.72602
3.72572
3.72547
3.72527
3.72511
3.725
3.72493
3.72491
3.72494
3.72501
3.72513
3.7253
3.72552
3.72578
3.72608
3.72643
3.72683
3.72713
0.836787
0.98815
1.55966
2.25312
2.7872
3.13869
3.36248
3.50657
3.60152
3.66555
3.70958
3.74028
3.76187
3.77709
3.78779
3.79521
3.80025
3.80352
3.8055
3.80651
3.8068
3.80656
3.8059
3.80492
3.80366
3.80216
3.80043
3.7985
3.79636
3.79404
3.79156
3.78893
3.78619
3.78337
3.78048
3.77755
3.77462
3.7717
3.76881
3.76596
3.76316
3.76043
3.75777
3.75517
3.75266
3.75022
3.74786
3.74557
3.74335
3.74121
3.73913
3.73712
3.73517
3.73329
3.73145
3.72968
3.72795
3.72627
3.72463
3.72303
3.72148
3.71996
3.71847
3.71701
3.71557
3.71416
3.71278
3.7114
3.71005
3.70871
3.7074
3.70609
3.7048
3.70353
3.70227
3.70102
3.69978
3.69855
3.69734
3.69613
3.69494
3.69376
3.69258
3.69142
3.69028
3.68914
3.68802
3.68692
3.68583
3.68476
3.68371
3.68269
3.68168
3.6807
3.67974
3.67881
3.67792
3.67705
3.67622
3.67542
3.67466
3.67395
3.67327
3.67263
3.67204
3.6715
3.67101
3.67056
3.67017
3.66983
3.66954
3.6693
3.66912
3.66899
3.66892
3.6689
3.66893
3.66901
3.66915
3.66934
3.66959
3.66975
0.830413
0.857509
1.16926
1.7285
2.28148
2.70333
2.99742
3.19899
3.33861
3.4372
3.50825
3.56042
3.59936
3.62883
3.65138
3.66881
3.68238
3.69301
3.70139
3.70802
3.71327
3.71744
3.72073
3.72329
3.72523
3.72661
3.7275
3.72793
3.72794
3.72756
3.72683
3.72579
3.72449
3.72296
3.72125
3.7194
3.71743
3.71539
3.71329
3.71117
3.70903
3.7069
3.70478
3.70269
3.70062
3.6986
3.6966
3.69465
3.69274
3.69087
3.68903
3.68724
3.68548
3.68375
3.68206
3.6804
3.67877
3.67716
3.67558
3.67402
3.67249
3.67097
3.66946
3.66797
3.6665
3.66503
3.66357
3.66211
3.66065
3.6592
3.65776
3.65632
3.65488
3.65345
3.65202
3.6506
3.64918
3.64776
3.64634
3.64493
3.64352
3.64211
3.64071
3.63932
3.63793
3.63656
3.63519
3.63383
3.63249
3.63117
3.62986
3.62857
3.6273
3.62605
3.62483
3.62364
3.62248
3.62135
3.62026
3.6192
3.61819
3.61721
3.61628
3.6154
3.61456
3.61378
3.61305
3.61237
3.61175
3.61118
3.61068
3.61023
3.60984
3.60951
3.60925
3.60904
3.60889
3.6088
3.60877
3.6088
3.6089
3.60892
0.831632
0.801461
0.924682
1.27902
1.76057
2.20994
2.5635
2.82478
3.0153
3.15518
3.2594
3.33832
3.39906
3.44651
3.48408
3.51419
3.53858
3.55854
3.57502
3.58876
3.60029
3.61003
3.61829
3.62532
3.63128
3.63631
3.6405
3.64393
3.64666
3.64876
3.65029
3.65131
3.65188
3.65205
3.65189
3.65144
3.65077
3.6499
3.64888
3.64774
3.64651
3.64521
3.64385
3.64246
3.64103
3.6396
3.63815
3.63669
3.63524
3.63378
3.63233
3.63088
3.62943
3.62799
3.62655
3.62511
3.62368
3.62224
3.62081
3.61938
3.61795
3.61651
3.61507
3.61363
3.61218
3.61072
3.60925
3.60776
3.60627
3.60476
3.60325
3.60172
3.60019
3.59865
3.5971
3.59555
3.59398
3.59241
3.59083
3.58925
3.58766
3.58607
3.58448
3.58289
3.5813
3.57971
3.57812
3.57655
3.57498
3.57343
3.57188
3.57036
3.56885
3.56737
3.56591
3.56447
3.56307
3.5617
3.56036
3.55907
3.55781
3.5566
3.55543
3.55431
3.55325
3.55224
3.55128
3.55038
3.54954
3.54877
3.54805
3.5474
3.54682
3.54629
3.54584
3.54545
3.54512
3.54486
3.54466
3.54453
3.54447
3.54435
0.835915
0.782667
0.803403
0.968303
1.29566
1.69673
2.07275
2.38225
2.62383
2.80953
2.95259
3.06386
3.15146
3.22133
3.27775
3.32384
3.36192
3.39368
3.42044
3.44317
3.46264
3.47944
3.494
3.50668
3.51774
3.52738
3.53576
3.543
3.54921
3.55448
3.55891
3.56258
3.56557
3.56796
3.56983
3.57124
3.57227
3.57297
3.57339
3.57358
3.57357
3.5734
3.57308
3.57265
3.57213
3.57152
3.57083
3.57009
3.56929
3.56844
3.56755
3.56662
3.56565
3.56464
3.56361
3.56254
3.56144
3.56032
3.55916
3.55798
3.55677
3.55553
3.55426
3.55296
3.55164
3.55028
3.5489
3.54748
3.54603
3.54455
3.54304
3.54151
3.53996
3.53838
3.53678
3.53516
3.53352
3.53186
3.53018
3.52849
3.52678
3.52506
3.52333
3.52158
3.51984
3.51808
3.51633
3.51458
3.51283
3.51108
3.50935
3.50763
3.50592
3.50423
3.50257
3.50093
3.49931
3.49773
3.49618
3.49467
3.4932
3.49178
3.4904
3.48907
3.4878
3.48658
3.48542
3.48432
3.48328
3.4823
3.48139
3.48055
3.47977
3.47907
3.47843
3.47786
3.47736
3.47692
3.47656
3.47626
3.47604
3.47578
0.841165
0.780282
0.755
0.801817
0.962761
1.23783
1.56799
1.88853
2.16639
2.39488
2.57903
2.72692
2.8462
2.94319
3.02278
3.08875
3.14395
3.19057
3.23028
3.26439
3.29391
3.31963
3.34216
3.362
3.37952
3.39501
3.40871
3.4208
3.43144
3.44078
3.44893
3.45601
3.46214
3.46741
3.47193
3.47579
3.47906
3.48183
3.48417
3.48612
3.48775
3.4891
3.49019
3.49107
3.49176
3.49229
3.49266
3.4929
3.49302
3.49303
3.49294
3.49275
3.49248
3.49212
3.49169
3.49118
3.4906
3.48996
3.48924
3.48847
3.48764
3.48674
3.48579
3.48478
3.48372
3.4826
3.48142
3.48019
3.47891
3.47757
3.47618
3.47475
3.47328
3.47176
3.4702
3.46861
3.46698
3.46532
3.46362
3.4619
3.46015
3.45837
3.45658
3.45476
3.45292
3.45107
3.44922
3.44735
3.44548
3.44361
3.44174
3.43988
3.43802
3.43618
3.43436
3.43256
3.43078
3.42903
3.42731
3.42563
3.42399
3.42239
3.42083
3.41933
3.41787
3.41647
3.41513
3.41385
3.41263
3.41147
3.41038
3.40936
3.40841
3.40753
3.40671
3.40597
3.4053
3.4047
3.40417
3.4037
3.40332
3.40291
0.846372
0.784571
0.740866
0.731421
0.780818
0.913761
1.13036
1.39676
1.66969
1.92048
2.13792
2.32135
2.47447
2.60212
2.7089
2.79874
2.87485
2.93981
2.99565
3.044
3.08615
3.12311
3.15572
3.18461
3.2103
3.23321
3.25366
3.27192
3.28821
3.30273
3.31566
3.32713
3.3373
3.34631
3.35427
3.36131
3.36753
3.37302
3.37788
3.38217
3.38597
3.38934
3.39231
3.39495
3.39728
3.39933
3.40114
3.40272
3.4041
3.40529
3.4063
3.40716
3.40786
3.40842
3.40885
3.40914
3.40932
3.40939
3.40934
3.40919
3.40893
3.40858
3.40814
3.4076
3.40697
3.40626
3.40546
3.40458
3.40361
3.40257
3.40145
3.40025
3.399
3.39767
3.39629
3.39485
3.39335
3.39181
3.39021
3.38856
3.38688
3.38515
3.38339
3.38159
3.37976
3.37791
3.37604
3.37414
3.37223
3.37031
3.36839
3.36646
3.36453
3.36261
3.3607
3.3588
3.35692
3.35507
3.35323
3.35143
3.34967
3.34794
3.34625
3.34461
3.34301
3.34147
3.33998
3.33855
3.33718
3.33587
3.33463
3.33345
3.33234
3.33129
3.33032
3.32941
3.32858
3.32781
3.32711
3.32648
3.32593
3.32537
0.851011
0.791143
0.741126
0.708367
0.70346
0.741579
0.838108
0.996906
1.20263
1.4285
1.65059
1.85477
2.03555
2.19259
2.3279
2.44426
2.5445
2.63117
2.70645
2.7722
2.82992
2.88086
2.92603
2.96628
3.00226
3.03452
3.0635
3.08957
3.11304
3.13417
3.15318
3.17027
3.18565
3.19946
3.21188
3.22305
3.23309
3.24214
3.2503
3.25766
3.26432
3.27035
3.27582
3.28078
3.28529
3.28939
3.29311
3.2965
3.29957
3.30236
3.30488
3.30715
3.30919
3.31101
3.31262
3.31405
3.31529
3.31635
3.31725
3.318
3.31859
3.31903
3.31934
3.31951
3.31955
3.31947
3.31926
3.31894
3.31849
3.31794
3.31727
3.31651
3.31564
3.31469
3.31365
3.31252
3.31132
3.31004
3.30868
3.30727
3.30578
3.30424
3.30265
3.301
3.2993
3.29757
3.29579
3.29399
3.29215
3.29029
3.28841
3.28652
3.28461
3.2827
3.28079
3.27888
3.27698
3.27509
3.27322
3.27137
3.26955
3.26776
3.266
3.26428
3.2626
3.26097
3.25938
3.25784
3.25636
3.25494
3.25357
3.25227
3.25102
3.24984
3.24872
3.24767
3.24668
3.24575
3.24489
3.2441
3.24338
3.24266
0.854799
0.797919
0.746862
0.705362
0.677885
0.670753
0.692779
0.753704
0.85933
1.00619
1.18133
1.368
1.55204
1.72458
1.88152
2.02185
2.14624
2.25612
2.35314
2.43894
2.51503
2.58273
2.64318
2.69735
2.74603
2.78992
2.82956
2.86543
2.89793
2.92739
2.95411
2.97835
3.00036
3.02033
3.03847
3.05495
3.06994
3.0836
3.09605
3.10742
3.11781
3.12734
3.13608
3.1441
3.15149
3.15828
3.16455
3.17033
3.17566
3.18057
3.1851
3.18927
3.19311
3.19664
3.19987
3.20283
3.20552
3.20797
3.21018
3.21216
3.21393
3.2155
3.21687
3.21805
3.21906
3.21989
3.22055
3.22105
3.22139
3.22158
3.22161
3.22151
3.22128
3.22091
3.22043
3.21983
3.21912
3.21831
3.2174
3.21639
3.21529
3.21412
3.21286
3.21153
3.21013
3.20867
3.20714
3.20557
3.20395
3.20229
3.20059
3.19886
3.1971
3.19532
3.19353
3.19172
3.18991
3.18809
3.18629
3.18448
3.1827
3.18093
3.17918
3.17746
3.17577
3.17411
3.17249
3.17091
3.16937
3.16788
3.16644
3.16505
3.16371
3.16242
3.16119
3.16001
3.15889
3.15783
3.15682
3.15587
3.15499
3.15411
0.857613
0.803838
0.754023
0.710069
0.674015
0.648368
0.636594
0.64348
0.674825
0.735879
0.828724
0.950233
1.09243
1.24518
1.3992
1.54782
1.68713
1.81539
1.93219
2.03794
2.13343
2.21959
2.2974
2.36775
2.43148
2.48931
2.54187
2.58973
2.63335
2.67315
2.70949
2.74269
2.77303
2.80079
2.82619
2.84945
2.87077
2.89034
2.90833
2.92487
2.94011
2.95417
2.96717
2.9792
2.99034
3.00067
3.01027
3.0192
3.0275
3.03522
3.04241
3.0491
3.05533
3.06113
3.06652
3.07153
3.07618
3.08048
3.08446
3.08814
3.09152
3.09462
3.09746
3.10004
3.10238
3.10448
3.10636
3.10802
3.10948
3.11073
3.11179
3.11265
3.11334
3.11386
3.11421
3.11441
3.11445
3.11436
3.11414
3.11378
3.11331
3.11272
3.11202
3.11122
3.11032
3.10934
3.10827
3.10712
3.1059
3.10461
3.10327
3.10187
3.10042
3.09893
3.0974
3.09585
3.09426
3.09266
3.09104
3.08942
3.08778
3.08615
3.08452
3.08291
3.0813
3.07971
3.07815
3.07661
3.07509
3.07361
3.07216
3.07074
3.06936
3.06802
3.06672
3.06546
3.06424
3.06307
3.06194
3.06085
3.05982
3.05881
0.859482
0.808378
0.760626
0.716973
0.678334
0.645749
0.620512
0.604371
0.599722
0.609658
0.637654
0.686737
0.758295
0.851094
0.961179
1.08279
1.20982
1.33699
1.46043
1.57775
1.68769
1.78977
1.88402
1.97076
2.05046
2.12362
2.1908
2.25249
2.30917
2.36127
2.40918
2.45326
2.49383
2.53119
2.56561
2.59735
2.62664
2.65368
2.67868
2.70182
2.72326
2.74315
2.76163
2.77882
2.79482
2.80975
2.82368
2.8367
2.84888
2.86028
2.87095
2.88095
2.89032
2.89911
2.90735
2.91507
2.9223
2.92907
2.93541
2.94133
2.94687
2.95203
2.95684
2.96131
2.96545
2.96929
2.97283
2.97609
2.97907
2.9818
2.98426
2.98649
2.98847
2.99023
2.99177
2.99311
2.99425
2.9952
2.99598
2.99658
2.99703
2.99732
2.99746
2.99746
2.99733
2.99708
2.99671
2.99623
2.99565
2.99497
2.9942
2.99335
2.99242
2.99143
2.99036
2.98925
2.98808
2.98686
2.9856
2.98431
2.98299
2.98165
2.98029
2.97891
2.97753
2.97614
2.97474
2.97335
2.97197
2.97059
2.96922
2.96787
2.96653
2.96521
2.96391
2.96263
2.96138
2.96014
2.95893
2.95774
2.9566
2.95547
0.860565
0.811411
0.765711
0.723439
0.684828
0.650242
0.620147
0.595142
0.57603
0.563904
0.56022
0.566795
0.585676
0.618805
0.66751
0.731994
0.811021
0.902011
1.0015
1.10578
1.21148
1.31589
1.41709
1.51386
1.60549
1.6917
1.77243
1.84779
1.918
1.98331
2.04401
2.10039
2.15274
2.20135
2.24648
2.28839
2.32733
2.36352
2.39718
2.42851
2.45769
2.48491
2.51031
2.53405
2.55625
2.57704
2.59652
2.61481
2.63198
2.64812
2.6633
2.67758
2.69104
2.70371
2.71565
2.72691
2.73752
2.74753
2.75696
2.76585
2.77422
2.7821
2.78951
2.79649
2.80304
2.80918
2.81494
2.82034
2.82537
2.83007
2.83445
2.83851
2.84226
2.84573
2.84891
2.85182
2.85447
2.85688
2.85905
2.861
2.86274
2.86427
2.86561
2.86676
2.86774
2.86855
2.8692
2.8697
2.87006
2.87028
2.87037
2.87034
2.8702
2.86996
2.86962
2.86918
2.86866
2.86806
2.86739
2.86665
2.86585
2.865
2.86409
2.86314
2.86215
2.86112
2.86007
2.85898
2.85787
2.85673
2.85558
2.85442
2.85324
2.85205
2.85085
2.84964
2.84843
2.84722
2.846
2.84478
2.84359
2.8424
0.861099
0.813133
0.76901
0.728261
0.690673
0.656203
0.624916
0.596953
0.57254
0.551996
0.535764
0.524447
0.518835
0.519919
0.528854
0.546863
0.57506
0.614218
0.664543
0.725519
0.795897
0.873837
0.957168
1.04367
1.13131
1.21841
1.30368
1.38622
1.46541
1.54092
1.61258
1.68032
1.74419
1.80429
1.86075
1.91374
1.96344
2.01003
2.05371
2.09466
2.13306
2.16907
2.20288
2.23463
2.26447
2.29253
2.31895
2.34384
2.3673
2.38943
2.41032
2.43006
2.44872
2.46637
2.48307
2.49888
2.51384
2.52802
2.54145
2.55417
2.56622
2.57764
2.58846
2.5987
2.60839
2.61756
2.62624
2.63443
2.64218
2.64949
2.65638
2.66287
2.66898
2.67472
2.6801
2.68513
2.68982
2.6942
2.69828
2.70206
2.70556
2.7088
2.71179
2.71453
2.71703
2.71932
2.72139
2.72326
2.72494
2.72643
2.72775
2.7289
2.72989
2.73073
2.73143
2.73199
2.73242
2.73274
2.73294
2.73303
2.73301
2.73291
2.73271
2.73242
2.73206
2.73162
2.73111
2.73054
2.7299
2.7292
2.72844
2.72763
2.72677
2.72586
2.72491
2.72391
2.72288
2.7218
2.72069
2.71954
2.71838
2.71722
0.861317
0.813942
0.770775
0.731184
0.694718
0.661081
0.630095
0.601662
0.575754
0.552397
0.531673
0.513721
0.498751
0.487049
0.478999
0.475087
0.475906
0.482135
0.494504
0.51372
0.54037
0.574823
0.61713
0.666965
0.723621
0.786068
0.853052
0.923221
0.995249
1.06793
1.14024
1.21136
1.28069
1.34777
1.41232
1.47417
1.53322
1.58945
1.64289
1.6936
1.74166
1.78717
1.83025
1.87102
1.9096
1.94612
1.98069
2.01343
2.04444
2.07383
2.1017
2.12813
2.15322
2.17704
2.19966
2.22116
2.2416
2.26103
2.27952
2.2971
2.31384
2.32976
2.34492
2.35934
2.37307
2.38613
2.39856
2.41039
2.42164
2.43233
2.44249
2.45215
2.46132
2.47002
2.47827
2.48608
2.49348
2.50047
2.50707
2.51329
2.51915
2.52467
2.52986
2.53473
2.5393
2.54358
2.54758
2.55131
2.55479
2.55802
2.56102
2.56379
2.56634
2.56869
2.57084
2.57279
2.57457
2.57617
2.57761
2.57888
2.58
2.58097
2.58181
2.5825
2.58307
2.58351
2.58383
2.58404
2.58413
2.58411
2.58399
2.58377
2.58345
2.58303
2.58253
2.58193
2.58125
2.58048
2.57963
2.5787
2.57773
2.57672
0.861389
0.814244
0.77153
0.732597
0.696917
0.664079
0.633769
0.605753
0.579862
0.555979
0.53403
0.513979
0.495828
0.479611
0.4654
0.453309
0.443493
0.436161
0.431575
0.430053
0.431969
0.437739
0.447803
0.46259
0.48248
0.507759
0.538569
0.574873
0.616439
0.662832
0.713448
0.767551
0.824329
0.882952
0.942624
1.00262
1.06232
1.12122
1.1789
1.23507
1.28953
1.34212
1.39277
1.44143
1.4881
1.5328
1.57555
1.61643
1.65547
1.69275
1.72834
1.76232
1.79475
1.82571
1.85527
1.88349
1.91045
1.9362
1.96079
1.9843
2.00675
2.02822
2.04874
2.06835
2.0871
2.10502
2.12216
2.13854
2.1542
2.16918
2.18348
2.19716
2.21023
2.22271
2.23463
2.24601
2.25686
2.26722
2.27709
2.28649
2.29543
2.30393
2.31201
2.31968
2.32696
2.33387
2.34042
2.34662
2.35249
2.35804
2.36327
2.36821
2.37287
2.37724
2.38135
2.3852
2.38881
2.39217
2.3953
2.3982
2.40089
2.40337
2.40564
2.40772
2.4096
2.41129
2.41281
2.41414
2.4153
2.4163
2.41713
2.41779
2.41831
2.41866
2.41887
2.41893
2.41884
2.41862
2.41826
2.41777
2.41718
2.41652
0.861406
0.814329
0.771776
0.733121
0.697834
0.665476
0.635686
0.608168
0.582682
0.559037
0.53708
0.516692
0.497782
0.480288
0.464168
0.449403
0.435996
0.423969
0.413369
0.404263
0.396745
0.390938
0.386991
0.385085
0.385433
0.38827
0.393855
0.402452
0.414323
0.429704
0.448787
0.471701
0.498487
0.529094
0.563361
0.601027
0.641739
0.68507
0.730542
0.777654
0.825903
0.874815
0.923952
0.972931
1.02143
1.06918
1.11598
1.16167
1.20613
1.2493
1.29112
1.33157
1.37064
1.40834
1.44468
1.47969
1.51339
1.54582
1.57701
1.607
1.63584
1.66355
1.69018
1.71578
1.74037
1.764
1.78671
1.80852
1.82948
1.84962
1.86896
1.88753
1.90537
1.9225
1.93894
1.95473
1.96988
1.98441
1.99836
2.01173
2.02455
2.03684
2.0486
2.05986
2.07062
2.0809
2.09073
2.10012
2.10908
2.11764
2.12579
2.13356
2.14096
2.14799
2.15468
2.16103
2.16705
2.17274
2.17813
2.18321
2.188
2.1925
2.19671
2.20066
2.20433
2.20775
2.2109
2.21381
2.21646
2.21888
2.22105
2.22299
2.22471
2.22619
2.22746
2.22851
2.22935
2.22998
2.23041
2.23064
2.23071
2.23067
0.861407
0.814342
0.77183
0.73326
0.698113
0.665954
0.636417
0.609191
0.584014
0.560665
0.538959
0.518737
0.499869
0.482247
0.46578
0.450397
0.43604
0.422666
0.410246
0.398762
0.388209
0.378592
0.36993
0.362255
0.35561
0.350053
0.345657
0.34251
0.340717
0.340398
0.341688
0.344734
0.349694
0.356727
0.365991
0.377631
0.391774
0.408518
0.427923
0.450003
0.474723
0.501995
0.531676
0.563577
0.597466
0.633078
0.670127
0.708315
0.747345
0.786931
0.826803
0.866719
0.906464
0.945851
0.984727
1.02297
1.06047
1.09716
1.13298
1.1679
1.20189
1.23493
1.26703
1.29817
1.32837
1.35763
1.38597
1.4134
1.43993
1.4656
1.4904
1.51438
1.53753
1.5599
1.58149
1.60233
1.62245
1.64186
1.66058
1.67864
1.69605
1.71284
1.72902
1.7446
1.75961
1.77405
1.78794
1.80127
1.81409
1.82639
1.83819
1.84952
1.86037
1.87077
1.88072
1.89024
1.89934
1.90802
1.9163
1.92418
1.93168
1.9388
1.94555
1.95194
1.95796
1.96364
1.96897
1.97396
1.97861
1.98294
1.98694
1.99062
1.99398
1.99704
1.9998
2.00225
2.00442
2.0063
2.0079
2.00923
2.01033
2.01125
0.861405
0.814337
0.771831
0.733277
0.698164
0.666062
0.636607
0.60949
0.584448
0.561253
0.53971
0.519653
0.500935
0.483431
0.467033
0.451647
0.437194
0.423603
0.410816
0.398785
0.387468
0.376832
0.366852
0.357508
0.348789
0.340687
0.333204
0.326347
0.320129
0.31457
0.309697
0.305545
0.302156
0.299581
0.297878
0.297114
0.297363
0.298709
0.301239
0.305045
0.310223
0.316867
0.325068
0.334907
0.346458
0.359776
0.374901
0.391849
0.410613
0.431159
0.453429
0.477336
0.502774
0.529611
0.557701
0.586884
0.61699
0.647846
0.67928
0.711125
0.74322
0.775417
0.80758
0.839587
0.871333
0.902726
0.933689
0.964159
0.994084
1.02342
1.05215
1.08024
1.10767
1.13444
1.16055
1.18598
1.21073
1.23482
1.25825
1.28102
1.30313
1.3246
1.34543
1.36563
1.38521
1.40418
1.42255
1.44033
1.45752
1.47413
1.49016
1.50562
1.52052
1.53487
1.54869
1.56199
1.57477
1.58704
1.59882
1.6101
1.62091
1.63124
1.6411
1.65051
1.65946
1.66796
1.67602
1.68364
1.69083
1.6976
1.70395
1.70989
1.71543
1.72056
1.72531
1.72967
1.73365
1.73726
1.74052
1.74342
1.74602
1.74838
0.861402
0.814329
0.77182
0.733266
0.698157
0.666065
0.636627
0.609537
0.584532
0.561385
0.539902
0.519913
0.50127
0.483846
0.467525
0.45221
0.437813
0.424257
0.411474
0.399403
0.387993
0.377196
0.366972
0.357284
0.348103
0.339402
0.331157
0.323351
0.315968
0.308996
0.302428
0.296257
0.290483
0.285107
0.280133
0.27557
0.271429
0.267724
0.264476
0.261707
0.259442
0.257713
0.256555
0.256007
0.256111
0.256915
0.258468
0.260823
0.264035
0.268159
0.27325
0.279363
0.286546
0.294846
0.304303
0.314948
0.326805
0.339886
0.354192
0.369712
0.386422
0.404287
0.423258
0.443274
0.464264
0.486149
0.508841
0.532246
0.556265
0.5808
0.605749
0.631014
0.656498
0.68211
0.707762
0.733375
0.758874
0.784194
0.809274
0.834063
0.858516
0.882593
0.906263
0.929498
0.952277
0.97458
0.996394
1.01771
1.03852
1.0588
1.07858
1.09783
1.11655
1.13473
1.15237
1.16945
1.18598
1.20197
1.21742
1.23232
1.24669
1.26052
1.27382
1.28659
1.29883
1.31056
1.32177
1.33246
1.34265
1.35235
1.36154
1.37026
1.37849
1.38626
1.39356
1.40042
1.40683
1.4128
1.41836
1.4235
1.42828
1.43274
0.8614
0.814321
0.77181
0.733253
0.698143
0.66605
0.636614
0.609527
0.584528
0.561391
0.53992
0.519948
0.501326
0.483926
0.467634
0.45235
0.437986
0.424462
0.411709
0.399665
0.388273
0.377484
0.367254
0.35754
0.348309
0.339526
0.331164
0.323195
0.315596
0.308347
0.301428
0.294823
0.288518
0.2825
0.276758
0.271283
0.266068
0.261107
0.256395
0.25193
0.247711
0.243738
0.240014
0.236542
0.233327
0.230376
0.227699
0.225306
0.223209
0.221423
0.219963
0.218849
0.218101
0.21774
0.217793
0.218284
0.219242
0.220697
0.222678
0.225219
0.22835
0.232104
0.236511
0.241602
0.247405
0.253946
0.261247
0.269327
0.278201
0.287879
0.298365
0.309658
0.321751
0.33463
0.348275
0.362662
0.377756
0.393522
0.409916
0.426889
0.444392
0.462367
0.480759
0.499507
0.51855
0.537828
0.55728
0.576847
0.596472
0.616098
0.635674
0.65515
0.674481
0.693623
0.712545
0.731207
0.749572
0.767606
0.785278
0.802567
0.819454
0.835924
0.851965
0.867567
0.882723
0.897427
0.911674
0.925464
0.938795
0.951667
0.964083
0.976043
0.987552
0.998614
1.00923
1.01941
1.02916
1.03848
1.04738
1.05587
1.06397
1.0717
0.861399
0.814317
0.771804
0.733245
0.698133
0.666039
0.636602
0.609515
0.584516
0.561379
0.53991
0.51994
0.501322
0.483926
0.46764
0.452363
0.438006
0.424492
0.411749
0.399716
0.388335
0.377557
0.367336
0.357631
0.348405
0.339625
0.331258
0.323279
0.315662
0.308382
0.301421
0.294758
0.288375
0.282258
0.276391
0.27076
0.265355
0.260164
0.255177
0.250385
0.24578
0.241355
0.237104
0.233022
0.229104
0.225346
0.221745
0.218299
0.215006
0.211866
0.208878
0.206044
0.203365
0.200844
0.198483
0.196287
0.19426
0.192409
0.19074
0.189261
0.187981
0.186909
0.186055
0.185432
0.185052
0.184929
0.185077
0.185513
0.186253
0.187315
0.188718
0.190479
0.192619
0.195157
0.198113
0.201506
0.205357
0.209683
0.214502
0.219831
0.225684
0.232075
0.239015
0.246511
0.254571
0.263196
0.272386
0.282138
0.292444
0.303294
0.314674
0.326566
0.338948
0.351797
0.365086
0.378783
0.392858
0.407277
0.422006
0.437004
0.45223
0.467642
0.483198
0.498855
0.514573
0.530311
0.546029
0.561689
0.577255
0.592692
0.607968
0.623052
0.637916
0.652534
0.666882
0.680939
0.694685
0.708104
0.721181
0.733903
0.746263
0.758232
0.861399
0.814317
0.771804
0.733245
0.698133
0.666039
0.636602
0.609515
0.584516
0.561379
0.53991
0.51994
0.501322
0.483926
0.46764
0.452363
0.438006
0.424492
0.411749
0.399716
0.388335
0.377557
0.367336
0.357631
0.348405
0.339624
0.331258
0.323279
0.315662
0.308382
0.301421
0.294758
0.288375
0.282258
0.276391
0.270761
0.265355
0.260164
0.255177
0.250385
0.245781
0.241356
0.237106
0.233024
0.229106
0.225348
0.221748
0.218302
0.21501
0.211871
0.208884
0.206052
0.203374
0.200855
0.198496
0.196303
0.19428
0.192433
0.190769
0.189296
0.188022
0.186957
0.186113
0.1855
0.185131
0.185022
0.185186
0.185639
0.186399
0.187483
0.18891
0.190699
0.192869
0.19544
0.198432
0.201865
0.205758
0.21013
0.214999
0.22038
0.226288
0.232737
0.239737
0.247296
0.255419
0.26411
0.273367
0.283186
0.29356
0.304477
0.315923
0.327879
0.340323
0.353232
0.366578
0.380329
0.394453
0.40892
0.423692
0.438728
0.453988
0.469428
0.485007
0.500683
0.516415
0.532162
0.547884
0.563544
0.579106
0.594536
0.609801
0.62487
0.639716
0.654314
0.668639
0.68267
0.696389
0.709779
0.722825
0.735514
0.74784
0.759775
0.8614
0.814321
0.77181
0.733253
0.698143
0.66605
0.636614
0.609527
0.584528
0.561391
0.53992
0.519948
0.501326
0.483926
0.467634
0.45235
0.437985
0.424462
0.411709
0.399665
0.388273
0.377484
0.367253
0.35754
0.348309
0.339526
0.331164
0.323195
0.315596
0.308347
0.301429
0.294824
0.28852
0.282502
0.276761
0.271287
0.266073
0.261113
0.256402
0.251939
0.247722
0.243752
0.240031
0.236562
0.233352
0.230407
0.227736
0.22535
0.223261
0.221485
0.220038
0.218938
0.218206
0.217865
0.21794
0.218457
0.219446
0.220935
0.222956
0.22554
0.228721
0.23253
0.236999
0.242157
0.248033
0.254654
0.26204
0.270212
0.279184
0.288965
0.299559
0.310964
0.323172
0.33617
0.349936
0.364444
0.379661
0.395549
0.412063
0.429155
0.446773
0.46486
0.48336
0.502211
0.521352
0.540723
0.560262
0.57991
0.599609
0.619305
0.638944
0.658479
0.677861
0.697052
0.716016
0.734715
0.753112
0.771169
0.78886
0.806164
0.823063
0.83954
0.855585
0.871188
0.886341
0.901038
0.915277
0.929054
0.94237
0.955223
0.967617
0.979554
0.991035
1.00207
1.01265
1.0228
1.0325
1.04178
1.05064
1.05908
1.06713
1.07481
0.861402
0.814329
0.77182
0.733266
0.698157
0.666065
0.636627
0.609537
0.584532
0.561385
0.539902
0.519912
0.50127
0.483845
0.467524
0.452209
0.437812
0.424256
0.411472
0.399402
0.387991
0.377195
0.366971
0.357284
0.348103
0.339402
0.331159
0.323354
0.315973
0.309003
0.302437
0.29627
0.2905
0.285128
0.28016
0.275603
0.271469
0.267774
0.264536
0.261779
0.259529
0.257817
0.256679
0.256154
0.256285
0.257121
0.258711
0.261109
0.264369
0.268549
0.273704
0.279887
0.287149
0.295537
0.30509
0.315839
0.327807
0.341007
0.355439
0.37109
0.387936
0.40594
0.425052
0.44521
0.466342
0.488366
0.511194
0.534729
0.558875
0.583529
0.60859
0.63396
0.659541
0.685241
0.710974
0.736659
0.762224
0.787602
0.812734
0.837569
0.862061
0.886174
0.909875
0.933138
0.95594
0.978264
1.0001
1.02143
1.04225
1.06255
1.08234
1.1016
1.12033
1.13852
1.15615
1.17323
1.18977
1.20576
1.22121
1.23611
1.25048
1.2643
1.2776
1.29036
1.3026
1.31432
1.32552
1.3362
1.34638
1.35606
1.36524
1.37393
1.38215
1.38989
1.39717
1.40399
1.41037
1.41632
1.42184
1.42694
1.43168
1.4361
0.861405
0.814337
0.771831
0.733277
0.698164
0.666062
0.636607
0.60949
0.584447
0.561251
0.539709
0.519651
0.500932
0.483428
0.467029
0.451643
0.437189
0.423599
0.410813
0.398782
0.387467
0.376833
0.366856
0.357515
0.3488
0.340704
0.333229
0.32638
0.320172
0.314625
0.309767
0.305632
0.302264
0.299712
0.298037
0.297305
0.297593
0.298982
0.301563
0.305428
0.310673
0.317393
0.325678
0.335613
0.34727
0.360704
0.375955
0.393039
0.411946
0.432643
0.455068
0.479136
0.504734
0.531733
0.559982
0.589319
0.619574
0.650572
0.682139
0.714108
0.746316
0.778617
0.810873
0.842963
0.874783
0.90624
0.937259
0.967777
0.997744
1.02712
1.05588
1.08399
1.11144
1.13823
1.16435
1.18979
1.21456
1.23866
1.26209
1.28486
1.30698
1.32845
1.34928
1.36948
1.38907
1.40804
1.42641
1.44419
1.46138
1.47799
1.49402
1.50948
1.52438
1.53873
1.55255
1.56585
1.57863
1.59091
1.60269
1.61398
1.62479
1.63512
1.64499
1.65439
1.66334
1.67185
1.67991
1.68753
1.69472
1.70148
1.70783
1.71376
1.71928
1.72441
1.72914
1.73348
1.73745
1.74104
1.74427
1.74715
1.74973
1.75205
0.861407
0.814342
0.77183
0.73326
0.698112
0.665953
0.636415
0.609187
0.584009
0.560659
0.538951
0.518729
0.49986
0.482238
0.465771
0.450389
0.436034
0.422664
0.410249
0.398772
0.388227
0.378622
0.369975
0.362317
0.355694
0.350163
0.345799
0.34269
0.340941
0.340675
0.342026
0.345144
0.350185
0.357312
0.36668
0.378438
0.392711
0.409597
0.429155
0.451397
0.476288
0.503736
0.533597
0.565679
0.599748
0.635535
0.672753
0.711101
0.750282
0.790007
0.830008
0.87004
0.909888
0.949368
0.988325
1.02663
1.0642
1.10094
1.13681
1.17177
1.20579
1.23886
1.27097
1.30213
1.33234
1.36161
1.38995
1.41738
1.44392
1.46958
1.49438
1.51835
1.5415
1.56386
1.58545
1.60628
1.62639
1.6458
1.66451
1.68257
1.69998
1.71676
1.73294
1.74852
1.76353
1.77797
1.79186
1.8052
1.81802
1.83033
1.84214
1.85347
1.86434
1.87475
1.88472
1.89425
1.90336
1.91206
1.92036
1.92826
1.93578
1.94292
1.94969
1.95609
1.96213
1.96782
1.97317
1.97817
1.98284
1.98718
1.99119
1.99488
1.99825
2.00132
2.00407
2.00653
2.00869
2.01057
2.01216
2.01348
2.01457
2.01548
0.861405
0.814329
0.771776
0.733119
0.69783
0.66547
0.635677
0.608156
0.582668
0.559021
0.537062
0.516674
0.497766
0.480275
0.464162
0.449406
0.436013
0.424004
0.413427
0.40435
0.39687
0.391109
0.387218
0.385382
0.385811
0.388746
0.394445
0.403173
0.415194
0.430741
0.450008
0.473118
0.500112
0.530933
0.565416
0.603298
0.644219
0.687749
0.733408
0.780691
0.829097
0.878148
0.92741
0.976498
1.02509
1.07293
1.1198
1.16555
1.21006
1.25328
1.29514
1.33562
1.37472
1.41244
1.4488
1.48382
1.51752
1.54996
1.58115
1.61114
1.63997
1.66767
1.6943
1.71988
1.74447
1.76809
1.79078
1.81258
1.83353
1.85365
1.87298
1.89154
1.90937
1.92649
1.94293
1.95871
1.97385
1.98839
2.00233
2.01571
2.02853
2.04082
2.05259
2.06386
2.07463
2.08492
2.09477
2.10418
2.11316
2.12174
2.12992
2.13771
2.14514
2.1522
2.15892
2.1653
2.17135
2.17709
2.18251
2.18763
2.19245
2.19699
2.20124
2.20522
2.20893
2.21238
2.21557
2.21851
2.2212
2.22364
2.22585
2.22781
2.22955
2.23106
2.23235
2.23341
2.23427
2.23491
2.23534
2.23558
2.23565
2.23561
0.861388
0.814243
0.771526
0.73259
0.696905
0.664061
0.633746
0.605726
0.579833
0.55595
0.534004
0.513962
0.495824
0.479627
0.465445
0.453393
0.443628
0.436361
0.431857
0.430439
0.432482
0.438406
0.448651
0.463648
0.483776
0.509316
0.540403
0.576995
0.618847
0.665518
0.716393
0.770732
0.827716
0.886516
0.946334
1.00645
1.06625
1.12521
1.18295
1.23917
1.29366
1.34628
1.39694
1.44562
1.49231
1.53701
1.57978
1.62065
1.6597
1.69699
1.73258
1.76655
1.79898
1.82993
1.85948
1.8877
1.91464
1.94038
1.96496
1.98845
2.01089
2.03234
2.05284
2.07244
2.09118
2.10909
2.12621
2.14258
2.15823
2.1732
2.1875
2.20117
2.21423
2.22671
2.23863
2.25002
2.26088
2.27125
2.28113
2.29054
2.2995
2.30802
2.31612
2.32381
2.33113
2.33806
2.34465
2.35089
2.35679
2.36238
2.36766
2.37265
2.37735
2.38178
2.38594
2.38984
2.3935
2.39691
2.4001
2.40306
2.4058
2.40833
2.41066
2.41279
2.41473
2.41648
2.41804
2.41943
2.42064
2.42168
2.42255
2.42326
2.42381
2.42421
2.42445
2.42454
2.42448
2.42428
2.42394
2.42347
2.42289
2.42225
0.861316
0.813937
0.770764
0.731165
0.694689
0.661045
0.630052
0.601618
0.575716
0.552372
0.531671
0.513756
0.498837
0.487207
0.479253
0.475467
0.476448
0.482881
0.495499
0.515008
0.541995
0.576817
0.619511
0.669733
0.726761
0.789546
0.856823
0.927232
0.999447
1.07226
1.14466
1.21584
1.28519
1.35227
1.41681
1.47864
1.53767
1.59387
1.64728
1.69796
1.74599
1.79148
1.83454
1.87529
1.91386
1.95036
1.98492
2.01764
2.04865
2.07803
2.10589
2.13231
2.15739
2.18119
2.20381
2.22529
2.24572
2.26514
2.28361
2.30118
2.3179
2.33381
2.34896
2.36337
2.37709
2.39015
2.40257
2.41439
2.42564
2.43633
2.4465
2.45616
2.46534
2.47405
2.48232
2.49015
2.49757
2.50459
2.51121
2.51746
2.52336
2.52891
2.53414
2.53906
2.54367
2.548
2.55205
2.55584
2.55938
2.56267
2.56573
2.56856
2.57118
2.5736
2.57581
2.57784
2.57969
2.58136
2.58287
2.58422
2.58541
2.58646
2.58736
2.58813
2.58877
2.58928
2.58967
2.58993
2.59009
2.59013
2.59007
2.58991
2.58964
2.58927
2.58881
2.58826
2.58761
2.58688
2.58606
2.58516
2.58421
2.58322
0.861096
0.813121
0.768984
0.72822
0.69062
0.656144
0.62486
0.596913
0.572531
0.55204
0.535888
0.524686
0.519235
0.520534
0.529752
0.548115
0.576736
0.616375
0.667215
0.728708
0.799572
0.877939
0.96162
1.04838
1.13621
1.22342
1.30874
1.39127
1.47043
1.54588
1.61746
1.68512
1.7489
1.80891
1.86529
1.9182
1.96783
2.01436
2.05799
2.09889
2.13725
2.17323
2.20701
2.23874
2.26857
2.29662
2.32302
2.3479
2.37135
2.39348
2.41436
2.4341
2.45275
2.47039
2.48708
2.50288
2.51784
2.532
2.54543
2.55814
2.57019
2.5816
2.59241
2.60265
2.61235
2.62152
2.6302
2.63841
2.64617
2.65349
2.6604
2.66691
2.67304
2.67881
2.68422
2.68928
2.69401
2.69843
2.70255
2.70638
2.70994
2.71323
2.71627
2.71907
2.72164
2.724
2.72614
2.72808
2.72983
2.7314
2.7328
2.73403
2.7351
2.73603
2.73681
2.73746
2.73798
2.73838
2.73867
2.73885
2.73892
2.7389
2.73879
2.73859
2.73831
2.73796
2.73752
2.73702
2.73646
2.73583
2.73514
2.7344
2.7336
2.73275
2.73185
2.73091
2.72991
2.72888
2.7278
2.72668
2.72556
2.72442
0.860556
0.811383
0.765662
0.723372
0.684754
0.650177
0.620113
0.59517
0.576161
0.564196
0.560746
0.56765
0.586971
0.620647
0.669989
0.735153
0.814847
0.906434
1.00641
1.11104
1.21697
1.3215
1.42274
1.51947
1.61103
1.69713
1.77772
1.85295
1.923
1.98817
2.04872
2.10497
2.1572
2.2057
2.25073
2.29256
2.33142
2.36755
2.40116
2.43245
2.46161
2.4888
2.51419
2.53792
2.56011
2.5809
2.60038
2.61867
2.63584
2.65197
2.66715
2.68144
2.69489
2.70757
2.71951
2.73077
2.74138
2.75139
2.76082
2.76971
2.77808
2.78597
2.7934
2.80038
2.80694
2.8131
2.81888
2.8243
2.82936
2.83409
2.83849
2.84259
2.84638
2.84988
2.85311
2.85607
2.85877
2.86124
2.86347
2.86549
2.86729
2.86889
2.8703
2.87153
2.87259
2.87348
2.87422
2.8748
2.87525
2.87556
2.87575
2.87582
2.87578
2.87563
2.87538
2.87505
2.87463
2.87413
2.87356
2.87292
2.87222
2.87146
2.87065
2.8698
2.8689
2.86796
2.86699
2.86599
2.86496
2.86391
2.86283
2.86174
2.86063
2.8595
2.85836
2.85721
2.85605
2.85488
2.8537
2.85252
2.85136
2.85019
0.859464
0.80833
0.760551
0.716886
0.678261
0.645727
0.620595
0.604638
0.600284
0.610661
0.639266
0.689118
0.761547
0.855222
0.966083
1.0883
1.21574
1.34313
1.46665
1.58394
1.69378
1.79571
1.88979
1.97633
2.05583
2.1288
2.19578
2.25729
2.31379
2.36572
2.41348
2.45742
2.49788
2.53513
2.56947
2.60113
2.63036
2.65736
2.68233
2.70545
2.72687
2.74676
2.76523
2.78242
2.79844
2.81337
2.82731
2.84034
2.85253
2.86393
2.87462
2.88463
2.89401
2.9028
2.91105
2.91878
2.92602
2.9328
2.93915
2.94509
2.95064
2.95582
2.96065
2.96514
2.96931
2.97318
2.97675
2.98004
2.98306
2.98582
2.98834
2.99061
2.99264
2.99446
2.99606
2.99746
2.99866
2.99969
3.00053
3.00122
3.00174
3.00211
3.00234
3.00243
3.00239
3.00224
3.00196
3.00158
3.0011
3.00053
2.99986
2.99912
2.9983
2.99741
2.99646
2.99545
2.99439
2.99328
2.99214
2.99095
2.98974
2.9885
2.98725
2.98597
2.98469
2.98339
2.98209
2.98079
2.97949
2.9782
2.97691
2.97564
2.97437
2.97312
2.97188
2.97066
2.96945
2.96826
2.96709
2.96594
2.96484
2.96373
0.857582
0.803766
0.753927
0.709985
0.674001
0.648514
0.637038
0.644422
0.676518
0.738565
0.83254
0.955141
1.09823
1.25157
1.4059
1.55461
1.69386
1.82195
1.93854
2.04404
2.13927
2.22519
2.30274
2.37286
2.43636
2.49397
2.54634
2.59401
2.63746
2.6771
2.7133
2.74638
2.77663
2.8043
2.82963
2.85284
2.87413
2.89367
2.91164
2.92818
2.94342
2.95749
2.9705
2.98254
2.9937
3.00406
3.01367
3.02262
3.03093
3.03868
3.04588
3.0526
3.05884
3.06466
3.07007
3.07509
3.07976
3.08409
3.08809
3.09179
3.0952
3.09833
3.10119
3.10381
3.10618
3.10833
3.11025
3.11196
3.11346
3.11477
3.11588
3.1168
3.11755
3.11813
3.11856
3.11883
3.11895
3.11894
3.1188
3.11853
3.11815
3.11765
3.11705
3.11635
3.11555
3.11467
3.11371
3.11267
3.11156
3.11038
3.10915
3.10787
3.10653
3.10516
3.10375
3.10231
3.10084
3.09936
3.09785
3.09634
3.09482
3.0933
3.09178
3.09027
3.08877
3.08728
3.08581
3.08437
3.08294
3.08154
3.08017
3.07884
3.07753
3.07626
3.07502
3.07382
3.07265
3.07152
3.07043
3.06938
3.06838
3.06739
0.854751
0.797826
0.746765
0.70534
0.678073
0.671377
0.694173
0.756253
0.863297
1.01155
1.18777
1.37509
1.55938
1.7319
1.88865
2.0287
2.15276
2.2623
2.359
2.44449
2.52029
2.58772
2.64792
2.70186
2.75033
2.79401
2.83347
2.86917
2.90152
2.93084
2.95745
2.98159
3.00352
3.02342
3.04152
3.05797
3.07294
3.08659
3.09904
3.11042
3.12084
3.13038
3.13915
3.1472
3.15461
3.16144
3.16773
3.17353
3.17889
3.18383
3.18839
3.19258
3.19645
3.2
3.20326
3.20625
3.20897
3.21145
3.21369
3.21571
3.21751
3.21912
3.22053
3.22176
3.22281
3.22368
3.2244
3.22495
3.22535
3.2256
3.2257
3.22567
3.2255
3.22522
3.22481
3.22429
3.22367
3.22295
3.22212
3.22121
3.22021
3.21914
3.21798
3.21676
3.21546
3.21411
3.2127
3.21125
3.20974
3.2082
3.20662
3.205
3.20337
3.20171
3.20003
3.19835
3.19666
3.19496
3.19327
3.19159
3.18992
3.18826
3.18663
3.18501
3.18343
3.18187
3.18035
3.17887
3.17742
3.17602
3.17466
3.17335
3.17208
3.17086
3.16969
3.16857
3.1675
3.16648
3.16551
3.16459
3.16374
3.16289
0.850946
0.791039
0.741074
0.708546
0.704202
0.7434
0.841547
1.00216
1.20938
1.43613
1.65851
1.86259
2.04306
2.1997
2.33458
2.45052
2.55036
2.63667
2.71162
2.77706
2.83451
2.8852
2.93015
2.97019
3.00597
3.03806
3.06688
3.09281
3.11615
3.13716
3.15608
3.1731
3.18841
3.20218
3.21457
3.22573
3.23577
3.24483
3.253
3.26039
3.26708
3.27314
3.27864
3.28364
3.28818
3.29232
3.29608
3.2995
3.3026
3.30542
3.30798
3.31028
3.31235
3.31421
3.31586
3.31732
3.3186
3.3197
3.32064
3.32143
3.32206
3.32255
3.32291
3.32313
3.32323
3.3232
3.32305
3.32279
3.32241
3.32192
3.32133
3.32064
3.31985
3.31898
3.31802
3.31698
3.31587
3.31468
3.31343
3.31211
3.31073
3.30929
3.3078
3.30626
3.30468
3.30306
3.3014
3.29971
3.29799
3.29625
3.2945
3.29272
3.29094
3.28915
3.28736
3.28558
3.2838
3.28203
3.28029
3.27856
3.27685
3.27517
3.27353
3.27191
3.27034
3.26881
3.26732
3.26588
3.26449
3.26315
3.26187
3.26064
3.25946
3.25835
3.25729
3.25629
3.25535
3.25447
3.25364
3.25287
3.25219
3.25148
0.846292
0.784482
0.740966
0.732137
0.78289
0.917939
1.13673
1.40461
1.67813
1.92885
2.1459
2.3288
2.48137
2.6085
2.7148
2.80421
2.87994
2.94456
3.00011
3.04819
3.09009
3.12684
3.15925
3.18797
3.21349
3.23625
3.25656
3.2747
3.29089
3.30532
3.31816
3.32958
3.33971
3.34869
3.35664
3.36368
3.36991
3.37543
3.38031
3.38464
3.38847
3.39188
3.3949
3.39757
3.39994
3.40204
3.40389
3.40552
3.40693
3.40816
3.40922
3.41011
3.41086
3.41146
3.41192
3.41227
3.41249
3.4126
3.4126
3.41249
3.41229
3.41199
3.4116
3.41112
3.41055
3.4099
3.40917
3.40835
3.40745
3.40648
3.40544
3.40432
3.40315
3.40191
3.40062
3.39926
3.39786
3.39641
3.39491
3.39337
3.39179
3.39017
3.38851
3.38682
3.38511
3.38337
3.38161
3.37984
3.37805
3.37625
3.37445
3.37264
3.37084
3.36904
3.36725
3.36547
3.36372
3.36198
3.36027
3.35858
3.35693
3.35532
3.35374
3.35221
3.35072
3.34928
3.34789
3.34655
3.34527
3.34404
3.34288
3.34177
3.34073
3.33975
3.33883
3.33798
3.33719
3.33646
3.33579
3.33519
3.33467
3.33411
0.841078
0.780264
0.755504
0.803802
0.967329
1.24502
1.57667
1.89751
2.175
2.40285
2.5863
2.73353
2.85222
2.94869
3.02784
3.09342
3.14829
3.19462
3.23407
3.26796
3.29727
3.32281
3.34518
3.36487
3.38225
3.39761
3.41119
3.42318
3.43374
3.443
3.45109
3.45813
3.46423
3.46949
3.47401
3.47788
3.48118
3.48398
3.48635
3.48834
3.49002
3.4914
3.49255
3.49348
3.49421
3.49478
3.49521
3.49549
3.49566
3.49571
3.49567
3.49553
3.4953
3.49499
3.4946
3.49414
3.49361
3.49301
3.49235
3.49163
3.49085
3.49002
3.48912
3.48817
3.48717
3.48612
3.48501
3.48385
3.48264
3.48137
3.48007
3.47871
3.47732
3.47589
3.47443
3.47292
3.47139
3.46982
3.46823
3.46661
3.46496
3.46329
3.4616
3.45989
3.45817
3.45643
3.45469
3.45294
3.45119
3.44943
3.44769
3.44594
3.44421
3.44249
3.44079
3.43911
3.43745
3.43582
3.43422
3.43265
3.43112
3.42964
3.42819
3.42679
3.42544
3.42413
3.42289
3.4217
3.42056
3.41949
3.41848
3.41753
3.41664
3.41582
3.41506
3.41436
3.41373
3.41317
3.41267
3.41222
3.41187
3.41146
0.835835
0.782846
0.804872
0.972689
1.30328
1.70602
2.08215
2.39101
2.63171
2.81657
2.95888
3.0695
3.15657
3.22598
3.28202
3.32778
3.36558
3.3971
3.42365
3.44619
3.4655
3.48214
3.49656
3.50912
3.52006
3.52959
3.53787
3.54503
3.55117
3.55638
3.56077
3.56441
3.56738
3.56977
3.57165
3.57308
3.57414
3.57488
3.57534
3.57557
3.57561
3.57548
3.57522
3.57484
3.57437
3.57381
3.57317
3.57248
3.57173
3.57093
3.57009
3.5692
3.56828
3.56733
3.56634
3.56533
3.56428
3.56321
3.56211
3.56098
3.55982
3.55864
3.55743
3.5562
3.55494
3.55365
3.55234
3.55099
3.54961
3.54821
3.54678
3.54533
3.54386
3.54237
3.54085
3.53932
3.53777
3.53621
3.53463
3.53303
3.53143
3.52981
3.52818
3.52655
3.52491
3.52327
3.52162
3.51998
3.51835
3.51672
3.5151
3.5135
3.51191
3.51034
3.50879
3.50727
3.50577
3.5043
3.50287
3.50147
3.50011
3.4988
3.49752
3.4963
3.49512
3.494
3.49293
3.49191
3.49095
3.49006
3.48922
3.48844
3.48773
3.48708
3.48649
3.48597
3.48551
3.48511
3.48477
3.48449
3.48429
3.48404
0.831589
0.802127
0.9281
1.28649
1.77028
2.21974
2.57241
2.83259
3.02211
3.16115
3.26468
3.34305
3.40333
3.4504
3.48765
3.51749
3.54165
3.56141
3.57772
3.5913
3.6027
3.61231
3.62047
3.62739
3.63325
3.63819
3.6423
3.64566
3.64834
3.65039
3.65189
3.65288
3.65344
3.65362
3.65347
3.65306
3.65241
3.65158
3.65061
3.64951
3.64833
3.64708
3.64577
3.64443
3.64307
3.64168
3.64028
3.63888
3.63748
3.63607
3.63467
3.63327
3.63187
3.63048
3.62909
3.62771
3.62633
3.62495
3.62357
3.6222
3.62082
3.61945
3.61807
3.61669
3.6153
3.6139
3.6125
3.61109
3.60967
3.60823
3.6068
3.60535
3.6039
3.60244
3.60098
3.59951
3.59803
3.59655
3.59507
3.59358
3.59209
3.5906
3.58911
3.58762
3.58613
3.58465
3.58318
3.58171
3.58025
3.57881
3.57738
3.57596
3.57457
3.5732
3.57185
3.57052
3.56923
3.56797
3.56674
3.56555
3.5644
3.56329
3.56223
3.56121
3.56024
3.55931
3.55845
3.55763
3.55687
3.55617
3.55552
3.55493
3.55441
3.55394
3.55353
3.55318
3.55289
3.55266
3.55249
3.55237
3.55233
3.55222
0.83047
0.859252
1.17557
1.73833
2.29171
2.71247
3.00523
3.20562
3.34431
3.44216
3.51263
3.56433
3.6029
3.63205
3.65435
3.67156
3.68494
3.69541
3.70365
3.71016
3.7153
3.71937
3.72257
3.72504
3.7269
3.72821
3.72903
3.7294
3.72936
3.72894
3.72819
3.72714
3.72584
3.72432
3.72263
3.7208
3.71887
3.71687
3.71481
3.71274
3.71065
3.70857
3.7065
3.70446
3.70245
3.70048
3.69854
3.69664
3.69478
3.69295
3.69117
3.68943
3.68772
3.68605
3.68441
3.6828
3.68122
3.67967
3.67814
3.67664
3.67516
3.6737
3.67226
3.67083
3.66941
3.66801
3.66661
3.66522
3.66383
3.66245
3.66108
3.65972
3.65836
3.65701
3.65566
3.65432
3.65298
3.65165
3.65032
3.649
3.64768
3.64637
3.64506
3.64377
3.64248
3.6412
3.63994
3.63869
3.63745
3.63623
3.63502
3.63384
3.63267
3.63154
3.63042
3.62933
3.62828
3.62725
3.62626
3.62531
3.62439
3.62351
3.62267
3.62188
3.62114
3.62044
3.61979
3.61919
3.61864
3.61814
3.6177
3.61731
3.61698
3.6167
3.61648
3.61631
3.6162
3.61614
3.61613
3.61617
3.61629
3.61631
0.837083
0.991886
1.56879
2.26379
2.79675
3.14662
3.36902
3.51204
3.60619
3.66961
3.71316
3.74348
3.76477
3.77975
3.79024
3.79749
3.80238
3.80552
3.80739
3.8083
3.8085
3.80818
3.80744
3.80639
3.80506
3.8035
3.80172
3.79974
3.79756
3.79522
3.79271
3.79008
3.78734
3.78453
3.78166
3.77877
3.77587
3.77299
3.77014
3.76734
3.76459
3.76191
3.75929
3.75675
3.75429
3.7519
3.74959
3.74735
3.74518
3.74309
3.74107
3.73911
3.73721
3.73537
3.73359
3.73186
3.73019
3.72856
3.72697
3.72543
3.72393
3.72246
3.72103
3.71963
3.71826
3.71691
3.71558
3.71427
3.71299
3.71172
3.71047
3.70923
3.70802
3.70682
3.70563
3.70446
3.7033
3.70215
3.70102
3.6999
3.69879
3.69769
3.69661
3.69554
3.69449
3.69345
3.69242
3.69141
3.69042
3.68945
3.6885
3.68757
3.68666
3.68577
3.68492
3.68409
3.68329
3.68252
3.68178
3.68108
3.68041
3.67978
3.67919
3.67864
3.67813
3.67767
3.67725
3.67688
3.67655
3.67628
3.67605
3.67586
3.67573
3.67565
3.67562
3.67563
3.6757
3.67581
3.67596
3.67616
3.67643
3.67659
0.861181
1.2442
2.07273
2.79223
3.24675
3.51205
3.66751
3.76086
3.81819
3.85383
3.87594
3.88934
3.89701
3.90082
3.90201
3.90141
3.89959
3.89694
3.89376
3.89023
3.88651
3.88269
3.87883
3.87497
3.87111
3.86727
3.86342
3.85957
3.85572
3.85186
3.84799
3.84413
3.84029
3.83648
3.83272
3.82902
3.8254
3.82187
3.81843
3.8151
3.81187
3.80876
3.80576
3.80287
3.8001
3.79743
3.79487
3.79242
3.79006
3.7878
3.78563
3.78355
3.78155
3.77963
3.77779
3.77602
3.77432
3.77268
3.77111
3.76959
3.76812
3.7667
3.76533
3.76401
3.76272
3.76148
3.76026
3.75908
3.75793
3.7568
3.75571
3.75464
3.75359
3.75257
3.75158
3.7506
3.74965
3.74871
3.7478
3.7469
3.74602
3.74516
3.74432
3.74349
3.74269
3.7419
3.74113
3.74038
3.73965
3.73894
3.73826
3.73759
3.73695
3.73634
3.73575
3.73519
3.73465
3.73415
3.73368
3.73324
3.73283
3.73246
3.73213
3.73183
3.73157
3.73135
3.73117
3.73103
3.73093
3.73087
3.73086
3.73089
3.73097
3.73108
3.73124
3.73144
3.73169
3.73197
3.73229
3.73265
3.73307
3.73337
0.921567
1.63494
2.62374
3.27799
3.62928
3.8127
3.91021
3.96269
3.99047
4.00408
4.00927
4.00936
4.00629
4.0013
3.99516
3.98835
3.98122
3.97398
3.96678
3.95973
3.95288
3.94626
3.9399
3.93379
3.92791
3.92223
3.91674
3.91141
3.90623
3.90117
3.89623
3.89142
3.88672
3.88215
3.87771
3.87341
3.86925
3.86523
3.86137
3.85765
3.85409
3.85067
3.84741
3.84428
3.8413
3.83845
3.83574
3.83315
3.83068
3.82833
3.82608
3.82395
3.82191
3.81998
3.81813
3.81637
3.81469
3.81309
3.81156
3.8101
3.80871
3.80738
3.8061
3.80488
3.80371
3.80259
3.80151
3.80048
3.79948
3.79852
3.7976
3.79671
3.79585
3.79503
3.79423
3.79347
3.79273
3.79201
3.79133
3.79066
3.79002
3.7894
3.78881
3.78823
3.78768
3.78715
3.78664
3.78616
3.7857
3.78526
3.78484
3.78445
3.78408
3.78374
3.78342
3.78313
3.78287
3.78263
3.78243
3.78226
3.78211
3.782
3.78192
3.78188
3.78187
3.7819
3.78196
3.78205
3.78219
3.78236
3.78257
3.78281
3.78309
3.78341
3.78376
3.78415
3.78457
3.78503
3.78552
3.78603
3.7866
3.78704
1.04783
2.14113
3.16618
3.70126
3.94668
4.05816
4.10789
4.12763
4.13203
4.12829
4.12018
4.10978
4.09826
4.08632
4.07436
4.06263
4.05127
4.04037
4.02997
4.02009
4.01073
4.00187
3.9935
3.98557
3.97806
3.97091
3.9641
3.95758
3.95133
3.94533
3.93954
3.93398
3.92862
3.92346
3.9185
3.91373
3.90917
3.9048
3.90062
3.89663
3.89282
3.8892
3.88575
3.88247
3.87935
3.87639
3.87358
3.87092
3.86839
3.866
3.86373
3.86159
3.85956
3.85764
3.85582
3.8541
3.85247
3.85093
3.84947
3.8481
3.8468
3.84557
3.84441
3.84331
3.84227
3.84129
3.84036
3.83947
3.83864
3.83785
3.8371
3.8364
3.83573
3.83511
3.83451
3.83396
3.83343
3.83294
3.83247
3.83204
3.83163
3.83125
3.8309
3.83058
3.83028
3.83
3.82975
3.82952
3.82932
3.82915
3.82899
3.82887
3.82877
3.82869
3.82864
3.82862
3.82863
3.82866
3.82872
3.82881
3.82893
3.82907
3.82925
3.82946
3.8297
3.82997
3.83027
3.8306
3.83096
3.83136
3.83178
3.83224
3.83273
3.83324
3.83379
3.83437
3.83497
3.8356
3.83625
3.83692
3.83764
3.83823
1.27351
2.71741
3.66587
4.05945
4.20804
4.25954
4.27093
4.26479
4.2508
4.23342
4.21483
4.19615
4.17794
4.16048
4.14389
4.12823
4.11349
4.09965
4.08667
4.07451
4.06312
4.05245
4.04244
4.03305
4.02421
4.01587
4.00798
4.0005
3.99339
3.98662
3.98016
3.97399
3.9681
3.96248
3.95712
3.952
3.94712
3.94248
3.93807
3.93388
3.9299
3.92613
3.92255
3.91917
3.91597
3.91294
3.91008
3.90738
3.90484
3.90244
3.90017
3.89804
3.89604
3.89415
3.89238
3.89072
3.88915
3.88769
3.88632
3.88503
3.88383
3.88271
3.88167
3.88069
3.87978
3.87893
3.87815
3.87742
3.87674
3.87612
3.87554
3.87501
3.87453
3.87409
3.87369
3.87334
3.87302
3.87273
3.87248
3.87227
3.87208
3.87193
3.87181
3.87172
3.87166
3.87163
3.87162
3.87164
3.87169
3.87176
3.87187
3.872
3.87215
3.87233
3.87254
3.87278
3.87304
3.87333
3.87364
3.87398
3.87435
3.87475
3.87518
3.87563
3.87611
3.87661
3.87715
3.87771
3.8783
3.87891
3.87955
3.88022
3.88091
3.88162
3.88236
3.88312
3.8839
3.8847
3.88551
3.88635
3.8872
3.88794
1.62357
3.31924
4.10848
4.35964
4.4251
4.42809
4.40914
4.38265
4.35419
4.32605
4.29917
4.27392
4.25037
4.22848
4.20818
4.18935
4.17188
4.15566
4.14059
4.12657
4.11352
4.10137
4.09002
4.07942
4.06949
4.06016
4.05139
4.04311
4.03529
4.02789
4.02087
4.01422
4.0079
4.0019
3.99621
3.99081
3.98569
3.98083
3.97624
3.9719
3.96779
3.9639
3.96024
3.95679
3.95353
3.95046
3.94757
3.94486
3.94231
3.93991
3.93767
3.93556
3.93359
3.93175
3.93003
3.92842
3.92693
3.92554
3.92425
3.92305
3.92195
3.92093
3.91999
3.91913
3.91834
3.91762
3.91697
3.91638
3.91585
3.91538
3.91496
3.91459
3.91428
3.91401
3.91379
3.91361
3.91348
3.91339
3.91334
3.91332
3.91334
3.9134
3.91349
3.91362
3.91378
3.91396
3.91418
3.91443
3.91471
3.91502
3.91536
3.91573
3.91612
3.91654
3.91699
3.91747
3.91797
3.9185
3.91905
3.91964
3.92024
3.92088
3.92154
3.92222
3.92293
3.92366
3.92442
3.9252
3.926
3.92683
3.92768
3.92854
3.92943
3.93034
3.93126
3.9322
3.93315
3.93412
3.9351
3.93608
3.93708
3.93797
2.11223
3.91483
4.49453
4.61442
4.61117
4.57553
4.53268
4.49014
4.45023
4.41353
4.38001
4.34946
4.32159
4.29612
4.27279
4.25136
4.23165
4.21346
4.19666
4.18111
4.16669
4.15329
4.14082
4.1292
4.11835
4.1082
4.09867
4.08972
4.0813
4.07335
4.06586
4.05878
4.0521
4.04578
4.0398
4.03416
4.02883
4.0238
4.01905
4.01458
4.01036
4.00639
4.00265
3.99914
3.99583
3.99273
3.98982
3.9871
3.98454
3.98216
3.97993
3.97785
3.97591
3.9741
3.97243
3.97088
3.96944
3.96811
3.96689
3.96578
3.96475
3.96382
3.96298
3.96221
3.96153
3.96092
3.96038
3.95991
3.95951
3.95917
3.95889
3.95866
3.95849
3.95838
3.95831
3.9583
3.95833
3.95841
3.95853
3.95869
3.95889
3.95913
3.95942
3.95973
3.96009
3.96048
3.9609
3.96135
3.96184
3.96236
3.96291
3.96349
3.9641
3.96474
3.96541
3.9661
3.96683
3.96758
3.96835
3.96916
3.96998
3.97084
3.97171
3.97261
3.97354
3.97448
3.97545
3.97644
3.97744
3.97847
3.97951
3.98057
3.98165
3.98273
3.98383
3.98495
3.98607
3.9872
3.98833
3.98947
3.9906
3.99164
2.75671
4.49025
4.83644
4.84145
4.78254
4.71626
4.65444
4.59908
4.54993
4.50626
4.4673
4.43237
4.40091
4.37243
4.34654
4.32292
4.30129
4.28143
4.26314
4.24626
4.23065
4.21618
4.20274
4.19023
4.17856
4.16767
4.15748
4.14792
4.13895
4.13052
4.12259
4.11513
4.1081
4.10148
4.09524
4.08937
4.08384
4.07863
4.07374
4.06913
4.06481
4.06074
4.05692
4.05334
4.04999
4.04685
4.04391
4.04116
4.0386
4.0362
4.03398
4.03191
4.02998
4.0282
4.02656
4.02504
4.02364
4.02237
4.0212
4.02014
4.01918
4.01831
4.01754
4.01685
4.01625
4.01573
4.01529
4.01491
4.01461
4.01438
4.01421
4.0141
4.01405
4.01406
4.01412
4.01424
4.01441
4.01463
4.0149
4.01521
4.01557
4.01597
4.01641
4.01689
4.01741
4.01798
4.01857
4.01921
4.01988
4.02058
4.02132
4.02209
4.02289
4.02372
4.02458
4.02548
4.0264
4.02735
4.02832
4.02932
4.03035
4.0314
4.03248
4.03358
4.0347
4.03584
4.037
4.03818
4.03937
4.04059
4.04181
4.04305
4.04431
4.04557
4.04684
4.04811
4.0494
4.05068
4.05197
4.05325
4.05452
4.05571
3.60496
5.05607
5.16201
5.06896
4.96489
4.87383
4.79645
4.7304
4.67342
4.62376
4.58005
4.54126
4.50659
4.4754
4.44719
4.42155
4.39816
4.37674
4.35707
4.33894
4.3222
4.3067
4.29233
4.27896
4.26652
4.2549
4.24405
4.2339
4.22438
4.21545
4.20708
4.19921
4.19182
4.18487
4.17835
4.17222
4.16646
4.16105
4.15598
4.15121
4.14674
4.14256
4.13863
4.13496
4.13152
4.12831
4.12531
4.12251
4.11991
4.11748
4.11523
4.11314
4.11121
4.10942
4.10778
4.10627
4.10489
4.10363
4.10248
4.10145
4.10053
4.0997
4.09897
4.09834
4.09779
4.09733
4.09695
4.09665
4.09642
4.09627
4.09618
4.09616
4.0962
4.09631
4.09647
4.0967
4.09698
4.09731
4.09769
4.09813
4.09861
4.09914
4.09972
4.10034
4.10101
4.10171
4.10246
4.10325
4.10407
4.10494
4.10584
4.10677
4.10774
4.10874
4.10977
4.11084
4.11194
4.11306
4.11422
4.1154
4.11661
4.11784
4.1191
4.12038
4.12168
4.123
4.12434
4.1257
4.12707
4.12846
4.12986
4.13127
4.13269
4.13412
4.13556
4.13699
4.13843
4.13987
4.14131
4.14274
4.14413
4.14549
4.84955
5.68154
5.54072
5.36077
5.21733
5.1041
5.01232
4.93602
4.87132
4.8156
4.76698
4.72412
4.686
4.65185
4.62107
4.59318
4.5678
4.5446
4.52332
4.50374
4.48568
4.46898
4.4535
4.43912
4.42573
4.41324
4.40159
4.39069
4.38049
4.37093
4.36197
4.35358
4.3457
4.33831
4.33138
4.32488
4.31879
4.31308
4.30772
4.30271
4.29801
4.29361
4.2895
4.28565
4.28205
4.2787
4.27557
4.27266
4.26995
4.26743
4.26509
4.26293
4.26093
4.25909
4.2574
4.25585
4.25444
4.25316
4.252
4.25096
4.25003
4.2492
4.24849
4.24786
4.24734
4.2469
4.24656
4.24629
4.24611
4.24601
4.24598
4.24602
4.24613
4.2463
4.24655
4.24685
4.24722
4.24764
4.24812
4.24866
4.24925
4.24989
4.25059
4.25133
4.25212
4.25295
4.25383
4.25476
4.25572
4.25673
4.25778
4.25886
4.25999
4.26115
4.26234
4.26358
4.26484
4.26614
4.26746
4.26882
4.2702
4.27161
4.27305
4.27451
4.27599
4.2775
4.27902
4.28056
4.28212
4.28369
4.28527
4.28686
4.28846
4.29006
4.29167
4.29328
4.29489
4.29649
4.29809
4.29968
4.30123
4.30276
6.07794
5.55973
5.2474
5.04169
4.89423
4.78182
4.69214
4.61828
4.55605
4.50269
4.45629
4.41549
4.37928
4.3469
4.31775
4.29137
4.26737
4.24546
4.22539
4.20692
4.1899
4.17416
4.15958
4.14603
4.13342
4.12166
4.11068
4.10041
4.0908
4.0818
4.07336
4.06545
4.05804
4.05108
4.04456
4.03844
4.03271
4.02734
4.0223
4.01759
4.01317
4.00904
4.00517
4.00156
3.99818
3.99503
3.99209
3.98935
3.9868
3.98443
3.98224
3.9802
3.97832
3.97659
3.97499
3.97353
3.9722
3.97099
3.96989
3.9689
3.96802
3.96724
3.96655
3.96596
3.96545
3.96503
3.9647
3.96444
3.96425
3.96414
3.96411
3.96413
3.96423
3.96439
3.9646
3.96488
3.96522
3.96561
3.96605
3.96655
3.9671
3.9677
3.96834
3.96903
3.96977
3.97055
3.97138
3.97224
3.97315
3.9741
3.97508
3.9761
3.97716
3.97825
3.97938
3.98054
3.98174
3.98296
3.98422
3.9855
3.98681
3.98814
3.9895
3.99089
3.99229
3.99372
3.99516
3.99662
3.9981
3.99959
4.00109
4.0026
4.00412
4.00564
4.00717
4.0087
4.01022
4.01175
4.01327
4.01478
4.01623
4.01773
)
;

boundaryField
{
    lowerWall
    {
        type            kqRWallFunction;
        value           nonuniform List<scalar> 
122
(
6.07652
5.55942
5.24732
5.04165
4.8942
4.78178
4.69211
4.61825
4.55602
4.50265
4.45625
4.41545
4.37924
4.34685
4.31771
4.29132
4.26733
4.24542
4.22534
4.20688
4.18986
4.17412
4.15953
4.14598
4.13336
4.1216
4.11062
4.10034
4.09072
4.08171
4.07327
4.06535
4.05792
4.05095
4.04441
4.03828
4.03254
4.02715
4.02211
4.01738
4.01295
4.00881
4.00493
4.00131
3.99792
3.99476
3.99181
3.98906
3.98651
3.98413
3.98193
3.97988
3.97799
3.97625
3.97465
3.97318
3.97183
3.97061
3.9695
3.9685
3.96761
3.96681
3.96612
3.96551
3.96499
3.96456
3.96421
3.96394
3.96374
3.96362
3.96357
3.96358
3.96366
3.9638
3.96401
3.96427
3.96459
3.96497
3.9654
3.96588
3.96642
3.967
3.96763
3.96831
3.96904
3.9698
3.97062
3.97147
3.97237
3.9733
3.97428
3.97529
3.97634
3.97743
3.97855
3.97971
3.9809
3.98212
3.98337
3.98465
3.98596
3.98729
3.98865
3.99004
3.99144
3.99287
3.99432
3.99579
3.99727
3.99876
4.00027
4.00179
4.00332
4.00485
4.00638
4.00792
4.00946
4.011
4.01252
4.01405
4.01551
4.01702
)
;
    }
    upperWall
    {
        type            kqRWallFunction;
        value           nonuniform List<scalar> 
122
(
6.07794
5.55973
5.2474
5.04169
4.89423
4.78182
4.69214
4.61828
4.55605
4.50269
4.45629
4.41549
4.37928
4.3469
4.31775
4.29137
4.26737
4.24546
4.22539
4.20692
4.1899
4.17416
4.15958
4.14603
4.13342
4.12166
4.11068
4.10041
4.0908
4.0818
4.07336
4.06545
4.05804
4.05108
4.04456
4.03844
4.03271
4.02734
4.0223
4.01759
4.01317
4.00904
4.00517
4.00156
3.99818
3.99503
3.99209
3.98935
3.9868
3.98443
3.98224
3.9802
3.97832
3.97659
3.97499
3.97353
3.9722
3.97099
3.96989
3.9689
3.96802
3.96724
3.96655
3.96596
3.96545
3.96503
3.9647
3.96444
3.96425
3.96414
3.96411
3.96413
3.96423
3.96439
3.9646
3.96488
3.96522
3.96561
3.96605
3.96655
3.9671
3.9677
3.96834
3.96903
3.96977
3.97055
3.97138
3.97224
3.97315
3.9741
3.97508
3.9761
3.97716
3.97825
3.97938
3.98054
3.98174
3.98296
3.98422
3.9855
3.98681
3.98814
3.9895
3.99089
3.99229
3.99372
3.99516
3.99662
3.9981
3.99959
4.00109
4.0026
4.00412
4.00564
4.00717
4.0087
4.01022
4.01175
4.01327
4.01478
4.01623
4.01773
)
;
    }
    inlet
    {
        type            turbulentIntensityKineticEnergyInlet;
        intensity       0.0223;
        value           uniform 0.91377;
    }
    outlet
    {
        type            zeroGradient;
    }
    frontAndBack
    {
        type            empty;
    }
}


// ************************************************************************* //
