/*--------------------------------*- C++ -*----------------------------------*\
  =========                 |
  \\      /  F ield         | OpenFOAM: The Open Source CFD Toolbox
   \\    /   O peration     | Website:  https://openfoam.org
    \\  /    A nd           | Version:  8
     \\/     M anipulation  |
\*---------------------------------------------------------------------------*/
FoamFile
{
    version     2.0;
    format      ascii;
    class       volScalarField;
    location    "500";
    object      nut;
}
// * * * * * * * * * * * * * * * * * * * * * * * * * * * * * * * * * * * * * //

dimensions      [0 2 -1 0 0 0 0];

internalField   nonuniform List<scalar> 
7320
(
0.000286299
0.000273847
0.000266049
0.000260783
0.000256941
0.000253973
0.00025158
0.000249592
0.000247905
0.000246449
0.000245176
0.000244051
0.000243048
0.000242148
0.000241334
0.000240596
0.000239922
0.000239306
0.000238739
0.000238217
0.000237735
0.000237288
0.000236873
0.000236487
0.000236127
0.000235791
0.000235477
0.000235183
0.000234908
0.000234649
0.000234406
0.000234178
0.000233965
0.000233764
0.000233575
0.000233398
0.000233231
0.000233075
0.000232929
0.000232792
0.000232663
0.000232542
0.000232429
0.000232324
0.000232225
0.000232132
0.000232046
0.000231966
0.000231891
0.000231821
0.000231757
0.000231697
0.000231641
0.00023159
0.000231543
0.000231499
0.00023146
0.000231424
0.000231391
0.000231361
0.000231335
0.000231311
0.00023129
0.000231272
0.000231257
0.000231244
0.000231233
0.000231224
0.000231218
0.000231214
0.000231212
0.000231212
0.000231214
0.000231217
0.000231223
0.00023123
0.000231239
0.000231249
0.000231261
0.000231274
0.000231289
0.000231305
0.000231323
0.000231342
0.000231363
0.000231384
0.000231407
0.000231431
0.000231456
0.000231483
0.00023151
0.000231539
0.000231568
0.000231599
0.000231631
0.000231663
0.000231697
0.000231732
0.000231767
0.000231803
0.00023184
0.000231878
0.000231916
0.000231955
0.000231995
0.000232036
0.000232077
0.000232118
0.00023216
0.000232202
0.000232245
0.000232288
0.000232331
0.000232375
0.000232418
0.000232462
0.000232505
0.000232549
0.000232592
0.000232635
0.000232677
0.00023272
0.000562815
0.000740638
0.000767571
0.000767651
0.000763096
0.000757975
0.000753148
0.000748779
0.000744861
0.00074135
0.000738193
0.000735345
0.000732764
0.000730416
0.000728271
0.000726307
0.000724502
0.000722838
0.000721302
0.000719881
0.000718562
0.000717337
0.000716197
0.000715134
0.000714142
0.000713213
0.000712342
0.000711524
0.000710755
0.000710032
0.00070935
0.000708707
0.0007081
0.000707528
0.000706988
0.000706479
0.000705999
0.000705546
0.00070512
0.000704718
0.000704341
0.000703985
0.000703652
0.000703339
0.000703045
0.000702769
0.000702511
0.00070227
0.000702044
0.000701834
0.000701638
0.000701455
0.000701285
0.000701128
0.000700982
0.000700848
0.000700724
0.00070061
0.000700507
0.000700412
0.000700326
0.000700248
0.000700178
0.000700116
0.000700062
0.000700014
0.000699973
0.000699938
0.000699909
0.000699886
0.000699869
0.000699857
0.00069985
0.000699848
0.00069985
0.000699858
0.000699869
0.000699886
0.000699906
0.00069993
0.000699959
0.000699991
0.000700026
0.000700065
0.000700108
0.000700154
0.000700203
0.000700255
0.000700311
0.000700369
0.00070043
0.000700495
0.000700562
0.000700631
0.000700704
0.000700779
0.000700857
0.000700937
0.000701019
0.000701104
0.000701191
0.000701281
0.000701373
0.000701466
0.000701562
0.00070166
0.000701759
0.000701861
0.000701964
0.000702068
0.000702174
0.000702281
0.000702389
0.000702498
0.000702609
0.00070272
0.000702831
0.000702943
0.000703055
0.000703167
0.000703279
0.000703379
0.00076108
0.00115457
0.00127125
0.00130573
0.00131552
0.00131688
0.00131508
0.00131204
0.00130855
0.00130497
0.00130147
0.00129811
0.00129493
0.00129193
0.00128913
0.0012865
0.00128405
0.00128176
0.00127962
0.00127762
0.00127575
0.001274
0.00127236
0.00127083
0.00126939
0.00126803
0.00126675
0.00126554
0.00126438
0.00126329
0.00126224
0.00126125
0.0012603
0.00125939
0.00125852
0.0012577
0.00125691
0.00125616
0.00125545
0.00125478
0.00125414
0.00125353
0.00125295
0.00125241
0.00125189
0.00125141
0.00125095
0.00125051
0.0012501
0.00124972
0.00124936
0.00124902
0.0012487
0.00124839
0.00124811
0.00124785
0.0012476
0.00124737
0.00124715
0.00124695
0.00124676
0.00124658
0.00124642
0.00124626
0.00124612
0.00124599
0.00124587
0.00124576
0.00124565
0.00124556
0.00124547
0.00124539
0.00124532
0.00124525
0.00124519
0.00124514
0.00124509
0.00124505
0.00124501
0.00124499
0.00124496
0.00124494
0.00124493
0.00124492
0.00124491
0.00124491
0.00124491
0.00124492
0.00124494
0.00124495
0.00124497
0.001245
0.00124503
0.00124506
0.0012451
0.00124514
0.00124519
0.00124524
0.0012453
0.00124536
0.00124542
0.00124549
0.00124556
0.00124564
0.00124572
0.00124581
0.0012459
0.001246
0.0012461
0.0012462
0.00124631
0.00124642
0.00124654
0.00124666
0.00124678
0.00124691
0.00124704
0.00124718
0.00124731
0.00124745
0.0012476
0.00124771
0.00094219
0.00154866
0.00180331
0.00190635
0.0019512
0.00197187
0.00198147
0.00198555
0.00198668
0.00198617
0.00198472
0.00198276
0.00198051
0.00197813
0.00197571
0.00197331
0.00197096
0.00196868
0.00196649
0.0019644
0.00196241
0.00196052
0.00195873
0.00195703
0.00195541
0.00195386
0.00195237
0.00195094
0.00194955
0.0019482
0.00194689
0.00194562
0.00194438
0.00194317
0.00194201
0.00194087
0.00193978
0.00193872
0.0019377
0.00193673
0.00193579
0.00193489
0.00193403
0.00193321
0.00193243
0.00193168
0.00193096
0.00193028
0.00192963
0.00192902
0.00192843
0.00192787
0.00192733
0.00192683
0.00192634
0.00192588
0.00192544
0.00192502
0.00192462
0.00192424
0.00192387
0.00192352
0.00192319
0.00192287
0.00192256
0.00192227
0.00192198
0.00192171
0.00192145
0.00192119
0.00192095
0.00192071
0.00192048
0.00192026
0.00192005
0.00191984
0.00191964
0.00191944
0.00191926
0.00191907
0.0019189
0.00191872
0.00191856
0.0019184
0.00191824
0.00191809
0.00191794
0.0019178
0.00191767
0.00191754
0.00191741
0.0019173
0.00191718
0.00191708
0.00191698
0.00191689
0.0019168
0.00191672
0.00191665
0.00191659
0.00191653
0.00191648
0.00191645
0.00191642
0.0019164
0.00191639
0.00191638
0.00191639
0.00191641
0.00191644
0.00191648
0.00191653
0.00191659
0.00191666
0.00191674
0.00191682
0.00191692
0.00191703
0.00191715
0.00191728
0.00191742
0.0019175
0.00110978
0.00189233
0.00232606
0.0025368
0.00264438
0.00270313
0.00273713
0.00275764
0.00277031
0.00277817
0.00278296
0.00278574
0.00278718
0.00278769
0.00278758
0.00278703
0.00278619
0.00278516
0.002784
0.00278277
0.00278151
0.00278024
0.00277897
0.00277771
0.00277645
0.0027752
0.00277394
0.00277266
0.00277137
0.00277005
0.00276872
0.00276737
0.00276601
0.00276464
0.00276328
0.00276193
0.00276059
0.00275928
0.00275799
0.00275673
0.00275551
0.00275432
0.00275317
0.00275205
0.00275098
0.00274994
0.00274893
0.00274796
0.00274703
0.00274613
0.00274526
0.00274442
0.00274361
0.00274283
0.00274208
0.00274134
0.00274064
0.00273995
0.00273928
0.00273863
0.002738
0.00273739
0.00273679
0.0027362
0.00273562
0.00273506
0.0027345
0.00273396
0.00273342
0.00273289
0.00273237
0.00273185
0.00273134
0.00273084
0.00273034
0.00272985
0.00272936
0.00272888
0.0027284
0.00272792
0.00272745
0.00272699
0.00272653
0.00272607
0.00272562
0.00272517
0.00272473
0.00272429
0.00272386
0.00272344
0.00272302
0.00272261
0.00272221
0.00272182
0.00272144
0.00272107
0.00272071
0.00272036
0.00272003
0.00271971
0.0027194
0.00271911
0.00271883
0.00271857
0.00271833
0.0027181
0.0027179
0.00271771
0.00271754
0.00271739
0.00271726
0.00271716
0.00271707
0.00271701
0.00271696
0.00271694
0.00271694
0.00271696
0.002717
0.00271706
0.00271715
0.00271715
0.00129926
0.00216764
0.00280717
0.00316585
0.00336954
0.00349116
0.00356775
0.00361824
0.00365279
0.00367709
0.00369457
0.00370734
0.0037168
0.00372385
0.00372913
0.00373311
0.00373609
0.00373832
0.00373997
0.00374119
0.00374207
0.00374269
0.00374308
0.00374329
0.00374333
0.00374321
0.00374292
0.00374247
0.00374186
0.0037411
0.00374019
0.00373916
0.00373803
0.0037368
0.0037355
0.00373414
0.00373275
0.00373133
0.00372991
0.00372848
0.00372706
0.00372565
0.00372426
0.0037229
0.00372156
0.00372025
0.00371896
0.00371771
0.00371648
0.00371528
0.0037141
0.00371295
0.00371182
0.00371071
0.00370962
0.00370856
0.00370751
0.00370648
0.00370546
0.00370445
0.00370346
0.00370248
0.00370151
0.00370054
0.00369958
0.00369862
0.00369767
0.00369672
0.00369577
0.00369483
0.00369388
0.00369294
0.003692
0.00369105
0.00369011
0.00368917
0.00368823
0.00368729
0.00368635
0.00368541
0.00368447
0.00368353
0.0036826
0.00368166
0.00368073
0.00367981
0.00367889
0.00367797
0.00367706
0.00367616
0.00367527
0.00367439
0.00367352
0.00367266
0.00367182
0.00367099
0.00367018
0.00366939
0.00366862
0.00366788
0.00366715
0.00366645
0.00366578
0.00366514
0.00366453
0.00366394
0.00366339
0.00366287
0.00366239
0.00366194
0.00366153
0.00366116
0.00366082
0.00366052
0.00366026
0.00366003
0.00365985
0.0036597
0.00365959
0.00365952
0.0036595
0.00365935
0.00158937
0.00236976
0.00321596
0.00375923
0.00409609
0.00431112
0.00445413
0.00455312
0.00462407
0.00467641
0.00471597
0.00474649
0.00477044
0.00478951
0.0048049
0.00481745
0.00482779
0.0048364
0.00484363
0.00484975
0.00485498
0.00485947
0.00486333
0.00486664
0.00486945
0.00487179
0.00487368
0.00487514
0.00487619
0.00487685
0.00487716
0.00487715
0.00487685
0.00487631
0.00487555
0.00487462
0.00487355
0.00487237
0.0048711
0.00486976
0.00486837
0.00486695
0.00486551
0.00486405
0.00486258
0.00486111
0.00485964
0.00485817
0.00485671
0.00485525
0.0048538
0.00485235
0.00485091
0.00484948
0.00484804
0.00484661
0.00484518
0.00484376
0.00484233
0.0048409
0.00483947
0.00483803
0.00483659
0.00483514
0.00483368
0.00483221
0.00483073
0.00482924
0.00482774
0.00482623
0.00482471
0.00482317
0.00482163
0.00482008
0.00481851
0.00481694
0.00481536
0.00481377
0.00481217
0.00481057
0.00480896
0.00480734
0.00480573
0.0048041
0.00480248
0.00480086
0.00479925
0.00479763
0.00479603
0.00479443
0.00479285
0.00479128
0.00478972
0.00478819
0.00478667
0.00478518
0.00478372
0.00478228
0.00478088
0.00477951
0.00477818
0.00477689
0.00477564
0.00477443
0.00477327
0.00477216
0.0047711
0.0047701
0.00476915
0.00476826
0.00476743
0.00476665
0.00476594
0.00476529
0.0047647
0.00476417
0.0047637
0.0047633
0.00476296
0.00476267
0.00476247
0.0047621
0.00212976
0.00251869
0.00352583
0.00427893
0.00478634
0.00512981
0.00536872
0.00554022
0.00566706
0.00576335
0.00583815
0.00589739
0.00594512
0.00598414
0.00601645
0.00604353
0.00606646
0.00608606
0.00610297
0.00611768
0.00613057
0.00614192
0.00615196
0.00616083
0.00616865
0.0061755
0.00618143
0.0061865
0.00619075
0.00619424
0.00619703
0.00619917
0.00620075
0.00620182
0.00620245
0.0062027
0.00620264
0.00620231
0.00620175
0.00620101
0.00620012
0.0061991
0.00619797
0.00619676
0.00619547
0.00619411
0.00619271
0.00619125
0.00618974
0.0061882
0.00618663
0.00618501
0.00618336
0.00618168
0.00617997
0.00617823
0.00617646
0.00617465
0.00617282
0.00617095
0.00616905
0.00616712
0.00616515
0.00616315
0.00616112
0.00615904
0.00615694
0.00615479
0.00615261
0.00615039
0.00614815
0.00614587
0.00614356
0.00614122
0.00613886
0.00613647
0.00613405
0.00613162
0.00612916
0.00612668
0.00612418
0.00612167
0.00611914
0.0061166
0.00611406
0.00611151
0.00610897
0.00610642
0.00610388
0.00610135
0.00609884
0.00609634
0.00609386
0.0060914
0.00608898
0.00608659
0.00608424
0.00608193
0.00607967
0.00607745
0.0060753
0.0060732
0.00607116
0.00606919
0.00606729
0.00606546
0.00606371
0.00606204
0.00606046
0.00605896
0.00605754
0.00605622
0.00605499
0.00605385
0.0060528
0.00605185
0.00605099
0.00605022
0.00604955
0.00604895
0.0060485
0.0060478
0.0031541
0.00268382
0.00372392
0.00468584
0.00539542
0.00590413
0.0062731
0.00654666
0.00675434
0.00691556
0.00704326
0.00714624
0.00723059
0.00730064
0.00735954
0.0074096
0.00745258
0.00748981
0.00752233
0.00755095
0.00757631
0.00759889
0.00761908
0.00763714
0.0076533
0.00766771
0.00768048
0.00769172
0.00770152
0.00770998
0.00771721
0.00772332
0.00772841
0.00773259
0.00773598
0.00773868
0.00774077
0.00774234
0.00774347
0.00774421
0.00774462
0.00774475
0.00774463
0.0077443
0.00774377
0.00774306
0.00774221
0.00774121
0.00774008
0.00773883
0.00773747
0.007736
0.00773443
0.00773275
0.00773099
0.00772913
0.00772718
0.00772514
0.00772302
0.00772081
0.00771852
0.00771615
0.00771369
0.00771116
0.00770855
0.00770585
0.00770307
0.00770022
0.00769729
0.00769428
0.00769121
0.00768808
0.00768488
0.00768162
0.00767831
0.00767494
0.00767152
0.00766805
0.00766454
0.00766099
0.0076574
0.00765378
0.00765012
0.00764645
0.00764275
0.00763904
0.00763532
0.0076316
0.00762788
0.00762417
0.00762047
0.00761679
0.00761314
0.00760952
0.00760594
0.0076024
0.00759891
0.00759548
0.00759212
0.00758882
0.0075856
0.00758247
0.00757942
0.00757646
0.0075736
0.00757085
0.0075682
0.00756567
0.00756326
0.00756096
0.00755879
0.00755675
0.00755484
0.00755305
0.0075514
0.00754988
0.00754849
0.00754724
0.00754611
0.0075451
0.00754428
0.00754316
0.00493181
0.00302612
0.0038337
0.00494834
0.00587406
0.00658116
0.00711649
0.00752621
0.00784508
0.00809766
0.00830115
0.00846767
0.00860586
0.00872199
0.00882068
0.00890542
0.00897883
0.00904298
0.00909945
0.00914952
0.00919418
0.00923421
0.00927024
0.00930271
0.009332
0.00935838
0.00938206
0.00940324
0.00942206
0.00943872
0.00945336
0.00946615
0.00947728
0.00948691
0.00949521
0.00950233
0.0095084
0.00951357
0.00951795
0.00952162
0.00952469
0.00952721
0.00952926
0.00953088
0.00953212
0.009533
0.00953357
0.00953385
0.00953384
0.00953359
0.00953309
0.00953237
0.00953142
0.00953027
0.00952892
0.00952737
0.00952564
0.00952373
0.00952165
0.00951939
0.00951697
0.00951438
0.00951164
0.00950875
0.0095057
0.0095025
0.00949915
0.00949566
0.00949202
0.00948826
0.00948437
0.00948035
0.00947623
0.009472
0.00946766
0.00946323
0.0094587
0.00945408
0.00944939
0.00944461
0.00943977
0.00943487
0.00942991
0.00942491
0.00941986
0.00941478
0.00940968
0.00940456
0.00939944
0.00939431
0.0093892
0.0093841
0.00937903
0.00937399
0.00936901
0.00936408
0.00935921
0.00935441
0.0093497
0.00934508
0.00934056
0.00933614
0.00933185
0.00932767
0.00932363
0.00931973
0.00931597
0.00931236
0.00930891
0.00930563
0.00930251
0.00929956
0.00929678
0.00929418
0.00929175
0.0092895
0.00928743
0.00928554
0.00928382
0.00928226
0.00928093
0.00927924
0.00765447
0.00384129
0.0039599
0.0050637
0.00617752
0.00710148
0.0078361
0.00841791
0.00888249
0.00925803
0.00956562
0.00982082
0.0100351
0.0102171
0.0103732
0.0105083
0.0106262
0.0107299
0.0108218
0.0109037
0.0109772
0.0110433
0.0111032
0.0111574
0.0112066
0.0112512
0.0112916
0.0113281
0.011361
0.0113905
0.0114169
0.0114404
0.0114613
0.0114799
0.0114963
0.0115109
0.0115238
0.0115351
0.0115452
0.0115541
0.0115619
0.0115688
0.0115749
0.0115802
0.0115848
0.0115888
0.0115923
0.0115951
0.0115975
0.0115995
0.0116009
0.011602
0.0116027
0.011603
0.0116029
0.0116025
0.0116017
0.0116006
0.0115992
0.0115975
0.0115955
0.0115932
0.0115907
0.0115878
0.0115848
0.0115814
0.0115778
0.011574
0.0115699
0.0115656
0.011561
0.0115563
0.0115514
0.0115463
0.011541
0.0115356
0.0115299
0.0115242
0.0115183
0.0115123
0.0115061
0.0114999
0.0114935
0.0114871
0.0114806
0.011474
0.0114674
0.0114607
0.011454
0.0114473
0.0114406
0.0114339
0.0114272
0.0114206
0.011414
0.0114074
0.0114009
0.0113946
0.0113883
0.0113821
0.0113761
0.0113701
0.0113644
0.0113588
0.0113533
0.011348
0.0113429
0.0113381
0.0113334
0.0113289
0.0113246
0.0113205
0.0113167
0.0113131
0.0113097
0.0113065
0.0113036
0.0113009
0.0112984
0.0112961
0.0112941
0.0112917
0.0113266
0.00551803
0.00435849
0.00510578
0.00628855
0.00740978
0.00836168
0.0091471
0.00979278
0.0103264
0.0107711
0.0111454
0.0114634
0.0117362
0.0119723
0.0121782
0.0123592
0.0125194
0.0126621
0.0127899
0.0129049
0.0130091
0.0131036
0.0131896
0.0132681
0.0133396
0.0134049
0.0134643
0.0135183
0.0135673
0.0136116
0.0136517
0.0136878
0.0137204
0.0137498
0.0137762
0.0138
0.0138215
0.0138409
0.0138584
0.0138742
0.0138885
0.0139014
0.0139131
0.0139237
0.0139332
0.0139417
0.0139494
0.0139562
0.0139622
0.0139674
0.013972
0.0139759
0.0139791
0.0139818
0.0139838
0.0139853
0.0139862
0.0139867
0.0139866
0.013986
0.013985
0.0139835
0.0139816
0.0139793
0.0139765
0.0139733
0.0139698
0.0139658
0.0139615
0.0139568
0.0139518
0.0139465
0.0139409
0.013935
0.0139289
0.0139224
0.0139158
0.0139089
0.0139018
0.0138945
0.013887
0.0138794
0.0138716
0.0138636
0.0138556
0.0138474
0.0138392
0.0138309
0.0138225
0.0138142
0.0138058
0.0137974
0.013789
0.0137807
0.0137724
0.0137642
0.013756
0.013748
0.0137401
0.0137324
0.0137248
0.0137174
0.0137101
0.0137031
0.0136962
0.0136896
0.0136832
0.0136771
0.0136712
0.0136655
0.0136602
0.0136551
0.0136502
0.0136457
0.0136414
0.0136374
0.0136337
0.0136302
0.013627
0.0136242
0.0136207
0.0157248
0.0083437
0.00547916
0.00531275
0.00627167
0.00748282
0.00862975
0.00963244
0.0104877
0.0112134
0.0118305
0.0123582
0.0128125
0.0132064
0.0135504
0.0138528
0.0141205
0.0143589
0.0145723
0.0147644
0.0149381
0.0150959
0.0152398
0.0153712
0.0154916
0.0156019
0.0157031
0.0157958
0.0158807
0.0159583
0.0160293
0.016094
0.016153
0.0162068
0.0162558
0.0163005
0.0163413
0.0163786
0.0164126
0.0164438
0.0164723
0.0164985
0.0165225
0.0165446
0.0165648
0.0165834
0.0166004
0.0166161
0.0166303
0.0166433
0.0166552
0.0166658
0.0166755
0.0166841
0.0166917
0.0166984
0.0167042
0.0167091
0.0167133
0.0167166
0.0167192
0.016721
0.0167221
0.0167225
0.0167223
0.0167214
0.0167199
0.0167178
0.016715
0.0167117
0.0167079
0.0167035
0.0166987
0.0166934
0.0166876
0.0166815
0.0166749
0.0166679
0.0166606
0.0166529
0.0166449
0.0166366
0.0166281
0.0166193
0.0166102
0.016601
0.0165916
0.016582
0.0165723
0.0165625
0.0165526
0.0165426
0.0165326
0.0165225
0.0165125
0.0165025
0.0164926
0.0164827
0.0164729
0.0164633
0.0164538
0.0164444
0.0164352
0.0164263
0.0164175
0.016409
0.0164007
0.0163927
0.0163849
0.0163774
0.0163703
0.0163634
0.0163568
0.0163506
0.0163447
0.016339
0.0163338
0.0163288
0.0163241
0.0163198
0.0163158
0.0163111
0.0204365
0.0122987
0.00781878
0.0061763
0.00638132
0.00739744
0.00862145
0.00980678
0.0108762
0.0118169
0.0126375
0.0133529
0.0139782
0.0145273
0.0150118
0.0154416
0.0158249
0.0161684
0.0164777
0.0167576
0.0170118
0.0172437
0.0174559
0.0176506
0.0178296
0.0179944
0.0181463
0.0182862
0.0184152
0.0185339
0.0186432
0.0187438
0.0188362
0.0189212
0.0189993
0.0190712
0.0191374
0.0191984
0.0192546
0.0193066
0.0193547
0.0193991
0.0194404
0.0194786
0.0195141
0.019547
0.0195775
0.0196059
0.0196321
0.0196565
0.019679
0.0196998
0.0197189
0.0197365
0.0197525
0.0197672
0.0197805
0.0197924
0.0198032
0.0198127
0.019821
0.0198283
0.0198344
0.0198395
0.0198436
0.0198467
0.0198489
0.0198502
0.0198505
0.01985
0.0198486
0.0198465
0.0198437
0.0198401
0.0198358
0.0198309
0.0198254
0.0198193
0.0198126
0.0198054
0.0197977
0.0197895
0.019781
0.0197719
0.0197626
0.0197529
0.0197428
0.0197325
0.019722
0.0197112
0.0197002
0.0196891
0.0196779
0.0196666
0.0196552
0.0196438
0.0196324
0.019621
0.0196097
0.0195984
0.0195873
0.0195763
0.0195655
0.0195548
0.0195444
0.0195342
0.0195242
0.0195146
0.0195051
0.019496
0.0194872
0.0194788
0.0194706
0.0194628
0.0194554
0.0194482
0.0194415
0.019435
0.019429
0.0194232
0.0194179
0.0194116
0.024966
0.017029
0.011559
0.00833441
0.00718515
0.00746836
0.008455
0.00967288
0.0108973
0.0120408
0.0130773
0.0140053
0.014833
0.0155712
0.0162309
0.0168222
0.0173542
0.0178346
0.0182701
0.0186664
0.0190282
0.0193598
0.0196644
0.0199451
0.0202042
0.0204438
0.0206656
0.020871
0.0210613
0.0212376
0.0214008
0.021552
0.021692
0.0218217
0.0219417
0.022053
0.0221562
0.0222519
0.0223409
0.0224237
0.0225007
0.0225725
0.0226395
0.0227021
0.0227606
0.0228153
0.0228665
0.0229144
0.0229592
0.0230011
0.0230403
0.0230769
0.023111
0.0231429
0.0231725
0.0231999
0.0232254
0.0232489
0.0232705
0.0232904
0.0233085
0.023325
0.0233399
0.0233533
0.0233651
0.0233756
0.0233846
0.0233923
0.0233986
0.0234037
0.0234076
0.0234103
0.0234119
0.0234124
0.0234119
0.0234105
0.0234081
0.0234048
0.0234007
0.0233958
0.0233901
0.0233838
0.0233767
0.023369
0.0233607
0.0233519
0.0233425
0.0233327
0.0233225
0.0233119
0.0233009
0.0232896
0.0232781
0.0232663
0.0232544
0.0232423
0.0232301
0.0232179
0.0232056
0.0231933
0.0231811
0.0231689
0.0231568
0.0231449
0.0231331
0.0231215
0.0231101
0.023099
0.0230881
0.0230774
0.0230671
0.0230571
0.0230474
0.023038
0.0230289
0.0230202
0.0230118
0.0230038
0.0229961
0.0229887
0.0229817
0.0229736
0.0288721
0.0219727
0.0163572
0.0121026
0.00944208
0.00839318
0.00856599
0.00943681
0.0106072
0.0118514
0.0130626
0.0141965
0.0152393
0.0161903
0.0170549
0.0178407
0.0185555
0.0192072
0.0198027
0.0203483
0.0208496
0.0213113
0.0217376
0.0221322
0.0224981
0.0228379
0.0231538
0.0234478
0.0237215
0.0239764
0.0242139
0.0244351
0.0246411
0.0248331
0.025012
0.0251788
0.0253345
0.0254798
0.0256157
0.0257427
0.0258617
0.0259732
0.0260778
0.0261761
0.0262685
0.0263553
0.0264371
0.026514
0.0265865
0.0266548
0.0267191
0.0267796
0.0268366
0.0268902
0.0269405
0.0269878
0.0270322
0.0270737
0.0271125
0.0271488
0.0271826
0.0272139
0.027243
0.0272699
0.0272946
0.0273172
0.0273379
0.0273566
0.0273734
0.0273883
0.0274015
0.027413
0.0274229
0.0274313
0.0274382
0.0274436
0.0274477
0.0274505
0.027452
0.0274523
0.0274515
0.0274496
0.0274467
0.0274429
0.0274381
0.0274325
0.027426
0.0274188
0.0274109
0.0274024
0.0273933
0.0273836
0.0273735
0.0273629
0.0273519
0.0273406
0.0273291
0.0273172
0.0273052
0.027293
0.0272807
0.0272683
0.027256
0.0272436
0.0272312
0.027219
0.0272068
0.0271948
0.0271829
0.0271713
0.0271598
0.0271485
0.0271375
0.0271268
0.0271163
0.0271061
0.0270961
0.0270865
0.0270771
0.027068
0.0270593
0.027049
0.0318859
0.0265354
0.0215162
0.0170871
0.0134893
0.011029
0.00983786
0.0097379
0.0103766
0.011418
0.0126294
0.0138773
0.0150935
0.0162465
0.0173241
0.0183239
0.0192482
0.0201018
0.0208903
0.0216191
0.0222939
0.0229197
0.0235009
0.0240418
0.0245458
0.0250161
0.0254555
0.0258664
0.0262508
0.0266106
0.0269474
0.0272629
0.0275585
0.0278354
0.0280949
0.0283382
0.0285665
0.0287807
0.028982
0.0291712
0.0293493
0.029517
0.029675
0.0298242
0.029965
0.0300981
0.0302239
0.0303429
0.0304556
0.0305622
0.0306632
0.0307589
0.0308495
0.0309353
0.0310165
0.0310934
0.031166
0.0312347
0.0312996
0.0313608
0.0314185
0.0314727
0.0315238
0.0315716
0.0316165
0.0316584
0.0316975
0.0317339
0.0317676
0.0317986
0.0318272
0.0318534
0.0318773
0.031899
0.0319186
0.0319361
0.0319516
0.0319653
0.0319772
0.0319873
0.0319957
0.0320026
0.032008
0.0320119
0.0320144
0.0320157
0.0320157
0.0320146
0.0320123
0.0320091
0.0320049
0.0319998
0.0319938
0.0319871
0.0319797
0.0319717
0.0319631
0.0319539
0.0319443
0.0319343
0.0319239
0.0319132
0.0319022
0.031891
0.0318796
0.0318682
0.0318566
0.0318449
0.0318332
0.0318216
0.0318099
0.0317983
0.0317868
0.0317753
0.031764
0.0317528
0.0317417
0.0317307
0.0317199
0.0317092
0.0316988
0.0316864
0.0339568
0.0302574
0.0262964
0.0224018
0.0187493
0.0155657
0.0131349
0.01166
0.0111401
0.0113925
0.0121663
0.0132379
0.014448
0.0156984
0.0169334
0.0181236
0.0192549
0.0203217
0.0213232
0.0222615
0.0231397
0.0239616
0.0247312
0.0254522
0.0261284
0.026763
0.0273591
0.0279194
0.0284463
0.0289421
0.0294086
0.0298479
0.0302615
0.030651
0.031018
0.0313639
0.03169
0.0319976
0.032288
0.0325623
0.0328215
0.0330667
0.0332988
0.0335187
0.0337272
0.033925
0.0341128
0.0342911
0.0344607
0.0346218
0.0347752
0.034921
0.0350599
0.035192
0.0353177
0.0354374
0.0355512
0.0356595
0.0357624
0.0358603
0.0359533
0.0360415
0.0361252
0.0362046
0.0362798
0.0363508
0.036418
0.0364814
0.0365411
0.0365971
0.0366497
0.036699
0.036745
0.036788
0.0368279
0.036865
0.0368993
0.0369309
0.0369599
0.0369865
0.0370107
0.0370326
0.0370523
0.03707
0.0370856
0.0370993
0.0371112
0.0371214
0.0371299
0.0371368
0.0371423
0.0371463
0.037149
0.0371505
0.0371508
0.03715
0.0371481
0.0371453
0.0371417
0.0371372
0.0371319
0.0371259
0.0371193
0.0371122
0.0371044
0.0370963
0.0370876
0.0370786
0.0370692
0.0370595
0.0370495
0.0370392
0.0370287
0.037018
0.0370072
0.0369961
0.0369849
0.0369735
0.036962
0.0369503
0.0369387
0.0369246
0.0352156
0.0329264
0.0301548
0.0271692
0.0241079
0.0210829
0.0182539
0.0158401
0.0140585
0.0130305
0.012737
0.0130508
0.0138009
0.0148263
0.0160022
0.0172434
0.018496
0.0197279
0.0209205
0.0220641
0.0231541
0.0241894
0.0251705
0.0260992
0.0269778
0.0278088
0.0285949
0.0293384
0.0300419
0.0307076
0.0313376
0.0319339
0.0324985
0.033033
0.0335392
0.0340187
0.0344731
0.0349037
0.0353121
0.0356996
0.0360674
0.0364168
0.0367489
0.0370647
0.0373652
0.0376514
0.0379241
0.038184
0.038432
0.0386687
0.0388946
0.0391105
0.0393166
0.0395137
0.039702
0.039882
0.040054
0.0402185
0.0403757
0.040526
0.0406695
0.0408066
0.0409375
0.0410625
0.0411817
0.0412954
0.0414037
0.0415068
0.041605
0.0416982
0.0417866
0.0418705
0.0419499
0.0420251
0.0420962
0.0421633
0.0422266
0.0422861
0.0423421
0.0423946
0.0424437
0.0424897
0.0425326
0.0425725
0.0426095
0.0426438
0.0426754
0.0427045
0.0427312
0.0427556
0.0427777
0.0427978
0.0428158
0.0428318
0.042846
0.0428585
0.0428693
0.0428786
0.0428863
0.0428926
0.0428976
0.0429012
0.0429037
0.042905
0.0429053
0.0429045
0.0429028
0.0429001
0.0428966
0.0428922
0.042887
0.0428811
0.0428745
0.0428671
0.0428591
0.0428504
0.0428411
0.0428312
0.0428208
0.0428096
0.0427982
0.0427835
0.0358864
0.034593
0.0328633
0.0308401
0.0286213
0.0262674
0.0238358
0.0214144
0.0191386
0.0171788
0.0156958
0.0147878
0.0144645
0.0146594
0.0152639
0.0161609
0.0172464
0.01844
0.0196845
0.0209415
0.0221861
0.0234028
0.0245819
0.0257182
0.0268091
0.0278537
0.0288521
0.0298053
0.0307146
0.0315814
0.0324075
0.0331945
0.033944
0.0346579
0.0353378
0.0359853
0.036602
0.0371894
0.0377492
0.0382828
0.0387915
0.0392768
0.0397399
0.040182
0.0406044
0.0410081
0.0413941
0.0417633
0.0421168
0.0424553
0.0427795
0.0430903
0.0433882
0.0436739
0.0439479
0.0442109
0.0444632
0.0447053
0.0449377
0.0451607
0.0453748
0.0455802
0.0457773
0.0459664
0.0461479
0.0463218
0.0464886
0.0466485
0.0468016
0.0469482
0.0470884
0.0472224
0.0473504
0.0474727
0.0475895
0.0477008
0.0478069
0.047908
0.0480042
0.0480956
0.0481825
0.0482649
0.048343
0.0484171
0.0484871
0.0485533
0.0486157
0.0486746
0.04873
0.0487821
0.048831
0.0488768
0.0489197
0.0489596
0.0489968
0.0490314
0.0490634
0.049093
0.0491202
0.0491451
0.0491679
0.0491885
0.0492072
0.0492239
0.0492387
0.0492517
0.049263
0.0492726
0.0492805
0.0492868
0.0492916
0.0492949
0.0492967
0.0492971
0.049296
0.0492936
0.0492899
0.0492848
0.0492785
0.0492708
0.0492621
0.0492493
0.0361963
0.0354884
0.0345011
0.0332718
0.0318469
0.0302605
0.0285351
0.0266917
0.024764
0.0228125
0.0209309
0.0192398
0.0178631
0.0168966
0.0163857
0.0163216
0.0166534
0.0173069
0.0182018
0.0192644
0.0204341
0.0216644
0.0229219
0.0241829
0.0254314
0.0266564
0.0278505
0.0290093
0.0301298
0.0312107
0.0322514
0.0332521
0.0342131
0.0351354
0.0360199
0.0368677
0.0376802
0.0384587
0.0392045
0.0399191
0.0406038
0.04126
0.0418889
0.0424919
0.0430702
0.0436251
0.0441576
0.0446689
0.04516
0.0456319
0.0460854
0.0465215
0.046941
0.0473445
0.0477329
0.0481067
0.0484666
0.0488132
0.0491471
0.0494686
0.0497784
0.0500768
0.0503643
0.0506413
0.0509081
0.0511651
0.0514126
0.051651
0.0518805
0.0521014
0.0523139
0.0525183
0.0527148
0.0529035
0.053085
0.0532592
0.0534265
0.0535871
0.0537411
0.0538888
0.0540303
0.0541658
0.0542955
0.0544196
0.0545383
0.0546517
0.0547601
0.0548634
0.054962
0.055056
0.0551454
0.0552305
0.0553114
0.0553881
0.055461
0.0555299
0.0555952
0.0556568
0.0557149
0.0557697
0.0558211
0.0558693
0.0559143
0.0559564
0.0559954
0.0560315
0.0560648
0.0560954
0.0561232
0.0561483
0.0561709
0.0561908
0.0562083
0.0562232
0.0562357
0.0562458
0.0562534
0.0562588
0.0562618
0.0562624
0.0562612
0.0562546
0.0363185
0.0358964
0.035342
0.0346443
0.0338099
0.0328502
0.0317745
0.0305881
0.0292942
0.0278982
0.0264145
0.0248739
0.0233287
0.0218531
0.0205352
0.0194615
0.0187
0.018288
0.0182293
0.0184992
0.0190539
0.0198403
0.0208042
0.0218959
0.0230738
0.0243046
0.025563
0.0268303
0.0280927
0.0293403
0.0305657
0.0317639
0.0329311
0.0340652
0.0351648
0.0362291
0.0372581
0.0382518
0.0392108
0.0401358
0.0410276
0.0418871
0.0427154
0.0435135
0.0442827
0.045024
0.0457384
0.0464272
0.0470913
0.0477317
0.0483495
0.0489455
0.0495207
0.050076
0.050612
0.0511297
0.0516298
0.0521129
0.0525797
0.0530308
0.0534668
0.0538882
0.0542956
0.0546894
0.0550701
0.0554382
0.055794
0.0561381
0.0564706
0.0567921
0.0571027
0.0574029
0.0576929
0.0579728
0.0582431
0.058504
0.0587558
0.0589989
0.0592333
0.0594594
0.0596774
0.0598875
0.06009
0.0602849
0.0604727
0.0606534
0.0608273
0.0609945
0.0611552
0.0613097
0.061458
0.0616004
0.0617369
0.0618678
0.0619932
0.0621132
0.0622279
0.0623376
0.0624422
0.062542
0.0626369
0.0627272
0.0628129
0.0628941
0.0629708
0.0630432
0.0631113
0.0631752
0.0632349
0.0632905
0.063342
0.0633895
0.063433
0.0634726
0.0635084
0.0635402
0.0635682
0.0635925
0.063613
0.0636298
0.0636434
0.0636502
0.0363591
0.0360515
0.0357024
0.0352937
0.0348163
0.0342669
0.0336458
0.0329534
0.032189
0.0313505
0.0304344
0.0294384
0.0283637
0.0272185
0.0260225
0.0248094
0.0236274
0.0225355
0.0215963
0.0208662
0.0203869
0.0201806
0.0202494
0.0205783
0.0211397
0.0218989
0.0228186
0.0238626
0.0249978
0.0261965
0.0274356
0.0286972
0.0299672
0.0312349
0.0324922
0.0337328
0.0349521
0.0361465
0.0373135
0.0384515
0.0395593
0.0406364
0.0416826
0.0426982
0.0436834
0.0446386
0.0455646
0.0464619
0.0473314
0.0481738
0.0489899
0.0497805
0.0505465
0.0512887
0.052008
0.0527051
0.0533807
0.0540356
0.0546705
0.0552861
0.0558829
0.0564617
0.057023
0.0575673
0.0580953
0.0586073
0.0591041
0.0595859
0.0600533
0.0605066
0.0609464
0.0613729
0.0617865
0.0621875
0.0625763
0.0629531
0.0633181
0.0636718
0.0640146
0.0643467
0.0646683
0.0649798
0.0652813
0.0655732
0.0658556
0.0661289
0.0663933
0.0666488
0.0668959
0.0671347
0.0673653
0.0675879
0.0678028
0.0680101
0.06821
0.0684026
0.068588
0.0687664
0.0689379
0.0691027
0.0692608
0.0694124
0.0695575
0.0696962
0.0698287
0.0699549
0.070075
0.0701889
0.0702969
0.0703988
0.0704948
0.0705849
0.0706691
0.0707475
0.0708202
0.070887
0.0709482
0.0710038
0.0710537
0.071098
0.0711374
0.0711683
0.0363702
0.0360998
0.0358287
0.035546
0.0352425
0.0349115
0.0345487
0.0341513
0.0337177
0.0332458
0.0327334
0.0321771
0.0315728
0.0309161
0.0302028
0.0294306
0.0286007
0.02772
0.0268034
0.025875
0.0249679
0.0241224
0.0233818
0.0227874
0.0223732
0.0221625
0.0221667
0.022385
0.0228069
0.0234142
0.0241837
0.0250899
0.0261072
0.0272109
0.0283792
0.0295931
0.0308367
0.0320972
0.0333644
0.0346301
0.035888
0.0371333
0.0383621
0.0395712
0.0407584
0.041922
0.0430607
0.0441736
0.0452603
0.0463206
0.0473546
0.0483623
0.0493442
0.0503007
0.0512321
0.0521389
0.0530218
0.0538811
0.0547175
0.0555314
0.0563236
0.0570945
0.0578447
0.0585747
0.0592852
0.0599766
0.0606496
0.0613044
0.0619418
0.062562
0.0631657
0.063753
0.0643246
0.0648807
0.0654218
0.0659481
0.06646
0.0669578
0.0674417
0.0679122
0.0683695
0.0688141
0.0692462
0.0696661
0.0700741
0.0704704
0.0708553
0.0712291
0.0715919
0.0719439
0.0722855
0.0726167
0.0729379
0.0732491
0.0735506
0.0738424
0.0741249
0.074398
0.0746619
0.0749168
0.0751628
0.0753999
0.0756283
0.075848
0.0760591
0.0762617
0.0764558
0.0766415
0.0768188
0.0769878
0.0771485
0.0773009
0.0774451
0.0775811
0.0777089
0.0778287
0.0779403
0.078044
0.0781397
0.0782275
0.0783081
0.0783785
0.0363726
0.0361118
0.0358643
0.0356247
0.0353882
0.0351497
0.0349053
0.0346516
0.0343862
0.034107
0.0338124
0.0335008
0.0331704
0.032819
0.0324439
0.032042
0.0316095
0.0311425
0.0306372
0.0300908
0.0295023
0.0288738
0.0282115
0.0275272
0.0268382
0.0261678
0.0255435
0.0249951
0.0245515
0.0242384
0.0240756
0.0240761
0.0242454
0.0245821
0.0250789
0.0257235
0.0265007
0.0273932
0.0283829
0.029452
0.030584
0.0317635
0.0329775
0.0342147
0.0354656
0.0367226
0.0379796
0.0392316
0.0404747
0.0417058
0.0429222
0.0441221
0.0453036
0.0464655
0.0476069
0.0487268
0.0498248
0.0509005
0.0519539
0.0529848
0.0539934
0.0549799
0.0559445
0.0568874
0.0578092
0.0587099
0.0595901
0.06045
0.0612901
0.0621105
0.0629118
0.0636943
0.0644583
0.0652042
0.0659324
0.0666431
0.0673368
0.0680137
0.0686743
0.0693187
0.0699473
0.0705602
0.0711579
0.0717407
0.0723088
0.0728626
0.0734023
0.0739282
0.0744404
0.0749393
0.0754249
0.0758976
0.0763575
0.0768047
0.0772396
0.0776622
0.0780727
0.0784712
0.0788578
0.0792327
0.079596
0.0799478
0.0802881
0.0806171
0.0809347
0.081241
0.0815361
0.08182
0.0820927
0.0823543
0.0826048
0.0828442
0.0830726
0.08329
0.0834964
0.0836918
0.0838764
0.0840502
0.0842132
0.0843656
0.0845082
0.0846386
0.036373
0.0361141
0.035872
0.0356439
0.0354272
0.0352191
0.0350173
0.0348192
0.0346229
0.0344266
0.0342287
0.034028
0.0338235
0.033614
0.0333987
0.0331765
0.0329461
0.0327063
0.0324551
0.0321905
0.0319101
0.031611
0.0312904
0.0309453
0.0305734
0.030173
0.0297442
0.0292891
0.0288127
0.0283236
0.0278339
0.0273592
0.0269179
0.02653
0.0262156
0.0259934
0.0258796
0.0258863
0.0260215
0.0262886
0.0266872
0.0272128
0.0278581
0.0286135
0.0294677
0.0304084
0.0314233
0.0325001
0.033627
0.0347933
0.0359894
0.0372066
0.0384378
0.0396769
0.0409187
0.042159
0.0433946
0.0446225
0.0458405
0.0470469
0.0482401
0.0494187
0.0505817
0.0517283
0.0528576
0.053969
0.0550621
0.0561364
0.0571917
0.0582279
0.0592449
0.0602426
0.0612212
0.0621807
0.0631214
0.0640434
0.0649469
0.0658322
0.0666994
0.0675488
0.0683805
0.0691947
0.0699916
0.0707712
0.0715338
0.0722795
0.0730086
0.0737211
0.0744173
0.0750975
0.0757619
0.0764105
0.0770435
0.0776612
0.0782636
0.0788509
0.0794233
0.0799807
0.0805235
0.0810516
0.0815651
0.0820641
0.0825487
0.0830188
0.0834746
0.0839161
0.0843432
0.084756
0.0851546
0.0855389
0.085909
0.0862649
0.0866066
0.0869342
0.0872477
0.0875472
0.0878328
0.0881045
0.0883624
0.0886067
0.0888384
0.089056
0.036373
0.0361144
0.0358731
0.0356473
0.035435
0.0352345
0.0350442
0.0348626
0.0346883
0.03452
0.0343566
0.0341972
0.0340406
0.0338863
0.0337335
0.0335815
0.03343
0.0332783
0.0331261
0.0329727
0.0328178
0.0326606
0.0325003
0.0323361
0.0321666
0.0319907
0.0318066
0.0316126
0.0314067
0.0311869
0.0309513
0.0306985
0.0304276
0.0301387
0.0298333
0.0295145
0.0291878
0.0288605
0.0285423
0.0282447
0.0279805
0.0277632
0.0276062
0.027522
0.0275212
0.0276126
0.0278024
0.0280939
0.0284884
0.0289844
0.0295787
0.0302661
0.0310401
0.0318935
0.0328179
0.033805
0.0348463
0.0359334
0.0370584
0.0382138
0.0393928
0.0405894
0.041798
0.0430142
0.0442338
0.0454535
0.0466705
0.0478823
0.0490872
0.0502834
0.0514696
0.0526448
0.0538079
0.0549582
0.0560949
0.0572174
0.0583251
0.0594175
0.0604943
0.0615549
0.0625991
0.0636265
0.064637
0.0656303
0.0666063
0.0675648
0.0685058
0.0694292
0.0703348
0.0712228
0.0720929
0.0729453
0.0737801
0.0745975
0.0753975
0.0761802
0.0769455
0.0776935
0.0784243
0.0791378
0.0798341
0.0805131
0.0811749
0.0818195
0.0824468
0.0830569
0.0836498
0.0842254
0.0847838
0.085325
0.0858491
0.086356
0.0868458
0.0873187
0.0877746
0.0882136
0.0886359
0.0890415
0.0894306
0.0898035
0.0901611
0.0905031
0.0363729
0.0361143
0.0358731
0.0356476
0.035436
0.0352369
0.0350488
0.0348708
0.0347016
0.0345405
0.0343865
0.0342388
0.0340968
0.0339597
0.0338271
0.0336984
0.0335731
0.0334509
0.0333314
0.0332143
0.0330994
0.0329864
0.0328751
0.0327653
0.032657
0.0325498
0.0324436
0.0323381
0.032233
0.032128
0.0320225
0.0319159
0.0318076
0.0316965
0.0315818
0.0314623
0.0313367
0.031204
0.0310628
0.0309123
0.0307516
0.0305806
0.0303998
0.0302106
0.0300154
0.0298179
0.029623
0.0294369
0.0292669
0.0291212
0.0290084
0.0289375
0.028917
0.0289547
0.0290578
0.0292318
0.0294811
0.0298085
0.0302154
0.0307018
0.0312664
0.0319067
0.0326193
0.0334001
0.0342442
0.0351462
0.0361007
0.0371017
0.0381436
0.0392206
0.0403273
0.0414584
0.042609
0.0437746
0.0449512
0.046135
0.0473227
0.0485116
0.049699
0.050883
0.0520616
0.0532333
0.0543968
0.055551
0.0566948
0.0578276
0.0589486
0.0600571
0.0611525
0.0622344
0.0633021
0.0643552
0.0653931
0.0664153
0.0674211
0.0684103
0.0693827
0.070338
0.0712761
0.0721967
0.0730995
0.0739845
0.0748515
0.0757004
0.076531
0.0773433
0.0781373
0.0789129
0.0796701
0.0804089
0.0811294
0.0818315
0.0825154
0.083181
0.0838285
0.0844578
0.0850692
0.0856626
0.0862382
0.086796
0.0873372
0.0878617
0.0363728
0.0361141
0.035873
0.0356475
0.0354359
0.0352369
0.0350492
0.0348717
0.0347034
0.0345435
0.0343913
0.0342461
0.0341073
0.0339743
0.0338467
0.0337239
0.0336057
0.0334917
0.0333814
0.0332747
0.0331712
0.0330707
0.032973
0.032878
0.0327854
0.0326952
0.0326072
0.0325214
0.0324377
0.032356
0.0322764
0.0321988
0.0321231
0.0320494
0.0319776
0.0319077
0.0318396
0.0317731
0.0317082
0.0316446
0.0315821
0.0315204
0.031459
0.0313974
0.0313352
0.0312716
0.0312061
0.031138
0.0310666
0.0309913
0.0309117
0.0308276
0.0307392
0.0306471
0.0305522
0.0304563
0.0303617
0.0302715
0.0301894
0.03012
0.0300681
0.0300391
0.0300387
0.0300724
0.0301458
0.0302641
0.0304318
0.0306529
0.0309307
0.0312675
0.0316651
0.0321241
0.0326446
0.0332258
0.0338664
0.0345643
0.0353171
0.0361217
0.0369749
0.0378731
0.0388125
0.0397893
0.0407994
0.0418391
0.0429043
0.0439914
0.0450967
0.0462169
0.0473488
0.0484893
0.0496358
0.0507858
0.051937
0.0530875
0.0542355
0.0553793
0.0565176
0.0576488
0.0587719
0.0598861
0.0609907
0.0620851
0.0631688
0.0642414
0.0653024
0.0663515
0.0673883
0.0684124
0.0694234
0.0704211
0.0714051
0.072375
0.0733303
0.0742708
0.0751961
0.0761057
0.0769992
0.0778764
0.0787369
0.0795802
0.0804068
0.0812152
0.0363728
0.0361141
0.0358729
0.0356474
0.0354358
0.0352368
0.0350491
0.0348716
0.0347034
0.0345437
0.0343917
0.0342468
0.0341085
0.0339761
0.0338494
0.0337277
0.0336109
0.0334984
0.0333901
0.0332857
0.0331847
0.0330872
0.0329928
0.0329013
0.0328125
0.0327264
0.0326427
0.0325613
0.0324821
0.0324051
0.0323301
0.032257
0.0321859
0.0321166
0.0320492
0.0319837
0.0319199
0.0318581
0.0317982
0.0317402
0.0316842
0.0316303
0.0315786
0.0315291
0.0314819
0.0314372
0.0313949
0.0313553
0.0313182
0.0312839
0.0312523
0.0312235
0.0311975
0.0311741
0.0311534
0.0311352
0.0311194
0.0311057
0.0310941
0.0310844
0.0310762
0.0310696
0.0310644
0.0310606
0.0310584
0.0310582
0.0310605
0.0310663
0.0310768
0.0310935
0.0311184
0.031154
0.0312029
0.0312684
0.0313537
0.0314626
0.0315988
0.0317663
0.0319687
0.0322098
0.032493
0.0328214
0.0331977
0.0336242
0.0341029
0.034635
0.0352216
0.0358628
0.0365588
0.0373089
0.0381123
0.0389675
0.0398729
0.0408264
0.0418258
0.0428683
0.0439514
0.0450719
0.0462267
0.0474127
0.0486266
0.049865
0.0511246
0.0524022
0.0536944
0.054998
0.05631
0.0576274
0.0589473
0.0602669
0.0615836
0.062895
0.0641987
0.0654927
0.0667748
0.0680432
0.0692962
0.0705322
0.0717499
0.0729478
0.0741251
0.0752781
0.0363728
0.0361141
0.0358729
0.0356474
0.0354358
0.0352368
0.0350491
0.0348716
0.0347034
0.0345437
0.0343917
0.0342468
0.0341085
0.0339761
0.0338494
0.0337277
0.0336109
0.0334984
0.0333901
0.0332856
0.0331847
0.0330872
0.0329927
0.0329012
0.0328125
0.0327264
0.0326427
0.0325613
0.0324821
0.0324051
0.0323301
0.032257
0.0321859
0.0321166
0.0320492
0.0319836
0.0319199
0.0318581
0.0317981
0.0317402
0.0316842
0.0316303
0.0315786
0.0315291
0.031482
0.0314372
0.031395
0.0313554
0.0313185
0.0312843
0.0312528
0.0312242
0.0311983
0.0311753
0.0311549
0.0311371
0.0311217
0.0311087
0.0310978
0.0310889
0.0310817
0.0310762
0.0310723
0.03107
0.0310696
0.0310713
0.0310758
0.0310841
0.0310973
0.031117
0.0311454
0.0311847
0.0312377
0.0313076
0.0313978
0.031512
0.0316539
0.0318274
0.0320363
0.0322843
0.0325746
0.0329105
0.0332946
0.0337291
0.0342159
0.0347564
0.0353513
0.036001
0.0367053
0.0374637
0.0382752
0.0391383
0.0400514
0.0410123
0.0420187
0.043068
0.0441574
0.0452839
0.0464443
0.0476355
0.0488541
0.0500968
0.0513604
0.0526415
0.0539368
0.0552433
0.0565578
0.0578773
0.059199
0.0605201
0.0618381
0.0631505
0.064455
0.0657495
0.067032
0.0683006
0.0695537
0.0707896
0.0720071
0.0732047
0.0743815
0.0755339
0.0363728
0.0361141
0.035873
0.0356475
0.0354359
0.0352369
0.0350492
0.0348717
0.0347034
0.0345435
0.0343913
0.0342461
0.0341073
0.0339743
0.0338466
0.0337239
0.0336057
0.0334916
0.0333814
0.0332746
0.0331711
0.0330706
0.0329729
0.0328778
0.0327853
0.032695
0.032607
0.0325212
0.0324375
0.0323558
0.0322761
0.0321985
0.0321228
0.032049
0.0319772
0.0319072
0.0318391
0.0317726
0.0317076
0.031644
0.0315815
0.0315197
0.0314583
0.0313968
0.0313346
0.0312712
0.0312059
0.031138
0.031067
0.0309922
0.0309133
0.0308301
0.0307429
0.0306521
0.030559
0.0304652
0.0303731
0.0302859
0.0302075
0.0301421
0.030095
0.0300714
0.0300771
0.0301177
0.0301986
0.030325
0.0305015
0.030732
0.0310198
0.0313671
0.0317755
0.0322458
0.0327779
0.033371
0.0340235
0.0347335
0.0354983
0.0363149
0.0371801
0.03809
0.039041
0.0400291
0.0410504
0.0421009
0.0431766
0.0442739
0.0453891
0.0465189
0.04766
0.0488095
0.0499647
0.051123
0.0522824
0.0534407
0.0545963
0.0557474
0.0568928
0.0580308
0.0591605
0.0602811
0.0613919
0.0624923
0.0635818
0.06466
0.0657264
0.0667806
0.0678223
0.0688511
0.0698666
0.0708685
0.0718564
0.07283
0.0737887
0.0747323
0.0756604
0.0765725
0.0774683
0.0783475
0.0792095
0.0800542
0.0808819
0.0816912
0.0363729
0.0361143
0.0358731
0.0356476
0.035436
0.0352369
0.0350488
0.0348708
0.0347016
0.0345405
0.0343864
0.0342387
0.0340967
0.0339596
0.033827
0.0336982
0.0335729
0.0334506
0.0333311
0.0332139
0.0330989
0.0329858
0.0328744
0.0327646
0.0326561
0.0325488
0.0324424
0.0323368
0.0322316
0.0321263
0.0320206
0.0319137
0.0318051
0.0316937
0.0315786
0.0314587
0.0313327
0.0311995
0.0310579
0.0309069
0.0307459
0.0305746
0.0303938
0.0302047
0.0300099
0.0298133
0.0296197
0.0294354
0.0292679
0.0291254
0.0290166
0.0289505
0.0289355
0.0289797
0.0290899
0.0292718
0.0295296
0.0298662
0.0302827
0.0307791
0.031354
0.0320048
0.0327281
0.0335195
0.0343742
0.0352868
0.0362515
0.0372626
0.0383143
0.0394008
0.0405166
0.0416565
0.0428157
0.0439895
0.045174
0.0463654
0.0475606
0.0487566
0.0499511
0.0511419
0.0523272
0.0535055
0.0546756
0.0558362
0.0569865
0.0581257
0.059253
0.0603678
0.0614695
0.0625577
0.0636317
0.0646909
0.065735
0.0667633
0.0677751
0.0687703
0.0697487
0.0707099
0.0716538
0.0725801
0.0734887
0.0743792
0.0752516
0.0761057
0.0769415
0.0777587
0.0785575
0.0793377
0.0800993
0.0808423
0.0815668
0.0822727
0.08296
0.0836289
0.0842793
0.0849114
0.0855251
0.0861206
0.086698
0.0872573
0.0877997
0.0883251
0.036373
0.0361144
0.0358731
0.0356473
0.035435
0.0352345
0.0350441
0.0348625
0.0346881
0.0345198
0.0343564
0.0341968
0.0340401
0.0338856
0.0337326
0.0335805
0.0334287
0.0332768
0.0331243
0.0329707
0.0328154
0.0326578
0.0324971
0.0323323
0.0321623
0.0319857
0.0318009
0.031606
0.0313991
0.0311783
0.0309416
0.0306876
0.0304154
0.0301253
0.0298187
0.0294991
0.0291718
0.0288445
0.0285268
0.0282303
0.0279681
0.0277538
0.0276006
0.0275211
0.027526
0.0276239
0.0278207
0.0281201
0.0285229
0.0290276
0.0296309
0.0303274
0.0311107
0.0319732
0.0329067
0.0339027
0.0349526
0.0360481
0.037181
0.0383441
0.0395304
0.0407339
0.0419493
0.0431718
0.0443974
0.045623
0.0468456
0.0480629
0.049273
0.0504743
0.0516656
0.0528457
0.0540137
0.0551687
0.0563102
0.0574374
0.0585497
0.0596468
0.0607282
0.0617934
0.0628421
0.0638742
0.0648893
0.0658872
0.0668678
0.067831
0.0687766
0.0697046
0.070615
0.0715077
0.0723825
0.0732396
0.0740792
0.0749014
0.0757061
0.0764935
0.0772635
0.0780161
0.0787515
0.0794695
0.0801702
0.0808536
0.0815197
0.0821684
0.0827997
0.0834137
0.0840102
0.0845894
0.0851511
0.0856955
0.0862225
0.0867322
0.0872245
0.0876996
0.0881576
0.0885984
0.0890221
0.089429
0.0898191
0.0901926
0.0905506
0.0908928
0.036373
0.0361141
0.035872
0.0356439
0.0354271
0.035219
0.0350169
0.0348187
0.0346222
0.0344255
0.0342273
0.0340263
0.0338212
0.0336112
0.0333953
0.0331724
0.0329413
0.0327006
0.0324484
0.0321827
0.0319009
0.0316004
0.0312782
0.0309313
0.0305574
0.030155
0.0297241
0.0292669
0.0287888
0.0282984
0.0278079
0.0273332
0.0268928
0.0265069
0.0261955
0.0259775
0.0258687
0.0258813
0.0260231
0.0262974
0.0267036
0.027237
0.0278902
0.0286535
0.0295155
0.0304639
0.0314862
0.03257
0.0337037
0.0348765
0.0360786
0.0373017
0.0385384
0.0397827
0.0410294
0.0422745
0.0435145
0.0447467
0.0459689
0.0471792
0.0483762
0.0495585
0.0507251
0.0518751
0.0530078
0.0541225
0.0552188
0.0562962
0.0573547
0.0583939
0.0594139
0.0604147
0.0613964
0.062359
0.0633028
0.0642279
0.0651346
0.0660231
0.0668935
0.0677461
0.0685811
0.0693986
0.0701989
0.0709819
0.0717479
0.0724971
0.0732296
0.0739457
0.0746455
0.0753293
0.0759972
0.0766493
0.077286
0.0779072
0.0785131
0.079104
0.0796798
0.0802408
0.0807869
0.0813184
0.0818352
0.0823374
0.082825
0.0832982
0.0837568
0.084201
0.0846308
0.0850461
0.0854469
0.0858334
0.0862054
0.0865631
0.0869063
0.0872353
0.0875499
0.0878503
0.0881366
0.0884087
0.0886669
0.0889112
0.0891426
0.0893597
0.0363726
0.0361118
0.0358641
0.0356245
0.0353876
0.0351488
0.0349038
0.0346496
0.0343834
0.0341033
0.0338076
0.0334948
0.033163
0.03281
0.0324332
0.0320293
0.0315946
0.0311251
0.0306171
0.0300678
0.0294764
0.0288449
0.0281799
0.0274933
0.026803
0.0261323
0.025509
0.0249629
0.0245231
0.024215
0.0240583
0.0240656
0.0242423
0.0245866
0.0250908
0.0257428
0.0265271
0.0274262
0.028422
0.029497
0.0306342
0.0318187
0.0330373
0.0342787
0.0355336
0.0367943
0.0380549
0.0393103
0.0405566
0.0417908
0.0430102
0.0442129
0.0453971
0.0465616
0.0477054
0.0488277
0.0499279
0.0510058
0.0520613
0.0530942
0.0541048
0.0550932
0.0560597
0.0570046
0.0579282
0.0588308
0.0597128
0.0605746
0.0614166
0.0622389
0.0630422
0.0638266
0.0645926
0.0653405
0.0660707
0.0667835
0.0674793
0.0681584
0.0688212
0.0694679
0.0700988
0.0707141
0.0713142
0.0718994
0.07247
0.0730263
0.0735686
0.074097
0.0746118
0.0751133
0.0756015
0.0760768
0.0765393
0.0769892
0.0774266
0.0778518
0.0782648
0.0786658
0.0790549
0.0794323
0.0797979
0.080152
0.0804945
0.0808256
0.0811452
0.0814534
0.0817503
0.0820359
0.0823101
0.0825731
0.0828249
0.0830654
0.0832947
0.0835128
0.0837198
0.0839156
0.0841004
0.0842742
0.0844371
0.0845892
0.0847312
0.0848609
0.0363701
0.0360996
0.0358282
0.0355449
0.0352404
0.0349082
0.0345439
0.0341448
0.0337091
0.033235
0.0327199
0.0321608
0.0315533
0.0308931
0.0301759
0.0293997
0.0285656
0.0276812
0.0267614
0.0258308
0.024923
0.0240787
0.0233413
0.0227519
0.0223443
0.0221414
0.022154
0.0223809
0.0228111
0.0234262
0.0242027
0.0251151
0.0261376
0.0272459
0.028418
0.0296351
0.0308815
0.0321444
0.0334137
0.0346814
0.0359413
0.0371883
0.0384187
0.0396295
0.0408183
0.0419834
0.0431235
0.0442378
0.0453259
0.0463875
0.0474227
0.0484317
0.0494148
0.0503723
0.0513048
0.0522127
0.0530966
0.0539569
0.0547943
0.0556092
0.0564024
0.0571742
0.0579253
0.0586564
0.0593678
0.0600603
0.0607342
0.0613901
0.0620285
0.0626499
0.0632546
0.0638432
0.064416
0.0649734
0.0655157
0.0660434
0.0665567
0.0670559
0.0675413
0.0680133
0.0684722
0.0689184
0.0693522
0.0697738
0.0701836
0.0705817
0.0709684
0.071344
0.0717086
0.0720626
0.072406
0.0727392
0.0730622
0.0733754
0.0736787
0.0739725
0.0742568
0.0745318
0.0747975
0.0750542
0.0753019
0.0755407
0.0757707
0.0759919
0.0762045
0.0764085
0.0766039
0.0767908
0.0769692
0.0771391
0.0773007
0.0774538
0.0775986
0.0777351
0.0778633
0.0779832
0.078095
0.0781985
0.078294
0.0783814
0.0784615
0.0785312
0.0363589
0.0360506
0.0357003
0.0352898
0.03481
0.0342577
0.0336332
0.032937
0.0321685
0.0313254
0.0304043
0.0294031
0.028323
0.0271727
0.0259725
0.0247565
0.0235737
0.0224835
0.0215488
0.0208256
0.0203552
0.0201588
0.0202378
0.0205765
0.0211468
0.0219137
0.0228398
0.0238887
0.0250278
0.0262292
0.0274703
0.0287332
0.030004
0.0312723
0.0325299
0.0337708
0.0349902
0.0361847
0.0373519
0.03849
0.039598
0.0406754
0.0417219
0.0427378
0.0437233
0.0446789
0.0456053
0.046503
0.0473729
0.0482156
0.0490321
0.0498231
0.0505894
0.051332
0.0520516
0.052749
0.0534249
0.0540802
0.0547154
0.0553313
0.0559285
0.0565076
0.0570693
0.057614
0.0581424
0.0586549
0.0591521
0.0596344
0.0601023
0.0605562
0.0609966
0.0614237
0.061838
0.0622398
0.0626294
0.063007
0.0633729
0.0637276
0.0640714
0.0644045
0.0647272
0.0650397
0.0653425
0.0656355
0.0659193
0.0661938
0.0664595
0.0667164
0.0669649
0.067205
0.0674371
0.0676612
0.0678775
0.0680863
0.0682876
0.0684817
0.0686685
0.0688484
0.0690214
0.0691875
0.069347
0.0694999
0.0696463
0.0697862
0.0699198
0.0700472
0.0701683
0.0702832
0.070392
0.0704947
0.0705914
0.0706821
0.0707669
0.0708457
0.0709186
0.0709857
0.071047
0.0711025
0.0711522
0.0711963
0.0712353
0.0712658
0.0363178
0.0358937
0.0353361
0.0346341
0.0337946
0.0328293
0.0317475
0.0305547
0.029254
0.0278511
0.0263611
0.0248153
0.0232671
0.0217916
0.0204772
0.0194107
0.0186592
0.0182589
0.0182122
0.0184936
0.0190584
0.0198531
0.0208234
0.0219198
0.0231008
0.0243334
0.0255928
0.0268602
0.0281223
0.0293691
0.0305935
0.0317905
0.0329566
0.0340895
0.0351879
0.0362512
0.0372792
0.0382721
0.0392304
0.0401547
0.041046
0.0419051
0.042733
0.0435309
0.0442998
0.0450409
0.0457552
0.0464438
0.0471078
0.0477481
0.0483658
0.0489618
0.0495369
0.050092
0.0506281
0.0511457
0.0516457
0.0521287
0.0525955
0.0530465
0.0534825
0.0539039
0.0543113
0.0547052
0.055086
0.0554542
0.0558102
0.0561543
0.0564871
0.0568088
0.0571198
0.0574203
0.0577106
0.057991
0.0582617
0.0585232
0.0587756
0.0590193
0.0592544
0.0594812
0.0597
0.0599109
0.0601142
0.0603102
0.0604989
0.0606806
0.0608555
0.0610238
0.0611856
0.0613412
0.0614907
0.0616342
0.061772
0.0619041
0.0620307
0.0621519
0.0622679
0.0623788
0.0624846
0.0625855
0.0626817
0.0627731
0.0628599
0.0629421
0.0630199
0.0630932
0.0631622
0.063227
0.0632875
0.0633438
0.063396
0.0634441
0.0634882
0.0635282
0.0635643
0.0635964
0.0636246
0.063649
0.0636696
0.0636863
0.0636996
0.0637062
0.036194
0.0354812
0.034487
0.0332498
0.0318164
0.0302214
0.0284873
0.0266356
0.0247008
0.0227445
0.0208618
0.0191743
0.0178058
0.0168513
0.0163543
0.0163042
0.0166487
0.0173125
0.0182153
0.0192834
0.0204566
0.0216887
0.0229468
0.0242075
0.0254551
0.0266786
0.027871
0.0290277
0.0301461
0.0312249
0.0322635
0.0332622
0.0342213
0.0351418
0.0360246
0.036871
0.0376822
0.0384595
0.0392044
0.0399181
0.040602
0.0412574
0.0418857
0.0424882
0.0430661
0.0436205
0.0441526
0.0446636
0.0451543
0.0456259
0.0460791
0.0465149
0.0469341
0.0473373
0.0477254
0.048099
0.0484586
0.048805
0.0491386
0.0494599
0.0497695
0.0500677
0.0503551
0.0506319
0.0508986
0.0511555
0.051403
0.0516414
0.051871
0.052092
0.0523047
0.0525093
0.0527059
0.052895
0.0530768
0.0532514
0.0534191
0.0535802
0.0537347
0.053883
0.0540251
0.0541613
0.0542918
0.0544167
0.0545362
0.0546504
0.0547597
0.054864
0.0549635
0.0550584
0.0551489
0.055235
0.055317
0.0553948
0.0554687
0.0555388
0.0556052
0.0556679
0.0557271
0.0557829
0.0558354
0.0558846
0.0559307
0.0559737
0.0560137
0.0560508
0.056085
0.0561164
0.056145
0.0561709
0.0561941
0.0562146
0.0562326
0.0562481
0.056261
0.0562714
0.0562794
0.0562849
0.0562881
0.0562888
0.0562876
0.0562809
0.0358805
0.034577
0.0328355
0.0308006
0.0285705
0.0262063
0.0237664
0.0213399
0.0190641
0.0171105
0.0156395
0.0147472
0.0144401
0.0146497
0.0152661
0.0161715
0.0172625
0.0184591
0.0197048
0.0209617
0.0222054
0.0234203
0.0245974
0.0257313
0.0268197
0.0278616
0.0288573
0.0298079
0.0307146
0.0315789
0.0324026
0.0331874
0.0339349
0.034647
0.0353252
0.0359711
0.0365865
0.0371728
0.0377315
0.0382641
0.0387721
0.0392566
0.0397191
0.0401606
0.0405825
0.0409857
0.0413712
0.0417401
0.0420931
0.0424312
0.0427551
0.0430655
0.0433631
0.0436484
0.0439221
0.0441847
0.0444367
0.0446785
0.0449106
0.0451333
0.0453471
0.0455523
0.0457492
0.0459382
0.0461195
0.0462933
0.0464601
0.0466199
0.046773
0.0469196
0.0470599
0.0471941
0.0473223
0.0474449
0.0475619
0.0476736
0.0477801
0.0478816
0.0479782
0.0480702
0.0481576
0.0482407
0.0483195
0.0483943
0.0484651
0.048532
0.0485953
0.0486551
0.0487114
0.0487644
0.0488143
0.0488611
0.0489049
0.0489459
0.0489841
0.0490197
0.0490527
0.0490833
0.0491115
0.0491375
0.0491613
0.0491829
0.0492025
0.0492202
0.0492359
0.0492498
0.0492619
0.0492723
0.049281
0.0492881
0.0492936
0.0492975
0.0492999
0.0493008
0.0493002
0.0492982
0.0492948
0.0492901
0.049284
0.0492764
0.0492679
0.0492551
0.0352026
0.0328963
0.0301085
0.0271089
0.0240365
0.0210044
0.0181744
0.0157675
0.0140001
0.0129902
0.0127151
0.0130442
0.0138053
0.0148377
0.0160172
0.0172597
0.018512
0.0197425
0.0209331
0.0220742
0.0231615
0.0241938
0.025172
0.0260977
0.0269734
0.0278015
0.0285847
0.0293256
0.0300265
0.0306898
0.0313176
0.0319119
0.0324746
0.0330074
0.0335121
0.0339902
0.0344434
0.034873
0.0352805
0.0356671
0.0360342
0.0363829
0.0367144
0.0370297
0.0373298
0.0376155
0.0378878
0.0381474
0.038395
0.0386313
0.0388569
0.0390724
0.0392783
0.0394749
0.0396629
0.0398426
0.0400144
0.0401785
0.0403355
0.0404855
0.0406288
0.0407657
0.0408964
0.0410212
0.0411403
0.0412539
0.0413622
0.0414653
0.0415635
0.0416568
0.0417453
0.0418294
0.0419091
0.0419845
0.0420559
0.0421234
0.042187
0.042247
0.0423035
0.0423565
0.0424062
0.0424528
0.0424963
0.0425369
0.0425747
0.0426098
0.0426422
0.0426722
0.0426997
0.042725
0.042748
0.042769
0.0427879
0.0428049
0.0428201
0.0428336
0.0428454
0.0428556
0.0428643
0.0428715
0.0428774
0.042882
0.0428854
0.0428877
0.0428888
0.0428889
0.0428879
0.042886
0.0428833
0.0428796
0.0428751
0.0428698
0.0428637
0.0428569
0.0428493
0.0428411
0.0428322
0.0428226
0.0428124
0.0428015
0.0427902
0.0427756
0.0339322
0.0302091
0.0262302
0.0223236
0.0186661
0.0154863
0.0130691
0.0116143
0.0111152
0.0113844
0.0121697
0.0132476
0.0144605
0.0157111
0.0169448
0.0181328
0.0192614
0.0203251
0.0213236
0.0222587
0.0231337
0.0239525
0.024719
0.0254372
0.0261105
0.0267425
0.027336
0.0278938
0.0284185
0.0289121
0.0293767
0.0298142
0.0302262
0.0306143
0.03098
0.0313247
0.0316499
0.0319567
0.0322463
0.0325199
0.0327786
0.0330233
0.033255
0.0334745
0.0336826
0.03388
0.0340675
0.0342455
0.0344147
0.0345756
0.0347287
0.0348743
0.0350128
0.0351446
0.0352701
0.0353895
0.0355031
0.0356112
0.0357139
0.0358116
0.0359044
0.0359925
0.0360761
0.0361554
0.0362305
0.0363016
0.0363688
0.0364322
0.036492
0.0365482
0.0366009
0.0366504
0.0366967
0.03674
0.0367803
0.0368177
0.0368524
0.0368845
0.0369141
0.0369412
0.036966
0.0369885
0.0370089
0.0370272
0.0370436
0.0370581
0.0370707
0.0370817
0.037091
0.0370988
0.0371051
0.03711
0.0371136
0.037116
0.0371172
0.0371173
0.0371164
0.0371145
0.0371117
0.0371081
0.0371037
0.0370986
0.0370929
0.0370865
0.0370796
0.0370722
0.0370643
0.037056
0.0370473
0.0370383
0.0370289
0.0370192
0.0370093
0.0369991
0.0369886
0.036978
0.0369671
0.0369561
0.0369448
0.0369334
0.0369219
0.0369079
0.0318454
0.0264681
0.0214346
0.0170017
0.0134119
0.0109706
0.00980315
0.00972374
0.0103762
0.0114249
0.012639
0.0138867
0.0151011
0.0162514
0.0173258
0.0183222
0.0192431
0.0200934
0.0208786
0.0216043
0.0222761
0.022899
0.0234775
0.0240158
0.0245173
0.0249853
0.0254225
0.0258313
0.0262137
0.0265718
0.026907
0.0272211
0.0275153
0.027791
0.0280495
0.028292
0.0285195
0.0287331
0.0289339
0.0291226
0.0293003
0.0294676
0.0296254
0.0297742
0.0299148
0.0300476
0.0301732
0.0302921
0.0304045
0.030511
0.0306118
0.0307073
0.0307977
0.0308833
0.0309643
0.031041
0.0311135
0.031182
0.0312468
0.0313079
0.0313654
0.0314197
0.0314707
0.0315185
0.0315634
0.0316054
0.0316446
0.0316811
0.031715
0.0317462
0.0317751
0.0318015
0.0318257
0.0318478
0.0318677
0.0318856
0.0319016
0.0319158
0.0319281
0.0319388
0.0319479
0.0319553
0.0319613
0.0319659
0.0319692
0.0319712
0.0319719
0.0319715
0.0319701
0.0319676
0.0319642
0.0319599
0.0319548
0.0319489
0.0319424
0.0319352
0.0319274
0.0319191
0.0319103
0.031901
0.0318914
0.0318815
0.0318713
0.0318609
0.0318503
0.0318395
0.0318286
0.0318175
0.0318065
0.0317954
0.0317843
0.0317732
0.0317622
0.0317512
0.0317402
0.0317294
0.0317186
0.0317079
0.0316973
0.0316868
0.0316765
0.0316643
0.0288132
0.0218907
0.0162707
0.0120265
0.00938884
0.00836569
0.00855793
0.00943949
0.0106139
0.0118583
0.0130675
0.0141984
0.0152377
0.0161851
0.0170462
0.0178285
0.0185401
0.0191886
0.0197812
0.020324
0.0208227
0.0212819
0.0217059
0.0220983
0.0224621
0.0228
0.0231141
0.0234064
0.0236786
0.0239321
0.0241682
0.0243883
0.0245933
0.0247844
0.0249626
0.0251288
0.0252839
0.0254289
0.0255643
0.0256911
0.0258098
0.0259211
0.0260256
0.0261237
0.0262159
0.0263026
0.0263842
0.026461
0.0265334
0.0266015
0.0266657
0.0267261
0.026783
0.0268365
0.0268868
0.026934
0.0269782
0.0270197
0.0270585
0.0270948
0.0271285
0.0271599
0.027189
0.027216
0.0272408
0.0272636
0.0272844
0.0273033
0.0273202
0.0273354
0.0273489
0.0273607
0.027371
0.0273797
0.027387
0.0273928
0.0273974
0.0274006
0.0274027
0.0274035
0.0274033
0.027402
0.0273997
0.0273965
0.0273923
0.0273874
0.0273816
0.0273751
0.027368
0.0273601
0.0273518
0.0273428
0.0273334
0.0273236
0.0273134
0.0273028
0.027292
0.0272809
0.0272696
0.0272582
0.0272466
0.0272349
0.0272232
0.0272115
0.0271998
0.0271881
0.0271766
0.0271651
0.0271538
0.0271426
0.0271316
0.0271208
0.0271102
0.0270999
0.0270897
0.0270798
0.0270701
0.0270607
0.0270515
0.0270425
0.027034
0.0270238
0.0248902
0.0169415
0.0114817
0.00828227
0.00716077
0.00746284
0.00845808
0.0096779
0.0109008
0.0120413
0.0130741
0.0139984
0.0148224
0.015557
0.0162134
0.0168016
0.0173307
0.0178084
0.0182414
0.0186354
0.0189951
0.0193246
0.0196274
0.0199063
0.0201638
0.0204018
0.0206222
0.0208263
0.0210153
0.0211905
0.0213528
0.0215031
0.0216424
0.0217714
0.021891
0.0220018
0.0221047
0.0222001
0.0222889
0.0223715
0.0224484
0.0225201
0.0225871
0.0226496
0.022708
0.0227627
0.0228138
0.0228617
0.0229064
0.0229483
0.0229874
0.023024
0.0230581
0.0230899
0.0231195
0.0231469
0.0231724
0.0231959
0.0232176
0.0232375
0.0232557
0.0232723
0.0232873
0.0233007
0.0233127
0.0233233
0.0233326
0.0233405
0.0233471
0.0233524
0.0233566
0.0233596
0.0233615
0.0233625
0.0233624
0.0233613
0.0233594
0.0233566
0.023353
0.0233486
0.0233434
0.0233376
0.0233311
0.0233239
0.0233162
0.023308
0.0232993
0.0232901
0.0232805
0.0232705
0.0232602
0.0232496
0.0232387
0.0232276
0.0232163
0.0232049
0.0231934
0.0231818
0.0231701
0.0231585
0.0231469
0.0231353
0.0231238
0.0231124
0.0231012
0.0230901
0.0230793
0.0230686
0.0230581
0.023048
0.023038
0.0230284
0.023019
0.0230099
0.0230011
0.0229927
0.0229845
0.0229766
0.0229691
0.0229618
0.022955
0.0229469
0.0203501
0.0122174
0.00776295
0.00615095
0.00637583
0.00739972
0.00862442
0.0098073
0.0108731
0.0118098
0.0126265
0.0133382
0.0139602
0.0145062
0.0149878
0.015415
0.0157959
0.0161372
0.0164445
0.0167226
0.0169751
0.0172054
0.0174162
0.0176095
0.0177872
0.0179509
0.0181016
0.0182406
0.0183686
0.0184865
0.0185951
0.018695
0.0187869
0.0188715
0.0189493
0.0190209
0.0190869
0.0191478
0.0192039
0.0192558
0.0193039
0.0193483
0.0193895
0.0194278
0.0194633
0.0194962
0.0195268
0.0195551
0.0195814
0.0196058
0.0196283
0.0196491
0.0196682
0.0196858
0.0197019
0.0197166
0.01973
0.019742
0.0197528
0.0197624
0.0197709
0.0197782
0.0197845
0.0197898
0.0197941
0.0197974
0.0197998
0.0198013
0.0198019
0.0198016
0.0198006
0.0197988
0.0197962
0.019793
0.0197891
0.0197846
0.0197795
0.0197738
0.0197676
0.0197608
0.0197536
0.0197459
0.0197378
0.0197293
0.0197205
0.0197113
0.0197018
0.019692
0.019682
0.0196718
0.0196614
0.0196509
0.0196402
0.0196295
0.0196187
0.0196078
0.019597
0.0195861
0.0195754
0.0195647
0.019554
0.0195436
0.0195332
0.0195231
0.0195131
0.0195033
0.0194938
0.0194845
0.0194755
0.0194668
0.0194583
0.0194501
0.0194423
0.0194347
0.0194275
0.0194205
0.0194139
0.0194077
0.0194017
0.019396
0.0193907
0.0193845
0.015637
0.00827904
0.00544824
0.00530522
0.00627267
0.00748408
0.00862803
0.00962674
0.010478
0.0111998
0.0118133
0.0123378
0.0127892
0.0131806
0.0135223
0.0138227
0.0140885
0.0143251
0.014537
0.0147277
0.0149002
0.0150568
0.0151995
0.0153299
0.0154493
0.0155588
0.0156591
0.0157511
0.0158353
0.0159124
0.0159828
0.0160471
0.0161058
0.0161593
0.0162081
0.0162527
0.0162934
0.0163306
0.0163646
0.0163958
0.0164243
0.0164506
0.0164746
0.0164968
0.0165171
0.0165357
0.0165528
0.0165685
0.0165828
0.0165959
0.0166078
0.0166185
0.0166282
0.0166369
0.0166446
0.0166514
0.0166573
0.0166623
0.0166665
0.01667
0.0166727
0.0166747
0.016676
0.0166766
0.0166765
0.0166758
0.0166745
0.0166726
0.0166701
0.0166671
0.0166635
0.0166595
0.0166549
0.0166499
0.0166445
0.0166387
0.0166324
0.0166258
0.0166189
0.0166116
0.0166041
0.0165962
0.0165881
0.0165797
0.0165711
0.0165623
0.0165534
0.0165443
0.016535
0.0165257
0.0165162
0.0165067
0.0164972
0.0164877
0.0164781
0.0164686
0.0164591
0.0164497
0.0164404
0.0164312
0.0164221
0.0164132
0.0164044
0.0163959
0.0163875
0.0163793
0.0163714
0.0163637
0.0163562
0.0163491
0.0163422
0.0163355
0.0163292
0.0163231
0.0163174
0.0163119
0.0163068
0.0163019
0.0162973
0.016293
0.0162891
0.0162845
0.0112476
0.00547539
0.00434611
0.00510513
0.00628867
0.00740673
0.00835449
0.00913579
0.00977769
0.0103079
0.0107497
0.0111214
0.0114371
0.011708
0.0119423
0.0121466
0.0123262
0.0124851
0.0126266
0.0127534
0.0128675
0.0129708
0.0130645
0.0131498
0.0132275
0.0132984
0.0133631
0.013422
0.0134755
0.0135241
0.0135681
0.0136079
0.0136438
0.0136762
0.0137055
0.0137318
0.0137556
0.0137771
0.0137966
0.0138141
0.01383
0.0138444
0.0138574
0.0138692
0.0138798
0.0138894
0.013898
0.0139058
0.0139126
0.0139187
0.0139241
0.0139287
0.0139327
0.013936
0.0139388
0.0139409
0.0139425
0.0139436
0.0139441
0.0139442
0.0139438
0.0139429
0.0139416
0.0139398
0.0139377
0.0139351
0.0139321
0.0139288
0.013925
0.0139209
0.0139165
0.0139118
0.0139067
0.0139014
0.0138958
0.0138899
0.0138838
0.0138775
0.0138709
0.0138642
0.0138572
0.0138501
0.0138428
0.0138354
0.0138278
0.0138201
0.0138124
0.0138045
0.0137966
0.0137887
0.0137807
0.0137727
0.0137647
0.0137567
0.0137488
0.0137409
0.013733
0.0137253
0.0137177
0.0137101
0.0137028
0.0136955
0.0136884
0.0136815
0.0136748
0.0136682
0.0136619
0.0136558
0.0136499
0.0136442
0.0136388
0.0136336
0.0136287
0.013624
0.0136196
0.0136154
0.0136115
0.0136078
0.0136044
0.0136013
0.0135984
0.013595
0.00759178
0.00381868
0.0039565
0.00506317
0.00617406
0.0070938
0.00782429
0.00840242
0.00886384
0.00923667
0.00954195
0.00979516
0.0100077
0.0101882
0.010343
0.0104769
0.0105939
0.0106967
0.0107877
0.0108689
0.0109417
0.0110072
0.0110665
0.0111202
0.0111689
0.011213
0.011253
0.0112892
0.0113217
0.0113509
0.0113771
0.0114005
0.0114213
0.0114398
0.0114562
0.0114707
0.0114836
0.011495
0.0115052
0.0115141
0.011522
0.011529
0.0115352
0.0115406
0.0115453
0.0115494
0.011553
0.0115559
0.0115584
0.0115605
0.011562
0.0115632
0.011564
0.0115643
0.0115644
0.0115641
0.0115634
0.0115624
0.0115612
0.0115596
0.0115577
0.0115556
0.0115532
0.0115505
0.0115476
0.0115444
0.011541
0.0115373
0.0115334
0.0115293
0.011525
0.0115205
0.0115158
0.0115109
0.0115059
0.0115007
0.0114953
0.0114898
0.0114842
0.0114784
0.0114726
0.0114666
0.0114606
0.0114544
0.0114482
0.011442
0.0114356
0.0114293
0.0114229
0.0114165
0.0114101
0.0114037
0.0113974
0.011391
0.0113848
0.0113785
0.0113724
0.0113663
0.0113603
0.0113545
0.0113487
0.0113431
0.0113376
0.0113322
0.011327
0.011322
0.0113171
0.0113124
0.0113079
0.0113036
0.0112995
0.0112956
0.0112919
0.0112884
0.0112851
0.011282
0.0112792
0.0112765
0.0112741
0.0112718
0.0112698
0.0112674
0.00488849
0.00301652
0.00383246
0.00494522
0.00586678
0.00656975
0.00710149
0.00750823
0.00782461
0.00807513
0.0082769
0.00844197
0.00857893
0.00869399
0.00879177
0.0088757
0.0089484
0.00901192
0.00906783
0.00911739
0.00916159
0.0092012
0.00923683
0.00926894
0.00929789
0.00932396
0.00934736
0.00936829
0.00938691
0.00940338
0.00941789
0.00943059
0.00944166
0.00945126
0.00945956
0.0094667
0.00947282
0.00947806
0.0094825
0.00948626
0.00948942
0.00949204
0.00949418
0.0094959
0.00949723
0.00949821
0.00949888
0.00949925
0.00949934
0.00949918
0.00949878
0.00949814
0.0094973
0.00949624
0.00949499
0.00949354
0.00949192
0.00949011
0.00948814
0.009486
0.0094837
0.00948123
0.00947862
0.00947586
0.00947295
0.00946989
0.00946669
0.00946335
0.00945988
0.00945627
0.00945255
0.00944872
0.00944478
0.00944073
0.00943659
0.00943235
0.00942803
0.00942362
0.00941914
0.00941459
0.00940997
0.0094053
0.00940057
0.0093958
0.009391
0.00938616
0.00938131
0.00937643
0.00937156
0.00936668
0.00936182
0.00935697
0.00935216
0.00934738
0.00934264
0.00933795
0.00933333
0.00932878
0.0093243
0.00931991
0.00931561
0.00931142
0.00930733
0.00930336
0.00929952
0.0092958
0.00929222
0.00928878
0.00928548
0.00928234
0.00927935
0.00927651
0.00927384
0.00927133
0.00926899
0.0092668
0.00926479
0.00926293
0.00926124
0.00925969
0.00925837
0.00925667
0.00312828
0.00268014
0.00372157
0.0046797
0.00538514
0.00589032
0.00625644
0.00652772
0.00673357
0.00689332
0.00701981
0.00712179
0.00720529
0.00727462
0.0073329
0.00738242
0.00742493
0.00746175
0.0074939
0.00752219
0.00754724
0.00756955
0.00758948
0.00760731
0.00762324
0.00763745
0.00765003
0.00766111
0.00767078
0.00767914
0.0076863
0.00769235
0.00769741
0.0077016
0.00770501
0.00770774
0.00770989
0.00771152
0.00771272
0.00771354
0.00771404
0.00771425
0.00771422
0.00771397
0.00771353
0.00771292
0.00771215
0.00771124
0.00771019
0.00770903
0.00770775
0.00770637
0.00770488
0.00770329
0.00770161
0.00769984
0.00769798
0.00769603
0.007694
0.00769189
0.0076897
0.00768743
0.00768508
0.00768266
0.00768015
0.00767757
0.00767491
0.00767218
0.00766938
0.0076665
0.00766357
0.00766057
0.00765751
0.0076544
0.00765124
0.00764802
0.00764476
0.00764145
0.00763811
0.00763472
0.0076313
0.00762785
0.00762438
0.00762088
0.00761737
0.00761385
0.00761031
0.00760678
0.00760325
0.00759973
0.00759622
0.00759274
0.00758928
0.00758585
0.00758246
0.00757911
0.00757581
0.00757256
0.00756938
0.00756626
0.00756321
0.00756024
0.00755735
0.00755455
0.00755184
0.00754923
0.00754672
0.00754432
0.00754202
0.00753984
0.00753777
0.00753581
0.00753398
0.00753227
0.00753067
0.0075292
0.00752786
0.00752663
0.00752552
0.00752452
0.0075237
0.00752257
0.00211639
0.00251651
0.00352139
0.00427039
0.00477425
0.00511496
0.00535176
0.00552165
0.00564723
0.00574253
0.00581652
0.00587511
0.00592229
0.00596084
0.00599277
0.00601951
0.00604214
0.00606148
0.00607816
0.00609267
0.00610537
0.00611655
0.00612643
0.00613516
0.00614284
0.00614957
0.00615539
0.00616036
0.00616453
0.00616796
0.00617071
0.00617283
0.0061744
0.00617548
0.00617614
0.00617643
0.00617642
0.00617614
0.00617565
0.00617498
0.00617416
0.00617321
0.00617216
0.00617102
0.0061698
0.00616852
0.00616718
0.00616579
0.00616436
0.00616289
0.00616139
0.00615984
0.00615827
0.00615666
0.00615502
0.00615335
0.00615165
0.00614991
0.00614815
0.00614636
0.00614454
0.00614269
0.0061408
0.00613889
0.00613694
0.00613495
0.00613293
0.00613088
0.00612879
0.00612667
0.00612453
0.00612235
0.00612015
0.00611792
0.00611567
0.00611339
0.00611109
0.00610877
0.00610643
0.00610408
0.00610171
0.00609932
0.00609693
0.00609452
0.00609211
0.0060897
0.00608729
0.00608488
0.00608248
0.00608009
0.00607772
0.00607536
0.00607302
0.00607071
0.00606843
0.00606618
0.00606396
0.00606179
0.00605966
0.00605758
0.00605555
0.00605357
0.00605165
0.0060498
0.00604801
0.00604629
0.00604464
0.00604306
0.00604156
0.00604014
0.0060388
0.00603755
0.00603637
0.00603529
0.00603428
0.00603337
0.00603254
0.00603179
0.00603113
0.00603054
0.00603008
0.00602938
0.001583
0.00236704
0.00320964
0.00374928
0.00408339
0.00429644
0.00443801
0.00453595
0.00460609
0.00465781
0.00469687
0.00472699
0.00475062
0.00476941
0.00478457
0.00479692
0.00480709
0.00481555
0.00482265
0.00482866
0.00483379
0.00483818
0.00484195
0.00484517
0.0048479
0.00485017
0.004852
0.0048534
0.00485441
0.00485504
0.00485533
0.00485531
0.00485502
0.00485449
0.00485376
0.00485287
0.00485184
0.0048507
0.00484948
0.0048482
0.00484687
0.0048455
0.00484412
0.00484271
0.0048413
0.00483989
0.00483847
0.00483706
0.00483565
0.00483425
0.00483285
0.00483146
0.00483007
0.00482869
0.00482731
0.00482594
0.00482456
0.00482319
0.00482182
0.00482045
0.00481907
0.00481769
0.00481631
0.00481492
0.00481352
0.00481212
0.0048107
0.00480928
0.00480785
0.0048064
0.00480495
0.00480349
0.00480202
0.00480054
0.00479906
0.00479757
0.00479607
0.00479456
0.00479305
0.00479153
0.00479001
0.00478848
0.00478695
0.00478543
0.0047839
0.00478237
0.00478085
0.00477934
0.00477783
0.00477633
0.00477485
0.00477338
0.00477192
0.00477048
0.00476907
0.00476767
0.00476631
0.00476496
0.00476365
0.00476238
0.00476113
0.00475993
0.00475876
0.00475764
0.00475656
0.00475552
0.00475454
0.0047536
0.00475271
0.00475188
0.0047511
0.00475037
0.0047497
0.00474909
0.00474853
0.00474803
0.00474758
0.00474719
0.00474686
0.00474658
0.00474638
0.004746
0.00129599
0.00216382
0.0027997
0.00315555
0.00335732
0.00347765
0.00355334
0.00360321
0.00363728
0.00366123
0.00367843
0.00369099
0.00370026
0.00370717
0.00371233
0.0037162
0.0037191
0.00372125
0.00372284
0.003724
0.00372483
0.0037254
0.00372575
0.00372592
0.00372592
0.00372575
0.00372543
0.00372496
0.00372433
0.00372355
0.00372264
0.00372162
0.00372049
0.00371927
0.003718
0.00371667
0.00371531
0.00371392
0.00371253
0.00371114
0.00370976
0.0037084
0.00370705
0.00370573
0.00370443
0.00370316
0.00370191
0.0037007
0.00369951
0.00369834
0.00369721
0.00369609
0.003695
0.00369393
0.00369288
0.00369186
0.00369084
0.00368985
0.00368887
0.0036879
0.00368695
0.00368601
0.00368508
0.00368415
0.00368323
0.00368232
0.00368141
0.0036805
0.0036796
0.0036787
0.0036778
0.00367691
0.00367602
0.00367512
0.00367423
0.00367334
0.00367246
0.00367157
0.00367069
0.0036698
0.00366892
0.00366804
0.00366717
0.00366629
0.00366543
0.00366456
0.0036637
0.00366285
0.00366201
0.00366117
0.00366034
0.00365952
0.00365872
0.00365793
0.00365715
0.00365639
0.00365564
0.00365491
0.00365421
0.00365352
0.00365286
0.00365222
0.0036516
0.00365101
0.00365045
0.00364992
0.00364941
0.00364894
0.0036485
0.00364809
0.00364771
0.00364737
0.00364706
0.00364679
0.00364655
0.00364634
0.00364617
0.00364603
0.00364593
0.00364586
0.00364584
0.00364569
0.00110753
0.00188763
0.00231832
0.00252711
0.00263351
0.00269151
0.00272503
0.00274521
0.00275765
0.00276533
0.00276999
0.00277267
0.00277402
0.00277447
0.00277431
0.00277372
0.00277284
0.00277178
0.00277059
0.00276934
0.00276806
0.00276677
0.00276549
0.00276421
0.00276294
0.00276167
0.00276039
0.00275911
0.00275781
0.00275649
0.00275516
0.00275381
0.00275246
0.00275111
0.00274977
0.00274843
0.00274712
0.00274583
0.00274456
0.00274333
0.00274213
0.00274097
0.00273985
0.00273876
0.00273771
0.00273669
0.00273572
0.00273477
0.00273387
0.00273299
0.00273215
0.00273133
0.00273055
0.00272979
0.00272906
0.00272835
0.00272767
0.002727
0.00272636
0.00272574
0.00272513
0.00272454
0.00272396
0.0027234
0.00272285
0.00272231
0.00272179
0.00272127
0.00272076
0.00272026
0.00271976
0.00271927
0.00271879
0.00271832
0.00271785
0.00271739
0.00271694
0.00271649
0.00271604
0.0027156
0.00271517
0.00271474
0.00271431
0.00271389
0.00271347
0.00271306
0.00271266
0.00271226
0.00271187
0.00271149
0.00271111
0.00271074
0.00271038
0.00271003
0.00270968
0.00270935
0.00270903
0.00270872
0.00270842
0.00270814
0.00270786
0.00270761
0.00270736
0.00270714
0.00270692
0.00270673
0.00270655
0.00270639
0.00270625
0.00270612
0.00270602
0.00270593
0.00270586
0.00270581
0.00270578
0.00270577
0.00270578
0.0027058
0.00270585
0.00270591
0.002706
0.002706
0.000940091
0.00154366
0.00179618
0.00189808
0.00194231
0.00196263
0.00197202
0.00197596
0.001977
0.00197642
0.00197493
0.00197293
0.00197066
0.00196827
0.00196583
0.00196342
0.00196106
0.00195878
0.00195659
0.00195449
0.0019525
0.00195061
0.00194882
0.00194711
0.00194549
0.00194394
0.00194245
0.00194101
0.00193963
0.00193828
0.00193698
0.00193571
0.00193448
0.00193328
0.00193212
0.001931
0.00192992
0.00192888
0.00192788
0.00192692
0.00192599
0.00192511
0.00192427
0.00192346
0.00192269
0.00192196
0.00192126
0.0019206
0.00191996
0.00191936
0.00191879
0.00191824
0.00191772
0.00191722
0.00191675
0.00191631
0.00191588
0.00191547
0.00191509
0.00191472
0.00191437
0.00191403
0.00191371
0.0019134
0.00191311
0.00191283
0.00191256
0.0019123
0.00191205
0.00191181
0.00191159
0.00191136
0.00191115
0.00191095
0.00191075
0.00191056
0.00191037
0.0019102
0.00191003
0.00190986
0.0019097
0.00190955
0.0019094
0.00190926
0.00190912
0.00190899
0.00190887
0.00190874
0.00190863
0.00190852
0.00190842
0.00190832
0.00190823
0.00190814
0.00190806
0.00190799
0.00190792
0.00190786
0.00190781
0.00190777
0.00190773
0.0019077
0.00190768
0.00190767
0.00190766
0.00190767
0.00190768
0.0019077
0.00190773
0.00190778
0.00190783
0.00190788
0.00190795
0.00190803
0.00190812
0.00190821
0.00190831
0.00190843
0.00190855
0.00190867
0.00190882
0.0019089
0.00075892
0.00114997
0.00126545
0.00129943
0.00130899
0.00131025
0.00130839
0.00130531
0.00130181
0.00129822
0.00129471
0.00129135
0.00128818
0.00128519
0.00128239
0.00127977
0.00127732
0.00127504
0.0012729
0.00127091
0.00126904
0.0012673
0.00126567
0.00126414
0.0012627
0.00126135
0.00126007
0.00125886
0.00125771
0.00125662
0.00125558
0.00125459
0.00125364
0.00125274
0.00125188
0.00125106
0.00125029
0.00124955
0.00124884
0.00124817
0.00124754
0.00124694
0.00124637
0.00124584
0.00124533
0.00124485
0.0012444
0.00124397
0.00124357
0.00124319
0.00124284
0.0012425
0.00124219
0.00124189
0.00124162
0.00124136
0.00124112
0.00124089
0.00124068
0.00124048
0.0012403
0.00124013
0.00123997
0.00123983
0.00123969
0.00123957
0.00123945
0.00123935
0.00123925
0.00123916
0.00123908
0.00123901
0.00123894
0.00123888
0.00123883
0.00123878
0.00123874
0.00123871
0.00123868
0.00123866
0.00123864
0.00123863
0.00123863
0.00123862
0.00123863
0.00123864
0.00123865
0.00123866
0.00123868
0.00123871
0.00123874
0.00123877
0.00123881
0.00123885
0.0012389
0.00123895
0.001239
0.00123906
0.00123913
0.00123919
0.00123927
0.00123934
0.00123942
0.0012395
0.00123959
0.00123969
0.00123978
0.00123988
0.00123999
0.0012401
0.00124021
0.00124032
0.00124044
0.00124057
0.00124069
0.00124082
0.00124096
0.00124109
0.00124123
0.00124137
0.00124151
0.00124163
0.000560691
0.000737105
0.000763632
0.000763607
0.000759028
0.000753908
0.000749091
0.000744734
0.000740829
0.00073733
0.000734185
0.000731348
0.000728778
0.00072644
0.000724305
0.000722349
0.000720552
0.000718896
0.000717367
0.000715951
0.000714639
0.00071342
0.000712285
0.000711227
0.000710239
0.000709314
0.000708448
0.000707634
0.000706869
0.000706149
0.000705471
0.000704832
0.00070423
0.000703661
0.000703125
0.00070262
0.000702144
0.000701695
0.000701272
0.000700875
0.000700501
0.000700149
0.000699819
0.000699508
0.000699218
0.000698945
0.00069869
0.000698452
0.000698229
0.000698021
0.000697827
0.000697647
0.00069748
0.000697325
0.000697182
0.00069705
0.000696928
0.000696817
0.000696715
0.000696623
0.000696539
0.000696464
0.000696396
0.000696336
0.000696284
0.000696238
0.000696199
0.000696166
0.00069614
0.000696119
0.000696104
0.000696094
0.000696089
0.00069609
0.000696095
0.000696104
0.000696118
0.000696137
0.00069616
0.000696186
0.000696217
0.000696251
0.000696289
0.00069633
0.000696375
0.000696423
0.000696474
0.000696529
0.000696586
0.000696647
0.00069671
0.000696777
0.000696846
0.000696917
0.000696991
0.000697068
0.000697148
0.000697229
0.000697314
0.0006974
0.000697489
0.000697579
0.000697672
0.000697767
0.000697864
0.000697962
0.000698062
0.000698164
0.000698268
0.000698373
0.000698479
0.000698586
0.000698694
0.000698803
0.000698913
0.000699024
0.000699134
0.000699246
0.000699357
0.000699468
0.000699579
0.000699678
0.000284746
0.000272336
0.000264576
0.000259339
0.000255518
0.000252566
0.000250187
0.00024821
0.000246532
0.000245084
0.000243818
0.000242699
0.000241702
0.000240807
0.000239998
0.000239264
0.000238594
0.000237981
0.000237417
0.000236898
0.000236418
0.000235974
0.000235562
0.000235178
0.00023482
0.000234486
0.000234174
0.000233882
0.000233608
0.000233351
0.00023311
0.000232884
0.000232671
0.000232472
0.000232284
0.000232108
0.000231943
0.000231789
0.000231643
0.000231507
0.00023138
0.00023126
0.000231148
0.000231043
0.000230945
0.000230854
0.000230768
0.000230689
0.000230614
0.000230545
0.000230481
0.000230422
0.000230367
0.000230316
0.00023027
0.000230227
0.000230188
0.000230152
0.00023012
0.000230091
0.000230065
0.000230042
0.000230022
0.000230004
0.000229989
0.000229976
0.000229966
0.000229958
0.000229952
0.000229949
0.000229947
0.000229947
0.00022995
0.000229954
0.00022996
0.000229967
0.000229976
0.000229987
0.000229999
0.000230013
0.000230028
0.000230045
0.000230063
0.000230083
0.000230103
0.000230125
0.000230148
0.000230173
0.000230198
0.000230225
0.000230252
0.000230281
0.000230311
0.000230342
0.000230374
0.000230406
0.00023044
0.000230474
0.00023051
0.000230546
0.000230583
0.00023062
0.000230659
0.000230698
0.000230737
0.000230777
0.000230818
0.000230859
0.000230901
0.000230943
0.000230985
0.000231028
0.000231071
0.000231114
0.000231157
0.0002312
0.000231243
0.000231286
0.000231329
0.000231372
0.000231413
0.000231455
)
;

boundaryField
{
    lowerWall
    {
        type            nutkWallFunction;
        Cmu             0.09;
        kappa           0.41;
        E               9.8;
        value           nonuniform List<scalar> 
122
(
3.38542e-05
3.22344e-05
3.12155e-05
3.05252e-05
3.00205e-05
2.96299e-05
2.93146e-05
2.90524e-05
2.88296e-05
2.86371e-05
2.84688e-05
2.83199e-05
2.81871e-05
2.80679e-05
2.79601e-05
2.78622e-05
2.77729e-05
2.76911e-05
2.76159e-05
2.75466e-05
2.74825e-05
2.74231e-05
2.7368e-05
2.73167e-05
2.72688e-05
2.72241e-05
2.71823e-05
2.71432e-05
2.71065e-05
2.7072e-05
2.70397e-05
2.70094e-05
2.69809e-05
2.69541e-05
2.6929e-05
2.69055e-05
2.68833e-05
2.68626e-05
2.68432e-05
2.68249e-05
2.68078e-05
2.67918e-05
2.67769e-05
2.67628e-05
2.67497e-05
2.67375e-05
2.67261e-05
2.67155e-05
2.67056e-05
2.66963e-05
2.66878e-05
2.66799e-05
2.66725e-05
2.66658e-05
2.66596e-05
2.66538e-05
2.66486e-05
2.66439e-05
2.66396e-05
2.66357e-05
2.66322e-05
2.66291e-05
2.66264e-05
2.66241e-05
2.66221e-05
2.66204e-05
2.6619e-05
2.6618e-05
2.66172e-05
2.66167e-05
2.66165e-05
2.66166e-05
2.66169e-05
2.66174e-05
2.66182e-05
2.66192e-05
2.66205e-05
2.6622e-05
2.66236e-05
2.66255e-05
2.66276e-05
2.66299e-05
2.66323e-05
2.66349e-05
2.66378e-05
2.66407e-05
2.66439e-05
2.66472e-05
2.66507e-05
2.66543e-05
2.66581e-05
2.66621e-05
2.66661e-05
2.66704e-05
2.66747e-05
2.66792e-05
2.66838e-05
2.66885e-05
2.66934e-05
2.66983e-05
2.67034e-05
2.67086e-05
2.67139e-05
2.67192e-05
2.67247e-05
2.67302e-05
2.67358e-05
2.67415e-05
2.67472e-05
2.6753e-05
2.67588e-05
2.67647e-05
2.67706e-05
2.67765e-05
2.67825e-05
2.67884e-05
2.67944e-05
2.68003e-05
2.68062e-05
2.68121e-05
2.68177e-05
2.68235e-05
)
;
    }
    upperWall
    {
        type            nutkWallFunction;
        Cmu             0.09;
        kappa           0.41;
        E               9.8;
        value           nonuniform List<scalar> 
122
(
3.36526e-05
3.20374e-05
3.10226e-05
3.03355e-05
2.98333e-05
2.94446e-05
2.91308e-05
2.88699e-05
2.86481e-05
2.84567e-05
2.82891e-05
2.8141e-05
2.80089e-05
2.78902e-05
2.77829e-05
2.76855e-05
2.75966e-05
2.75152e-05
2.74404e-05
2.73714e-05
2.73076e-05
2.72485e-05
2.71937e-05
2.71426e-05
2.7095e-05
2.70505e-05
2.7009e-05
2.697e-05
2.69335e-05
2.68993e-05
2.68672e-05
2.6837e-05
2.68087e-05
2.67822e-05
2.67572e-05
2.67338e-05
2.67119e-05
2.66913e-05
2.6672e-05
2.66539e-05
2.66369e-05
2.6621e-05
2.66061e-05
2.65922e-05
2.65792e-05
2.65671e-05
2.65558e-05
2.65452e-05
2.65354e-05
2.65263e-05
2.65178e-05
2.65099e-05
2.65027e-05
2.6496e-05
2.64898e-05
2.64842e-05
2.6479e-05
2.64743e-05
2.64701e-05
2.64663e-05
2.64629e-05
2.64598e-05
2.64572e-05
2.64549e-05
2.6453e-05
2.64513e-05
2.645e-05
2.6449e-05
2.64483e-05
2.64479e-05
2.64477e-05
2.64479e-05
2.64482e-05
2.64488e-05
2.64497e-05
2.64507e-05
2.6452e-05
2.64536e-05
2.64553e-05
2.64572e-05
2.64593e-05
2.64616e-05
2.64641e-05
2.64668e-05
2.64696e-05
2.64727e-05
2.64759e-05
2.64792e-05
2.64827e-05
2.64864e-05
2.64902e-05
2.64941e-05
2.64982e-05
2.65024e-05
2.65068e-05
2.65113e-05
2.65159e-05
2.65206e-05
2.65254e-05
2.65304e-05
2.65354e-05
2.65406e-05
2.65458e-05
2.65511e-05
2.65566e-05
2.65621e-05
2.65676e-05
2.65732e-05
2.65789e-05
2.65847e-05
2.65904e-05
2.65962e-05
2.66021e-05
2.66079e-05
2.66138e-05
2.66197e-05
2.66256e-05
2.66314e-05
2.66373e-05
2.66431e-05
2.66487e-05
2.66544e-05
)
;
    }
    inlet
    {
        type            calculated;
        value           uniform 0.0366503;
    }
    outlet
    {
        type            calculated;
        value           nonuniform List<scalar> 
60
(
0.00023272
0.000703379
0.00124771
0.0019175
0.00271715
0.00365935
0.0047621
0.0060478
0.00754316
0.00927924
0.0112917
0.0136207
0.0163111
0.0194116
0.0229736
0.027049
0.0316864
0.0369246
0.0427835
0.0492493
0.0562546
0.0636502
0.0711683
0.0783785
0.0846386
0.089056
0.0905031
0.0878617
0.0812152
0.0752781
0.0755339
0.0816912
0.0883251
0.0908928
0.0893597
0.0848609
0.0785312
0.0712658
0.0637062
0.0562809
0.0492551
0.0427756
0.0369079
0.0316643
0.0270238
0.0229469
0.0193845
0.0162845
0.013595
0.0112674
0.00925667
0.00752257
0.00602938
0.004746
0.00364569
0.002706
0.0019089
0.00124163
0.000699678
0.000231455
)
;
    }
    frontAndBack
    {
        type            empty;
    }
}


// ************************************************************************* //
