/*--------------------------------*- C++ -*----------------------------------*\
  =========                 |
  \\      /  F ield         | OpenFOAM: The Open Source CFD Toolbox
   \\    /   O peration     | Website:  https://openfoam.org
    \\  /    A nd           | Version:  8
     \\/     M anipulation  |
\*---------------------------------------------------------------------------*/
FoamFile
{
    version     2.0;
    format      ascii;
    class       volScalarField;
    location    "250";
    object      epsilon;
}
// * * * * * * * * * * * * * * * * * * * * * * * * * * * * * * * * * * * * * //

dimensions      [0 2 -3 0 0 0 0];

internalField   nonuniform List<scalar> 
7320
(
11607
10157.3
9313.78
8771.14
8388.68
8137.41
8064.66
8074.87
8036.74
7963.41
7892.78
7840.54
7807.42
7790.07
7784.81
7789.21
7801.11
7819.07
7842.09
7869.92
7901.8
7937.36
7976.2
8018.45
8063.73
8111.87
8162.55
8216.09
8272.03
8330.17
8390.13
8452.04
8515.41
8579.91
8645.04
8710.99
8777.06
8842.81
8907.68
8971.64
9034.06
9094.5
9152.47
9208.31
9261.44
9311.65
9358.69
9402.96
9444.22
9482.42
9517.52
9550.3
9580.51
9608.21
9633.4
9656.72
9678.05
9697.41
9714.82
9731.12
9746.02
9759.52
9771.61
9782.86
9793.08
9802.25
9810.32
9818.05
9825.09
9831.39
9836.87
9842.07
9846.75
9850.85
9854.29
9857.78
9860.93
9863.68
9865.93
9868.17
9870.13
9871.77
9872.99
9874.42
9875.69
9876.74
9877.47
9878.33
9879.02
9879.54
9879.76
9880.27
9880.69
9880.99
9881.08
9881.32
9881.48
9881.54
9881.39
9881.49
9881.55
9881.55
9881.38
9881.36
9881.3
9881.18
9880.92
9880.84
9880.73
9880.59
9880.37
9880.21
9880.04
9879.86
9879.63
9879.41
9879.18
9878.98
9878.76
9878.51
9878.17
9878.19
3749.21
3919.24
3598.46
3368.42
3209.77
3104.27
3048.55
2976.33
2857.02
2749.92
2677.57
2631.97
2603.58
2586.42
2576.89
2572.85
2572.86
2575.94
2581.48
2589.08
2598.37
2609.1
2621.07
2634.18
2648.29
2663.3
2679.1
2695.69
2712.96
2730.86
2749.28
2768.21
2787.53
2807.17
2826.98
2846.95
2866.94
2886.83
2906.47
2925.81
2944.69
2963
2980.58
2997.47
3013.54
3028.75
3043.03
3056.44
3068.95
3080.54
3091.22
3101.13
3110.25
3118.63
3126.28
3133.33
3139.77
3145.64
3150.93
3155.83
3160.31
3164.38
3168.05
3171.44
3174.52
3177.29
3179.76
3182.07
3184.18
3186.08
3187.76
3189.33
3190.74
3191.99
3193.06
3194.09
3195.03
3195.86
3196.57
3197.24
3197.84
3198.35
3198.75
3199.17
3199.54
3199.86
3200.11
3200.37
3200.58
3200.75
3200.85
3200.99
3201.11
3201.21
3201.26
3201.33
3201.38
3201.41
3201.39
3201.42
3201.43
3201.44
3201.41
3201.4
3201.39
3201.36
3201.31
3201.28
3201.25
3201.22
3201.16
3201.13
3201.08
3201.04
3200.98
3200.93
3200.87
3200.82
3200.76
3200.7
3200.62
3200.66
1528.96
1989.01
1884.89
1770.06
1685.61
1625.86
1585.44
1533.34
1466.55
1416.25
1385.43
1366.77
1355.4
1348.72
1345.24
1344.07
1344.62
1346.5
1349.48
1353.42
1358.18
1363.67
1369.84
1376.65
1384.04
1391.99
1400.46
1409.45
1418.91
1428.79
1439.05
1449.68
1460.61
1471.79
1483.16
1494.7
1506.31
1517.91
1529.43
1540.8
1551.94
1562.76
1573.21
1583.29
1592.9
1601.99
1610.54
1618.58
1626.09
1633.03
1639.45
1645.44
1650.96
1656
1660.62
1664.87
1668.75
1672.27
1675.48
1678.46
1681.19
1683.64
1685.87
1687.91
1689.77
1691.43
1692.93
1694.35
1695.64
1696.79
1697.8
1698.74
1699.59
1700.32
1700.98
1701.62
1702.21
1702.7
1703.12
1703.52
1703.87
1704.15
1704.39
1704.66
1704.89
1705.07
1705.22
1705.36
1705.48
1705.55
1705.61
1705.71
1705.78
1705.82
1705.85
1705.88
1705.9
1705.89
1705.88
1705.89
1705.9
1705.89
1705.86
1705.84
1705.82
1705.78
1705.74
1705.72
1705.7
1705.66
1705.62
1705.58
1705.54
1705.49
1705.44
1705.39
1705.34
1705.3
1705.25
1705.19
1705.15
1705.11
720.936
1168.14
1165.7
1105.61
1054.11
1014.06
983.927
954.323
926.847
909.594
899.192
892.47
888.2
885.741
884.635
884.569
885.31
886.706
888.696
891.237
894.283
897.806
901.798
906.257
911.164
916.498
922.269
928.469
935.063
942.011
949.295
956.895
964.765
972.847
981.131
989.584
998.129
1006.68
1015.2
1023.64
1031.92
1039.96
1047.77
1055.3
1062.51
1069.31
1075.73
1081.76
1087.39
1092.58
1097.41
1101.92
1106.09
1109.89
1113.36
1116.56
1119.48
1122.11
1124.53
1126.79
1128.86
1130.71
1132.38
1133.92
1135.32
1136.55
1137.68
1138.77
1139.76
1140.61
1141.37
1142.07
1142.7
1143.23
1143.73
1144.23
1144.68
1145.04
1145.36
1145.65
1145.9
1146.09
1146.28
1146.49
1146.67
1146.79
1146.9
1147
1147.08
1147.11
1147.16
1147.23
1147.29
1147.31
1147.33
1147.35
1147.35
1147.33
1147.32
1147.33
1147.34
1147.31
1147.29
1147.27
1147.24
1147.2
1147.17
1147.15
1147.12
1147.09
1147.05
1147.01
1146.97
1146.93
1146.88
1146.83
1146.79
1146.74
1146.7
1146.64
1146.62
1146.55
358.825
725.637
779.838
754.423
722.695
694.416
673.834
664.88
664.081
664.915
664.07
662.317
660.726
659.694
659.256
659.351
659.897
660.837
662.172
663.898
666.001
668.474
671.329
674.574
678.202
682.198
686.581
691.347
696.463
701.894
707.629
713.647
719.91
726.365
733.014
739.826
746.733
753.655
760.565
767.419
774.156
780.7
787.063
793.223
799.117
804.681
809.929
814.868
819.477
823.725
827.687
831.395
834.822
837.935
840.788
843.415
845.814
847.962
849.949
851.814
853.524
855.039
856.414
857.679
858.823
859.821
860.754
861.651
862.47
863.165
863.787
864.361
864.874
865.299
865.708
866.124
866.5
866.793
867.049
867.286
867.487
867.63
867.782
867.957
868.11
868.207
868.291
868.372
868.43
868.449
868.486
868.55
868.601
868.613
868.621
868.633
868.631
868.604
868.595
868.607
868.611
868.588
868.563
868.544
868.518
868.477
868.445
868.427
868.406
868.372
868.334
868.298
868.262
868.221
868.175
868.129
868.09
868.049
868.009
867.955
867.94
867.861
180.958
454.621
539.391
539.302
522.002
502.539
491.003
498.982
515.925
527.006
530.776
531.006
530.243
529.479
529
528.859
529.039
529.518
530.317
531.444
532.896
534.673
536.79
539.259
542.074
545.225
548.731
552.588
556.766
561.231
565.975
570.978
576.207
581.613
587.203
592.948
598.786
604.646
610.504
616.324
622.052
627.618
633.042
638.303
643.342
648.098
652.589
656.819
660.768
664.405
667.805
670.993
673.942
676.616
679.068
681.327
683.389
685.23
686.94
688.549
690.025
691.327
692.509
693.596
694.579
695.431
696.234
697.01
697.718
698.313
698.847
699.339
699.778
700.137
700.49
700.852
701.18
701.429
701.648
701.85
702.02
702.136
702.268
702.422
702.556
702.637
702.708
702.777
702.823
702.834
702.867
702.924
702.97
702.977
702.983
702.991
702.987
702.959
702.951
702.963
702.967
702.944
702.921
702.903
702.878
702.838
702.81
702.794
702.775
702.743
702.708
702.675
702.641
702.602
702.56
702.518
702.481
702.443
702.406
702.356
702.346
702.266
91.0686
278.195
374.357
393.485
388.041
376.16
372.83
393.836
422.88
440.342
446.557
447.504
446.783
445.791
444.966
444.42
444.162
444.182
444.501
445.13
446.066
447.308
448.873
450.767
452.987
455.521
458.389
461.585
465.081
468.842
472.864
477.127
481.601
486.239
491.054
496.017
501.071
506.152
511.241
516.306
521.298
526.154
530.897
535.505
539.927
544.102
548.051
551.773
555.252
558.456
561.458
564.277
566.887
569.252
571.422
573.422
575.247
576.874
578.389
579.818
581.13
582.283
583.33
584.293
585.164
585.915
586.628
587.319
587.95
588.477
588.949
589.385
589.773
590.088
590.403
590.728
591.021
591.242
591.436
591.615
591.765
591.865
591.983
592.123
592.245
592.315
592.379
592.439
592.48
592.487
592.517
592.57
592.612
592.617
592.622
592.629
592.625
592.597
592.591
592.603
592.607
592.585
592.564
592.547
592.523
592.486
592.46
592.446
592.429
592.399
592.367
592.337
592.305
592.269
592.23
592.191
592.157
592.122
592.088
592.041
592.034
591.956
46.1017
162.206
254.3
287.092
291.87
286.967
290.736
321.298
358.984
381.052
388.878
390.07
389.085
387.662
386.364
385.344
384.621
384.188
384.061
384.246
384.737
385.529
386.635
388.061
389.799
391.838
394.195
396.862
399.812
403.013
406.46
410.134
414.006
418.035
422.232
426.574
431.007
435.472
439.954
444.425
448.839
453.141
457.354
461.456
465.401
469.13
472.663
475.999
479.12
481.997
484.699
487.24
489.596
491.73
493.69
495.497
497.146
498.616
499.987
501.282
502.471
503.515
504.463
505.335
506.124
506.803
507.449
508.077
508.652
509.129
509.557
509.953
510.305
510.59
510.877
511.175
511.444
511.645
511.822
511.985
512.121
512.212
512.32
512.45
512.563
512.628
512.687
512.742
512.779
512.785
512.814
512.864
512.904
512.909
512.914
512.921
512.917
512.891
512.886
512.898
512.902
512.883
512.864
512.848
512.826
512.791
512.768
512.755
512.74
512.713
512.683
512.655
512.626
512.593
512.556
512.52
512.489
512.456
512.425
512.382
512.376
512.301
24.142
88.6618
165.023
205.357
218.736
220.348
229.986
267.148
311.288
337.298
346.622
348.016
346.716
344.816
343.012
341.499
340.31
339.437
338.888
338.662
338.75
339.141
339.845
340.863
342.185
343.799
345.718
347.934
350.421
353.147
356.106
359.281
362.645
366.16
369.839
373.658
377.57
381.521
385.498
389.475
393.412
397.258
401.035
404.724
408.279
411.648
414.847
417.873
420.71
423.329
425.793
428.115
430.271
432.225
434.021
435.679
437.193
438.541
439.801
440.992
442.087
443.048
443.921
444.723
445.449
446.074
446.67
447.25
447.781
448.222
448.618
448.984
449.309
449.573
449.84
450.116
450.367
450.555
450.72
450.872
450.999
451.084
451.186
451.308
451.415
451.477
451.533
451.586
451.621
451.628
451.656
451.704
451.743
451.749
451.755
451.762
451.759
451.736
451.732
451.744
451.749
451.732
451.714
451.7
451.68
451.648
451.627
451.616
451.602
451.577
451.55
451.524
451.497
451.466
451.432
451.399
451.37
451.34
451.311
451.271
451.266
451.196
13.5102
45.5714
99.8459
140.861
160.601
168.086
182.33
223.544
272.581
302.453
313.601
315.44
313.952
311.635
309.355
307.371
305.735
304.441
303.493
302.884
302.598
302.622
302.96
303.608
304.557
305.79
307.319
309.134
311.21
313.515
316.043
318.779
321.697
324.762
327.986
331.348
334.806
338.309
341.848
345.398
348.924
352.379
355.783
359.119
362.345
365.411
368.328
371.096
373.697
376.103
378.372
380.514
382.506
384.315
385.98
387.516
388.921
390.174
391.345
392.453
393.472
394.367
395.181
395.929
396.605
397.189
397.746
398.287
398.784
399.197
399.569
399.911
400.217
400.465
400.716
400.976
401.213
401.392
401.549
401.693
401.814
401.896
401.994
402.11
402.213
402.274
402.329
402.38
402.415
402.423
402.451
402.498
402.536
402.544
402.551
402.559
402.557
402.537
402.534
402.546
402.552
402.538
402.522
402.509
402.492
402.463
402.443
402.433
402.421
402.398
402.374
402.35
402.325
402.296
402.265
402.234
402.207
402.18
402.153
402.116
402.111
402.046
8.2339
22.8828
55.3106
90.3035
113.151
125.38
142.923
185.905
238.47
272.378
285.967
288.726
287.33
284.752
282.087
279.689
277.647
275.966
274.648
273.683
273.051
272.735
272.735
273.044
273.65
274.534
275.707
277.156
278.857
280.78
282.919
285.257
287.772
290.432
293.246
296.197
299.246
302.35
305.497
308.666
311.826
314.935
318.01
321.034
323.97
326.77
329.444
331.987
334.385
336.61
338.711
340.699
342.552
344.24
345.794
347.23
348.544
349.719
350.816
351.854
352.81
353.653
354.418
355.121
355.758
356.309
356.833
357.342
357.811
358.204
358.556
358.88
359.17
359.407
359.646
359.892
360.118
360.29
360.442
360.58
360.697
360.778
360.873
360.984
361.084
361.145
361.2
361.25
361.286
361.297
361.325
361.37
361.408
361.418
361.427
361.436
361.436
361.419
361.418
361.43
361.437
361.425
361.412
361.401
361.385
361.359
361.341
361.332
361.322
361.301
361.279
361.257
361.234
361.208
361.179
361.15
361.125
361.1
361.075
361.041
361.036
360.976
5.47987
11.9958
28.2459
52.7193
74.5099
89.5681
108.952
151.545
206.138
244.229
261.054
265.416
264.551
261.974
259.082
256.371
253.992
251.974
250.327
249.039
248.092
247.464
247.153
247.148
247.437
248.001
248.844
249.955
251.31
252.882
254.663
256.636
258.781
261.069
263.508
266.082
268.758
271.496
274.285
277.107
279.934
282.728
285.503
288.244
290.917
293.478
295.932
298.275
300.49
302.554
304.507
306.359
308.09
309.671
311.129
312.478
313.714
314.822
315.856
316.833
317.735
318.533
319.257
319.922
320.525
321.049
321.546
322.028
322.473
322.848
323.184
323.493
323.77
323.999
324.228
324.463
324.679
324.847
324.994
325.129
325.243
325.324
325.417
325.523
325.62
325.683
325.738
325.788
325.825
325.839
325.868
325.912
325.95
325.963
325.974
325.984
325.986
325.972
325.973
325.985
325.993
325.983
325.972
325.963
325.949
325.926
325.91
325.902
325.892
325.874
325.854
325.834
325.813
325.789
325.763
325.736
325.714
325.69
325.667
325.636
325.631
325.576
3.95869
6.92991
14.0525
27.7462
44.5175
59.6061
79.0274
119.088
173.831
215.941
236.833
243.66
243.932
241.739
238.861
235.993
233.382
231.104
229.184
227.62
226.395
225.49
224.897
224.607
224.606
224.874
225.413
226.212
227.248
228.495
229.943
231.579
233.382
235.326
237.418
239.643
241.973
244.372
246.83
249.33
251.848
254.35
256.846
259.324
261.753
264.091
266.342
268.499
270.546
272.462
274.279
276.006
277.625
279.109
280.48
281.749
282.915
283.964
284.941
285.864
286.717
287.475
288.163
288.795
289.368
289.868
290.341
290.798
291.221
291.582
291.904
292.2
292.466
292.688
292.908
293.132
293.34
293.504
293.648
293.779
293.892
293.974
294.065
294.167
294.262
294.326
294.382
294.432
294.471
294.488
294.518
294.56
294.598
294.614
294.627
294.638
294.643
294.633
294.634
294.646
294.655
294.648
294.64
294.632
294.62
294.6
294.586
294.579
294.571
294.555
294.537
294.519
294.5
294.478
294.454
294.429
294.408
294.387
294.366
294.337
294.332
294.281
3.07739
4.48328
7.43327
13.6796
23.7155
35.7729
52.9748
88.2616
140.734
186.064
211.669
221.926
224.111
222.828
220.306
217.507
214.819
212.39
210.279
208.502
207.052
205.911
205.074
204.532
204.27
204.271
204.533
205.046
205.788
206.735
207.877
209.2
210.686
212.312
214.081
215.982
217.989
220.072
222.221
224.419
226.647
228.874
231.107
233.336
235.532
237.66
239.718
241.697
243.585
245.361
247.048
248.656
250.168
251.56
252.85
254.045
255.145
256.137
257.061
257.933
258.74
259.461
260.116
260.716
261.261
261.74
262.191
262.624
263.026
263.373
263.683
263.967
264.223
264.439
264.65
264.863
265.063
265.224
265.365
265.493
265.604
265.688
265.776
265.875
265.967
266.033
266.089
266.14
266.18
266.201
266.232
266.273
266.311
266.329
266.344
266.357
266.363
266.357
266.36
266.372
266.381
266.378
266.371
266.365
266.355
266.338
266.326
266.319
266.312
266.299
266.283
266.267
266.25
266.23
266.208
266.186
266.167
266.147
266.127
266.102
266.096
266.051
2.55077
3.21809
4.43991
6.94986
11.6374
18.9801
31.693
59.8902
107.056
153.832
184.279
198.886
203.89
204.193
202.491
200.075
197.528
195.103
192.916
191.013
189.406
188.087
187.054
186.301
185.815
185.582
185.598
185.853
186.328
187.003
187.864
188.899
190.093
191.425
192.895
194.494
196.201
197.988
199.846
201.76
203.713
205.68
207.662
209.652
211.626
213.55
215.42
217.228
218.961
220.598
222.16
223.65
225.057
226.36
227.569
228.691
229.726
230.664
231.536
232.357
233.119
233.804
234.425
234.995
235.514
235.972
236.4
236.81
237.192
237.524
237.822
238.094
238.339
238.549
238.752
238.954
239.145
239.303
239.441
239.566
239.675
239.76
239.847
239.941
240.03
240.097
240.154
240.206
240.247
240.272
240.302
240.342
240.38
240.401
240.418
240.432
240.44
240.438
240.442
240.453
240.463
240.462
240.458
240.454
240.446
240.432
240.421
240.415
240.409
240.398
240.384
240.37
240.355
240.337
240.318
240.298
240.28
240.262
240.244
240.221
240.214
240.174
2.23304
2.52146
3.02076
3.98132
5.82557
9.22812
16.5412
35.8243
74.2399
119.425
153.876
173.417
182.167
184.861
184.574
182.963
180.854
178.647
176.542
174.633
172.962
171.542
170.375
169.463
168.799
168.372
168.178
168.209
168.45
168.88
169.489
170.264
171.192
172.254
173.449
174.769
176.196
177.708
179.293
180.94
182.634
184.352
186.095
187.855
189.612
191.337
193.023
194.661
196.24
197.74
199.175
200.548
201.849
203.06
204.187
205.235
206.205
207.087
207.906
208.676
209.392
210.039
210.627
211.165
211.656
212.092
212.498
212.884
213.244
213.562
213.846
214.105
214.34
214.543
214.737
214.928
215.109
215.263
215.397
215.519
215.625
215.71
215.795
215.885
215.971
216.038
216.096
216.147
216.189
216.217
216.248
216.287
216.323
216.347
216.365
216.381
216.391
216.392
216.397
216.408
216.419
216.42
216.418
216.415
216.41
216.398
216.389
216.384
216.379
216.37
216.358
216.346
216.332
216.317
216.3
216.282
216.266
216.249
216.233
216.213
216.206
216.171
2.04418
2.12297
2.29787
2.64423
3.30821
4.6058
7.81999
18.2839
45.0285
84.3666
120.505
144.768
157.973
163.904
165.743
165.471
164.191
162.488
160.678
158.926
157.318
155.895
154.678
153.677
152.893
152.323
151.964
151.811
151.853
152.073
152.461
153.005
153.695
154.515
155.46
156.526
157.696
158.953
160.284
161.681
163.13
164.612
166.126
167.664
169.21
170.74
172.244
173.713
175.137
176.498
177.804
179.058
180.25
181.366
182.408
183.379
184.279
185.102
185.866
186.583
187.25
187.856
188.408
188.913
189.375
189.787
190.168
190.53
190.867
191.168
191.437
191.683
191.906
192.101
192.284
192.464
192.634
192.782
192.912
193.028
193.132
193.217
193.299
193.383
193.465
193.532
193.589
193.64
193.683
193.713
193.745
193.781
193.816
193.841
193.861
193.878
193.89
193.894
193.9
193.911
193.921
193.925
193.925
193.924
193.92
193.911
193.904
193.9
193.895
193.888
193.878
193.868
193.856
193.843
193.828
193.812
193.797
193.783
193.768
193.751
193.743
193.712
1.93663
1.89382
1.90926
1.99942
2.20873
2.64729
3.80476
8.13865
22.82
51.8262
85.5733
112.936
130.651
140.491
145.198
146.895
146.933
146.106
144.871
143.491
142.113
140.82
139.661
138.661
137.834
137.184
136.716
136.429
136.316
136.366
136.57
136.919
137.402
138.009
138.733
139.57
140.509
141.532
142.631
143.796
145.015
146.275
147.571
148.896
150.238
151.577
152.901
154.202
155.469
156.689
157.864
158.993
160.073
161.088
162.039
162.928
163.755
164.514
165.219
165.878
166.493
167.055
167.567
168.036
168.465
168.851
169.206
169.54
169.853
170.134
170.387
170.617
170.826
171.011
171.183
171.35
171.508
171.648
171.772
171.883
171.982
172.065
172.144
172.223
172.3
172.365
172.421
172.471
172.514
172.546
172.577
172.611
172.645
172.671
172.691
172.709
172.722
172.729
172.736
172.746
172.757
172.762
172.764
172.764
172.762
172.756
172.75
172.746
172.743
172.737
172.73
172.721
172.711
172.699
172.687
172.673
172.66
172.647
172.634
172.619
172.61
172.584
1.87971
1.7662
1.69697
1.67044
1.6973
1.81226
2.17571
3.62192
9.60125
26.1428
52.3643
79.2798
100.265
114.1
122.24
126.541
128.456
128.956
128.652
127.921
126.993
126.005
125.043
124.161
123.388
122.741
122.236
121.877
121.664
121.593
121.656
121.849
122.164
122.591
123.127
123.766
124.499
125.315
126.204
127.158
128.167
129.22
130.311
131.435
132.581
133.733
134.881
136.014
137.125
138.2
139.24
140.242
141.203
142.112
142.967
143.768
144.515
145.204
145.844
146.442
146.999
147.511
147.98
148.409
148.802
149.156
149.482
149.788
150.073
150.331
150.565
150.777
150.971
151.143
151.302
151.455
151.6
151.73
151.846
151.951
152.044
152.124
152.198
152.271
152.342
152.404
152.458
152.506
152.547
152.58
152.611
152.643
152.674
152.7
152.721
152.739
152.753
152.762
152.77
152.78
152.79
152.796
152.799
152.801
152.8
152.796
152.792
152.789
152.786
152.782
152.776
152.769
152.76
152.751
152.74
152.728
152.717
152.705
152.694
152.681
152.673
152.65
1.85262
1.70014
1.58446
1.50025
1.44748
1.43562
1.51509
1.933
3.80249
10.5092
25.7743
47.1945
68.2941
84.9744
96.5217
103.846
108.16
110.476
111.52
111.78
111.577
111.116
110.534
109.918
109.324
108.789
108.337
107.984
107.74
107.607
107.584
107.67
107.86
108.148
108.532
109.007
109.567
110.204
110.91
111.677
112.498
113.362
114.266
115.202
116.164
117.138
118.114
119.084
120.038
120.968
121.87
122.742
123.58
124.376
125.128
125.835
126.495
127.107
127.675
128.206
128.701
129.157
129.576
129.96
130.312
130.632
130.925
131.198
131.453
131.685
131.896
132.089
132.264
132.421
132.566
132.703
132.833
132.951
133.057
133.153
133.239
133.314
133.383
133.45
133.514
133.571
133.622
133.667
133.706
133.739
133.768
133.797
133.826
133.851
133.872
133.889
133.904
133.914
133.922
133.932
133.941
133.948
133.952
133.955
133.955
133.953
133.951
133.948
133.946
133.943
133.938
133.933
133.926
133.918
133.909
133.9
133.89
133.88
133.87
133.859
133.851
133.832
1.84139
1.6697
1.52947
1.41574
1.32561
1.26015
1.23418
1.31891
1.81077
3.7771
9.76679
21.9404
38.4158
54.9202
68.5965
78.7014
85.6464
90.1722
92.9756
94.6017
95.4457
95.7839
95.8068
95.6452
95.3888
95.0984
94.8166
94.5706
94.3822
94.2632
94.2207
94.2581
94.3764
94.574
94.8499
95.2022
95.6275
96.1199
96.6734
97.2822
97.9402
98.6398
99.3762
100.144
100.936
101.743
102.557
103.369
104.171
104.956
105.72
106.459
107.171
107.85
108.493
109.098
109.665
110.192
110.683
111.14
111.566
111.961
112.324
112.657
112.964
113.242
113.498
113.736
113.957
114.16
114.345
114.514
114.668
114.808
114.936
115.056
115.169
115.273
115.368
115.454
115.531
115.599
115.661
115.72
115.777
115.828
115.874
115.915
115.952
115.983
116.01
116.037
116.062
116.085
116.105
116.122
116.136
116.146
116.155
116.164
116.172
116.179
116.184
116.187
116.189
116.188
116.187
116.185
116.184
116.181
116.178
116.173
116.168
116.162
116.155
116.147
116.138
116.13
116.121
116.112
116.104
116.088
1.83747
1.65774
1.50597
1.3778
1.26991
1.18067
1.11322
1.08712
1.1783
1.64211
3.24946
7.62302
16.1893
28.125
40.8322
52.1421
61.1601
67.8788
72.6674
75.9689
78.1781
79.6086
80.4963
81.014
81.2874
81.4065
81.4364
81.4244
81.4014
81.392
81.4132
81.4765
81.5892
81.7551
81.9769
82.2554
82.5904
82.9791
83.4181
83.9032
84.4299
84.9929
85.5876
86.2093
86.8525
87.51
88.1744
88.8387
89.4966
90.1414
90.7691
91.3764
91.9612
92.5194
93.0487
93.5474
94.0149
94.4505
94.8558
95.2333
95.5851
95.9113
96.2125
96.4898
96.7446
96.9777
97.1918
97.3898
97.574
97.7438
97.8998
98.0424
98.1728
98.2913
98.4002
98.5017
98.5971
98.6854
98.7664
98.84
98.9067
98.9664
99.0207
99.0715
99.1195
99.1638
99.2042
99.2404
99.2726
99.3005
99.3255
99.3487
99.3709
99.391
99.4088
99.4241
99.4371
99.4475
99.4563
99.4642
99.4718
99.4781
99.4831
99.4865
99.4886
99.489
99.4886
99.4876
99.4864
99.4846
99.4821
99.4787
99.4746
99.4697
99.4641
99.4577
99.4509
99.4438
99.4366
99.4289
99.4219
99.4082
1.83635
1.65389
1.49762
1.36332
1.24763
1.14813
1.06419
0.999971
0.973936
1.04377
1.37437
2.40593
5.03671
10.2612
18.1211
27.3751
36.4617
44.3847
50.8048
55.773
59.505
62.2525
64.2456
65.6745
66.6901
67.4089
67.9192
68.2874
68.5635
68.7834
68.973
69.1547
69.3438
69.5512
69.7846
70.0493
70.3485
70.6833
71.0532
71.4562
71.8899
72.3509
72.8357
73.3403
73.8604
74.3904
74.9248
75.4574
75.9832
76.497
76.9952
77.475
77.9348
78.3724
78.7861
79.175
79.5388
79.8776
80.1924
80.4849
80.757
81.0095
81.2432
81.4587
81.6571
81.8394
82.0072
82.1623
82.3065
82.44
82.5633
82.6765
82.7805
82.8757
82.9633
83.0446
83.1209
83.1919
83.2575
83.3176
83.3724
83.4219
83.4671
83.5088
83.5481
83.5845
83.618
83.6483
83.6756
83.6995
83.7211
83.7407
83.7591
83.776
83.7912
83.8045
83.8159
83.8253
83.8334
83.8404
83.8469
83.8524
83.8569
83.8602
83.8624
83.8634
83.8636
83.8631
83.8622
83.8609
83.8591
83.8566
83.8534
83.8496
83.8452
83.8402
83.8348
83.829
83.8231
83.8167
83.8106
83.7988
1.83609
1.6529
1.49526
1.35888
1.24033
1.13696
1.04696
0.97006
0.90955
0.87752
0.906797
1.08064
1.60154
2.88608
5.52869
9.9276
15.8527
22.5075
29.0246
34.8427
39.7454
43.7311
46.8982
49.3793
51.3084
52.8046
53.9673
54.8766
55.5973
56.1794
56.6633
57.0764
57.4424
57.7812
58.1072
58.4313
58.7614
59.103
59.459
59.8306
60.2178
60.6193
61.0331
61.4563
61.8858
62.3174
62.747
63.1697
63.5817
63.9794
64.36
64.7216
65.0635
65.3848
65.6855
65.9652
66.2247
66.4647
66.6864
66.8911
67.0807
67.2563
67.4189
67.569
67.7077
67.8356
67.9539
68.0635
68.1656
68.2607
68.3492
68.4311
68.5069
68.5768
68.6416
68.7018
68.7583
68.8112
68.8606
68.9061
68.9481
68.9863
69.0215
69.0539
69.0842
69.1123
69.1385
69.1624
69.184
69.2033
69.2208
69.2366
69.2512
69.2646
69.2768
69.2876
69.297
69.305
69.3119
69.3177
69.3229
69.3274
69.3313
69.3341
69.3362
69.3373
69.3378
69.3376
69.337
69.336
69.3347
69.3327
69.3303
69.3274
69.3241
69.3202
69.316
69.3114
69.3066
69.3016
69.2964
69.2869
1.83604
1.65269
1.49473
1.35782
1.23848
1.13395
1.04211
0.961507
0.89167
0.83403
0.794204
0.786649
0.844936
1.0443
1.53962
2.59428
4.52681
7.53309
11.5131
16.0788
20.7452
25.1271
29.0171
32.3526
35.1536
37.4757
39.3875
40.9579
42.2517
43.3248
44.2242
44.9874
45.6456
46.2209
46.7351
47.2059
47.6468
48.068
48.477
48.8782
49.2748
49.6681
50.0581
50.4432
50.8217
51.1909
51.5477
51.8889
52.212
52.5147
52.7959
53.0549
53.292
53.508
53.7043
53.8818
54.0423
54.1873
54.3188
54.4381
54.5472
54.6473
54.7398
54.8252
54.9044
54.978
55.0467
55.1109
55.1714
55.2284
55.2824
55.333
55.3807
55.4254
55.4674
55.5069
55.5442
55.5796
55.613
55.6443
55.6735
55.7006
55.7257
55.749
55.7707
55.791
55.81
55.8275
55.8436
55.8581
55.8715
55.8834
55.8944
55.9045
55.9138
55.922
55.9293
55.9356
55.9412
55.9458
55.9499
55.9534
55.9564
55.9587
55.9604
55.9615
55.9621
55.9621
55.9617
55.961
55.9599
55.9585
55.9567
55.9545
55.952
55.9491
55.9459
55.9424
55.9387
55.9347
55.9305
55.9226
1.83603
1.65264
1.49462
1.3576
1.23811
1.13333
1.04107
0.95962
0.887687
0.824444
0.769912
0.725759
0.696766
0.693711
0.7392
0.878597
1.19542
1.82156
2.91997
4.62339
6.95888
9.81192
12.962
16.1622
19.2138
21.9979
24.4686
26.6262
28.4946
30.1056
31.4933
32.6908
33.7293
34.6373
35.4385
36.1498
36.7894
37.3724
37.9101
38.4113
38.8821
39.3269
39.7479
40.1456
40.5196
40.8685
41.1911
41.4855
41.751
41.9872
42.1946
42.3742
42.5281
42.6586
42.7686
42.8606
42.9373
43.0015
43.0555
43.1013
43.1409
43.1759
43.2076
43.2367
43.2641
43.2903
43.3158
43.3406
43.365
43.3891
43.4131
43.4368
43.4601
43.483
43.5054
43.5271
43.5483
43.5689
43.589
43.6082
43.6266
43.6442
43.6609
43.6765
43.6913
43.7052
43.7185
43.7308
43.7423
43.7529
43.7627
43.7717
43.7799
43.7874
43.7943
43.8006
43.8062
43.8111
43.8156
43.8193
43.8226
43.8254
43.8278
43.8297
43.8312
43.8322
43.8329
43.8332
43.8331
43.8327
43.832
43.8311
43.8298
43.8283
43.8266
43.8245
43.8222
43.8197
43.817
43.8141
43.8109
43.805
1.83602
1.65261
1.49457
1.35754
1.23801
1.13321
1.04088
0.959295
0.887007
0.822799
0.765703
0.715131
0.671065
0.634423
0.607731
0.596357
0.610754
0.670405
0.809389
1.08131
1.55908
2.32235
3.43317
4.90903
6.70945
8.74264
10.8905
13.0372
15.093
17.0019
18.7402
20.3056
21.7086
22.9648
24.0899
25.1001
26.0085
26.8241
27.5607
28.2295
28.8395
29.3973
29.9069
30.3707
30.7897
31.1646
31.4956
31.7834
32.0294
32.2354
32.4045
32.5396
32.6447
32.7238
32.7812
32.8205
32.8457
32.8599
32.8661
32.8667
32.8638
32.8589
32.8535
32.8484
32.8443
32.8416
32.8407
32.8416
32.8442
32.8485
32.8546
32.862
32.8708
32.8805
32.8913
32.9026
32.9143
32.9264
32.9388
32.9512
32.9636
32.9757
32.9877
32.9993
33.0104
33.0211
33.0314
33.0411
33.0503
33.059
33.0673
33.0749
33.0819
33.0884
33.0945
33.1
33.105
33.1096
33.1138
33.1175
33.1207
33.1235
33.126
33.1281
33.1298
33.1312
33.1323
33.1331
33.1335
33.1337
33.1337
33.1334
33.1328
33.1321
33.1311
33.1299
33.1285
33.1269
33.1252
33.1233
33.1211
33.1167
1.83602
1.65258
1.49453
1.35749
1.23796
1.13314
1.04082
0.959218
0.886887
0.822557
0.765124
0.713682
0.667519
0.626145
0.589338
0.557267
0.530715
0.511444
0.502839
0.510943
0.54613
0.625107
0.772639
1.02154
1.40952
1.97209
2.73359
3.69904
4.8507
6.15009
7.54535
8.98058
10.4052
11.7798
13.0787
14.2889
15.4066
16.4355
17.3787
18.2376
19.0188
19.7268
20.3649
20.9355
21.4409
21.8833
22.2659
22.5921
22.8661
23.0927
23.2771
23.4242
23.5393
23.6274
23.6931
23.7407
23.774
23.7963
23.8104
23.8187
23.823
23.8249
23.8257
23.8263
23.8272
23.829
23.8321
23.8365
23.8422
23.8493
23.8577
23.8673
23.8779
23.8894
23.9017
23.9146
23.9278
23.9412
23.9549
23.9685
23.982
23.9954
24.0086
24.0214
24.0338
24.0457
24.0572
24.0681
24.0785
24.0885
24.0979
24.1067
24.115
24.1227
24.1299
24.1366
24.1427
24.1484
24.1537
24.1585
24.1628
24.1667
24.1702
24.1733
24.1761
24.1785
24.1806
24.1823
24.1838
24.1849
24.1858
24.1865
24.1869
24.1871
24.1871
24.1869
24.1865
24.1859
24.1851
24.1842
24.183
24.1803
1.83601
1.65256
1.4945
1.35745
1.23791
1.1331
1.04077
0.95917
0.886834
0.822489
0.765021
0.713489
0.667109
0.625232
0.587323
0.552961
0.521838
0.493789
0.468829
0.447244
0.429715
0.417533
0.412921
0.419537
0.443153
0.492341
0.578961
0.718018
0.926696
1.22225
1.61928
2.12684
2.74631
3.47038
4.28364
5.16413
6.08627
7.02395
7.95288
8.85414
9.70865
10.504
11.2344
11.8984
12.497
13.0336
13.5123
13.9377
14.3145
14.6472
14.9403
15.1976
15.423
15.62
15.7919
15.9417
16.0723
16.1862
16.2857
16.3731
16.45
16.5181
16.579
16.6337
16.6833
16.7287
16.7707
16.8097
16.8463
16.8809
16.9137
16.9449
16.9748
17.0035
17.0312
17.0577
17.0833
17.1078
17.1314
17.1541
17.1758
17.1967
17.2166
17.2357
17.2538
17.2711
17.2875
17.303
17.3176
17.3315
17.3446
17.3568
17.3683
17.3791
17.3891
17.3985
17.4072
17.4153
17.4227
17.4296
17.4359
17.4417
17.447
17.4518
17.4562
17.4601
17.4636
17.4668
17.4695
17.472
17.4741
17.4759
17.4774
17.4787
17.4797
17.4805
17.4811
17.4814
17.4816
17.4816
17.4814
17.48
1.83601
1.65254
1.49448
1.35742
1.23788
1.13307
1.04074
0.959139
0.886801
0.822453
0.764979
0.713437
0.667039
0.62512
0.587123
0.552576
0.521078
0.492293
0.465943
0.441803
0.419709
0.399566
0.381367
0.365226
0.351425
0.340492
0.333306
0.331261
0.33649
0.35212
0.382514
0.433396
0.511827
0.625907
0.784192
0.994783
1.26436
1.5972
1.99444
2.45372
2.97001
3.5346
4.13521
4.75847
5.391
6.02041
6.63587
7.22854
7.79166
8.32046
8.812
9.26489
9.67897
10.0551
10.3949
10.7005
10.9743
11.219
11.4372
11.6316
11.8047
11.959
12.0967
12.2198
12.3301
12.4293
12.5189
12.5999
12.6737
12.7411
12.8028
12.8597
12.9123
12.9611
13.0065
13.0488
13.0884
13.1255
13.1604
13.1931
13.2239
13.253
13.2803
13.306
13.3302
13.3531
13.3745
13.3947
13.4137
13.4315
13.4482
13.4638
13.4784
13.4921
13.5048
13.5167
13.5277
13.538
13.5475
13.5563
13.5644
13.5718
13.5787
13.5849
13.5907
13.5959
13.6006
13.6049
13.6087
13.6122
13.6152
13.6179
13.6203
13.6224
13.6242
13.6257
13.627
13.6281
13.6289
13.6296
13.63
13.6293
1.83601
1.65254
1.49448
1.35742
1.23788
1.13307
1.04074
0.959138
0.886801
0.822453
0.764979
0.713438
0.667039
0.625121
0.587124
0.552577
0.52108
0.492296
0.465948
0.441811
0.419722
0.399586
0.381396
0.365266
0.351476
0.340549
0.333352
0.331258
0.336365
0.351744
0.381664
0.43173
0.50885
0.620941
0.77637
0.983118
1.24783
1.57485
1.96551
2.41775
2.92709
3.48483
4.07905
4.69668
5.32452
5.95024
6.56301
7.15389
7.71601
8.24445
8.73615
9.18957
9.6045
9.9817
10.3227
10.6296
10.9047
11.1508
11.3703
11.566
11.7405
11.896
12.0348
12.1591
12.2704
12.3706
12.4611
12.543
12.6176
12.6857
12.7482
12.8058
12.8589
12.9083
12.9542
12.997
13.037
13.0746
13.1098
13.1429
13.174
13.2033
13.2309
13.2569
13.2814
13.3044
13.326
13.3464
13.3655
13.3835
13.4003
13.4161
13.4308
13.4446
13.4575
13.4694
13.4806
13.4909
13.5005
13.5093
13.5175
13.525
13.5319
13.5382
13.544
13.5492
13.554
13.5583
13.5622
13.5656
13.5687
13.5715
13.5739
13.576
13.5778
13.5794
13.5807
13.5818
13.5826
13.5833
13.5838
13.5832
1.83601
1.65256
1.4945
1.35744
1.23791
1.1331
1.04077
0.959169
0.886834
0.822489
0.765021
0.71349
0.667111
0.625235
0.58733
0.552974
0.521864
0.493834
0.468907
0.44737
0.429913
0.417825
0.413322
0.420042
0.443697
0.492736
0.578804
0.716605
0.922939
1.21464
1.60595
2.10571
2.71532
3.42771
4.22788
5.09453
6.00277
6.92707
7.84379
8.73378
9.57793
10.3643
11.087
11.7444
12.3377
12.8698
13.345
13.7678
14.1427
14.4743
14.7667
15.024
15.2499
15.4477
15.6208
15.772
15.9042
16.0199
16.1213
16.2105
16.2893
16.3594
16.4221
16.4786
16.5301
16.5772
16.6208
16.6614
16.6994
16.7354
16.7695
16.802
16.8331
16.8629
16.8915
16.919
16.9454
16.9708
16.9951
17.0185
17.0409
17.0624
17.0829
17.1024
17.121
17.1387
17.1555
17.1714
17.1864
17.2006
17.2139
17.2264
17.2382
17.2492
17.2594
17.269
17.2779
17.2861
17.2937
17.3007
17.3071
17.313
17.3184
17.3233
17.3278
17.3318
17.3354
17.3386
17.3414
17.3439
17.3461
17.348
17.3496
17.3509
17.352
17.3528
17.3535
17.3539
17.3542
17.3542
17.3541
17.3527
1.83602
1.65258
1.49453
1.35749
1.23796
1.13314
1.04082
0.959217
0.886887
0.822558
0.765127
0.713689
0.667536
0.626182
0.589415
0.557418
0.530992
0.51193
0.503641
0.512195
0.54796
0.627555
0.775475
1.02404
1.41018
1.96848
2.72241
3.67661
4.81358
6.09561
7.47196
8.88803
10.2943
11.652
12.9358
14.1328
15.2391
16.2583
17.1925
18.0439
18.8187
19.5213
20.1549
20.7218
21.2241
21.6641
22.0448
22.3695
22.6426
22.8685
23.0523
23.1991
23.3143
23.4026
23.4687
23.5169
23.5509
23.574
23.589
23.5982
23.6036
23.6066
23.6085
23.6101
23.6122
23.6152
23.6192
23.6246
23.6314
23.6395
23.6488
23.6593
23.6708
23.6831
23.6961
23.7096
23.7235
23.7377
23.7519
23.7661
23.7802
23.794
23.8076
23.8207
23.8335
23.8458
23.8576
23.8688
23.8796
23.8897
23.8993
23.9083
23.9168
23.9246
23.932
23.9388
23.9451
23.9509
23.9563
23.9611
23.9655
23.9695
23.9731
23.9762
23.9791
23.9815
23.9836
23.9854
23.9869
23.9882
23.9891
23.9898
23.9903
23.9906
23.9907
23.9905
23.9902
23.9898
23.9891
23.9883
23.9872
23.9846
1.83602
1.65261
1.49457
1.35754
1.23801
1.1332
1.04088
0.959295
0.88701
0.822809
0.76573
0.715198
0.671221
0.634758
0.608404
0.597626
0.61302
0.674228
0.815369
1.0898
1.56951
2.33246
3.4385
4.90346
6.6864
8.69661
10.818
12.9374
14.9671
16.8523
18.5697
20.1171
21.5048
22.748
23.8621
24.8634
25.764
26.5732
27.3046
27.9694
28.5763
29.1315
29.6391
30.1014
30.5196
30.8939
31.2247
31.5127
31.7589
31.9655
32.135
32.2707
32.3766
32.4564
32.5144
32.5544
32.5802
32.5949
32.6016
32.6027
32.6003
32.5959
32.5909
32.5862
32.5825
32.5802
32.5796
32.5808
32.5838
32.5885
32.5949
32.6026
32.6117
32.6218
32.6327
32.6443
32.6564
32.6687
32.6813
32.6939
32.7064
32.7187
32.7307
32.7424
32.7536
32.7644
32.7747
32.7845
32.7938
32.8026
32.8107
32.8184
32.8255
32.832
32.838
32.8435
32.8486
32.8531
32.8572
32.8609
32.8641
32.8669
32.8694
32.8714
32.8732
32.8745
32.8756
32.8764
32.8769
32.8771
32.877
32.8768
32.8763
32.8756
32.8747
32.8737
32.8725
32.8711
32.8695
32.8678
32.8657
32.8615
1.83603
1.65264
1.49462
1.3576
1.23811
1.13333
1.04107
0.959629
0.887714
0.824521
0.770115
0.726251
0.697867
0.696011
0.743725
0.887
1.20986
1.84371
2.94875
4.65303
6.97884
9.80975
12.9272
16.0889
19.1011
21.8483
24.2863
26.416
28.261
29.8528
31.2248
32.4097
33.4381
34.3381
35.1327
35.8385
36.4741
37.0538
37.5891
38.0883
38.5578
39.0016
39.4219
39.8194
40.1934
40.5427
40.8657
41.1609
41.4274
41.6648
41.8735
42.0547
42.2101
42.342
42.4532
42.5462
42.624
42.6891
42.7439
42.7905
42.8307
42.8662
42.8981
42.9274
42.955
42.9814
43.0069
43.0318
43.0563
43.0804
43.1043
43.1278
43.1511
43.174
43.1964
43.2181
43.2393
43.2597
43.2795
43.2985
43.3167
43.3341
43.3506
43.3662
43.3809
43.3947
43.4076
43.4197
43.431
43.4414
43.4511
43.4599
43.468
43.4753
43.482
43.4881
43.4935
43.4983
43.5026
43.5063
43.5095
43.5121
43.5144
43.5162
43.5175
43.5185
43.5192
43.5194
43.5193
43.5189
43.5183
43.5173
43.5161
43.5147
43.5131
43.5113
43.5093
43.507
43.5046
43.5019
43.4988
43.493
1.83604
1.65269
1.49473
1.35782
1.23848
1.13396
1.04213
0.961568
0.891839
0.834493
0.795386
0.789452
0.851187
1.05747
1.56521
2.63801
4.5888
7.60191
11.567
16.095
20.7084
25.0325
28.8672
32.1541
34.9143
37.2033
39.0887
40.6386
41.9167
42.9776
43.8675
44.6234
45.276
45.8467
46.3576
46.826
47.2651
47.6847
48.0923
48.4924
48.8882
49.281
49.6707
50.056
50.4347
50.8041
51.1612
51.5031
51.8273
52.1316
52.4147
52.6757
52.9149
53.1327
53.3305
53.5095
53.6716
53.8182
53.9512
54.072
54.1822
54.283
54.3758
54.4614
54.5409
54.6149
54.684
54.7485
54.809
54.8658
54.9193
54.9697
55.0172
55.062
55.1041
55.1436
55.1807
55.2154
55.2481
55.2787
55.3075
55.3343
55.3593
55.3825
55.4039
55.4238
55.4422
55.4591
55.4748
55.4891
55.5022
55.5141
55.5248
55.5345
55.5433
55.5511
55.5581
55.5643
55.5697
55.5743
55.5782
55.5814
55.5841
55.5861
55.5877
55.5887
55.5893
55.5894
55.589
55.5883
55.5872
55.5857
55.584
55.582
55.5797
55.5772
55.5744
55.5713
55.568
55.5644
55.5602
55.5525
1.8361
1.6529
1.49527
1.3589
1.24037
1.13701
1.04707
0.970352
0.910356
0.87972
0.912453
1.09447
1.63327
2.95027
5.63391
10.0594
15.9727
22.5743
29.013
34.7471
39.5725
43.4927
46.607
49.0472
50.9456
52.4191
53.5653
54.4626
55.1745
55.7501
56.2288
56.6377
57.0009
57.3378
57.6624
57.9854
58.3144
58.6546
59.0091
59.3794
59.7655
60.1664
60.58
61.003
61.4322
61.8635
62.2928
62.7158
63.1288
63.5282
63.9112
64.2753
64.6195
64.9427
65.2451
65.5266
65.7882
66.0306
66.2549
66.4618
66.6529
66.8294
66.9924
67.143
67.2824
67.4114
67.5307
67.6409
67.743
67.8376
67.9255
68.0071
68.083
68.1534
68.2187
68.279
68.3348
68.3866
68.4348
68.4794
68.5208
68.5591
68.5945
68.6268
68.6565
68.6838
68.709
68.732
68.7532
68.7724
68.7899
68.8056
68.8197
68.8324
68.8439
68.8541
68.8633
68.8713
68.8782
68.884
68.8889
68.8929
68.8962
68.8988
68.9007
68.9019
68.9025
68.9025
68.9019
68.9008
68.8993
68.8974
68.8951
68.8925
68.8895
68.8863
68.8826
68.8787
68.8744
68.8697
68.8645
68.8547
1.83636
1.65391
1.49766
1.3634
1.24776
1.14834
1.06463
1.00108
0.977122
1.05285
1.39928
2.46909
5.16895
10.4667
18.3484
27.5485
36.5295
44.3319
50.6405
55.5163
59.1766
61.8705
63.8247
65.226
66.2227
66.9288
67.4307
67.7931
68.0648
68.2808
68.4674
68.6468
68.8343
69.0407
69.2735
69.5372
69.8348
70.1674
70.5349
70.9357
71.3678
71.8279
72.3122
72.8161
73.335
73.8637
74.397
74.9294
75.4561
75.9721
76.4734
76.9561
77.4181
77.8574
78.2729
78.6639
79.0305
79.3728
79.6914
79.9869
80.2607
80.5139
80.7482
80.9645
81.1643
81.3485
81.5183
81.6743
81.8182
81.9508
82.0735
82.1866
82.2912
82.3876
82.4763
82.5577
82.6327
82.7018
82.7658
82.8249
82.8794
82.9295
82.9754
83.017
83.0552
83.0902
83.1224
83.1518
83.1786
83.2029
83.2249
83.2444
83.2619
83.2777
83.292
83.3047
83.3159
83.3257
83.3341
83.341
83.3468
83.3515
83.3555
83.3584
83.3606
83.362
83.3625
83.3622
83.3612
83.3597
83.3577
83.3552
83.3523
83.349
83.3452
83.3411
83.3365
83.3315
83.3262
83.3203
83.3139
83.3015
1.83749
1.65781
1.50612
1.37806
1.2703
1.18131
1.11457
1.09079
1.18975
1.67806
3.3524
7.8505
16.532
28.474
41.0706
52.215
61.0679
67.6484
72.3316
75.5568
77.7126
79.1063
79.9693
80.4709
80.7342
80.8476
80.8742
80.8596
80.8336
80.8215
80.8403
80.9015
81.0126
81.1776
81.3986
81.6753
82.0073
82.3923
82.8276
83.3094
83.8337
84.3955
84.9896
85.6099
86.2506
86.9055
87.5682
88.232
88.8909
89.5389
90.1706
90.7812
91.3678
91.9275
92.4587
92.9599
93.431
93.8716
94.2822
94.6632
95.0163
95.343
95.645
95.9234
96.1803
96.4167
96.6339
96.8329
97.016
97.1846
97.34
97.4829
97.6146
97.7355
97.8462
97.9473
98.0403
98.126
98.2051
98.2778
98.3448
98.406
98.4617
98.5121
98.5582
98.6005
98.6392
98.6745
98.7066
98.7356
98.7615
98.7844
98.805
98.8236
98.8403
98.8551
98.8682
98.8794
98.8889
98.8966
98.903
98.9083
98.9126
98.9157
98.918
98.9192
98.9194
98.9186
98.917
98.9149
98.9123
98.909
98.9053
98.9011
98.8964
98.8912
98.8855
98.8793
98.8728
98.8655
98.8579
98.8428
1.84147
1.66992
1.5299
1.41641
1.32663
1.26183
1.23791
1.33032
1.85128
3.9125
10.0987
22.453
38.9263
55.2577
68.6993
78.5875
85.3634
89.7688
92.4907
94.0627
94.8712
95.1864
95.195
95.0247
94.7637
94.4715
94.1885
93.9409
93.7496
93.6274
93.5816
93.616
93.7319
93.9282
94.2027
94.5517
94.9718
95.4585
96.0069
96.6112
97.266
97.9646
98.7003
99.4655
100.254
101.057
101.869
102.68
103.484
104.274
105.043
105.785
106.498
107.179
107.824
108.432
109.004
109.538
110.035
110.496
110.923
111.317
111.681
112.017
112.326
112.61
112.87
113.108
113.327
113.528
113.713
113.883
114.039
114.183
114.313
114.432
114.541
114.642
114.735
114.82
114.898
114.969
115.034
115.092
115.145
115.194
115.238
115.278
115.315
115.348
115.377
115.403
115.426
115.447
115.465
115.482
115.496
115.508
115.519
115.527
115.533
115.539
115.543
115.546
115.548
115.549
115.548
115.547
115.544
115.542
115.538
115.534
115.529
115.524
115.518
115.512
115.505
115.497
115.489
115.48
115.472
115.453
1.85284
1.70072
1.58548
1.5018
1.44982
1.43968
1.52511
1.96869
3.94218
10.9176
26.4744
47.9239
68.7929
85.1561
96.4207
103.534
107.707
109.932
110.92
111.144
110.918
110.443
109.853
109.232
108.636
108.101
107.648
107.293
107.044
106.906
106.879
106.96
107.146
107.432
107.814
108.283
108.836
109.465
110.164
110.925
111.742
112.606
113.509
114.442
115.398
116.367
117.341
118.311
119.268
120.204
121.113
121.988
122.827
123.624
124.379
125.089
125.755
126.377
126.954
127.487
127.981
128.437
128.858
129.245
129.601
129.927
130.225
130.498
130.748
130.979
131.191
131.385
131.563
131.726
131.874
132.008
132.132
132.246
132.351
132.447
132.535
132.615
132.686
132.751
132.81
132.864
132.913
132.958
132.998
133.034
133.066
133.093
133.118
133.141
133.161
133.178
133.194
133.206
133.216
133.224
133.231
133.236
133.24
133.243
133.244
133.244
133.243
133.24
133.237
133.233
133.228
133.223
133.217
133.211
133.203
133.196
133.187
133.178
133.169
133.158
133.148
133.126
1.88027
1.76749
1.69913
1.67374
1.70245
1.82197
2.20328
3.73365
10.0082
26.9976
53.3718
80.0339
100.605
114.067
121.938
126.063
127.869
128.306
127.965
127.211
126.267
125.27
124.303
123.417
122.642
121.996
121.489
121.126
120.906
120.827
120.884
121.07
121.379
121.804
122.336
122.966
123.689
124.495
125.376
126.323
127.328
128.381
129.472
130.591
131.729
132.876
134.022
135.156
136.271
137.356
138.404
139.409
140.369
141.279
142.138
142.943
143.697
144.399
145.049
145.648
146.203
146.714
147.185
147.618
148.016
148.38
148.712
149.015
149.294
149.55
149.786
150.001
150.199
150.378
150.541
150.689
150.826
150.951
151.067
151.172
151.268
151.355
151.432
151.502
151.566
151.624
151.678
151.725
151.769
151.806
151.839
151.868
151.894
151.918
151.939
151.957
151.972
151.985
151.994
152.002
152.008
152.013
152.016
152.018
152.018
152.017
152.015
152.011
152.006
152.001
151.995
151.989
151.982
151.974
151.965
151.956
151.946
151.935
151.924
151.912
151.901
151.874
1.93781
1.89638
1.91353
2.00626
2.22026
2.67142
3.88221
8.45271
23.6963
53.116
86.6966
113.557
130.775
140.253
144.73
146.291
146.25
145.38
144.121
142.724
141.335
140.034
138.87
137.865
137.035
136.384
135.914
135.619
135.495
135.534
135.729
136.069
136.545
137.148
137.868
138.693
139.617
140.629
141.719
142.876
144.091
145.352
146.648
147.967
149.299
150.632
151.956
153.258
154.531
155.764
156.949
158.08
159.157
160.174
161.13
162.025
162.86
163.635
164.351
165.011
165.62
166.181
166.697
167.171
167.606
168.003
168.365
168.695
168.999
169.279
169.535
169.769
169.984
170.178
170.354
170.513
170.661
170.796
170.921
171.033
171.136
171.228
171.31
171.384
171.452
171.513
171.57
171.62
171.665
171.704
171.737
171.766
171.794
171.818
171.839
171.857
171.872
171.884
171.892
171.899
171.904
171.908
171.911
171.911
171.911
171.908
171.904
171.899
171.893
171.887
171.88
171.872
171.863
171.854
171.843
171.832
171.821
171.808
171.796
171.781
171.769
171.738
2.04646
2.12777
2.30619
2.65877
3.33534
4.66767
8.02327
18.9797
46.4432
85.931
121.569
145.183
157.887
163.5
165.155
164.78
163.443
161.711
159.883
158.116
156.496
155.064
153.841
152.833
152.045
151.472
151.108
150.942
150.969
151.175
151.551
152.084
152.765
153.58
154.519
155.568
156.721
157.964
159.286
160.675
162.119
163.605
165.119
166.648
168.182
169.708
171.213
172.685
174.116
175.494
176.813
178.066
179.254
180.372
181.42
182.398
183.309
184.151
184.927
185.641
186.301
186.907
187.464
187.974
188.443
188.87
189.259
189.613
189.94
190.239
190.514
190.764
190.994
191.201
191.387
191.556
191.714
191.858
191.989
192.108
192.217
192.313
192.399
192.475
192.546
192.61
192.668
192.719
192.766
192.805
192.838
192.867
192.895
192.919
192.94
192.957
192.972
192.982
192.989
192.994
192.999
193.002
193.003
193.003
193.001
192.997
192.991
192.984
192.977
192.969
192.96
192.951
192.941
192.93
192.918
192.905
192.892
192.877
192.864
192.847
192.834
192.796
2.23716
2.53025
3.03743
4.01415
5.89209
9.37823
16.9817
37.0171
76.1109
121.082
154.781
173.622
181.91
184.339
183.908
182.217
180.064
177.835
175.714
173.79
172.105
170.673
169.498
168.576
167.905
167.473
167.27
167.283
167.504
167.917
168.511
169.272
170.188
171.245
172.431
173.731
175.137
176.634
178.209
179.847
181.537
183.26
185.004
186.753
188.497
190.219
191.908
193.55
195.138
196.659
198.108
199.479
200.774
201.989
203.124
204.179
205.161
206.066
206.899
207.663
208.369
209.016
209.611
210.155
210.655
211.109
211.521
211.897
212.244
212.562
212.854
213.118
213.361
213.579
213.775
213.952
214.118
214.269
214.407
214.531
214.644
214.743
214.831
214.909
214.982
215.048
215.107
215.159
215.206
215.245
215.278
215.306
215.333
215.357
215.377
215.393
215.407
215.416
215.422
215.425
215.429
215.43
215.43
215.428
215.425
215.419
215.411
215.402
215.394
215.384
215.374
215.363
215.351
215.339
215.325
215.311
215.296
215.279
215.264
215.245
215.231
215.188
2.55795
3.2344
4.47527
7.02777
11.793
19.2849
32.4497
61.5844
109.241
155.451
184.994
198.915
203.513
203.598
201.779
199.299
196.715
194.271
192.068
190.146
188.52
187.187
186.141
185.374
184.877
184.637
184.64
184.872
185.322
185.976
186.82
187.837
189.017
190.343
191.801
193.376
195.058
196.83
198.677
200.581
202.531
204.506
206.49
208.466
210.426
212.349
214.224
216.037
217.782
219.444
221.021
222.507
223.906
225.214
226.433
227.563
228.612
229.576
230.462
231.274
232.024
232.711
233.341
233.917
234.446
234.924
235.36
235.755
236.122
236.457
236.764
237.041
237.296
237.523
237.728
237.912
238.086
238.243
238.386
238.514
238.631
238.732
238.821
238.9
238.975
239.042
239.102
239.154
239.201
239.239
239.271
239.298
239.325
239.347
239.367
239.381
239.394
239.401
239.405
239.407
239.409
239.409
239.408
239.404
239.399
239.391
239.381
239.371
239.361
239.35
239.338
239.325
239.311
239.297
239.282
239.265
239.249
239.23
239.213
239.192
239.177
239.128
3.08977
4.51488
7.51302
13.8595
24.024
36.2683
54.063
90.3959
143.096
187.574
212.21
221.829
223.664
222.199
219.579
216.722
214
211.551
209.421
207.619
206.144
204.985
204.132
203.571
203.294
203.285
203.53
204.013
204.725
205.649
206.769
208.071
209.54
211.159
212.914
214.786
216.766
218.832
220.969
223.157
225.383
227.621
229.856
232.069
234.25
236.379
238.444
240.43
242.333
244.137
245.842
247.442
248.945
250.345
251.646
252.849
253.965
254.988
255.926
256.785
257.578
258.303
258.968
259.574
260.131
260.634
261.091
261.506
261.892
262.243
262.564
262.854
263.12
263.356
263.568
263.76
263.94
264.103
264.25
264.382
264.502
264.604
264.694
264.774
264.851
264.918
264.978
265.03
265.076
265.113
265.143
265.169
265.196
265.217
265.235
265.248
265.259
265.264
265.266
265.266
265.267
265.266
265.263
265.257
265.25
265.24
265.229
265.216
265.205
265.192
265.179
265.164
265.149
265.132
265.115
265.097
265.079
265.058
265.04
265.015
265
264.945
3.98031
6.99499
14.2345
28.1085
45.0143
60.2838
80.4263
121.578
176.268
217.322
237.244
243.491
243.459
241.109
238.142
235.219
232.572
230.27
228.326
226.731
225.476
224.547
223.933
223.62
223.599
223.853
224.37
225.134
226.134
227.354
228.777
230.387
232.171
234.108
236.182
238.374
240.673
243.055
245.502
247.991
250.508
253.024
255.522
257.982
260.395
262.737
264.998
267.162
269.227
271.176
273.011
274.728
276.337
277.83
279.216
280.494
281.677
282.759
283.751
284.657
285.494
286.258
286.959
287.596
288.182
288.71
289.189
289.624
290.029
290.396
290.732
291.034
291.312
291.557
291.776
291.974
292.161
292.329
292.481
292.616
292.739
292.842
292.933
293.014
293.092
293.159
293.219
293.27
293.316
293.351
293.38
293.405
293.43
293.45
293.467
293.479
293.488
293.491
293.491
293.489
293.489
293.485
293.481
293.473
293.465
293.453
293.439
293.425
293.411
293.397
293.382
293.365
293.348
293.33
293.311
293.291
293.271
293.248
293.228
293.201
293.185
293.123
5.51882
12.1371
28.6283
53.3239
75.1911
90.4061
110.628
154.304
208.583
245.499
261.389
265.228
264.093
261.372
258.395
255.626
253.206
251.16
249.482
248.157
247.172
246.517
246.179
246.146
246.41
246.956
247.771
248.841
250.155
251.696
253.448
255.391
257.515
259.793
262.212
264.748
267.391
270.11
272.889
275.7
278.526
281.337
284.114
286.836
289.493
292.06
294.527
296.878
299.113
301.216
303.187
305.027
306.747
308.34
309.814
311.171
312.426
313.572
314.62
315.578
316.462
317.268
318.006
318.677
319.295
319.849
320.352
320.808
321.233
321.618
321.969
322.284
322.574
322.828
323.056
323.261
323.455
323.629
323.785
323.923
324.049
324.155
324.247
324.328
324.407
324.475
324.535
324.585
324.631
324.664
324.691
324.715
324.74
324.758
324.773
324.783
324.791
324.792
324.79
324.786
324.784
324.779
324.773
324.763
324.753
324.739
324.724
324.707
324.692
324.676
324.659
324.641
324.622
324.602
324.581
324.559
324.536
324.511
324.49
324.461
324.444
324.376
8.30719
23.1898
55.9997
91.1667
114.004
126.365
144.838
188.854
240.896
273.578
286.284
288.567
286.923
284.208
281.455
278.994
276.904
275.189
273.833
272.823
272.148
271.798
271.766
272.041
272.617
273.48
274.619
276.02
277.674
279.562
281.669
283.974
286.464
289.113
291.903
294.812
297.825
300.91
304.046
307.203
310.364
313.493
316.571
319.575
322.495
325.304
327.992
330.546
332.965
335.233
337.354
339.329
341.17
342.871
344.443
345.888
347.223
348.439
349.551
350.566
351.503
352.356
353.136
353.845
354.497
355.082
355.611
356.092
356.54
356.944
357.313
357.643
357.947
358.212
358.449
358.663
358.865
359.045
359.207
359.349
359.479
359.586
359.68
359.762
359.843
359.911
359.972
360.022
360.067
360.099
360.125
360.147
360.171
360.189
360.203
360.211
360.217
360.215
360.211
360.206
360.203
360.196
360.188
360.177
360.165
360.148
360.131
360.113
360.096
360.078
360.059
360.039
360.018
359.996
359.973
359.949
359.924
359.897
359.874
359.842
359.825
359.75
13.6545
46.1904
100.912
141.983
161.633
169.22
184.444
226.618
274.988
303.638
313.96
315.359
313.635
311.18
308.807
306.751
305.06
303.725
302.732
302.07
301.735
301.719
302.02
302.628
303.542
304.749
306.24
308
310.023
312.289
314.781
317.479
320.369
323.422
326.618
329.934
333.352
336.837
340.364
343.902
347.43
350.908
354.316
357.631
360.841
363.918
366.853
369.632
372.258
374.712
377.001
379.127
381.107
382.933
384.617
386.163
387.589
388.887
390.073
391.155
392.153
393.062
393.891
394.646
395.339
395.959
396.52
397.03
397.505
397.933
398.322
398.671
398.991
399.27
399.519
399.743
399.956
400.144
400.312
400.46
400.595
400.705
400.801
400.886
400.969
401.039
401.099
401.15
401.195
401.226
401.251
401.273
401.296
401.313
401.325
401.332
401.337
401.334
401.328
401.321
401.316
401.308
401.297
401.284
401.27
401.252
401.233
401.212
401.194
401.174
401.153
401.131
401.108
401.084
401.059
401.032
401.006
400.977
400.952
400.917
400.899
400.818
24.4348
89.7668
166.503
206.754
219.982
221.657
232.265
270.297
313.7
338.531
347.086
348.066
346.534
344.491
342.585
340.991
339.739
338.817
338.216
337.93
337.961
338.307
338.968
339.94
341.223
342.806
344.681
346.837
349.266
351.947
354.865
357.998
361.331
364.832
368.481
372.25
376.119
380.051
384.016
387.98
391.92
395.792
399.574
403.241
406.781
410.165
413.383
416.422
419.286
421.957
424.443
426.749
428.892
430.865
432.682
434.349
435.885
437.283
438.558
439.721
440.794
441.77
442.66
443.469
444.212
444.877
445.478
446.024
446.531
446.989
447.404
447.776
448.118
448.414
448.677
448.916
449.141
449.34
449.517
449.673
449.815
449.93
450.03
450.118
450.205
450.277
450.34
450.391
450.437
450.468
450.493
450.514
450.538
450.554
450.565
450.571
450.575
450.569
450.562
450.553
450.547
450.537
450.525
450.51
450.495
450.474
450.452
450.43
450.41
450.388
450.365
450.341
450.316
450.29
450.262
450.234
450.205
450.174
450.147
450.109
450.089
450.003
46.6915
163.963
256.236
288.821
293.406
288.51
293.162
324.488
361.44
382.409
389.52
390.315
389.096
387.522
386.113
385.002
384.207
383.718
383.532
383.649
384.078
384.819
385.877
387.252
388.945
390.949
393.257
395.858
398.745
401.898
405.298
408.925
412.762
416.774
420.939
425.227
429.614
434.059
438.529
442.987
447.404
451.735
455.954
460.035
463.965
467.711
471.266
474.617
477.767
480.701
483.426
485.951
488.294
490.449
492.431
494.248
495.922
497.443
498.83
500.096
501.263
502.323
503.29
504.168
504.975
505.696
506.348
506.94
507.49
507.986
508.434
508.837
509.205
509.525
509.809
510.066
510.308
510.522
510.712
510.878
511.03
511.153
511.258
511.353
511.445
511.521
511.586
511.641
511.689
511.721
511.746
511.768
511.792
511.807
511.818
511.824
511.827
511.82
511.81
511.801
511.794
511.782
511.768
511.752
511.734
511.712
511.688
511.664
511.641
511.618
511.592
511.566
511.539
511.51
511.48
511.449
511.418
511.384
511.355
511.315
511.293
511.202
92.2095
280.773
376.845
395.668
389.996
378.047
375.421
397.052
425.436
441.916
447.47
448.035
447.076
445.923
444.977
444.332
443.993
443.95
444.204
444.76
445.628
446.815
448.325
450.164
452.334
454.83
457.644
460.768
464.195
467.904
471.876
476.088
480.521
485.141
489.919
494.825
499.831
504.89
509.966
515.018
520.013
524.9
529.652
534.239
538.647
542.843
546.816
550.555
554.065
557.329
560.358
563.161
565.759
568.147
570.34
572.351
574.201
575.883
577.416
578.815
580.103
581.274
582.34
583.31
584.199
584.996
585.714
586.368
586.974
587.52
588.013
588.456
588.861
589.213
589.525
589.808
590.074
590.308
590.515
590.698
590.863
590.998
591.112
591.216
591.316
591.399
591.469
591.528
591.579
591.614
591.64
591.664
591.69
591.706
591.717
591.723
591.725
591.718
591.707
591.696
591.688
591.676
591.66
591.642
591.622
591.598
591.571
591.545
591.521
591.495
591.467
591.438
591.409
591.378
591.345
591.312
591.278
591.241
591.21
591.166
591.143
591.047
183.056
458.248
542.628
542.155
524.596
504.974
493.857
502.238
518.656
528.92
532.101
531.967
530.964
530.032
529.423
529.175
529.268
529.68
530.408
531.458
532.838
534.557
536.617
539.026
541.788
544.896
548.344
552.126
556.231
560.638
565.327
570.275
575.46
580.843
586.394
592.08
597.866
603.703
609.547
615.354
621.084
626.684
632.118
637.36
642.387
647.166
651.685
655.933
659.916
663.617
667.047
670.221
673.158
675.857
678.335
680.606
682.693
684.592
686.32
687.9
689.352
690.673
691.874
692.968
693.97
694.869
695.678
696.417
697.099
697.715
698.269
698.769
699.224
699.622
699.973
700.293
700.592
700.855
701.087
701.293
701.478
701.63
701.759
701.877
701.988
702.082
702.16
702.226
702.284
702.324
702.353
702.381
702.409
702.428
702.439
702.446
702.449
702.442
702.43
702.419
702.41
702.397
702.379
702.359
702.338
702.312
702.283
702.255
702.228
702.2
702.17
702.138
702.106
702.073
702.037
702
701.964
701.924
701.89
701.843
701.818
701.718
362.551
730.719
784.217
758.341
726.311
697.781
677.226
668.27
667.107
667.364
666.042
663.961
662.139
660.94
660.371
660.356
660.813
661.685
662.947
664.596
666.628
669.043
671.839
675.024
678.595
682.548
686.871
691.559
696.599
701.969
707.645
713.603
719.817
726.246
732.852
739.603
746.455
753.354
760.247
767.088
773.827
780.406
786.782
792.927
798.811
804.401
809.68
814.641
819.285
823.6
827.596
831.294
834.712
837.852
840.731
843.372
845.796
848.003
850.011
851.849
853.534
855.069
856.463
857.735
858.897
859.943
860.884
861.745
862.536
863.252
863.895
864.477
865.005
865.469
865.878
866.253
866.599
866.907
867.175
867.416
867.63
867.811
867.962
868.101
868.23
868.34
868.431
868.51
868.577
868.626
868.661
868.696
868.729
868.753
868.766
868.776
868.78
868.775
868.762
868.753
868.743
868.73
868.71
868.69
868.667
868.64
868.607
868.578
868.548
868.519
868.485
868.451
868.416
868.38
868.341
868.301
868.261
868.218
868.18
868.131
868.102
868.002
727.527
1175.52
1172.02
1111.37
1059.49
1019.12
988.542
958.193
930.425
912.944
902.265
895.306
890.847
888.244
887.021
886.857
887.517
888.853
890.778
893.253
896.236
899.708
903.645
908.049
912.901
918.194
923.904
930.031
936.548
943.434
950.656
958.193
966.007
974.058
982.296
990.689
999.18
1007.71
1016.21
1024.63
1032.92
1040.99
1048.81
1056.34
1063.54
1070.38
1076.82
1082.88
1088.55
1093.81
1098.68
1103.19
1107.35
1111.18
1114.68
1117.89
1120.84
1123.53
1125.97
1128.21
1130.25
1132.12
1133.81
1135.36
1136.77
1138.05
1139.19
1140.24
1141.21
1142.08
1142.86
1143.57
1144.21
1144.78
1145.28
1145.74
1146.16
1146.54
1146.87
1147.16
1147.43
1147.65
1147.84
1148.01
1148.17
1148.31
1148.42
1148.52
1148.6
1148.67
1148.72
1148.76
1148.8
1148.84
1148.86
1148.87
1148.88
1148.88
1148.87
1148.86
1148.85
1148.84
1148.82
1148.8
1148.77
1148.75
1148.71
1148.68
1148.65
1148.62
1148.58
1148.54
1148.51
1148.47
1148.42
1148.38
1148.34
1148.29
1148.25
1148.2
1148.16
1148.07
1541.14
2000.68
1895.05
1779.44
1694.45
1634.35
1593.03
1538.89
1471.48
1421.39
1390.67
1371.98
1360.55
1353.81
1350.27
1349.06
1349.56
1351.41
1354.36
1358.27
1362.99
1368.46
1374.59
1381.36
1388.71
1396.62
1405.04
1413.97
1423.36
1433.18
1443.38
1453.95
1464.82
1475.95
1487.28
1498.76
1510.33
1521.9
1533.4
1544.76
1555.9
1566.75
1577.23
1587.31
1596.93
1606.06
1614.66
1622.73
1630.27
1637.28
1643.75
1649.75
1655.28
1660.36
1665
1669.27
1673.17
1676.74
1679.97
1682.95
1685.66
1688.13
1690.37
1692.42
1694.29
1695.98
1697.5
1698.9
1700.17
1701.32
1702.35
1703.3
1704.15
1704.91
1705.58
1706.2
1706.76
1707.26
1707.7
1708.1
1708.44
1708.75
1709.01
1709.25
1709.46
1709.65
1709.8
1709.95
1710.06
1710.16
1710.23
1710.3
1710.36
1710.41
1710.44
1710.47
1710.49
1710.5
1710.49
1710.49
1710.49
1710.48
1710.46
1710.44
1710.41
1710.39
1710.35
1710.32
1710.29
1710.26
1710.21
1710.18
1710.13
1710.09
1710.05
1710
1709.95
1709.9
1709.86
1709.81
1709.77
1709.71
3775
3941.29
3618.04
3386.66
3227.06
3121.29
3064.42
2987.93
2866.49
2759.8
2688.13
2642.96
2614.8
2597.81
2588.39
2584.45
2584.51
2587.66
2593.25
2600.9
2610.22
2620.98
2632.96
2646.07
2660.15
2675.14
2690.91
2707.48
2724.7
2742.54
2760.9
2779.77
2799.02
2818.6
2838.38
2858.33
2878.28
2898.16
2917.8
2937.15
2956.03
2974.37
2992.02
3008.98
3025.11
3040.39
3054.73
3068.21
3080.75
3092.42
3103.18
3113.16
3122.32
3130.75
3138.44
3145.51
3151.96
3157.86
3163.2
3168.13
3172.6
3176.69
3180.37
3183.76
3186.82
3189.62
3192.12
3194.44
3196.53
3198.43
3200.12
3201.68
3203.07
3204.34
3205.44
3206.49
3207.4
3208.24
3208.95
3209.62
3210.2
3210.72
3211.15
3211.58
3211.93
3212.26
3212.51
3212.76
3212.96
3213.14
3213.26
3213.41
3213.51
3213.61
3213.67
3213.74
3213.77
3213.81
3213.81
3213.84
3213.84
3213.85
3213.82
3213.82
3213.79
3213.77
3213.72
3213.7
3213.66
3213.62
3213.57
3213.53
3213.48
3213.43
3213.37
3213.32
3213.26
3213.21
3213.15
3213.1
3213.04
3213.07
11676
10215
9366.24
8820.25
8435.27
8184.3
8112.95
8117.61
8072.75
7995.79
7923.77
7870.85
7837.33
7819.75
7814.41
7818.66
7830.41
7848.28
7871.34
7899.04
7930.75
7966.16
8004.92
8046.96
8092
8139.94
8190.53
8243.8
8299.43
8357.3
8417.1
8478.74
8541.85
8606.19
8671.36
8737.18
8803.13
8868.86
8933.87
8997.89
9060.39
9121.06
9179.46
9235.52
9288.84
9339.33
9386.76
9431.27
9472.73
9511.27
9546.84
9579.81
9610.12
9638
9663.47
9686.89
9708.25
9727.8
9745.54
9761.87
9776.71
9790.27
9802.52
9813.77
9823.95
9833.22
9841.54
9849.23
9856.16
9862.47
9868.08
9873.26
9877.87
9882.05
9885.71
9889.14
9892.18
9894.92
9897.28
9899.48
9901.38
9903.08
9904.48
9905.86
9907.02
9908.07
9908.89
9909.69
9910.33
9910.89
9911.28
9911.73
9912.06
9912.35
9912.52
9912.72
9912.82
9912.91
9912.89
9912.94
9912.93
9912.92
9912.81
9912.76
9912.65
9912.54
9912.37
9912.25
9912.09
9911.95
9911.75
9911.58
9911.38
9911.19
9910.97
9910.75
9910.53
9910.31
9910.09
9909.88
9909.64
9909.59
)
;

boundaryField
{
    lowerWall
    {
        type            epsilonWallFunction;
        value           nonuniform List<scalar> 
122
(
11607
10157.3
9313.78
8771.14
8388.68
8137.41
8064.66
8074.87
8036.74
7963.41
7892.78
7840.54
7807.42
7790.07
7784.81
7789.21
7801.11
7819.07
7842.09
7869.92
7901.8
7937.36
7976.2
8018.45
8063.73
8111.87
8162.55
8216.09
8272.03
8330.17
8390.13
8452.04
8515.41
8579.91
8645.04
8710.99
8777.06
8842.81
8907.68
8971.64
9034.06
9094.5
9152.47
9208.31
9261.44
9311.65
9358.69
9402.96
9444.22
9482.42
9517.52
9550.3
9580.51
9608.21
9633.4
9656.72
9678.05
9697.41
9714.82
9731.12
9746.02
9759.52
9771.61
9782.86
9793.08
9802.25
9810.32
9818.05
9825.09
9831.39
9836.87
9842.07
9846.75
9850.85
9854.29
9857.78
9860.93
9863.68
9865.93
9868.17
9870.13
9871.77
9872.99
9874.42
9875.69
9876.74
9877.47
9878.33
9879.02
9879.54
9879.76
9880.27
9880.69
9880.99
9881.08
9881.32
9881.48
9881.54
9881.39
9881.49
9881.55
9881.55
9881.38
9881.36
9881.3
9881.18
9880.92
9880.84
9880.73
9880.59
9880.37
9880.21
9880.04
9879.86
9879.63
9879.41
9879.18
9878.98
9878.76
9878.51
9878.17
9878.19
)
;
    }
    upperWall
    {
        type            epsilonWallFunction;
        value           nonuniform List<scalar> 
122
(
11676
10215
9366.24
8820.25
8435.27
8184.3
8112.95
8117.61
8072.75
7995.79
7923.77
7870.85
7837.33
7819.75
7814.41
7818.66
7830.41
7848.28
7871.34
7899.04
7930.75
7966.16
8004.92
8046.96
8092
8139.94
8190.53
8243.8
8299.43
8357.3
8417.1
8478.74
8541.85
8606.19
8671.36
8737.18
8803.13
8868.86
8933.87
8997.89
9060.39
9121.06
9179.46
9235.52
9288.84
9339.33
9386.76
9431.27
9472.73
9511.27
9546.84
9579.81
9610.12
9638
9663.47
9686.89
9708.25
9727.8
9745.54
9761.87
9776.71
9790.27
9802.52
9813.77
9823.95
9833.22
9841.54
9849.23
9856.16
9862.47
9868.08
9873.26
9877.87
9882.05
9885.71
9889.14
9892.18
9894.92
9897.28
9899.48
9901.38
9903.08
9904.48
9905.86
9907.02
9908.07
9908.89
9909.69
9910.33
9910.89
9911.28
9911.73
9912.06
9912.35
9912.52
9912.72
9912.82
9912.91
9912.89
9912.94
9912.93
9912.92
9912.81
9912.76
9912.65
9912.54
9912.37
9912.25
9912.09
9911.95
9911.75
9911.58
9911.38
9911.19
9910.97
9910.75
9910.53
9910.31
9910.09
9909.88
9909.64
9909.59
)
;
    }
    inlet
    {
        type            turbulentMixingLengthDissipationRateInlet;
        mixingLength    0.07;
        phi             phi;
        k               k;
        value           uniform 2.0504;
    }
    outlet
    {
        type            zeroGradient;
    }
    frontAndBack
    {
        type            empty;
    }
}


// ************************************************************************* //
