/*--------------------------------*- C++ -*----------------------------------*\
  =========                 |
  \\      /  F ield         | OpenFOAM: The Open Source CFD Toolbox
   \\    /   O peration     | Website:  https://openfoam.org
    \\  /    A nd           | Version:  8
     \\/     M anipulation  |
\*---------------------------------------------------------------------------*/
FoamFile
{
    version     2.0;
    format      ascii;
    class       volScalarField;
    location    "250";
    object      k;
}
// * * * * * * * * * * * * * * * * * * * * * * * * * * * * * * * * * * * * * //

dimensions      [0 2 -2 0 0 0 0];

internalField   nonuniform List<scalar> 
7320
(
6.0764
5.55929
5.24708
5.04128
4.89361
4.79383
4.76196
4.76613
4.75269
4.72406
4.69549
4.67384
4.65974
4.65198
4.64912
4.65016
4.65425
4.66078
4.66934
4.67982
4.6919
4.70543
4.72024
4.73636
4.75365
4.77202
4.79135
4.81176
4.83306
4.85518
4.87796
4.90145
4.92547
4.94988
4.9745
4.9994
5.02432
5.0491
5.07353
5.0976
5.12107
5.14379
5.16557
5.18654
5.20648
5.22533
5.24298
5.25958
5.27506
5.28938
5.30254
5.31482
5.32614
5.33652
5.34595
5.35469
5.36267
5.36992
5.37644
5.38254
5.38811
5.39317
5.3977
5.40191
5.40574
5.40918
5.41221
5.41511
5.41775
5.42011
5.42218
5.42414
5.4259
5.42745
5.42875
5.43007
5.43126
5.4323
5.43316
5.43401
5.43476
5.43538
5.43585
5.4364
5.43689
5.43729
5.43758
5.43791
5.43818
5.43838
5.43848
5.43867
5.43884
5.43896
5.439
5.43909
5.43916
5.43919
5.43914
5.43918
5.43921
5.43921
5.43916
5.43915
5.43913
5.43909
5.439
5.43897
5.43893
5.43889
5.43881
5.43875
5.43869
5.43863
5.43854
5.43846
5.43838
5.43831
5.43823
5.43814
5.43802
5.43803
4.84202
5.67911
5.53979
5.36017
5.2165
5.11359
5.07976
5.10208
5.14566
5.19877
5.24432
5.27835
5.30418
5.32508
5.34302
5.35927
5.37451
5.38921
5.40393
5.41921
5.43526
5.4523
5.47055
5.49026
5.51148
5.53424
5.55866
5.58486
5.61269
5.64202
5.67276
5.70491
5.73825
5.77253
5.8077
5.84371
5.88018
5.91674
5.95319
5.98937
6.02493
6.05951
6.09306
6.12558
6.15672
6.18617
6.21392
6.24009
6.26452
6.28709
6.30807
6.32773
6.34592
6.36252
6.3777
6.39171
6.40453
6.41607
6.42665
6.43661
6.44577
6.45396
6.46135
6.46819
6.4744
6.47986
6.48488
6.48972
6.49417
6.49801
6.50142
6.50459
6.50743
6.50983
6.51204
6.51431
6.51638
6.51806
6.51949
6.52084
6.52199
6.52286
6.52368
6.52464
6.5255
6.52609
6.52657
6.52705
6.52742
6.52759
6.52777
6.52812
6.52841
6.52853
6.52858
6.52867
6.52869
6.52859
6.52852
6.52858
6.52861
6.52853
6.5284
6.52831
6.52819
6.528
6.52781
6.52772
6.52761
6.52744
6.52725
6.52707
6.52688
6.52667
6.52644
6.5262
6.52599
6.52578
6.52557
6.52529
6.5252
6.5248
3.59574
5.05135
5.15988
5.06784
4.96315
4.87719
4.87312
5.01296
5.25299
5.48352
5.64903
5.75898
5.83409
5.88824
5.92927
5.96182
5.98864
6.0116
6.03234
6.05216
6.07183
6.09196
6.11316
6.13595
6.16059
6.18722
6.21615
6.24758
6.28137
6.31731
6.35537
6.39551
6.43747
6.48089
6.52578
6.57204
6.61916
6.66655
6.71398
6.76122
6.80779
6.85313
6.89731
6.94026
6.98148
7.02047
7.05728
7.09201
7.12448
7.15444
7.18238
7.20864
7.233
7.25515
7.27544
7.29419
7.31134
7.3267
7.3409
7.35431
7.36667
7.37765
7.38759
7.39677
7.4051
7.41238
7.41914
7.42572
7.43177
7.43693
7.44151
7.44577
7.44958
7.45274
7.45574
7.45886
7.46171
7.46395
7.46588
7.46768
7.46921
7.4703
7.47141
7.47274
7.47393
7.47471
7.47535
7.47598
7.47643
7.47659
7.47683
7.47732
7.47773
7.47785
7.4779
7.478
7.47799
7.47779
7.47769
7.47778
7.47782
7.47766
7.47745
7.4773
7.4771
7.47678
7.47651
7.47636
7.47619
7.47593
7.47563
7.47535
7.47506
7.47473
7.47436
7.47399
7.47367
7.47333
7.47301
7.47257
7.47246
7.47173
2.74722
4.4834
4.83298
4.83973
4.77981
4.71518
4.75451
5.03925
5.48483
5.87545
6.13841
6.3061
6.41721
6.49508
6.55236
6.59632
6.63128
6.66012
6.68522
6.70845
6.73096
6.75363
6.77733
6.80279
6.83038
6.86031
6.89304
6.92884
6.96754
7.00888
7.05287
7.09945
7.14831
7.199
7.25159
7.30595
7.36143
7.41731
7.47334
7.52923
7.5844
7.63815
7.69062
7.74171
7.7908
7.83723
7.88112
7.92255
7.96131
7.99705
8.03046
8.06189
8.09105
8.11757
8.14187
8.16433
8.18487
8.20326
8.22028
8.2364
8.25126
8.26443
8.27636
8.28739
8.29739
8.30609
8.31423
8.32216
8.32946
8.33566
8.34117
8.34629
8.35087
8.35464
8.35828
8.36206
8.36551
8.36821
8.37053
8.3727
8.37453
8.37582
8.37717
8.37879
8.38025
8.38118
8.38195
8.3827
8.38324
8.38341
8.38371
8.38432
8.38482
8.38495
8.38502
8.38513
8.38511
8.38484
8.38472
8.38483
8.38488
8.38468
8.38443
8.38424
8.38398
8.38357
8.38324
8.38305
8.38285
8.38252
8.38214
8.38179
8.38143
8.38101
8.38055
8.38009
8.37969
8.37926
8.37887
8.37831
8.3782
8.37724
2.10347
3.90608
4.48956
4.61194
4.6074
4.5723
4.66992
5.11795
5.76639
6.30045
6.64559
6.86004
6.99948
7.09563
7.16525
7.21778
7.25881
7.29203
7.32039
7.34619
7.37086
7.39552
7.4212
7.4488
7.47878
7.51142
7.54726
7.58662
7.62931
7.67507
7.72389
7.77572
7.8302
7.88683
7.94571
8.00667
8.06899
8.13185
8.19495
8.25797
8.32026
8.381
8.44039
8.49827
8.55394
8.60665
8.65651
8.70363
8.74772
8.78841
8.82648
8.86233
8.8956
8.92585
8.95361
8.97926
9.00273
9.02373
9.0432
9.06164
9.07865
9.09371
9.10738
9.12
9.13145
9.14141
9.15075
9.15985
9.16823
9.17533
9.18166
9.18753
9.19279
9.19712
9.20132
9.20567
9.20966
9.21276
9.21545
9.21794
9.22005
9.22154
9.22311
9.225
9.22669
9.22776
9.22866
9.22954
9.23016
9.23035
9.23072
9.23143
9.23202
9.23218
9.23226
9.23239
9.23237
9.23206
9.23193
9.23207
9.23214
9.2319
9.23162
9.23139
9.2311
9.23063
9.23025
9.23004
9.2298
9.22943
9.22899
9.22858
9.22816
9.22768
9.22714
9.22661
9.22615
9.22566
9.2252
9.22456
9.22444
9.2233
1.61627
3.30904
4.10187
4.3562
4.42027
4.42532
4.59394
5.21261
6.05699
6.72469
7.14489
7.40118
7.56536
7.67711
7.75704
7.8166
7.86251
7.89918
7.93004
7.95778
7.98405
8.01017
8.03733
8.06654
8.09835
8.13309
8.17138
8.21357
8.25949
8.30882
8.36159
8.41773
8.47686
8.53842
8.60255
8.66906
8.73716
8.80594
8.87509
8.94425
9.01268
9.07953
9.14497
9.20884
9.27036
9.32866
9.38389
9.43612
9.48505
9.53024
9.57257
9.61245
9.6495
9.6832
9.71414
9.74274
9.76891
9.79234
9.81409
9.83468
9.85368
9.87052
9.8858
9.8999
9.91271
9.92386
9.93433
9.94452
9.95391
9.96188
9.96899
9.97558
9.98149
9.98636
9.9911
9.996
10.0005
10.004
10.007
10.0099
10.0122
10.0139
10.0157
10.0179
10.0198
10.021
10.0221
10.0231
10.0238
10.024
10.0245
10.0253
10.026
10.0261
10.0263
10.0264
10.0264
10.0261
10.026
10.0261
10.0262
10.0259
10.0256
10.0254
10.0251
10.0245
10.0241
10.0239
10.0236
10.0232
10.0227
10.0223
10.0218
10.0213
10.0207
10.0201
10.0196
10.019
10.0185
10.0178
10.0177
10.0164
1.26815
2.70653
3.65761
4.05482
4.20217
4.25973
4.50867
5.29657
6.33064
7.1296
7.62434
7.92189
8.11001
8.23649
8.32591
8.39177
8.44192
8.48146
8.51432
8.54349
8.57089
8.59799
8.62613
8.65644
8.68953
8.72578
8.76588
8.81024
8.85865
8.91081
8.96674
9.02637
9.08931
9.15496
9.22349
9.29469
9.36772
9.44159
9.516
9.59054
9.66443
9.73672
9.80762
9.87694
9.94381
10.0073
10.0675
10.1245
10.178
10.2275
10.2738
10.3176
10.3582
10.3952
10.4293
10.4607
10.4895
10.5153
10.5393
10.5619
10.5829
10.6014
10.6183
10.6339
10.648
10.6603
10.6719
10.6832
10.6936
10.7024
10.7103
10.7176
10.7242
10.7296
10.7349
10.7403
10.7453
10.7492
10.7527
10.7558
10.7585
10.7604
10.7625
10.7649
10.767
10.7684
10.7696
10.7707
10.7716
10.7719
10.7724
10.7733
10.7741
10.7743
10.7745
10.7747
10.7747
10.7744
10.7742
10.7744
10.7745
10.7743
10.774
10.7737
10.7733
10.7728
10.7723
10.7721
10.7718
10.7714
10.7709
10.7704
10.7698
10.7693
10.7686
10.768
10.7674
10.7668
10.7663
10.7655
10.7653
10.7639
1.04446
2.13063
3.15652
3.69526
3.93984
4.06322
4.398
5.34683
6.56593
7.50021
8.0745
8.4164
8.62996
8.77178
8.87084
8.94292
8.99712
9.03928
9.07383
9.10409
9.13223
9.15989
9.18857
9.21948
9.25332
9.2905
9.33182
9.37768
9.4279
9.48217
9.54052
9.60289
9.66886
9.73783
9.80997
9.88508
9.96228
10.0405
10.1195
10.1988
10.2775
10.3548
10.4307
10.505
10.5768
10.6452
10.7101
10.7717
10.8296
10.8832
10.9335
10.981
11.0252
11.0655
11.1025
11.1368
11.1682
11.1964
11.2225
11.2473
11.2701
11.2905
11.3089
11.326
11.3414
11.355
11.3677
11.38
11.3914
11.4011
11.4098
11.4179
11.4251
11.4312
11.437
11.443
11.4485
11.4529
11.4567
11.4602
11.4632
11.4654
11.4677
11.4704
11.4728
11.4744
11.4758
11.477
11.478
11.4784
11.479
11.4801
11.4809
11.4812
11.4815
11.4817
11.4817
11.4814
11.4813
11.4815
11.4817
11.4814
11.4811
11.4808
11.4805
11.4799
11.4794
11.4792
11.4789
11.4784
11.4778
11.4773
11.4768
11.4761
11.4754
11.4747
11.4741
11.4735
11.4729
11.4721
11.4719
11.4704
0.919781
1.62604
2.61325
3.27057
3.62153
3.82364
4.24591
5.34117
6.7411
7.81996
8.48406
8.87713
9.12005
9.27937
9.38927
9.4682
9.52675
9.57164
9.60784
9.63903
9.66768
9.69559
9.72442
9.75549
9.78959
9.82719
9.86912
9.91586
9.96723
10.0229
10.083
10.1473
10.2156
10.2872
10.3622
10.4405
10.5211
10.6031
10.686
10.7694
10.8525
10.9341
11.0146
11.0935
11.17
11.243
11.3125
11.3785
11.4406
11.4983
11.5525
11.6037
11.6514
11.6949
11.735
11.7721
11.8062
11.8367
11.8651
11.892
11.9168
11.9389
11.959
11.9775
11.9944
12.0092
12.0231
12.0365
12.0489
12.0596
12.0691
12.0779
12.0859
12.0925
12.099
12.1056
12.1116
12.1165
12.1207
12.1246
12.128
12.1305
12.1331
12.136
12.1387
12.1405
12.1421
12.1435
12.1447
12.1452
12.1459
12.1471
12.1481
12.1485
12.1487
12.149
12.1491
12.1488
12.1488
12.149
12.1492
12.149
12.1486
12.1484
12.148
12.1474
12.1469
12.1466
12.1463
12.1458
12.1453
12.1447
12.1441
12.1435
12.1427
12.142
12.1414
12.1407
12.14
12.1392
12.139
12.1374
0.860378
1.23784
2.06245
2.7836
3.2382
3.52876
4.03607
5.25694
6.83154
8.06813
8.8376
9.29294
9.57205
9.75299
9.87622
9.96356
10.0274
10.0756
10.1138
10.146
10.1752
10.2032
10.2319
10.2628
10.2968
10.3343
10.3764
10.4234
10.4753
10.5317
10.5928
10.6585
10.7283
10.8017
10.8789
10.9596
11.043
11.128
11.2142
11.3012
11.388
11.4737
11.5582
11.6414
11.7223
11.7996
11.8734
11.9437
12.01
12.0716
12.1297
12.1845
12.2357
12.2826
12.3257
12.3657
12.4024
12.4354
12.4661
12.4951
12.5219
12.5458
12.5676
12.5876
12.6059
12.622
12.6371
12.6517
12.6651
12.6768
12.6872
12.6968
12.7055
12.7129
12.72
12.7271
12.7338
12.7392
12.7439
12.7482
12.7519
12.7547
12.7577
12.7609
12.7639
12.7659
12.7677
12.7694
12.7707
12.7714
12.7722
12.7735
12.7747
12.7752
12.7755
12.7759
12.7761
12.7758
12.7758
12.7761
12.7763
12.7761
12.7758
12.7755
12.7752
12.7745
12.7741
12.7738
12.7735
12.773
12.7724
12.7718
12.7712
12.7705
12.7697
12.769
12.7683
12.7676
12.7669
12.7659
12.7658
12.7641
0.836789
0.988225
1.56009
2.25459
2.78766
3.1679
3.7527
5.07117
6.80893
8.21819
9.11402
9.6478
9.97368
10.1829
10.3238
10.4223
10.4934
10.5461
10.5871
10.621
10.6508
10.6791
10.7077
10.7383
10.7718
10.809
10.8507
10.8975
10.9494
11.006
11.0675
11.1338
11.2045
11.2791
11.3577
11.4402
11.5256
11.613
11.7019
11.7918
11.8818
11.9709
12.0591
12.1462
12.231
12.3124
12.3904
12.4647
12.535
12.6006
12.6624
12.7208
12.7755
12.8256
12.8719
12.9147
12.9541
12.9896
13.0226
13.0537
13.0826
13.1084
13.1319
13.1535
13.1733
13.1907
13.207
13.2227
13.2373
13.25
13.2613
13.2718
13.2813
13.2894
13.2971
13.3049
13.3122
13.3181
13.3233
13.3281
13.3323
13.3355
13.3387
13.3423
13.3456
13.3479
13.35
13.3519
13.3534
13.3542
13.3552
13.3567
13.3579
13.3586
13.3591
13.3595
13.3598
13.3596
13.3596
13.36
13.3602
13.3601
13.3598
13.3595
13.3592
13.3586
13.3581
13.3578
13.3575
13.357
13.3564
13.3558
13.3552
13.3545
13.3537
13.3529
13.3521
13.3514
13.3507
13.3497
13.3495
13.3477
0.830411
0.857546
1.16957
1.72976
2.28261
2.73623
3.38285
4.76219
6.64184
8.23714
9.28514
9.91946
10.3075
10.5551
10.7203
10.8346
10.916
10.9756
11.021
11.0576
11.089
11.118
11.1468
11.1771
11.2102
11.2468
11.2879
11.3341
11.3855
11.4419
11.5032
11.5695
11.6405
11.7156
11.795
11.8785
11.9654
12.0544
12.1453
12.2375
12.3302
12.4222
12.5136
12.604
12.6925
12.7776
12.8594
12.9376
13.0117
13.0811
13.1466
13.2086
13.2666
13.32
13.3694
13.4151
13.4572
13.4952
13.5305
13.5638
13.5946
13.6224
13.6476
13.6709
13.6921
13.711
13.7285
13.7454
13.7611
13.7748
13.7872
13.7985
13.8088
13.8177
13.8261
13.8346
13.8424
13.849
13.8547
13.86
13.8646
13.8682
13.8718
13.8758
13.8794
13.8821
13.8844
13.8866
13.8883
13.8893
13.8905
13.8921
13.8936
13.8944
13.895
13.8955
13.8959
13.8958
13.8959
13.8963
13.8966
13.8965
13.8962
13.896
13.8957
13.8951
13.8946
13.8943
13.894
13.8935
13.8929
13.8923
13.8917
13.891
13.8901
13.8893
13.8886
13.8878
13.8871
13.8861
13.8858
13.884
0.83163
0.801476
0.924863
1.27994
1.76213
2.24347
2.92152
4.3135
6.29826
8.0858
9.31469
10.078
10.5495
10.8503
11.0499
11.187
11.2837
11.3537
11.4062
11.4475
11.4819
11.5126
11.5423
11.5729
11.6058
11.642
11.6824
11.7279
11.7786
11.8342
11.895
11.9609
12.0316
12.1067
12.1862
12.2702
12.3577
12.4478
12.54
12.6339
12.7286
12.8229
12.9169
13.0103
13.1019
13.1904
13.2757
13.3574
13.4351
13.5081
13.5771
13.6425
13.7038
13.7604
13.8128
13.8613
13.9061
13.9467
13.9843
14.0197
14.0526
14.0822
14.1092
14.1341
14.1569
14.1771
14.196
14.214
14.2308
14.2456
14.259
14.2712
14.2824
14.292
14.3012
14.3103
14.3188
14.326
14.3323
14.3381
14.3432
14.3473
14.3513
14.3555
14.3595
14.3625
14.3652
14.3676
14.3696
14.3709
14.3723
14.374
14.3756
14.3766
14.3774
14.3781
14.3785
14.3785
14.3787
14.3792
14.3796
14.3795
14.3794
14.3792
14.3789
14.3783
14.3779
14.3776
14.3773
14.3768
14.3762
14.3756
14.375
14.3742
14.3734
14.3725
14.3718
14.371
14.3702
14.3692
14.3689
14.3671
0.835912
0.78267
0.803487
0.968847
1.29727
1.72719
2.38145
3.72103
5.75124
7.72132
9.15815
10.0847
10.6678
11.0423
11.2908
11.461
11.5805
11.6665
11.7302
11.7794
11.8193
11.8536
11.8856
11.9175
11.951
11.9872
12.0273
12.0721
12.1221
12.1769
12.2368
12.302
12.372
12.4466
12.5258
12.6095
12.6972
12.7877
12.8807
12.9756
13.0717
13.1678
13.2638
13.3595
13.4537
13.5452
13.6335
13.7184
13.7994
13.8757
13.948
14.0165
14.081
14.1406
14.1959
14.2471
14.2945
14.3375
14.3774
14.4149
14.4497
14.4812
14.51
14.5365
14.5607
14.5824
14.6025
14.6217
14.6396
14.6555
14.6698
14.683
14.695
14.7055
14.7154
14.7251
14.7342
14.7421
14.749
14.7553
14.7609
14.7655
14.7699
14.7745
14.7788
14.7823
14.7853
14.788
14.7902
14.7918
14.7934
14.7954
14.7972
14.7983
14.7993
14.8001
14.8007
14.8008
14.8011
14.8016
14.8021
14.8022
14.8021
14.802
14.8017
14.8012
14.8008
14.8005
14.8002
14.7997
14.7992
14.7986
14.7979
14.7972
14.7964
14.7955
14.7947
14.7939
14.7931
14.7921
14.7917
14.7899
0.841162
0.780281
0.755033
0.802079
0.963984
1.26138
1.80829
3.00597
4.98935
7.10325
8.76449
9.89091
10.6208
11.0966
11.4143
11.6324
11.7857
11.8959
11.9771
12.0389
12.088
12.129
12.1656
12.2006
12.236
12.2733
12.3138
12.3586
12.4081
12.4623
12.5214
12.5857
12.6549
12.7287
12.8071
12.8903
12.9776
13.068
13.1611
13.2565
13.3533
13.4506
13.5481
13.6455
13.7417
13.8355
13.9264
14.0141
14.0979
14.1772
14.2523
14.3237
14.391
14.4535
14.5114
14.5652
14.615
14.6604
14.7024
14.7418
14.7785
14.8118
14.8422
14.8702
14.8959
14.9189
14.9403
14.9606
14.9795
14.9965
15.0118
15.0259
15.0387
15.05
15.0606
15.071
15.0807
15.0892
15.0968
15.1036
15.1097
15.1148
15.1197
15.1246
15.1293
15.1332
15.1365
15.1395
15.1421
15.144
15.1458
15.1479
15.1499
15.1513
15.1525
15.1535
15.1542
15.1545
15.1549
15.1555
15.156
15.1562
15.1562
15.1561
15.1559
15.1555
15.1551
15.1548
15.1546
15.1542
15.1536
15.153
15.1524
15.1517
15.1508
15.15
15.1492
15.1483
15.1476
15.1465
15.1461
15.1443
0.846369
0.784568
0.740875
0.73153
0.781527
0.928216
1.28983
2.23322
4.03458
6.20623
8.08216
9.43994
10.3566
10.9685
11.3827
11.6692
11.8718
12.018
12.1258
12.2075
12.2714
12.3235
12.3683
12.4093
12.449
12.4892
12.5316
12.5774
12.6272
12.6814
12.7402
12.8038
12.8722
12.9452
13.0228
13.1051
13.1916
13.2815
13.3744
13.4697
13.5667
13.6645
13.7629
13.8613
13.959
14.0546
14.1474
14.2373
14.3234
14.4052
14.4828
14.5567
14.6263
14.6912
14.7515
14.8076
14.8595
14.9071
14.951
14.9922
15.0305
15.0654
15.0974
15.1268
15.1537
15.1781
15.2006
15.2219
15.2418
15.2597
15.276
15.2909
15.3046
15.3167
15.328
15.3389
15.3493
15.3584
15.3665
15.3739
15.3805
15.3862
15.3914
15.3968
15.4018
15.4061
15.4098
15.4131
15.416
15.4182
15.4203
15.4226
15.4247
15.4264
15.4277
15.4289
15.4298
15.4303
15.4308
15.4315
15.4321
15.4324
15.4325
15.4325
15.4324
15.4321
15.4317
15.4315
15.4312
15.4309
15.4303
15.4298
15.4292
15.4285
15.4277
15.4268
15.426
15.4252
15.4244
15.4234
15.4229
15.4211
0.851009
0.791139
0.741125
0.708408
0.703806
0.748623
0.922269
1.52314
2.96859
5.04315
7.07286
8.67237
9.81361
10.6021
11.1474
11.53
11.8032
12.0019
12.1493
12.261
12.348
12.4179
12.4763
12.5276
12.5751
12.6212
12.6677
12.7165
12.7682
12.8236
12.8829
12.9466
13.0147
13.0871
13.164
13.2455
13.3312
13.4204
13.5126
13.6075
13.7043
13.8022
13.9008
13.9998
14.0982
14.1948
14.2891
14.3805
14.4683
14.552
14.6316
14.7073
14.7788
14.8457
14.9079
14.9659
15.0196
15.0688
15.1144
15.157
15.1967
15.233
15.2663
15.2969
15.325
15.3505
15.374
15.3962
15.4169
15.4357
15.4528
15.4685
15.4828
15.4957
15.5076
15.5191
15.53
15.5397
15.5484
15.5563
15.5634
15.5696
15.5753
15.5809
15.5863
15.5909
15.595
15.5987
15.6019
15.6044
15.6068
15.6093
15.6116
15.6135
15.6151
15.6164
15.6175
15.6182
15.6188
15.6196
15.6203
15.6207
15.621
15.6211
15.621
15.6208
15.6205
15.6203
15.6201
15.6198
15.6193
15.6188
15.6182
15.6175
15.6168
15.616
15.6152
15.6143
15.6135
15.6126
15.612
15.6103
0.854797
0.797915
0.746858
0.705374
0.67804
0.67375
0.728532
1.01224
1.95368
3.70166
5.73932
7.54133
8.9271
9.9317
10.6483
11.1615
11.5335
11.8074
12.0123
12.1685
12.2902
12.3873
12.4671
12.5352
12.5959
12.6521
12.7066
12.7612
12.8173
12.8758
12.9373
13.0024
13.0713
13.144
13.2209
13.302
13.387
13.4756
13.5672
13.6614
13.7577
13.8553
13.9538
14.0527
14.1513
14.2485
14.3434
14.4357
14.5246
14.6094
14.6902
14.7672
14.84
14.9082
14.9717
15.031
15.0859
15.1365
15.1833
15.2269
15.2676
15.3049
15.3392
15.3707
15.3997
15.4261
15.4504
15.4732
15.4946
15.5141
15.5319
15.5482
15.5632
15.5767
15.5892
15.6011
15.6124
15.6226
15.6318
15.6402
15.6478
15.6544
15.6605
15.6665
15.6721
15.6771
15.6815
15.6855
15.689
15.6919
15.6945
15.6972
15.6997
15.7019
15.7036
15.7052
15.7065
15.7074
15.7081
15.709
15.7098
15.7104
15.7107
15.711
15.711
15.7109
15.7107
15.7105
15.7104
15.7101
15.7097
15.7092
15.7087
15.7081
15.7073
15.7066
15.7058
15.705
15.7042
15.7032
15.7027
15.701
0.857612
0.803835
0.754018
0.710069
0.674079
0.64957
0.650132
0.74414
1.19495
2.38152
4.17295
6.04546
7.64674
8.88918
9.81536
10.4986
11.0044
11.3827
11.6692
11.8896
12.0621
12.1996
12.3119
12.4061
12.4875
12.5604
12.6281
12.6932
12.7575
12.8223
12.8887
12.9574
13.0289
13.1035
13.1815
13.2631
13.3483
13.4368
13.5281
13.6219
13.7177
13.8149
13.913
14.0116
14.1099
14.207
14.302
14.3944
14.4837
14.569
14.6503
14.7277
14.801
14.8697
14.9339
14.9938
15.0493
15.1006
15.148
15.1921
15.2332
15.271
15.3058
15.3379
15.3674
15.3944
15.4192
15.4424
15.4641
15.4841
15.5024
15.5192
15.5346
15.5486
15.5615
15.5738
15.5853
15.5959
15.6056
15.6143
15.6223
15.6294
15.6358
15.642
15.6479
15.6533
15.658
15.6623
15.6661
15.6693
15.6722
15.675
15.6777
15.6801
15.682
15.6838
15.6853
15.6864
15.6873
15.6883
15.6892
15.6899
15.6904
15.6907
15.6909
15.6909
15.6908
15.6907
15.6906
15.6903
15.69
15.6896
15.6891
15.6885
15.6879
15.6871
15.6864
15.6856
15.6848
15.6839
15.6833
15.6816
0.859481
0.808375
0.760621
0.716969
0.678355
0.646196
0.625384
0.639161
0.789755
1.36626
2.61068
4.28953
5.9773
7.42677
8.58001
9.46818
10.1456
10.6633
11.062
11.3723
11.6172
11.8134
11.9732
12.1062
12.2195
12.3183
12.407
12.4892
12.5673
12.6433
12.7186
12.7943
12.8714
12.9503
13.0315
13.1155
13.2023
13.2917
13.3837
13.4778
13.5736
13.6707
13.7685
13.8667
13.9646
14.0612
14.1558
14.2479
14.3368
14.4218
14.5029
14.5799
14.6527
14.7212
14.7851
14.8447
14.9
14.9511
14.9984
15.0423
15.0832
15.121
15.1557
15.1878
15.2174
15.2444
15.2694
15.2927
15.3144
15.3345
15.353
15.37
15.3856
15.3999
15.4131
15.4256
15.4373
15.4481
15.458
15.4671
15.4753
15.4827
15.4895
15.4959
15.502
15.5075
15.5125
15.5171
15.5211
15.5246
15.5278
15.5308
15.5336
15.5361
15.5383
15.5403
15.5419
15.5432
15.5443
15.5454
15.5464
15.5472
15.5479
15.5483
15.5486
15.5487
15.5487
15.5487
15.5486
15.5485
15.5483
15.5479
15.5475
15.547
15.5464
15.5457
15.545
15.5443
15.5435
15.5427
15.542
15.5404
0.860564
0.811408
0.765707
0.723434
0.684829
0.65038
0.621754
0.606565
0.636169
0.823088
1.41522
2.56225
4.05681
5.57037
6.90594
8.00563
8.88293
9.57473
10.1198
10.5515
10.8963
11.1747
11.4025
11.5917
11.7516
11.8892
12.0101
12.1188
12.2189
12.313
12.4033
12.4913
12.5784
12.6654
12.7532
12.8423
12.9331
13.0257
13.12
13.2157
13.3128
13.4106
13.5089
13.6071
13.7046
13.8008
13.8949
13.9862
14.0742
14.1584
14.2384
14.3142
14.3858
14.4529
14.5156
14.574
14.6281
14.6782
14.7244
14.7673
14.8072
14.8441
14.8781
14.9095
14.9385
14.9651
14.9897
15.0126
15.034
15.0538
15.0721
15.089
15.1046
15.119
15.1322
15.1446
15.1563
15.1672
15.1772
15.1864
15.1948
15.2024
15.2094
15.216
15.2222
15.2279
15.2331
15.2378
15.242
15.2458
15.2491
15.2523
15.2552
15.2579
15.2603
15.2624
15.2642
15.2657
15.267
15.2682
15.2693
15.2702
15.271
15.2715
15.272
15.2722
15.2723
15.2724
15.2724
15.2723
15.2721
15.2719
15.2715
15.2711
15.2706
15.27
15.2693
15.2686
15.2679
15.2672
15.2665
15.2649
0.861099
0.813132
0.769007
0.728256
0.690668
0.656225
0.625337
0.600354
0.590481
0.626908
0.804317
1.30732
2.2556
3.52322
4.86391
6.10176
7.16544
8.04731
8.76702
9.3516
9.82729
10.2166
10.5379
10.8058
11.0319
11.2255
11.3936
11.5423
11.6758
11.7981
11.9119
12.0198
12.1235
12.2244
12.3238
12.4224
12.521
12.62
12.7194
12.8193
12.9196
13.0199
13.12
13.2193
13.3175
13.4138
13.5075
13.5981
13.6851
13.7679
13.8464
13.9203
13.9898
14.0548
14.1153
14.1714
14.2233
14.2713
14.3155
14.3564
14.3944
14.4295
14.4619
14.4919
14.5196
14.5452
14.5688
14.5908
14.6113
14.6304
14.6482
14.6646
14.6798
14.6939
14.7069
14.7191
14.7305
14.7412
14.7512
14.7603
14.7688
14.7765
14.7836
14.7902
14.7964
14.8021
14.8074
14.8123
14.8166
14.8206
14.8241
14.8274
14.8304
14.8332
14.8357
14.838
14.8399
14.8416
14.843
14.8443
14.8455
14.8466
14.8474
14.8481
14.8487
14.849
14.8493
14.8494
14.8495
14.8495
14.8494
14.8492
14.849
14.8486
14.8482
14.8477
14.8471
14.8465
14.8458
14.8451
14.8445
14.843
0.861317
0.813941
0.770773
0.731181
0.694713
0.661073
0.630148
0.602464
0.580592
0.572604
0.602091
0.732609
1.08696
1.77657
2.77137
3.9123
5.03989
6.06349
6.9514
7.70383
8.33496
8.86296
9.30557
9.67849
9.99509
10.2664
10.5012
10.7071
10.8897
11.054
11.2037
11.3421
11.4718
11.5949
11.7131
11.8278
11.9399
12.0502
12.1592
12.2671
12.374
12.4798
12.5842
12.6868
12.7873
12.885
12.9795
13.0701
13.1564
13.238
13.3147
13.3864
13.4533
13.5154
13.5728
13.6257
13.6745
13.7194
13.7606
13.7986
13.8337
13.8661
13.8962
13.9239
13.9496
13.9733
13.9954
14.0159
14.0351
14.053
14.0697
14.0853
14.0997
14.1132
14.1257
14.1374
14.1484
14.1588
14.1684
14.1774
14.1857
14.1933
14.2004
14.207
14.2131
14.2189
14.2242
14.229
14.2335
14.2376
14.2412
14.2446
14.2477
14.2506
14.2532
14.2555
14.2576
14.2594
14.261
14.2624
14.2637
14.2649
14.2658
14.2666
14.2673
14.2678
14.2681
14.2684
14.2686
14.2686
14.2686
14.2686
14.2684
14.2681
14.2678
14.2674
14.2669
14.2663
14.2658
14.2651
14.2645
14.2631
0.861388
0.814244
0.771528
0.732595
0.696913
0.664069
0.633754
0.605881
0.580964
0.560952
0.551213
0.565769
0.639181
0.840721
1.25947
1.9362
2.81479
3.77992
4.72845
5.60139
6.37646
7.05149
7.63388
8.13481
8.56624
8.93924
9.2636
9.54773
9.79884
10.0228
10.2247
10.4083
10.577
10.7339
10.8813
11.0212
11.155
11.2841
11.4092
11.5309
11.6495
11.7653
11.878
11.9874
12.0932
12.195
12.2922
12.3844
12.4713
12.5525
12.628
12.6978
12.7621
12.821
12.875
12.9243
12.9693
13.0104
13.0479
13.0822
13.1138
13.1429
13.1697
13.1946
13.2176
13.239
13.2589
13.2775
13.2949
13.3112
13.3266
13.3409
13.3544
13.367
13.3788
13.3898
13.4003
13.4101
13.4193
13.4279
13.436
13.4435
13.4504
13.4569
13.463
13.4686
13.4739
13.4788
13.4833
13.4874
13.4912
13.4946
13.4978
13.5007
13.5034
13.5059
13.5081
13.51
13.5117
13.5133
13.5147
13.5159
13.517
13.5179
13.5186
13.5193
13.5197
13.5201
13.5204
13.5206
13.5207
13.5207
13.5206
13.5204
13.5202
13.5199
13.5195
13.519
13.5186
13.518
13.5174
13.5162
0.861405
0.814329
0.771775
0.73312
0.697832
0.665473
0.635685
0.608216
0.582984
0.560262
0.541103
0.528299
0.528528
0.55701
0.644943
0.843255
1.20682
1.75779
2.46325
3.25174
4.05043
4.80955
5.50504
6.12962
6.68459
7.1751
7.60813
7.9911
8.33122
8.63486
8.90764
9.15428
9.379
9.58501
9.77554
9.95322
10.1202
10.2782
10.4287
10.5725
10.7104
10.8428
10.9698
11.0913
11.2072
11.317
11.4205
11.5173
11.6072
11.6902
11.7661
11.8353
11.898
11.9547
12.0059
12.0519
12.0934
12.1308
12.1646
12.1953
12.2233
12.249
12.2726
12.2944
12.3147
12.3336
12.3512
12.3678
12.3833
12.398
12.4119
12.4251
12.4374
12.4491
12.4602
12.4706
12.4805
12.4898
12.4986
12.5069
12.5148
12.5221
12.529
12.5354
12.5414
12.547
12.5523
12.5572
12.5618
12.566
12.5699
12.5734
12.5767
12.5798
12.5826
12.5851
12.5875
12.5896
12.5915
12.5931
12.5947
12.596
12.5972
12.5983
12.5992
12.5999
12.6006
12.6011
12.6014
12.6017
12.602
12.6021
12.6021
12.6021
12.6019
12.6017
12.6015
12.6011
12.6008
12.6003
12.5998
12.5987
0.861407
0.814342
0.77183
0.733259
0.698113
0.665956
0.636436
0.609274
0.584258
0.561246
0.54026
0.521689
0.506644
0.497682
0.500245
0.525323
0.592963
0.733719
0.982251
1.3612
1.86639
2.46574
3.11276
3.76356
4.38758
4.96884
5.50185
5.98671
6.42605
6.82354
7.18337
7.50991
7.80739
8.07974
8.33029
8.5615
8.77616
8.97655
9.16458
9.3417
9.50903
9.66731
9.81696
9.95811
10.0907
10.2147
10.3298
10.4361
10.5333
10.6218
10.7017
10.7735
10.8376
10.8947
10.9454
10.9905
11.0306
11.0663
11.0983
11.127
11.153
11.1767
11.1984
11.2184
11.237
11.2544
11.2707
11.2861
11.3006
11.3144
11.3275
11.34
11.3519
11.3632
11.3739
11.3841
11.3939
11.4031
11.4119
11.4202
11.4281
11.4355
11.4426
11.4492
11.4554
11.4612
11.4667
11.4718
11.4766
11.4811
11.4852
11.4891
11.4926
11.4959
11.499
11.5018
11.5043
11.5067
11.5088
11.5107
11.5125
11.514
11.5154
11.5166
11.5177
11.5187
11.5195
11.5202
11.5208
11.5212
11.5216
11.5219
11.522
11.5221
11.5222
11.5221
11.522
11.5218
11.5215
11.5212
11.5208
11.5199
0.861405
0.814337
0.77183
0.733276
0.698164
0.666067
0.636636
0.609601
0.584731
0.561808
0.540649
0.521149
0.503348
0.487537
0.474462
0.465694
0.46429
0.475947
0.510548
0.583308
0.713985
0.92225
1.22032
1.60679
2.06581
2.57175
3.0968
3.61731
4.11723
4.58801
5.02667
5.43342
5.80989
6.15826
6.48069
6.7795
7.05672
7.31386
7.55325
7.77672
7.98575
8.18135
8.36421
8.53471
8.69307
8.83944
8.97399
9.0969
9.20851
9.30926
9.39972
9.48052
9.55243
9.61627
9.67288
9.72306
9.76761
9.80728
9.84276
9.87461
9.9034
9.92958
9.95356
9.97566
9.99616
10.0153
10.0332
10.0501
10.0661
10.0812
10.0956
10.1093
10.1223
10.1347
10.1466
10.1578
10.1686
10.1788
10.1885
10.1977
10.2065
10.2147
10.2226
10.23
10.237
10.2436
10.2498
10.2556
10.261
10.2661
10.2709
10.2753
10.2794
10.2832
10.2868
10.2901
10.2931
10.2959
10.2984
10.3008
10.3029
10.3048
10.3065
10.3081
10.3095
10.3107
10.3118
10.3128
10.3136
10.3143
10.3149
10.3154
10.3158
10.3161
10.3163
10.3164
10.3165
10.3165
10.3164
10.3163
10.316
10.3152
0.861402
0.814329
0.77182
0.733266
0.698158
0.666072
0.636662
0.60966
0.584836
0.561965
0.540833
0.521259
0.503103
0.486278
0.470772
0.4567
0.444381
0.434475
0.428215
0.42777
0.436829
0.461254
0.509544
0.592551
0.721977
0.907591
1.15428
1.46005
1.8161
2.20863
2.62181
3.04069
3.45328
3.85141
4.23053
4.58886
4.92628
5.24381
5.54196
5.82082
6.08151
6.32481
6.55134
6.76161
6.95618
7.1356
7.30053
7.45159
7.58952
7.71509
7.82909
7.93233
8.02564
8.10987
8.18586
8.25439
8.31624
8.37215
8.42278
8.46872
8.51054
8.54872
8.58371
8.61589
8.64559
8.67311
8.6987
8.72255
8.74484
8.76573
8.78536
8.80383
8.82123
8.83766
8.85318
8.86783
8.88168
8.89476
8.90713
8.91881
8.92985
8.94027
8.95011
8.95938
8.9681
8.9763
8.98401
8.99125
8.99803
9.00438
9.01033
9.01588
9.02105
9.02586
9.03033
9.03447
9.03831
9.04186
9.04513
9.04814
9.05089
9.0534
9.0557
9.05779
9.05967
9.06138
9.06291
9.06427
9.06548
9.06654
9.06747
9.06827
9.06896
9.06953
9.07001
9.07039
9.07068
9.07088
9.07102
9.07107
9.07106
9.0705
0.8614
0.814321
0.77181
0.733254
0.698144
0.666058
0.636651
0.609654
0.584838
0.561978
0.540857
0.521288
0.503107
0.486178
0.47039
0.455656
0.441924
0.42919
0.417519
0.407084
0.398229
0.391555
0.388066
0.389375
0.397987
0.417549
0.452982
0.510302
0.596046
0.716258
0.875319
1.0749
1.31347
1.58637
1.88647
2.20521
2.53377
2.86415
3.18973
3.50602
3.80899
4.09656
4.36839
4.62478
4.86638
5.09389
5.30796
5.50906
5.69758
5.87383
6.03809
6.19066
6.33188
6.46218
6.58203
6.692
6.79267
6.88468
6.96869
7.04533
7.11522
7.17899
7.2372
7.29039
7.33907
7.38369
7.42466
7.46235
7.49709
7.52917
7.55886
7.58638
7.61194
7.63573
7.6579
7.67858
7.69789
7.71595
7.73284
7.74866
7.76348
7.77736
7.79038
7.80258
7.81401
7.82472
7.83474
7.84412
7.8529
7.8611
7.86877
7.87592
7.88258
7.88878
7.89454
7.89989
7.90485
7.90945
7.9137
7.91761
7.92122
7.92453
7.92756
7.93033
7.93286
7.93516
7.93724
7.93912
7.94081
7.94232
7.94367
7.94486
7.9459
7.94681
7.9476
7.94828
7.94884
7.94931
7.94969
7.94997
7.95017
7.94987
0.861399
0.814317
0.771804
0.733245
0.698135
0.666048
0.636641
0.609644
0.584828
0.561967
0.540847
0.521278
0.503096
0.48616
0.470348
0.455554
0.441688
0.428672
0.416445
0.404961
0.394198
0.384161
0.374898
0.366518
0.359221
0.353335
0.349377
0.348139
0.350797
0.359042
0.375178
0.402153
0.443508
0.50317
0.585122
0.692925
0.82926
0.995526
1.1916
1.41578
1.66517
1.93549
2.22128
2.51682
2.81654
3.11537
3.40892
3.69359
3.96657
4.22583
4.47001
4.69834
4.91051
5.10662
5.28706
5.45244
5.60353
5.74122
5.86644
5.98016
6.08333
6.17689
6.26172
6.33868
6.40854
6.47202
6.52978
6.58241
6.63046
6.6744
6.71466
6.75162
6.78561
6.81694
6.84587
6.87262
6.89739
6.92038
6.94173
6.96158
6.98006
6.99728
7.01333
7.02831
7.04228
7.05532
7.06749
7.07885
7.08944
7.09933
7.10855
7.11713
7.12513
7.13257
7.13948
7.1459
7.15185
7.15737
7.16247
7.16718
7.17152
7.17551
7.17918
7.18255
7.18562
7.18843
7.19098
7.1933
7.19539
7.19728
7.19897
7.20049
7.20183
7.20302
7.20407
7.20498
7.20577
7.20645
7.20702
7.20749
7.20786
7.20774
0.861399
0.814317
0.771804
0.733245
0.698135
0.666048
0.636641
0.609644
0.584828
0.561967
0.540847
0.521278
0.503096
0.48616
0.470348
0.455555
0.441689
0.428674
0.416448
0.404966
0.394206
0.384174
0.374918
0.366547
0.35926
0.353384
0.349431
0.348182
0.350799
0.358945
0.374882
0.401506
0.44229
0.50109
0.581819
0.688008
0.822354
0.986315
1.17988
1.40147
1.64842
1.91644
2.20019
2.49404
2.79243
3.09029
3.38319
3.66747
3.9403
4.19959
4.44393
4.67251
4.88502
5.08152
5.26238
5.42821
5.57977
5.71792
5.8436
5.95777
6.06138
6.15536
6.2406
6.31794
6.38817
6.452
6.51008
6.56302
6.61135
6.65556
6.69607
6.73326
6.76747
6.79899
6.8281
6.85502
6.87995
6.90308
6.92457
6.94455
6.96315
6.98047
6.99662
7.01169
7.02574
7.03886
7.0511
7.06253
7.07319
7.08313
7.0924
7.10103
7.10908
7.11656
7.12351
7.12997
7.13595
7.1415
7.14662
7.15136
7.15573
7.15975
7.16344
7.16682
7.16991
7.17274
7.17531
7.17764
7.17974
7.18164
7.18335
7.18487
7.18623
7.18743
7.18849
7.18941
7.19021
7.19089
7.19147
7.19195
7.19233
7.19223
0.8614
0.814321
0.77181
0.733254
0.698144
0.666058
0.636651
0.609654
0.584838
0.561978
0.540857
0.521288
0.503107
0.48618
0.470392
0.455661
0.441935
0.42921
0.417555
0.407145
0.398327
0.391705
0.38828
0.389662
0.398333
0.417897
0.453194
0.510128
0.595104
0.714028
0.871176
1.06819
1.30359
1.57282
1.86893
2.18355
2.50805
2.83455
3.15657
3.46953
3.76935
4.05409
4.32337
4.57748
4.81707
5.04285
5.25544
5.45533
5.64292
5.81847
5.98226
6.13455
6.2757
6.40608
6.52617
6.63648
6.73759
6.83011
6.91466
6.99187
7.06238
7.12677
7.1856
7.23942
7.28871
7.33391
7.37544
7.41366
7.44892
7.48149
7.51164
7.5396
7.56558
7.58975
7.61227
7.63328
7.65291
7.67126
7.68843
7.7045
7.71956
7.73366
7.74688
7.75926
7.77087
7.78173
7.79191
7.80143
7.81034
7.81866
7.82643
7.83368
7.84044
7.84673
7.85258
7.85801
7.86304
7.8677
7.87201
7.87598
7.87963
7.88299
7.88607
7.88888
7.89145
7.89378
7.8959
7.89781
7.89952
7.90106
7.90243
7.90365
7.90472
7.90565
7.90647
7.90716
7.90775
7.90824
7.90864
7.90894
7.90916
7.90887
0.861402
0.814328
0.77182
0.733266
0.698158
0.666071
0.636661
0.609659
0.584835
0.561965
0.540833
0.52126
0.503107
0.486288
0.470795
0.456749
0.444476
0.434648
0.428511
0.428249
0.437553
0.462265
0.510802
0.59386
0.722902
0.90743
1.15211
1.45491
1.80714
2.19524
2.60369
3.01782
3.42584
3.81969
4.19483
4.54951
4.88358
5.19803
5.49322
5.76941
6.02767
6.26876
6.49326
6.7017
6.89461
7.07257
7.23618
7.38609
7.52304
7.64777
7.76107
7.86376
7.95668
8.04065
8.1165
8.18501
8.24695
8.303
8.35384
8.40006
8.44221
8.48076
8.51615
8.54874
8.57887
8.6068
8.6328
8.65705
8.67975
8.70104
8.72105
8.73989
8.75764
8.7744
8.79022
8.80516
8.81929
8.83264
8.84526
8.85718
8.86843
8.87905
8.88907
8.8985
8.90739
8.91575
8.9236
8.93097
8.93788
8.94435
8.95039
8.95603
8.96129
8.96619
8.97074
8.97495
8.97886
8.98247
8.98579
8.98884
8.99165
8.99421
8.99655
8.99867
9.0006
9.00233
9.00389
9.00528
9.00652
9.00761
9.00856
9.00939
9.0101
9.0107
9.01121
9.01161
9.01193
9.01217
9.01233
9.01242
9.01242
9.0119
0.861405
0.814337
0.77183
0.733276
0.698164
0.666066
0.636635
0.6096
0.584729
0.561807
0.54065
0.521159
0.503379
0.487615
0.474634
0.46604
0.464939
0.477082
0.512379
0.585983
0.717399
0.925836
1.22297
1.60705
2.06223
2.56319
3.0826
3.5973
4.09159
4.55709
4.99088
5.39317
5.76561
6.11031
6.42942
6.72527
6.99979
7.25447
7.49165
7.71316
7.92041
8.11441
8.29583
8.46502
8.62223
8.76759
8.90123
9.02335
9.13428
9.23443
9.32438
9.40477
9.47638
9.53998
9.59641
9.64649
9.69101
9.73069
9.76621
9.79816
9.82709
9.85344
9.87761
9.89992
9.92064
9.93999
9.95816
9.97529
9.99149
10.0069
10.0215
10.0354
10.0486
10.0612
10.0733
10.0847
10.0957
10.106
10.1159
10.1253
10.1342
10.1426
10.1506
10.1581
10.1652
10.1719
10.1781
10.184
10.1896
10.1947
10.1996
10.2041
10.2082
10.2121
10.2157
10.2191
10.2221
10.2249
10.2275
10.2299
10.232
10.234
10.2357
10.2373
10.2388
10.24
10.2411
10.2421
10.243
10.2437
10.2443
10.2448
10.2452
10.2455
10.2458
10.2459
10.246
10.2461
10.246
10.2459
10.2457
10.2449
0.861407
0.814342
0.77183
0.733259
0.698111
0.665954
0.636432
0.609269
0.584252
0.561245
0.540281
0.521766
0.506852
0.498166
0.501265
0.527307
0.596472
0.739182
0.989415
1.36875
1.87212
2.46727
3.10824
3.75203
4.36886
4.94321
5.46981
5.94886
6.38301
6.7759
7.13166
7.45462
7.74891
8.01844
8.26645
8.49538
8.70802
8.90662
9.09301
9.26866
9.43467
9.59176
9.74033
9.88052
10.0123
10.1355
10.2501
10.3557
10.4526
10.5406
10.6203
10.6918
10.7558
10.8128
10.8634
10.9085
10.9486
10.9843
11.0163
11.0451
11.0712
11.095
11.1168
11.137
11.1557
11.1732
11.1897
11.2052
11.2198
11.2338
11.247
11.2596
11.2716
11.283
11.2939
11.3042
11.314
11.3234
11.3322
11.3406
11.3486
11.3561
11.3632
11.3699
11.3761
11.382
11.3875
11.3927
11.3975
11.402
11.4062
11.4101
11.4137
11.417
11.4201
11.4229
11.4255
11.4278
11.43
11.4319
11.4336
11.4352
11.4366
11.4379
11.439
11.4399
11.4407
11.4414
11.442
11.4425
11.4429
11.4432
11.4434
11.4435
11.4435
11.4435
11.4434
11.4433
11.4431
11.4428
11.4425
11.4415
0.861405
0.814328
0.771775
0.733118
0.697828
0.665466
0.635674
0.608202
0.582978
0.560295
0.541252
0.52874
0.529632
0.559502
0.649962
0.851901
1.21892
1.77102
2.47383
3.25619
4.04661
4.79675
5.48348
6.09999
6.64775
7.13195
7.5595
7.93776
8.2738
8.57391
8.84359
9.08753
9.30984
9.51371
9.70234
9.87832
10.0438
10.2004
10.3496
10.4922
10.629
10.7605
10.8866
11.0073
11.1225
11.2318
11.3347
11.4311
11.5207
11.6034
11.6793
11.7484
11.8111
11.8678
11.919
11.965
12.0066
12.0441
12.078
12.1089
12.137
12.1627
12.1864
12.2083
12.2287
12.2477
12.2655
12.2821
12.2978
12.3126
12.3265
12.3397
12.3521
12.3639
12.3751
12.3856
12.3955
12.4049
12.4137
12.422
12.4298
12.4372
12.4441
12.4506
12.4566
12.4623
12.4675
12.4724
12.477
12.4812
12.4851
12.4887
12.4921
12.4951
12.4979
12.5004
12.5028
12.5049
12.5068
12.5085
12.51
12.5113
12.5125
12.5136
12.5145
12.5152
12.5159
12.5164
12.5168
12.5171
12.5173
12.5175
12.5175
12.5175
12.5174
12.5172
12.517
12.5168
12.5164
12.516
12.5156
12.5144
0.861388
0.814242
0.771525
0.732588
0.696901
0.66405
0.633728
0.605861
0.580998
0.561174
0.551959
0.567838
0.64424
0.851125
1.27616
1.95634
2.83269
3.79034
4.72849
5.59035
6.35486
7.02042
7.59458
8.08852
8.51406
8.88212
9.20232
9.48293
9.731
9.95234
10.1518
10.3333
10.5002
10.6555
10.8014
10.9399
11.0725
11.2004
11.3243
11.445
11.5627
11.6776
11.7895
11.8983
12.0035
12.1047
12.2015
12.2933
12.3799
12.461
12.5365
12.6064
12.6707
12.7298
12.7838
12.8332
12.8783
12.9196
12.9573
12.9918
13.0235
13.0527
13.0797
13.1046
13.1277
13.1492
13.1693
13.188
13.2054
13.2218
13.2371
13.2515
13.2651
13.2778
13.2897
13.3008
13.3112
13.321
13.3302
13.3388
13.3469
13.3544
13.3614
13.3679
13.374
13.3796
13.3848
13.3897
13.3941
13.3983
13.4021
13.4056
13.4087
13.4116
13.4143
13.4167
13.4189
13.4208
13.4226
13.4241
13.4255
13.4267
13.4277
13.4286
13.4294
13.43
13.4305
13.4309
13.4312
13.4314
13.4315
13.4315
13.4315
13.4313
13.4311
13.4309
13.4306
13.4302
13.4298
13.4293
13.4287
13.4274
0.861316
0.813936
0.770763
0.731162
0.694684
0.661034
0.630109
0.602478
0.58084
0.573604
0.605254
0.7411
1.10461
1.80271
2.79892
3.93293
5.04855
6.05867
6.93368
7.67474
8.29622
8.8162
9.2522
9.61971
9.93184
10.1994
10.4312
10.6344
10.8147
10.9769
11.1247
11.2614
11.3896
11.5114
11.6284
11.7419
11.8529
11.9621
12.07
12.1769
12.2829
12.3879
12.4916
12.5937
12.6936
12.7908
12.8848
12.975
13.0611
13.1427
13.2195
13.2913
13.3583
13.4205
13.478
13.5311
13.58
13.6252
13.6667
13.705
13.7402
13.7728
13.8028
13.8307
13.8565
13.8804
13.9027
13.9233
13.9425
13.9604
13.9771
13.9927
14.0073
14.0208
14.0335
14.0453
14.0563
14.0665
14.0761
14.085
14.0933
14.101
14.1081
14.1147
14.1209
14.1265
14.1317
14.1366
14.141
14.1451
14.1488
14.1522
14.1553
14.1581
14.1606
14.1629
14.165
14.1669
14.1685
14.1699
14.1712
14.1723
14.1732
14.174
14.1746
14.1751
14.1755
14.1758
14.176
14.1761
14.1761
14.176
14.1758
14.1756
14.1753
14.175
14.1746
14.1741
14.1736
14.173
14.1724
14.171
0.861095
0.813119
0.768982
0.728217
0.690616
0.656169
0.625316
0.60055
0.591517
0.630775
0.816022
1.33247
2.29113
3.55768
4.88715
6.10932
7.15705
8.02473
8.73258
9.30752
9.77543
10.1585
10.4747
10.7384
10.9612
11.152
11.3178
11.4643
11.596
11.7165
11.8288
11.9352
12.0376
12.1374
12.2356
12.3332
12.4307
12.5286
12.627
12.7259
12.8253
12.925
13.0244
13.1232
13.2207
13.3165
13.4098
13.5001
13.5869
13.6698
13.7484
13.8225
13.8921
13.9571
14.0177
14.074
14.1262
14.1745
14.2192
14.2604
14.2984
14.3336
14.3661
14.3962
14.4241
14.4499
14.4738
14.4959
14.5164
14.5355
14.5532
14.5696
14.585
14.5992
14.6124
14.6246
14.636
14.6465
14.6563
14.6654
14.6739
14.6817
14.6889
14.6956
14.7017
14.7073
14.7125
14.7173
14.7217
14.7257
14.7293
14.7326
14.7355
14.7382
14.7407
14.7429
14.7448
14.7466
14.7481
14.7494
14.7505
14.7515
14.7523
14.753
14.7535
14.7539
14.7542
14.7544
14.7545
14.7545
14.7544
14.7542
14.754
14.7537
14.7533
14.7529
14.7524
14.7519
14.7513
14.7506
14.75
14.7484
0.860556
0.811382
0.765659
0.723368
0.684757
0.65033
0.621855
0.607376
0.639845
0.836206
1.44613
2.60657
4.09885
5.59786
6.91449
7.99598
8.85784
9.53725
10.0726
10.4966
10.8354
11.109
11.3329
11.5189
11.6761
11.8115
11.9305
12.0375
12.136
12.2285
12.3174
12.4041
12.49
12.576
12.6628
12.7508
12.8405
12.932
13.0252
13.12
13.2162
13.3134
13.4111
13.5087
13.6057
13.7013
13.7949
13.886
13.9739
14.0582
14.1385
14.2145
14.2861
14.3533
14.4162
14.4747
14.5292
14.5797
14.6264
14.6696
14.7095
14.7465
14.7806
14.8121
14.8413
14.8683
14.8932
14.9161
14.9374
14.9572
14.9755
14.9924
15.0082
15.0228
15.0362
15.0486
15.0601
15.0708
15.0807
15.0898
15.0983
15.1061
15.1133
15.1198
15.1258
15.1314
15.1365
15.1411
15.1454
15.1493
15.1527
15.1559
15.1587
15.1613
15.1636
15.1656
15.1675
15.1691
15.1704
15.1716
15.1726
15.1735
15.1742
15.1747
15.1752
15.1755
15.1757
15.1757
15.1757
15.1756
15.1754
15.1752
15.1749
15.1745
15.1741
15.1736
15.1731
15.1725
15.1718
15.1711
15.1704
15.1687
0.859463
0.808328
0.760547
0.716884
0.678286
0.646226
0.62588
0.641846
0.801378
1.39898
2.66226
4.34059
6.01182
7.43934
8.57195
9.44314
10.1074
10.615
11.006
11.3104
11.5505
11.7428
11.8995
12.03
12.141
12.2381
12.3252
12.4059
12.4824
12.557
12.631
12.7055
12.7814
12.8593
12.9396
13.0225
13.1081
13.1965
13.2874
13.3805
13.4756
13.5721
13.6695
13.767
13.8642
13.9602
14.0545
14.1463
14.2351
14.3205
14.4019
14.4791
14.5519
14.6204
14.6845
14.7443
14.8
14.8517
14.8995
14.9437
14.9845
15.0223
15.0572
15.0894
15.1192
15.1467
15.172
15.1953
15.2169
15.2368
15.2553
15.2724
15.2883
15.3029
15.3163
15.3287
15.3401
15.3507
15.3605
15.3695
15.3779
15.3855
15.3925
15.3989
15.4047
15.4101
15.415
15.4195
15.4236
15.4273
15.4305
15.4335
15.4361
15.4385
15.4407
15.4426
15.4443
15.4457
15.4469
15.448
15.4488
15.4496
15.4501
15.4506
15.4509
15.4511
15.4512
15.4512
15.4511
15.4509
15.4507
15.4504
15.45
15.4496
15.4491
15.4485
15.4479
15.4473
15.4466
15.4458
15.4451
15.4433
0.85758
0.803764
0.753923
0.709988
0.674077
0.649857
0.651741
0.752094
1.22355
2.43634
4.23379
6.09034
7.66702
8.88594
9.79307
10.4618
10.9569
11.3271
11.6076
11.8232
11.9918
12.1262
12.2359
12.3278
12.4075
12.4789
12.5452
12.6088
12.6717
12.7351
12.8002
12.8677
12.9381
13.0117
13.0888
13.1694
13.2534
13.3406
13.4309
13.5238
13.6189
13.7156
13.8132
13.9112
14.0088
14.1053
14.2
14.2922
14.3815
14.4672
14.549
14.6265
14.6997
14.7685
14.8329
14.893
14.9489
15.0008
15.0488
15.0931
15.1341
15.172
15.2069
15.2391
15.2689
15.2963
15.3215
15.3447
15.3662
15.386
15.4044
15.4213
15.4369
15.4513
15.4645
15.4766
15.4878
15.4981
15.5077
15.5165
15.5246
15.532
15.5387
15.5447
15.5503
15.5555
15.5601
15.5644
15.5682
15.5717
15.5748
15.5775
15.5799
15.5821
15.5841
15.5859
15.5874
15.5887
15.5897
15.5906
15.5913
15.5919
15.5924
15.5927
15.593
15.5931
15.5931
15.5929
15.5928
15.5925
15.5922
15.5918
15.5914
15.5909
15.5904
15.5898
15.5891
15.5884
15.5877
15.5868
15.5861
15.5842
0.854749
0.797823
0.746762
0.705355
0.678256
0.67474
0.733042
1.03169
2.00362
3.76986
5.79735
7.57353
8.93242
9.91507
10.6152
11.1165
11.4798
11.7472
11.9473
12.0996
12.2179
12.3123
12.3899
12.4562
12.5152
12.5701
12.6233
12.6766
12.7312
12.7883
12.8486
12.9124
12.9803
13.0521
13.1281
13.208
13.2918
13.3792
13.4698
13.5631
13.6587
13.7559
13.854
13.9523
14.0501
14.1467
14.2414
14.3335
14.4225
14.5079
14.5892
14.6662
14.7389
14.8071
14.871
14.9305
14.9858
15.0371
15.0845
15.1283
15.1687
15.206
15.2404
15.2722
15.3014
15.3284
15.3531
15.3758
15.3968
15.4162
15.4341
15.4506
15.4658
15.4797
15.4925
15.5042
15.515
15.525
15.5342
15.5426
15.5503
15.5574
15.5637
15.5694
15.5747
15.5795
15.5839
15.5879
15.5915
15.5947
15.5975
15.6
15.6022
15.6042
15.606
15.6076
15.6089
15.61
15.6109
15.6116
15.6122
15.6127
15.6131
15.6133
15.6134
15.6135
15.6133
15.6131
15.6129
15.6126
15.6122
15.6118
15.6113
15.6108
15.6102
15.6095
15.6089
15.6081
15.6074
15.6065
15.6058
15.6038
0.850944
0.791036
0.741073
0.70859
0.704608
0.751333
0.932889
1.55869
3.03514
5.11394
7.1211
8.69065
9.80607
10.5753
11.1069
11.4796
11.7457
11.9392
12.0825
12.1909
12.275
12.3425
12.399
12.4486
12.4946
12.5394
12.5848
12.6322
12.6824
12.7364
12.7945
12.8569
12.924
12.9956
13.0716
13.1519
13.2362
13.3242
13.4155
13.5094
13.6056
13.7032
13.8015
13.8998
13.9974
14.0936
14.1877
14.2789
14.367
14.4512
14.5313
14.6071
14.6785
14.7454
14.8079
14.8661
14.9202
14.9703
15.0165
15.0591
15.0985
15.1348
15.1683
15.1991
15.2275
15.2536
15.2775
15.2994
15.3197
15.3385
15.3557
15.3716
15.3862
15.3996
15.4118
15.4229
15.4332
15.4427
15.4515
15.4595
15.4668
15.4734
15.4793
15.4847
15.4896
15.4941
15.4982
15.5018
15.5052
15.5081
15.5106
15.5128
15.5148
15.5166
15.5182
15.5196
15.5208
15.5217
15.5224
15.523
15.5235
15.5239
15.5241
15.5242
15.5243
15.5242
15.524
15.5237
15.5234
15.5231
15.5226
15.5222
15.5217
15.5211
15.5205
15.5198
15.5191
15.5183
15.5176
15.5166
15.5159
15.5139
0.84629
0.784478
0.740973
0.732246
0.783722
0.934266
1.30916
2.2836
4.10964
6.27213
8.11824
9.44575
10.3391
10.9346
11.3373
11.6157
11.8124
11.9542
12.0585
12.1372
12.1985
12.2485
12.2915
12.3309
12.3692
12.4083
12.4495
12.4939
12.5422
12.595
12.6526
12.7149
12.7823
12.8544
12.9312
13.0122
13.0974
13.1861
13.278
13.3724
13.4689
13.5665
13.6646
13.7623
13.8592
13.9543
14.0471
14.1369
14.2233
14.3058
14.384
14.4577
14.5272
14.5922
14.6528
14.7092
14.7615
14.8099
14.8545
14.8955
14.9334
14.9684
15.0006
15.0302
15.0575
15.0825
15.1054
15.1263
15.1458
15.1636
15.1801
15.1952
15.2092
15.2218
15.2333
15.2439
15.2536
15.2626
15.2708
15.2783
15.2851
15.2913
15.2968
15.3017
15.3063
15.3104
15.3142
15.3175
15.3205
15.3231
15.3254
15.3273
15.3292
15.3308
15.3322
15.3333
15.3343
15.3351
15.3357
15.3361
15.3365
15.3368
15.3369
15.337
15.3369
15.3368
15.3365
15.3362
15.3358
15.3354
15.3349
15.3344
15.3339
15.3333
15.3326
15.3319
15.3312
15.3304
15.3297
15.3287
15.3281
15.3259
0.841075
0.780261
0.755528
0.804057
0.968775
1.27172
1.83577
3.06661
5.06601
7.16045
8.78877
9.88667
10.5962
11.0581
11.3662
11.5773
11.7256
11.832
11.9101
11.9693
12.016
12.055
12.0899
12.1233
12.1574
12.1936
12.233
12.2763
12.3243
12.3771
12.435
12.498
12.5662
12.6392
12.7167
12.7986
12.8845
12.9738
13.066
13.1605
13.2568
13.354
13.4512
13.5479
13.6434
13.7368
13.8277
13.9153
13.9994
14.0795
14.1552
14.2265
14.2935
14.3561
14.4144
14.4684
14.5186
14.5649
14.6076
14.6468
14.683
14.7163
14.747
14.7752
14.8012
14.825
14.8467
14.8666
14.885
14.9019
14.9175
14.9318
14.9449
14.9568
14.9676
14.9775
14.9866
14.995
15.0027
15.0096
15.016
15.0216
15.0267
15.0312
15.0354
15.0392
15.0426
15.0456
15.0483
15.0506
15.0526
15.0543
15.0559
15.0573
15.0585
15.0595
15.0604
15.061
15.0614
15.0618
15.062
15.0622
15.0623
15.0622
15.0621
15.0619
15.0616
15.0612
15.0608
15.0603
15.0599
15.0593
15.0587
15.0581
15.0575
15.0568
15.056
15.0552
15.0545
15.0535
15.0529
15.0507
0.835832
0.782846
0.804934
0.973214
1.30521
1.74081
2.41462
3.78731
5.82486
7.76862
9.17226
10.0729
10.6384
11.0011
11.2414
11.4056
11.5207
11.6034
11.6644
11.711
11.7486
11.7811
11.8115
11.8419
11.8741
11.9092
11.9481
11.9915
12.0398
12.0933
12.152
12.2159
12.2849
12.3587
12.437
12.5194
12.6057
12.6951
12.7873
12.8814
12.9769
13.073
13.1689
13.2638
13.3573
13.4484
13.5368
13.6218
13.7031
13.7802
13.853
13.9214
13.9855
14.0453
14.1009
14.1524
14.2002
14.2442
14.2847
14.3219
14.3562
14.3878
14.4168
14.4435
14.468
14.4904
14.5109
14.5296
14.547
14.5629
14.5776
14.5909
14.6032
14.6143
14.6244
14.6335
14.642
14.6498
14.6569
14.6633
14.6692
14.6743
14.6789
14.683
14.6869
14.6903
14.6933
14.6961
14.6985
14.7005
14.7023
14.7038
14.7052
14.7064
14.7074
14.7082
14.7089
14.7094
14.7097
14.7099
14.7101
14.7102
14.7102
14.7101
14.7099
14.7097
14.7093
14.7089
14.7084
14.708
14.7075
14.7069
14.7063
14.7057
14.705
14.7043
14.7036
14.7028
14.7021
14.7011
14.7005
14.6983
0.831586
0.802131
0.928232
1.28737
1.77223
2.25847
2.95789
4.38159
6.36612
8.12356
9.3207
10.0611
10.5173
10.8079
11.0003
11.1321
11.2249
11.2919
11.3419
11.3808
11.413
11.442
11.4701
11.4993
11.5309
11.566
11.6053
11.6493
11.6984
11.7527
11.8122
11.8768
11.9465
12.0208
12.0995
12.182
12.2682
12.3573
12.4487
12.5418
12.636
12.7304
12.8243
12.9169
13.0078
13.0961
13.1814
13.2632
13.3413
13.4151
13.4847
13.5498
13.6109
13.6676
13.7203
13.7691
13.8143
13.8558
13.894
13.929
13.9614
13.9911
14.0184
14.0435
14.0666
14.0876
14.1067
14.1243
14.1405
14.1554
14.1691
14.1815
14.193
14.2033
14.2126
14.221
14.2289
14.2361
14.2426
14.2485
14.2538
14.2585
14.2627
14.2664
14.2698
14.2729
14.2757
14.2781
14.2802
14.282
14.2835
14.2848
14.286
14.2871
14.2879
14.2886
14.2892
14.2895
14.2897
14.2899
14.29
14.29
14.2899
14.2897
14.2895
14.2892
14.2888
14.2884
14.2879
14.2874
14.2869
14.2863
14.2858
14.2851
14.2845
14.2838
14.283
14.2822
14.2815
14.2806
14.28
14.2778
0.830467
0.859267
1.17579
1.73954
2.29325
2.7511
3.4204
4.82917
6.70266
8.26647
9.28505
9.89909
10.2738
10.5126
10.6715
10.781
10.8589
10.9157
10.9587
10.993
11.0224
11.0496
11.0769
11.1058
11.1377
11.1732
11.2131
11.2578
11.3077
11.3626
11.4228
11.4879
11.5578
11.6322
11.7107
11.7928
11.8783
11.9664
12.0565
12.148
12.2403
12.3323
12.4236
12.5133
12.6011
12.6861
12.768
12.8463
12.9207
12.991
13.057
13.1188
13.1765
13.2301
13.2798
13.3257
13.3682
13.4072
13.443
13.4759
13.5062
13.534
13.5596
13.583
13.6046
13.6242
13.642
13.6583
13.6735
13.6873
13.7
13.7115
13.7222
13.7317
13.7402
13.748
13.7552
13.7618
13.7678
13.7731
13.778
13.7822
13.786
13.7893
13.7924
13.7952
13.7976
13.7998
13.8017
13.8032
13.8045
13.8056
13.8067
13.8075
13.8083
13.8088
13.8093
13.8095
13.8096
13.8097
13.8097
13.8097
13.8095
13.8093
13.8091
13.8087
13.8083
13.8078
13.8074
13.8069
13.8064
13.8058
13.8052
13.8046
13.804
13.8033
13.8026
13.8018
13.8011
13.8002
13.7996
13.7975
0.837081
0.991916
1.56909
2.26523
2.79761
3.18169
3.78973
5.13485
6.86237
8.2405
9.10959
9.62549
9.93971
10.1411
10.2763
10.3705
10.4382
10.4885
10.5272
10.5589
10.5868
10.6134
10.6405
10.6697
10.702
10.7381
10.7786
10.8239
10.8742
10.9295
10.9898
11.0549
11.1246
11.1985
11.2762
11.3573
11.4414
11.5279
11.6161
11.7053
11.7949
11.8842
11.9723
12.0586
12.1428
12.2242
12.3022
12.3767
12.4473
12.5138
12.5761
12.6343
12.6886
12.7389
12.7855
12.8286
12.8683
12.9048
12.9383
12.9689
12.9972
13.0232
13.047
13.0688
13.0888
13.107
13.1236
13.1387
13.1527
13.1656
13.1773
13.1879
13.1977
13.2064
13.2143
13.2214
13.228
13.234
13.2395
13.2443
13.2488
13.2526
13.2559
13.2589
13.2617
13.2641
13.2663
13.2682
13.2699
13.2712
13.2723
13.2732
13.2741
13.2749
13.2755
13.2759
13.2763
13.2764
13.2765
13.2765
13.2764
13.2764
13.2762
13.276
13.2757
13.2753
13.2749
13.2744
13.2739
13.2735
13.2729
13.2724
13.2718
13.2712
13.2706
13.2699
13.2692
13.2684
13.2678
13.2669
13.2664
13.2643
0.861181
1.24425
2.07306
2.79378
3.24682
3.54096
4.07117
5.31577
6.87782
8.08482
8.83027
9.26982
9.53859
9.71247
9.83058
9.91395
9.97473
10.0206
10.0566
10.0867
10.1139
10.1404
10.1677
10.1972
10.23
10.2665
10.3074
10.3529
10.4032
10.4584
10.5183
10.5828
10.6516
10.7244
10.8006
10.88
10.9622
11.0463
11.1319
11.2182
11.3047
11.3905
11.4749
11.5575
11.6377
11.715
11.789
11.8593
11.926
11.9885
12.0471
12.1016
12.1524
12.1995
12.243
12.2831
12.3202
12.3541
12.3852
12.4137
12.44
12.4641
12.4862
12.5064
12.525
12.5418
12.5571
12.571
12.584
12.5958
12.6066
12.6164
12.6254
12.6334
12.6405
12.647
12.6531
12.6586
12.6635
12.6679
12.6719
12.6753
12.6783
12.6809
12.6835
12.6856
12.6876
12.6892
12.6907
12.6918
12.6927
12.6935
12.6943
12.6949
12.6954
12.6958
12.6961
12.6961
12.6961
12.6961
12.696
12.6959
12.6957
12.6954
12.6951
12.6947
12.6943
12.6938
12.6934
12.6929
12.6924
12.6918
12.6913
12.6907
12.6901
12.6894
12.6888
12.6881
12.6874
12.6865
12.6861
12.6841
0.921569
1.635
2.62407
3.27953
3.62861
3.83398
4.27792
5.39409
6.78072
7.8323
8.47498
8.85407
9.08775
9.24069
9.34591
9.42117
9.47684
9.5195
9.55369
9.58287
9.60968
9.63609
9.66356
9.69328
9.72618
9.76282
9.8036
9.84882
9.89869
9.95314
10.0121
10.0752
10.1425
10.2134
10.2876
10.3646
10.444
10.5252
10.6075
10.6903
10.7731
10.8549
10.9353
11.0136
11.0896
11.1625
11.2322
11.2983
11.3607
11.4193
11.4739
11.5248
11.5721
11.6159
11.6563
11.6936
11.728
11.7594
11.7882
11.8146
11.8389
11.8612
11.8815
11.9002
11.9173
11.9328
11.9469
11.9597
11.9717
11.9825
11.9924
12.0014
12.0096
12.0169
12.0234
12.0293
12.0348
12.0398
12.0442
12.0482
12.0518
12.0549
12.0575
12.0599
12.0621
12.0641
12.0658
12.0672
12.0685
12.0695
12.0703
12.0709
12.0716
12.0721
12.0725
12.0728
12.073
12.073
12.073
12.0729
12.0728
12.0726
12.0724
12.0721
12.0718
12.0715
12.071
12.0706
12.0701
12.0697
12.0692
12.0686
12.0681
12.0675
12.0669
12.0663
12.0657
12.065
12.0644
12.0636
12.0632
12.0612
1.04783
2.14118
3.16648
3.70269
3.94541
4.07163
4.42602
5.39313
6.59947
7.50923
8.06458
8.39407
8.59934
8.73536
8.83013
8.89882
8.95033
8.99041
9.02306
9.05141
9.07781
9.10404
9.13141
9.16103
9.1937
9.22996
9.27016
9.31456
9.36333
9.41641
9.47366
9.53489
9.59992
9.66828
9.7396
9.81347
9.8895
9.96702
10.0455
10.1242
10.2026
10.2801
10.3559
10.4296
10.5009
10.5693
10.6344
10.6961
10.7543
10.8087
10.8595
10.9066
10.9505
10.991
11.0283
11.0627
11.0944
11.1235
11.15
11.1742
11.1966
11.2171
11.2359
11.253
11.2687
11.283
11.2959
11.3076
11.3185
11.3285
11.3375
11.3457
11.3532
11.3598
11.3657
11.3711
11.3761
11.3806
11.3846
11.3881
11.3914
11.3941
11.3965
11.3986
11.4006
11.4023
11.4038
11.4051
11.4062
11.407
11.4077
11.4082
11.4088
11.4092
11.4096
11.4098
11.4099
11.4099
11.4098
11.4097
11.4096
11.4094
11.4092
11.4089
11.4086
11.4083
11.4078
11.4074
11.407
11.4065
11.406
11.4055
11.405
11.4045
11.4039
11.4034
11.4028
11.4021
11.4016
11.4008
11.4004
11.3986
1.27351
2.71745
3.66611
4.06069
4.20639
4.26624
4.53205
5.33577
6.35861
7.13613
7.61427
7.90082
8.08151
8.20274
8.28823
8.35096
8.39863
8.43623
8.46731
8.49469
8.52046
8.54621
8.57313
8.6022
8.63419
8.66955
8.70859
8.75156
8.79859
8.84962
8.90451
8.96306
9.0251
9.09017
9.15792
9.22794
9.29988
9.37307
9.44697
9.52099
9.59462
9.66711
9.73795
9.8067
9.87309
9.93659
9.99699
10.0541
10.1079
10.1581
10.2049
10.2483
10.2886
10.3258
10.3601
10.3917
10.4208
10.4473
10.4716
10.4938
10.5143
10.5331
10.5502
10.5658
10.5802
10.5932
10.6049
10.6156
10.6256
10.6346
10.6428
10.6503
10.6571
10.6631
10.6684
10.6732
10.6777
10.6818
10.6854
10.6886
10.6915
10.6939
10.696
10.6979
10.6997
10.7012
10.7025
10.7036
10.7046
10.7053
10.7059
10.7064
10.7068
10.7072
10.7075
10.7076
10.7077
10.7077
10.7076
10.7074
10.7073
10.7072
10.7069
10.7067
10.7064
10.706
10.7056
10.7052
10.7048
10.7044
10.7039
10.7034
10.703
10.7025
10.7019
10.7014
10.7009
10.7002
10.6997
10.699
10.6986
10.6969
1.62357
3.31926
4.10865
4.36062
4.42333
4.4301
4.61236
5.24434
6.07974
6.72933
7.13521
7.38186
7.53942
7.64646
7.72283
7.77954
7.82317
7.85806
7.88729
7.91338
7.93815
7.96301
7.98904
8.01711
8.04788
8.08179
8.11908
8.15999
8.20462
8.2529
8.30469
8.35982
8.4181
8.47912
8.54252
8.60794
8.67503
8.74318
8.81186
8.88053
8.94873
9.01575
9.08113
9.14449
9.20556
9.2639
9.31929
9.37158
9.42078
9.46668
9.50934
9.54893
9.58568
9.61956
9.65075
9.67944
9.70588
9.73001
9.75204
9.77221
9.79081
9.80779
9.82331
9.83748
9.85051
9.86225
9.87287
9.88256
9.89155
9.89971
9.9071
9.91379
9.91991
9.92531
9.93008
9.93443
9.93848
9.94211
9.94532
9.94819
9.95077
9.95295
9.95479
9.95645
9.95802
9.95936
9.9605
9.96148
9.96233
9.96295
9.96342
9.96384
9.96425
9.96455
9.96475
9.96489
9.96496
9.96491
9.96477
9.96464
9.96452
9.96436
9.96413
9.96388
9.9636
9.96326
9.96287
9.96249
9.96212
9.96173
9.96132
9.96089
9.96045
9.95999
9.95951
9.959
9.9585
9.95794
9.95747
9.9568
9.95648
9.95493
2.11222
3.91483
4.49463
4.61509
4.60948
4.57557
4.68336
5.14194
5.78401
6.30358
6.63675
6.84295
6.97661
7.06861
7.13506
7.18506
7.22405
7.25567
7.28257
7.3069
7.33021
7.35375
7.37841
7.40497
7.43402
7.4659
7.50083
7.53902
7.58055
7.62535
7.67328
7.72418
7.77788
7.83401
7.89221
7.9522
8.0136
8.07588
8.13855
8.20113
8.26318
8.32408
8.38341
8.44083
8.4961
8.54883
8.59883
8.64599
8.69031
8.73163
8.76999
8.80557
8.83857
8.86898
8.89696
8.92268
8.94637
8.96799
8.98771
9.00577
9.02241
9.03761
9.05148
9.06415
9.07579
9.08628
9.09575
9.1044
9.11242
9.11969
9.12627
9.13224
9.13768
9.14248
9.14671
9.15057
9.15416
9.15737
9.16021
9.16275
9.16503
9.16695
9.16856
9.17002
9.17139
9.17257
9.17356
9.17441
9.17515
9.17569
9.17608
9.17644
9.17679
9.17705
9.17721
9.17732
9.17737
9.17732
9.17718
9.17706
9.17694
9.17678
9.17657
9.17634
9.17609
9.17578
9.17542
9.17508
9.17474
9.17439
9.17402
9.17363
9.17323
9.17282
9.17239
9.17193
9.17149
9.17098
9.17056
9.16996
9.16967
9.16829
2.75668
4.49023
4.83646
4.8418
4.7811
4.71723
4.76331
5.05534
5.49711
5.87717
6.13077
6.29174
6.39804
6.47242
6.52702
6.56882
6.60203
6.6295
6.65336
6.67533
6.69668
6.71839
6.74121
6.76578
6.79255
6.82184
6.85378
6.88857
6.92625
6.96676
7.00997
7.05574
7.1039
7.15413
7.20612
7.25962
7.31429
7.36966
7.4253
7.48079
7.53574
7.58961
7.64202
7.6927
7.74142
7.78787
7.83186
7.87333
7.91226
7.94853
7.98218
8.01338
8.0423
8.06893
8.09342
8.11593
8.13664
8.15556
8.17279
8.18858
8.20312
8.21639
8.22849
8.23956
8.24971
8.25887
8.26712
8.27467
8.28165
8.28799
8.29371
8.2989
8.30364
8.30781
8.31148
8.31484
8.31796
8.32074
8.3232
8.32539
8.32737
8.32903
8.33041
8.33168
8.33286
8.33388
8.33472
8.33546
8.33609
8.33655
8.33688
8.33719
8.33748
8.3377
8.33784
8.33793
8.33797
8.33792
8.33779
8.33768
8.33757
8.33744
8.33725
8.33705
8.33682
8.33656
8.33624
8.33595
8.33565
8.33536
8.33503
8.33469
8.33435
8.33399
8.33361
8.33322
8.33283
8.3324
8.33203
8.33151
8.33126
8.33009
3.60492
5.05603
5.16196
5.069
4.96378
4.87833
4.87793
5.02127
5.25935
5.4835
5.64274
5.7479
5.81945
5.87098
5.90997
5.94087
5.96634
5.98826
6.00804
6.0269
6.04567
6.06507
6.08558
6.10769
6.13168
6.15779
6.18609
6.21673
6.2497
6.28497
6.32239
6.36187
6.40325
6.44627
6.49066
6.53623
6.58268
6.62964
6.67673
6.72364
6.77
6.8154
6.85951
6.90213
6.94305
6.98203
7.01891
7.05365
7.08623
7.11658
7.14471
7.17079
7.19493
7.21717
7.23759
7.25637
7.27363
7.2894
7.30375
7.31691
7.32901
7.34006
7.35012
7.35933
7.36776
7.37538
7.38224
7.38852
7.39431
7.39958
7.40432
7.40863
7.41255
7.41602
7.41906
7.42185
7.42443
7.42674
7.42876
7.43059
7.43222
7.4336
7.43474
7.4358
7.43677
7.43762
7.43831
7.43892
7.43944
7.43983
7.4401
7.44037
7.44061
7.4408
7.4409
7.44098
7.44102
7.44098
7.44088
7.4408
7.44071
7.44061
7.44045
7.4403
7.44012
7.43991
7.43965
7.43942
7.43918
7.43894
7.43868
7.43841
7.43813
7.43785
7.43754
7.43723
7.43692
7.43657
7.43627
7.43587
7.43566
7.43475
4.84951
5.68148
5.5406
5.36051
5.21655
5.11411
5.08149
5.10311
5.14516
5.19591
5.23891
5.27073
5.2948
5.31437
5.33125
5.34662
5.36112
5.37525
5.38945
5.40421
5.41975
5.43638
5.45422
5.47351
5.49433
5.51676
5.54078
5.56648
5.5938
5.62268
5.65299
5.68468
5.7176
5.75158
5.7864
5.82195
5.85798
5.89423
5.93042
5.96636
6.00174
6.03632
6.06981
6.10212
6.13306
6.16249
6.19026
6.21642
6.24089
6.26368
6.28476
6.30432
6.32238
6.33901
6.35426
6.36828
6.38114
6.3929
6.40358
6.41339
6.42238
6.4306
6.43806
6.4449
6.45114
6.4568
6.46188
6.46655
6.47083
6.47473
6.47822
6.48142
6.4843
6.48688
6.48913
6.49122
6.49311
6.49483
6.49631
6.49767
6.49887
6.49991
6.50076
6.50157
6.50229
6.50292
6.50343
6.50391
6.50429
6.50461
6.50481
6.50504
6.50522
6.50538
6.50546
6.50554
6.50558
6.50558
6.50552
6.50549
6.50544
6.50539
6.50528
6.50519
6.50508
6.50495
6.50478
6.50464
6.50448
6.50433
6.50416
6.50399
6.5038
6.50362
6.50342
6.50322
6.50301
6.50279
6.5026
6.50234
6.50219
6.50169
6.07791
5.55968
5.24729
5.04137
4.89356
4.79437
4.7633
4.76544
4.7494
4.71943
4.69043
4.66861
4.65443
4.64662
4.64374
4.64473
4.64874
4.65521
4.66375
4.67414
4.6861
4.69951
4.71421
4.73019
4.7473
4.76551
4.78472
4.80493
4.82602
4.84793
4.87054
4.89382
4.91762
4.94186
4.96637
4.99111
5.01587
5.04052
5.06488
5.08886
5.11225
5.13494
5.15678
5.17773
5.19765
5.21651
5.23422
5.25084
5.26631
5.28069
5.29397
5.30626
5.31757
5.32796
5.33746
5.34618
5.35415
5.36143
5.36804
5.37412
5.37965
5.3847
5.38927
5.39346
5.39726
5.40072
5.40382
5.40669
5.40928
5.41164
5.41375
5.41568
5.41741
5.41898
5.42036
5.42165
5.42279
5.42383
5.42472
5.42555
5.42627
5.42692
5.42746
5.42798
5.42843
5.42883
5.42915
5.42946
5.4297
5.42992
5.43008
5.43025
5.43038
5.4305
5.43057
5.43065
5.43069
5.43073
5.43073
5.43076
5.43076
5.43076
5.43072
5.43071
5.43067
5.43064
5.43057
5.43054
5.43048
5.43043
5.43036
5.4303
5.43023
5.43016
5.43008
5.43
5.42992
5.42984
5.42976
5.42969
5.4296
5.42959
)
;

boundaryField
{
    lowerWall
    {
        type            kqRWallFunction;
        value           nonuniform List<scalar> 
122
(
6.0764
5.55929
5.24708
5.04128
4.89361
4.79383
4.76196
4.76613
4.75269
4.72406
4.69549
4.67384
4.65974
4.65198
4.64912
4.65016
4.65425
4.66078
4.66934
4.67982
4.6919
4.70543
4.72024
4.73636
4.75365
4.77202
4.79135
4.81176
4.83306
4.85518
4.87796
4.90145
4.92547
4.94988
4.9745
4.9994
5.02432
5.0491
5.07353
5.0976
5.12107
5.14379
5.16557
5.18654
5.20648
5.22533
5.24298
5.25958
5.27506
5.28938
5.30254
5.31482
5.32614
5.33652
5.34595
5.35469
5.36267
5.36992
5.37644
5.38254
5.38811
5.39317
5.3977
5.40191
5.40574
5.40918
5.41221
5.41511
5.41775
5.42011
5.42218
5.42414
5.4259
5.42745
5.42875
5.43007
5.43126
5.4323
5.43316
5.43401
5.43476
5.43538
5.43585
5.4364
5.43689
5.43729
5.43758
5.43791
5.43818
5.43838
5.43848
5.43867
5.43884
5.43896
5.439
5.43909
5.43916
5.43919
5.43914
5.43918
5.43921
5.43921
5.43916
5.43915
5.43913
5.43909
5.439
5.43897
5.43893
5.43889
5.43881
5.43875
5.43869
5.43863
5.43854
5.43846
5.43838
5.43831
5.43823
5.43814
5.43802
5.43803
)
;
    }
    upperWall
    {
        type            kqRWallFunction;
        value           nonuniform List<scalar> 
122
(
6.07791
5.55968
5.24729
5.04137
4.89356
4.79437
4.7633
4.76544
4.7494
4.71943
4.69043
4.66861
4.65443
4.64662
4.64374
4.64473
4.64874
4.65521
4.66375
4.67414
4.6861
4.69951
4.71421
4.73019
4.7473
4.76551
4.78472
4.80493
4.82602
4.84793
4.87054
4.89382
4.91762
4.94186
4.96637
4.99111
5.01587
5.04052
5.06488
5.08886
5.11225
5.13494
5.15678
5.17773
5.19765
5.21651
5.23422
5.25084
5.26631
5.28069
5.29397
5.30626
5.31757
5.32796
5.33746
5.34618
5.35415
5.36143
5.36804
5.37412
5.37965
5.3847
5.38927
5.39346
5.39726
5.40072
5.40382
5.40669
5.40928
5.41164
5.41375
5.41568
5.41741
5.41898
5.42036
5.42165
5.42279
5.42383
5.42472
5.42555
5.42627
5.42692
5.42746
5.42798
5.42843
5.42883
5.42915
5.42946
5.4297
5.42992
5.43008
5.43025
5.43038
5.4305
5.43057
5.43065
5.43069
5.43073
5.43073
5.43076
5.43076
5.43076
5.43072
5.43071
5.43067
5.43064
5.43057
5.43054
5.43048
5.43043
5.43036
5.4303
5.43023
5.43016
5.43008
5.43
5.42992
5.42984
5.42976
5.42969
5.4296
5.42959
)
;
    }
    inlet
    {
        type            turbulentIntensityKineticEnergyInlet;
        intensity       0.0223;
        value           uniform 0.91377;
    }
    outlet
    {
        type            zeroGradient;
    }
    frontAndBack
    {
        type            empty;
    }
}


// ************************************************************************* //
