/*--------------------------------*- C++ -*----------------------------------*\
  =========                 |
  \\      /  F ield         | OpenFOAM: The Open Source CFD Toolbox
   \\    /   O peration     | Website:  https://openfoam.org
    \\  /    A nd           | Version:  8
     \\/     M anipulation  |
\*---------------------------------------------------------------------------*/
FoamFile
{
    version     2.0;
    format      ascii;
    class       volScalarField;
    location    "250";
    object      nut;
}
// * * * * * * * * * * * * * * * * * * * * * * * * * * * * * * * * * * * * * //

dimensions      [0 2 -1 0 0 0 0];

internalField   nonuniform List<scalar> 
7320
(
0.000286297
0.000273844
0.000266044
0.000260776
0.000256926
0.000254168
0.000253063
0.000253185
0.000252954
0.000252217
0.000251405
0.000250752
0.000250299
0.000250022
0.000249882
0.000249854
0.000249911
0.000250037
0.00025022
0.000250455
0.000250735
0.000251053
0.000251405
0.000251792
0.000252209
0.000252654
0.000253124
0.000253621
0.000254141
0.000254682
0.000255241
0.000255817
0.000256408
0.000257009
0.000257617
0.000258232
0.00025885
0.000259466
0.000260075
0.000260676
0.000261265
0.000261836
0.000262386
0.000262916
0.000263422
0.000263902
0.000264352
0.000264777
0.000265174
0.000265542
0.000265881
0.000266197
0.000266489
0.000266757
0.000267001
0.000267227
0.000267434
0.000267622
0.000267792
0.00026795
0.000268095
0.000268227
0.000268345
0.000268455
0.000268555
0.000268645
0.000268725
0.000268801
0.000268871
0.000268933
0.000268988
0.00026904
0.000269087
0.000269129
0.000269164
0.000269199
0.000269231
0.000269259
0.000269283
0.000269306
0.000269327
0.000269344
0.000269358
0.000269373
0.000269386
0.000269398
0.000269406
0.000269415
0.000269423
0.00026943
0.000269433
0.000269438
0.000269443
0.000269447
0.000269449
0.000269452
0.000269454
0.000269455
0.000269454
0.000269456
0.000269457
0.000269457
0.000269456
0.000269456
0.000269456
0.000269455
0.000269453
0.000269453
0.000269452
0.000269451
0.000269449
0.000269448
0.000269446
0.000269445
0.000269443
0.000269441
0.000269439
0.000269438
0.000269436
0.000269434
0.000269431
0.000269431
0.000562803
0.000740631
0.000767562
0.000767667
0.000763005
0.000758117
0.000761792
0.000787146
0.000834087
0.000884553
0.000924442
0.000952704
0.000972539
0.000986726
0.000997057
0.00100471
0.00101043
0.00101474
0.00101811
0.00102087
0.00102325
0.00102544
0.0010276
0.00102987
0.00103232
0.001035
0.00103799
0.00104135
0.00104506
0.00104909
0.00105345
0.00105814
0.00106312
0.00106833
0.00107381
0.00107954
0.00108544
0.00109141
0.00109743
0.00110346
0.00110945
0.00111529
0.00112102
0.00112663
0.00113204
0.00113716
0.00114201
0.00114659
0.00115088
0.00115482
0.00115853
0.00116203
0.0011653
0.00116825
0.00117096
0.00117347
0.00117576
0.0011778
0.00117971
0.00118153
0.00118321
0.00118469
0.00118604
0.00118728
0.0011884
0.00118937
0.00119029
0.0011912
0.00119204
0.00119274
0.00119336
0.00119394
0.00119446
0.00119487
0.00119528
0.00119573
0.00119614
0.00119644
0.0011967
0.00119694
0.00119714
0.00119727
0.00119742
0.00119762
0.00119779
0.00119789
0.00119798
0.00119806
0.00119811
0.00119811
0.00119814
0.00119821
0.00119827
0.00119828
0.00119828
0.00119829
0.00119828
0.00119823
0.00119821
0.00119822
0.00119823
0.0011982
0.00119816
0.00119813
0.00119809
0.00119803
0.00119798
0.00119796
0.00119793
0.00119788
0.00119783
0.00119778
0.00119773
0.00119767
0.0011976
0.00119753
0.00119748
0.00119742
0.00119736
0.00119728
0.00119728
0.00119712
0.000761067
0.00115457
0.00127126
0.00130587
0.00131522
0.00131674
0.00134805
0.001475
0.00169339
0.00191082
0.00207302
0.00218393
0.00226007
0.00231362
0.00235204
0.00238
0.00240048
0.00241556
0.00242688
0.00243574
0.00244301
0.00244933
0.0024553
0.00246141
0.00246796
0.00247513
0.00248322
0.00249239
0.00250263
0.00251385
0.00252608
0.00253934
0.00255351
0.00256842
0.00258416
0.0026007
0.00261778
0.0026351
0.00265261
0.00267021
0.00268768
0.00270475
0.00272154
0.00273801
0.00275391
0.00276895
0.0027832
0.0027967
0.00280935
0.00282098
0.00283191
0.00284229
0.00285196
0.00286071
0.00286874
0.00287618
0.00288299
0.00288904
0.00289469
0.00290012
0.00290515
0.00290957
0.00291356
0.00291727
0.00292063
0.00292351
0.00292625
0.00292898
0.00293152
0.00293361
0.00293547
0.0029372
0.00293875
0.00293998
0.00294121
0.00294256
0.00294379
0.00294471
0.00294549
0.00294623
0.00294683
0.00294722
0.00294766
0.00294825
0.00294879
0.00294909
0.00294934
0.00294959
0.00294975
0.00294975
0.00294983
0.00295006
0.00295025
0.00295027
0.00295027
0.00295029
0.00295026
0.00295011
0.00295005
0.00295009
0.00295011
0.00295001
0.0029499
0.0029498
0.00294968
0.0029495
0.00294935
0.00294927
0.00294919
0.00294904
0.00294888
0.00294872
0.00294856
0.00294838
0.00294817
0.00294797
0.0029478
0.00294761
0.00294745
0.00294719
0.00294718
0.00294667
0.000942179
0.00154868
0.00180338
0.00190671
0.00195064
0.00197321
0.00206772
0.00239486
0.0029212
0.00341568
0.00377139
0.00401024
0.00417276
0.00428653
0.00436791
0.00442705
0.00447035
0.00450223
0.00452606
0.00454458
0.00455954
0.0045723
0.00458406
0.00459584
0.00460824
0.00462167
0.00463668
0.00465368
0.00467262
0.00469337
0.00471599
0.00474054
0.00476681
0.00479449
0.00482373
0.00485448
0.0048863
0.00491861
0.0049513
0.00498421
0.00501693
0.00504894
0.00508044
0.00511139
0.00514132
0.00516967
0.00519656
0.00522207
0.00524598
0.00526803
0.00528875
0.00530841
0.00532675
0.00534338
0.00535865
0.00537281
0.00538579
0.00539734
0.00540811
0.00541845
0.00542804
0.00543648
0.00544412
0.00545122
0.00545766
0.00546321
0.00546846
0.00547369
0.00547854
0.00548259
0.00548618
0.00548953
0.00549253
0.00549494
0.00549733
0.00549991
0.00550229
0.00550409
0.00550563
0.00550707
0.00550827
0.00550906
0.00550994
0.00551109
0.00551212
0.00551274
0.00551325
0.00551375
0.00551408
0.00551413
0.00551431
0.00551475
0.00551513
0.0055152
0.00551522
0.00551527
0.00551523
0.00551499
0.00551488
0.00551497
0.00551501
0.00551484
0.00551463
0.00551447
0.00551426
0.00551393
0.00551365
0.00551351
0.00551335
0.00551309
0.00551279
0.00551251
0.00551222
0.00551188
0.0055115
0.00551113
0.00551081
0.00551047
0.00551016
0.0055097
0.00550966
0.00550873
0.00110977
0.00189236
0.00232619
0.00253744
0.00264362
0.00270952
0.00291279
0.00354562
0.0045064
0.00537303
0.00598543
0.00639485
0.00667349
0.00686882
0.00700891
0.00711104
0.00718617
0.00724177
0.00728349
0.00731586
0.00734183
0.00736368
0.00738339
0.00740263
0.00742242
0.00744348
0.0074667
0.00749277
0.00752168
0.00755327
0.00758768
0.007625
0.00766496
0.00770712
0.00775167
0.0077986
0.00784723
0.00789675
0.00794693
0.00799755
0.00804799
0.00809749
0.00814625
0.00819424
0.00824072
0.0082849
0.00832687
0.00836673
0.00840418
0.0084388
0.00847132
0.00850219
0.00853099
0.0085572
0.00858129
0.00860364
0.00862414
0.00864247
0.00865953
0.00867584
0.00869099
0.00870441
0.00871657
0.00872785
0.00873812
0.00874703
0.00875541
0.00876371
0.00877141
0.00877793
0.00878371
0.00878911
0.00879395
0.00879792
0.00880179
0.0088059
0.0088097
0.00881266
0.00881519
0.00881755
0.00881955
0.00882094
0.0088224
0.00882423
0.0088259
0.00882697
0.00882784
0.00882869
0.0088293
0.00882947
0.0088298
0.00883051
0.00883112
0.0088313
0.00883137
0.0088315
0.00883148
0.00883117
0.00883102
0.00883116
0.00883124
0.00883102
0.00883073
0.0088305
0.00883019
0.00882972
0.00882931
0.0088291
0.00882886
0.00882848
0.00882804
0.00882761
0.00882718
0.00882668
0.00882612
0.00882557
0.00882508
0.00882456
0.0088241
0.00882341
0.00882333
0.00882196
0.00129925
0.00216769
0.00280739
0.00316684
0.00336875
0.00350722
0.00386838
0.00490082
0.00639985
0.00772274
0.00865611
0.0092842
0.00971463
0.0100182
0.0102371
0.0103977
0.0105167
0.0106054
0.0106723
0.0107243
0.0107658
0.0108003
0.0108308
0.0108598
0.0108887
0.0109189
0.0109515
0.0109877
0.0110275
0.0110708
0.0111179
0.011169
0.0112236
0.0112814
0.0113425
0.011407
0.0114739
0.0115423
0.0116118
0.0116821
0.0117523
0.0118215
0.0118898
0.0119571
0.0120225
0.0120848
0.0121442
0.0122007
0.0122539
0.0123032
0.0123495
0.0123935
0.0124345
0.012472
0.0125066
0.0125386
0.012568
0.0125944
0.012619
0.0126424
0.0126641
0.0126835
0.0127011
0.0127174
0.0127323
0.0127453
0.0127575
0.0127694
0.0127806
0.0127901
0.0127986
0.0128065
0.0128136
0.0128196
0.0128253
0.0128312
0.0128368
0.0128412
0.012845
0.0128485
0.0128516
0.0128538
0.012856
0.0128587
0.0128611
0.0128628
0.0128642
0.0128655
0.0128665
0.0128669
0.0128674
0.0128685
0.0128694
0.0128697
0.0128699
0.0128702
0.0128702
0.0128699
0.0128697
0.0128699
0.01287
0.0128698
0.0128694
0.0128691
0.0128688
0.0128682
0.0128676
0.0128673
0.012867
0.0128665
0.0128659
0.0128653
0.0128648
0.0128641
0.0128633
0.0128626
0.0128619
0.0128612
0.0128606
0.0128597
0.0128595
0.0128577
0.00158934
0.00236984
0.00321627
0.00376059
0.00409555
0.00434143
0.00490713
0.00641087
0.00852943
0.0103892
0.0117158
0.0126213
0.0132492
0.0136961
0.014021
0.0142612
0.0144405
0.0145755
0.0146781
0.0147579
0.0148216
0.014874
0.0149194
0.0149613
0.015002
0.0150433
0.0150869
0.0151344
0.0151862
0.0152423
0.015303
0.0153686
0.0154389
0.0155134
0.0155921
0.0156753
0.015762
0.0158508
0.0159414
0.0160332
0.0161253
0.0162164
0.0163065
0.0163955
0.0164821
0.0165651
0.0166443
0.0167198
0.0167911
0.0168574
0.0169197
0.0169787
0.017034
0.0170847
0.0171314
0.0171747
0.0172146
0.0172506
0.0172839
0.0173156
0.017345
0.0173715
0.0173955
0.0174178
0.0174382
0.0174562
0.0174729
0.0174892
0.0175044
0.0175176
0.0175294
0.0175404
0.0175503
0.0175587
0.0175666
0.0175748
0.0175824
0.0175887
0.0175941
0.0175991
0.0176034
0.0176067
0.0176099
0.0176136
0.017617
0.0176195
0.0176215
0.0176234
0.0176249
0.0176257
0.0176266
0.017628
0.0176292
0.0176299
0.0176302
0.0176307
0.0176308
0.0176305
0.0176304
0.0176306
0.0176308
0.0176306
0.0176302
0.0176299
0.0176294
0.0176287
0.017628
0.0176277
0.0176273
0.0176267
0.0176259
0.0176252
0.0176245
0.0176236
0.0176227
0.0176217
0.0176209
0.01762
0.0176192
0.017618
0.0176177
0.0176155
0.00212966
0.0025188
0.00352625
0.00428066
0.0047864
0.00517787
0.00598763
0.00800807
0.0108084
0.0132863
0.015089
0.0163438
0.0172272
0.0178634
0.0183305
0.018679
0.0189416
0.0191411
0.019294
0.0194136
0.0195089
0.0195869
0.0196534
0.0197131
0.0197695
0.0198251
0.0198822
0.0199431
0.0200086
0.0200788
0.0201544
0.0202358
0.020323
0.0204152
0.0205129
0.0206162
0.0207241
0.0208351
0.0209486
0.021064
0.0211802
0.0212955
0.0214098
0.021523
0.0216335
0.0217398
0.0218415
0.0219386
0.0220304
0.0221162
0.0221969
0.0222732
0.0223448
0.0224108
0.0224715
0.022528
0.02258
0.0226272
0.0226707
0.022712
0.0227505
0.0227852
0.0228168
0.0228461
0.022873
0.0228969
0.0229189
0.0229403
0.0229603
0.022978
0.0229937
0.0230083
0.0230216
0.023033
0.0230436
0.0230544
0.0230645
0.0230731
0.0230804
0.0230872
0.0230932
0.0230979
0.0231023
0.0231072
0.0231118
0.0231153
0.0231181
0.0231209
0.023123
0.0231244
0.0231256
0.0231275
0.0231292
0.0231303
0.0231309
0.0231316
0.0231319
0.0231317
0.0231316
0.023132
0.0231323
0.0231321
0.0231317
0.0231313
0.0231309
0.02313
0.0231292
0.0231287
0.0231283
0.0231276
0.0231267
0.0231258
0.0231249
0.0231239
0.0231228
0.0231216
0.0231206
0.0231194
0.0231184
0.023117
0.0231166
0.0231139
0.00315383
0.0026839
0.00372443
0.00468791
0.00539641
0.00597158
0.00705475
0.00961088
0.0131384
0.0163169
0.0186893
0.0203793
0.0215905
0.0224746
0.0231311
0.0236259
0.0240025
0.0242916
0.0245153
0.0246912
0.0248318
0.0249466
0.0250431
0.0251282
0.0252064
0.0252811
0.0253558
0.0254335
0.0255153
0.0256021
0.0256946
0.0257937
0.0258994
0.0260113
0.0261296
0.0262547
0.0263857
0.0265209
0.0266594
0.0268007
0.0269433
0.0270855
0.0272267
0.0273667
0.0275039
0.0276364
0.0277633
0.0278849
0.0280001
0.0281081
0.0282096
0.0283057
0.0283959
0.0284792
0.0285562
0.0286277
0.0286937
0.0287538
0.0288092
0.0288616
0.0289104
0.0289548
0.0289952
0.0290327
0.0290671
0.0290979
0.0291263
0.0291536
0.0291791
0.029202
0.0292224
0.0292414
0.0292586
0.0292737
0.0292876
0.0293014
0.0293145
0.0293257
0.0293355
0.0293445
0.0293525
0.0293589
0.0293648
0.0293712
0.0293771
0.0293819
0.0293859
0.0293896
0.0293926
0.0293947
0.0293965
0.0293989
0.0294012
0.0294028
0.0294038
0.0294048
0.0294054
0.0294054
0.0294054
0.0294058
0.0294063
0.0294063
0.0294059
0.0294055
0.029405
0.0294042
0.0294032
0.0294026
0.0294021
0.0294013
0.0294003
0.0293993
0.0293982
0.029397
0.0293957
0.0293943
0.029393
0.0293917
0.0293905
0.0293888
0.0293883
0.0293851
0.00493129
0.0030261
0.00383424
0.00495066
0.00587627
0.0066674
0.00804086
0.0111262
0.0154093
0.01937
0.0224147
0.0246395
0.0262657
0.0274709
0.0283771
0.0290676
0.029599
0.0300112
0.0303334
0.0305886
0.0307935
0.0309609
0.0311008
0.0312221
0.0313311
0.0314328
0.0315313
0.031631
0.0317337
0.0318409
0.0319536
0.0320734
0.0322004
0.0323344
0.0324756
0.032625
0.0327814
0.0329432
0.0331093
0.0332791
0.033451
0.0336229
0.0337939
0.0339638
0.0341307
0.0342924
0.0344477
0.0345967
0.0347382
0.0348713
0.0349963
0.0351148
0.035226
0.0353292
0.0354245
0.0355132
0.0355952
0.0356701
0.035739
0.035804
0.0358646
0.0359201
0.0359706
0.0360175
0.0360606
0.0360996
0.0361352
0.0361694
0.0362014
0.0362303
0.0362562
0.0362803
0.0363022
0.0363216
0.0363393
0.0363568
0.0363732
0.0363877
0.0364004
0.0364121
0.0364224
0.0364311
0.0364388
0.0364469
0.0364545
0.0364609
0.0364662
0.0364711
0.0364752
0.0364782
0.0364808
0.0364839
0.0364869
0.036489
0.0364905
0.036492
0.036493
0.0364933
0.0364934
0.0364941
0.0364947
0.0364948
0.0364945
0.0364942
0.0364937
0.0364929
0.0364918
0.0364911
0.0364905
0.0364896
0.0364885
0.0364874
0.0364862
0.0364848
0.0364833
0.0364817
0.0364802
0.0364786
0.0364772
0.0364752
0.0364745
0.0364708
0.00765365
0.00384101
0.00396033
0.0050661
0.00618111
0.00720372
0.00886804
0.01245
0.0174971
0.0223163
0.0261425
0.0290144
0.0311582
0.0327733
0.0340044
0.0349538
0.0356926
0.0362722
0.03673
0.0370956
0.037391
0.0376331
0.0378351
0.0380084
0.0381616
0.0383014
0.0384333
0.0385631
0.0386936
0.0388272
0.0389654
0.0391104
0.0392628
0.0394228
0.0395906
0.0397675
0.0399525
0.0401441
0.0403409
0.0405425
0.0407468
0.0409518
0.0411559
0.0413589
0.0415588
0.041753
0.04194
0.0421196
0.0422906
0.0424518
0.0426033
0.0427468
0.0428816
0.0430071
0.0431231
0.0432311
0.0433311
0.0434228
0.0435071
0.0435864
0.0436603
0.0437283
0.0437904
0.043848
0.0439011
0.0439493
0.0439934
0.0440353
0.0440747
0.0441106
0.0441429
0.0441728
0.0442002
0.0442247
0.0442469
0.0442685
0.044289
0.0443073
0.0443234
0.0443382
0.0443514
0.0443627
0.0443727
0.0443828
0.0443923
0.0444007
0.0444076
0.044414
0.0444195
0.0444237
0.0444271
0.0444311
0.0444349
0.0444379
0.0444401
0.0444421
0.0444436
0.0444444
0.0444447
0.0444456
0.0444464
0.0444468
0.0444466
0.0444464
0.044446
0.0444452
0.0444441
0.0444433
0.0444426
0.0444417
0.0444404
0.0444391
0.0444378
0.0444363
0.0444345
0.0444327
0.044431
0.0444291
0.0444275
0.0444252
0.0444243
0.0444202
0.0113255
0.00551731
0.0043585
0.00510793
0.0062935
0.00752308
0.00945309
0.0134683
0.0192602
0.0250033
0.0297227
0.033365
0.0361441
0.0382748
0.0399228
0.0412098
0.0422233
0.0430274
0.0436696
0.0441872
0.0446085
0.0449555
0.0452454
0.045493
0.0457093
0.0459035
0.0460829
0.0462548
0.0464236
0.0465926
0.0467643
0.0469415
0.0471256
0.0473172
0.0475167
0.0477258
0.0479438
0.0481695
0.0484012
0.0486384
0.0488791
0.049121
0.049362
0.049602
0.0498384
0.0500689
0.0502911
0.0505048
0.0507085
0.0509011
0.0510821
0.0512533
0.0514144
0.0515647
0.0517038
0.0518334
0.0519535
0.052064
0.0521656
0.0522607
0.0523496
0.0524316
0.0525067
0.0525764
0.0526408
0.0526995
0.0527531
0.0528038
0.0528515
0.0528953
0.0529349
0.0529716
0.0530053
0.0530357
0.0530631
0.0530895
0.0531145
0.0531372
0.0531573
0.0531758
0.0531925
0.053207
0.0532196
0.0532321
0.0532439
0.0532545
0.0532634
0.0532716
0.0532788
0.0532845
0.0532891
0.0532941
0.0532989
0.0533029
0.0533059
0.0533086
0.0533108
0.0533122
0.0533128
0.053314
0.0533151
0.0533159
0.0533159
0.0533159
0.0533156
0.0533149
0.0533137
0.0533129
0.0533121
0.0533111
0.0533098
0.0533084
0.0533069
0.0533053
0.0533033
0.0533013
0.0532993
0.0532972
0.0532953
0.0532928
0.0532916
0.0532869
0.0157236
0.00834249
0.00547826
0.00531398
0.00627752
0.00759962
0.00972033
0.0140616
0.0205379
0.0272492
0.0329714
0.0375155
0.0410618
0.0438309
0.0460059
0.0477273
0.0490996
0.0502009
0.0510903
0.0518145
0.0524085
0.0529012
0.0533143
0.0536667
0.0539728
0.0542445
0.0544914
0.0547229
0.0549451
0.0551628
0.0553797
0.0555996
0.0558245
0.056056
0.0562947
0.0565429
0.0568002
0.0570657
0.0573377
0.0576158
0.0578979
0.0581815
0.0584641
0.0587453
0.0590226
0.0592933
0.0595547
0.0598062
0.0600462
0.0602735
0.0604872
0.0606892
0.0608792
0.0610567
0.0612214
0.0613748
0.0615171
0.0616484
0.061769
0.0618817
0.061987
0.0620846
0.0621742
0.0622573
0.0623341
0.0624046
0.0624689
0.0625296
0.0625865
0.0626392
0.0626871
0.0627315
0.0627723
0.0628094
0.0628428
0.0628747
0.0629048
0.0629326
0.0629573
0.0629801
0.0630007
0.063019
0.0630347
0.0630501
0.0630646
0.0630779
0.0630891
0.0630995
0.0631086
0.0631162
0.0631223
0.0631285
0.0631345
0.0631397
0.0631437
0.0631474
0.0631504
0.0631525
0.0631537
0.0631552
0.0631568
0.0631579
0.0631583
0.0631585
0.0631584
0.0631579
0.0631567
0.0631559
0.063155
0.0631541
0.0631527
0.0631512
0.0631496
0.0631478
0.0631457
0.0631435
0.0631413
0.0631389
0.0631367
0.0631339
0.0631324
0.0631272
0.0204353
0.0122971
0.00781665
0.00617561
0.0063866
0.00750534
0.0096351
0.0141188
0.0211528
0.0288379
0.0356616
0.0412436
0.0457013
0.0492485
0.0520795
0.0543516
0.0561859
0.0576757
0.0588924
0.0598932
0.0607217
0.0614138
0.0619974
0.062496
0.0629282
0.0633094
0.0636519
0.0639676
0.064265
0.0645507
0.0648297
0.0651074
0.0653867
0.0656701
0.0659589
0.0662559
0.0665614
0.0668749
0.0671949
0.0675209
0.0678508
0.0681823
0.0685123
0.0688402
0.0691634
0.0694791
0.0697841
0.0700776
0.0703579
0.0706235
0.0708732
0.0711089
0.0713305
0.0715379
0.0717305
0.0719098
0.0720763
0.0722302
0.0723716
0.0725036
0.0726267
0.0727413
0.0728466
0.0729445
0.0730351
0.0731185
0.0731947
0.0732663
0.0733334
0.073396
0.0734531
0.0735061
0.0735549
0.0735996
0.0736398
0.0736779
0.0737139
0.0737474
0.0737774
0.0738052
0.0738304
0.0738529
0.0738724
0.0738911
0.0739087
0.073925
0.0739391
0.073952
0.0739635
0.0739734
0.0739812
0.073989
0.0739964
0.0740031
0.0740084
0.0740132
0.0740172
0.0740203
0.0740221
0.0740242
0.0740262
0.0740279
0.0740287
0.0740293
0.0740295
0.0740292
0.0740282
0.0740273
0.0740265
0.0740256
0.0740241
0.0740226
0.0740209
0.074019
0.0740168
0.0740144
0.0740119
0.0740093
0.0740069
0.0740038
0.0740019
0.0739962
0.0249649
0.0170273
0.0115558
0.00833105
0.00718664
0.00754466
0.00928574
0.0135786
0.0209276
0.0295196
0.0375163
0.04427
0.0497926
0.0542727
0.0579078
0.0608677
0.0632887
0.0652789
0.0669229
0.0682895
0.0694319
0.0703934
0.0712097
0.0719098
0.0725172
0.0730515
0.0735282
0.0739626
0.0743656
0.0747465
0.0751118
0.0754687
0.0758217
0.0761744
0.0765289
0.0768889
0.0772553
0.0776284
0.0780069
0.0783906
0.0787774
0.0791651
0.0795501
0.0799318
0.0803073
0.0806739
0.0810279
0.0813684
0.0816932
0.0820012
0.0822905
0.0825631
0.0828192
0.0830589
0.0832815
0.0834889
0.0836813
0.0838596
0.0840234
0.084176
0.0843184
0.084451
0.0845734
0.0846872
0.0847926
0.0848902
0.0849793
0.0850628
0.0851411
0.0852144
0.0852817
0.0853441
0.0854019
0.085455
0.0855029
0.085548
0.0855906
0.0856305
0.0856665
0.0856998
0.0857302
0.0857577
0.0857816
0.0858041
0.0858254
0.0858452
0.0858625
0.0858785
0.0858927
0.0859053
0.0859153
0.0859249
0.085934
0.0859425
0.0859493
0.0859555
0.0859608
0.0859651
0.0859678
0.0859706
0.0859732
0.0859756
0.0859769
0.085978
0.0859786
0.0859787
0.0859779
0.0859772
0.0859764
0.0859755
0.0859742
0.0859727
0.0859709
0.0859689
0.0859666
0.085964
0.0859613
0.0859584
0.0859558
0.0859524
0.0859502
0.0859438
0.0288713
0.0219711
0.0163537
0.012097
0.00943608
0.00840286
0.00905191
0.0125294
0.0197334
0.0290271
0.0382056
0.0462476
0.0529917
0.0585721
0.063177
0.0669828
0.0701376
0.0727632
0.0749575
0.076801
0.0783574
0.0796787
0.0808084
0.0817826
0.0826303
0.083376
0.0840395
0.0846395
0.0851902
0.0857038
0.0861894
0.086656
0.08711
0.0875567
0.0879992
0.0884422
0.0888878
0.0893371
0.0897892
0.0902443
0.0907006
0.0911559
0.0916065
0.0920515
0.092488
0.0929132
0.0933232
0.0937167
0.0940916
0.0944466
0.0947797
0.0950928
0.0953862
0.0956607
0.0959156
0.0961528
0.0963729
0.0965769
0.0967645
0.096939
0.0971016
0.0972534
0.0973937
0.0975243
0.0976455
0.0977581
0.0978611
0.0979575
0.0980479
0.0981328
0.0982109
0.0982838
0.0983513
0.0984138
0.0984702
0.0985231
0.0985729
0.0986199
0.0986626
0.0987022
0.0987385
0.0987717
0.0988007
0.0988277
0.0988531
0.0988769
0.098898
0.0989175
0.098935
0.0989506
0.0989633
0.0989752
0.0989864
0.0989968
0.0990055
0.0990134
0.0990202
0.099026
0.0990299
0.0990336
0.0990371
0.0990402
0.0990423
0.099044
0.0990452
0.0990458
0.0990453
0.0990448
0.0990441
0.0990434
0.0990422
0.0990407
0.099039
0.099037
0.0990346
0.0990319
0.099029
0.0990259
0.099023
0.0990193
0.0990169
0.0990097
0.0318853
0.0265341
0.021513
0.0170809
0.0134758
0.0109513
0.00978929
0.0114197
0.0176139
0.0271316
0.0373617
0.0467569
0.0548678
0.0617219
0.067477
0.0723061
0.0763646
0.0797851
0.0826774
0.0851337
0.0872286
0.0890238
0.0905699
0.0919118
0.0930848
0.094119
0.095039
0.0958678
0.0966234
0.0973215
0.097974
0.0985926
0.0991859
0.0997612
0.100323
0.100878
0.101429
0.101978
0.102525
0.103071
0.103615
0.104154
0.104685
0.105207
0.105716
0.106211
0.106686
0.107141
0.107573
0.107981
0.108363
0.108721
0.109055
0.109367
0.109656
0.109925
0.110174
0.110405
0.110618
0.110815
0.110999
0.11117
0.111329
0.111477
0.111615
0.111743
0.111861
0.111971
0.112074
0.112171
0.112261
0.112345
0.112423
0.112496
0.112562
0.112623
0.112681
0.112736
0.112786
0.112833
0.112876
0.112915
0.11295
0.112982
0.113012
0.113041
0.113066
0.11309
0.113111
0.11313
0.113146
0.113161
0.113174
0.113187
0.113198
0.113208
0.113217
0.113224
0.11323
0.113235
0.113239
0.113243
0.113246
0.113249
0.113251
0.113252
0.113252
0.113252
0.113251
0.113251
0.11325
0.113248
0.113247
0.113245
0.113242
0.11324
0.113237
0.113233
0.11323
0.113226
0.113224
0.113216
0.0339564
0.0302564
0.0262938
0.0223963
0.0187331
0.0154326
0.0125549
0.0113308
0.0150534
0.0237951
0.0346438
0.0453217
0.0548973
0.0631889
0.0702813
0.0763269
0.0814796
0.0858784
0.0896424
0.0928743
0.0956591
0.0980683
0.100161
0.101989
0.103596
0.105019
0.106287
0.107428
0.108465
0.109417
0.1103
0.111129
0.111914
0.112666
0.113392
0.114099
0.114791
0.115474
0.116147
0.116812
0.117469
0.118115
0.118748
0.119366
0.119965
0.120544
0.121098
0.121626
0.122125
0.122594
0.123032
0.12344
0.12382
0.124173
0.124499
0.124802
0.125081
0.12534
0.125579
0.125799
0.126004
0.126196
0.126374
0.12654
0.126694
0.126839
0.126972
0.127096
0.127212
0.127322
0.127425
0.127521
0.12761
0.127693
0.12777
0.127841
0.127907
0.127971
0.128029
0.128083
0.128134
0.12818
0.128222
0.12826
0.128296
0.128329
0.12836
0.128388
0.128414
0.128437
0.128457
0.128475
0.128491
0.128507
0.128521
0.128533
0.128544
0.128554
0.128561
0.128567
0.128573
0.128579
0.128583
0.128586
0.128589
0.128591
0.128592
0.128592
0.128592
0.128592
0.128591
0.12859
0.128589
0.128587
0.128585
0.128582
0.128579
0.128576
0.128572
0.128568
0.128565
0.128556
0.0352154
0.0329258
0.030153
0.0271652
0.0240938
0.0209543
0.0174842
0.0137598
0.013385
0.0195253
0.029929
0.0414896
0.0524866
0.0623277
0.070932
0.0783923
0.0848447
0.0904259
0.0952601
0.0994573
0.103112
0.106304
0.109102
0.111565
0.113743
0.115681
0.117415
0.118977
0.120396
0.121694
0.122893
0.12401
0.125059
0.126054
0.127004
0.127918
0.128804
0.129667
0.130509
0.131333
0.132139
0.132927
0.133692
0.134433
0.135148
0.135833
0.136486
0.137103
0.137684
0.138227
0.138731
0.139198
0.139629
0.140028
0.140396
0.140734
0.141047
0.141335
0.1416
0.141844
0.142071
0.142283
0.14248
0.142664
0.142836
0.142996
0.143145
0.143284
0.143414
0.143538
0.143653
0.143761
0.143863
0.143958
0.144045
0.144127
0.144204
0.144276
0.144344
0.144407
0.144465
0.14452
0.144569
0.144614
0.144656
0.144696
0.144732
0.144766
0.144796
0.144825
0.144849
0.144871
0.144891
0.14491
0.144927
0.144942
0.144956
0.144968
0.144978
0.144986
0.144994
0.145001
0.145006
0.145011
0.145015
0.145019
0.14502
0.145022
0.145022
0.145022
0.145022
0.145021
0.14502
0.145019
0.145017
0.145014
0.145011
0.145008
0.145004
0.145
0.144997
0.144987
0.0358863
0.0345927
0.0328622
0.0308376
0.0286117
0.0261777
0.0232326
0.0190209
0.0147625
0.0159859
0.0237992
0.035089
0.0470836
0.058419
0.0686425
0.077694
0.0856514
0.0926313
0.0987533
0.10413
0.108861
0.113035
0.116727
0.120004
0.122922
0.125533
0.12788
0.130002
0.131931
0.133696
0.135322
0.136831
0.13824
0.139567
0.140823
0.142022
0.143172
0.14428
0.145352
0.146391
0.147398
0.148374
0.149315
0.15022
0.151086
0.151911
0.152691
0.153424
0.154108
0.154744
0.155329
0.155868
0.156362
0.156815
0.15723
0.15761
0.157958
0.158278
0.158572
0.158842
0.159092
0.159324
0.159541
0.159743
0.159932
0.160109
0.160274
0.160429
0.160574
0.160711
0.16084
0.160962
0.161077
0.161185
0.161284
0.161378
0.161465
0.161548
0.161626
0.161699
0.161767
0.161831
0.161888
0.161942
0.161991
0.162038
0.162081
0.162121
0.162157
0.162191
0.162221
0.162248
0.162273
0.162296
0.162317
0.162335
0.162352
0.162368
0.16238
0.162392
0.162401
0.16241
0.162418
0.162424
0.16243
0.162435
0.162438
0.16244
0.162441
0.162443
0.162443
0.162443
0.162442
0.162441
0.162439
0.162437
0.162434
0.162431
0.162427
0.162423
0.16242
0.162409
0.0361962
0.0354882
0.0345005
0.0332704
0.0318413
0.0302103
0.0281903
0.0251063
0.0201152
0.0161427
0.0184559
0.0269304
0.0385569
0.0508486
0.0625728
0.073291
0.0829174
0.0915004
0.0991329
0.105918
0.111954
0.117334
0.122137
0.126437
0.130298
0.133774
0.136915
0.139768
0.142369
0.144753
0.146949
0.148984
0.150879
0.152655
0.154328
0.155913
0.157423
0.158866
0.160251
0.161582
0.162862
0.164093
0.165272
0.166398
0.167468
0.168479
0.169429
0.170315
0.171137
0.171894
0.172586
0.173218
0.173792
0.174315
0.174788
0.175219
0.175611
0.175969
0.176295
0.176595
0.17687
0.177126
0.177364
0.177586
0.177794
0.17799
0.178172
0.178344
0.178505
0.178659
0.178803
0.17894
0.179069
0.179191
0.179305
0.179412
0.179512
0.179607
0.179697
0.179781
0.17986
0.179935
0.180003
0.180066
0.180125
0.18018
0.180231
0.180279
0.180323
0.180363
0.1804
0.180433
0.180464
0.180492
0.180517
0.18054
0.180561
0.180581
0.180597
0.180612
0.180624
0.180636
0.180646
0.180655
0.180662
0.180669
0.180674
0.180677
0.18068
0.180682
0.180684
0.180684
0.180684
0.180684
0.180683
0.180681
0.180678
0.180675
0.180672
0.180668
0.180664
0.180653
0.0363185
0.0358963
0.0353417
0.0346436
0.0338071
0.0328263
0.0316146
0.0298386
0.0266316
0.0215402
0.0179179
0.0201782
0.0282838
0.0397219
0.0521447
0.0642636
0.0755544
0.0858638
0.0951933
0.103605
0.11118
0.118004
0.124157
0.129716
0.134748
0.139313
0.143466
0.147255
0.150725
0.153916
0.15686
0.15959
0.162131
0.164507
0.166739
0.168846
0.170841
0.172739
0.174548
0.176276
0.177928
0.179506
0.181008
0.182435
0.183783
0.185049
0.186231
0.187327
0.188336
0.189259
0.190098
0.190857
0.191541
0.192158
0.192713
0.193213
0.193664
0.194073
0.194443
0.194781
0.195091
0.195378
0.195643
0.195891
0.196122
0.19634
0.196545
0.196737
0.196919
0.197092
0.197255
0.19741
0.197557
0.197697
0.197828
0.197952
0.198068
0.198179
0.198283
0.198382
0.198475
0.198562
0.198643
0.198719
0.198789
0.198856
0.198917
0.198974
0.199027
0.199077
0.199122
0.199163
0.199201
0.199236
0.199267
0.199296
0.199323
0.199347
0.199368
0.199387
0.199404
0.199419
0.199433
0.199444
0.199455
0.199464
0.199471
0.199477
0.199481
0.199485
0.199488
0.19949
0.199491
0.199491
0.199491
0.19949
0.199488
0.199486
0.199483
0.199479
0.199476
0.199464
0.0363591
0.0360514
0.0357022
0.0352934
0.034815
0.0342571
0.0335822
0.0326676
0.0311497
0.0282714
0.0237391
0.0200772
0.0211119
0.0276826
0.0381459
0.0503212
0.0626972
0.0745513
0.0856017
0.0957706
0.105074
0.113565
0.121307
0.128369
0.13482
0.140721
0.146127
0.151092
0.155663
0.159882
0.16379
0.167421
0.170805
0.17397
0.176941
0.17974
0.182385
0.184891
0.187271
0.189535
0.191689
0.193737
0.19568
0.197517
0.199245
0.200861
0.202363
0.20375
0.20502
0.206178
0.207224
0.208166
0.20901
0.209766
0.210441
0.211045
0.211586
0.212074
0.212513
0.212911
0.213274
0.213608
0.213917
0.214204
0.214472
0.214724
0.214961
0.215184
0.215396
0.215597
0.215787
0.215968
0.21614
0.216304
0.216459
0.216606
0.216745
0.216877
0.217001
0.217119
0.217231
0.217336
0.217435
0.217527
0.217613
0.217694
0.217769
0.21784
0.217905
0.217967
0.218023
0.218075
0.218123
0.218167
0.218207
0.218244
0.218278
0.218309
0.218337
0.218362
0.218384
0.218405
0.218423
0.218439
0.218453
0.218465
0.218476
0.218485
0.218492
0.218498
0.218503
0.218507
0.21851
0.218512
0.218513
0.218513
0.218512
0.218511
0.218509
0.218506
0.218503
0.21849
0.0363702
0.0360998
0.0358287
0.0355459
0.035242
0.034908
0.0345267
0.034058
0.0333975
0.0322728
0.0301559
0.0266588
0.0229589
0.0220413
0.0258224
0.033986
0.044981
0.0571321
0.0693289
0.0810443
0.0920693
0.102333
0.111835
0.120613
0.128717
0.136198
0.14311
0.149505
0.155431
0.160934
0.166051
0.170822
0.175282
0.179462
0.18339
0.187091
0.190586
0.193894
0.19703
0.200006
0.202832
0.205511
0.208047
0.210439
0.212684
0.21478
0.216724
0.218516
0.220156
0.221647
0.222995
0.224207
0.225293
0.226262
0.227128
0.2279
0.22859
0.229209
0.229766
0.23027
0.230728
0.231148
0.231534
0.231892
0.232226
0.232539
0.232832
0.233109
0.233371
0.233619
0.233854
0.234078
0.234291
0.234494
0.234686
0.234868
0.235041
0.235205
0.23536
0.235507
0.235646
0.235778
0.235902
0.236018
0.236127
0.236229
0.236325
0.236414
0.236498
0.236576
0.236649
0.236716
0.236778
0.236835
0.236888
0.236937
0.236981
0.237023
0.23706
0.237094
0.237124
0.237152
0.237177
0.237199
0.237219
0.237236
0.237252
0.237265
0.237277
0.237287
0.237295
0.237302
0.237307
0.237311
0.237315
0.237317
0.237318
0.237318
0.237317
0.237315
0.237313
0.237301
0.0363726
0.0361118
0.0358642
0.0356247
0.035388
0.0351487
0.0348991
0.0346262
0.0343046
0.0338722
0.0331795
0.0319316
0.0297546
0.0267389
0.0243149
0.0246686
0.0289557
0.036915
0.0474313
0.0591862
0.071175
0.0828532
0.0939959
0.10452
0.114399
0.123637
0.132264
0.14032
0.147848
0.154888
0.161476
0.167649
0.173443
0.178891
0.184027
0.188874
0.193458
0.197799
0.201914
0.205818
0.209522
0.213033
0.216355
0.219486
0.222425
0.225171
0.227721
0.230075
0.232236
0.234208
0.235998
0.237616
0.239074
0.240383
0.241558
0.242612
0.24356
0.244413
0.245183
0.245881
0.246517
0.247099
0.247635
0.24813
0.248589
0.249019
0.24942
0.249797
0.250152
0.250488
0.250805
0.251105
0.251389
0.251659
0.251915
0.252157
0.252386
0.252603
0.252808
0.253002
0.253186
0.253359
0.253523
0.253676
0.253821
0.253956
0.254083
0.254202
0.254314
0.254418
0.254515
0.254605
0.254689
0.254766
0.254838
0.254904
0.254965
0.255021
0.255072
0.255119
0.255162
0.255201
0.255236
0.255268
0.255297
0.255323
0.255345
0.255366
0.255383
0.255399
0.255412
0.255424
0.255433
0.255441
0.255448
0.255453
0.255457
0.255459
0.255461
0.255461
0.255461
0.255448
0.036373
0.0361141
0.035872
0.0356439
0.0354271
0.035219
0.0350163
0.0348152
0.0346093
0.0343865
0.0341199
0.03375
0.0331559
0.0321343
0.0304682
0.0282687
0.0264714
0.0265986
0.0297378
0.0360681
0.0450511
0.0557677
0.0672761
0.0788749
0.0901738
0.101012
0.11134
0.121146
0.130427
0.139192
0.147462
0.15527
0.162648
0.169626
0.176233
0.182489
0.188421
0.194049
0.199394
0.204473
0.209298
0.213877
0.218214
0.222309
0.226164
0.229776
0.233146
0.236276
0.239171
0.241837
0.244283
0.246519
0.248559
0.250417
0.252106
0.253642
0.255038
0.25631
0.257469
0.258528
0.259499
0.26039
0.261212
0.261971
0.262674
0.263328
0.263937
0.264506
0.265039
0.265538
0.266007
0.266447
0.266862
0.267253
0.267621
0.267968
0.268295
0.268604
0.268894
0.269168
0.269426
0.269668
0.269897
0.270111
0.270313
0.270502
0.270679
0.270845
0.271
0.271145
0.271281
0.271407
0.271524
0.271633
0.271733
0.271827
0.271913
0.271993
0.272066
0.272133
0.272195
0.272251
0.272303
0.272349
0.272392
0.27243
0.272464
0.272495
0.272522
0.272547
0.272568
0.272587
0.272603
0.272617
0.272629
0.272639
0.272648
0.272654
0.272659
0.272663
0.272665
0.272655
0.036373
0.0361143
0.0358731
0.0356473
0.035435
0.0352346
0.0350447
0.0348644
0.0346919
0.0345243
0.0343568
0.0341807
0.0339793
0.0337193
0.0333376
0.0327293
0.0317655
0.0304105
0.028984
0.0283196
0.0294274
0.0329619
0.0390387
0.047333
0.0572447
0.0680859
0.0792541
0.0903291
0.101083
0.111428
0.121347
0.13085
0.139942
0.148627
0.156909
0.164802
0.172319
0.179478
0.186303
0.192812
0.199015
0.20492
0.210534
0.215857
0.220893
0.225648
0.230125
0.234331
0.238272
0.241958
0.245396
0.248596
0.25157
0.254327
0.25688
0.25924
0.261421
0.263435
0.265294
0.267009
0.268592
0.270054
0.271405
0.272654
0.27381
0.274881
0.275875
0.276798
0.277655
0.278454
0.279197
0.279891
0.280538
0.281143
0.281709
0.282238
0.282733
0.283197
0.283631
0.284037
0.284419
0.284776
0.28511
0.285424
0.285717
0.285992
0.286248
0.286488
0.286713
0.286922
0.287117
0.287299
0.287468
0.287625
0.287771
0.287907
0.288032
0.288148
0.288255
0.288353
0.288443
0.288526
0.288602
0.288671
0.288735
0.288792
0.288844
0.288891
0.288933
0.288971
0.289005
0.289035
0.289062
0.289085
0.289105
0.289123
0.289138
0.289151
0.289161
0.28917
0.289177
0.289169
0.0363729
0.0361143
0.0358731
0.0356476
0.035436
0.035237
0.0350497
0.0348739
0.034709
0.0345537
0.0344062
0.0342646
0.0341265
0.0339888
0.0338454
0.0336854
0.0334882
0.033218
0.0328199
0.0322323
0.0314462
0.0306315
0.0302433
0.0309342
0.0332826
0.0375922
0.0438663
0.0518669
0.0611955
0.0713849
0.0819911
0.0926579
0.103147
0.11333
0.123159
0.132633
0.141767
0.150575
0.159057
0.167203
0.175018
0.182508
0.189679
0.196543
0.203115
0.209407
0.215432
0.2212
0.226715
0.231979
0.236994
0.241757
0.246268
0.250527
0.254536
0.258297
0.261815
0.265099
0.268155
0.270994
0.273627
0.276066
0.278321
0.280406
0.282331
0.284109
0.285751
0.287268
0.288668
0.289963
0.291161
0.292269
0.293295
0.294246
0.295129
0.295948
0.296709
0.297416
0.298074
0.298687
0.299257
0.299789
0.300284
0.300746
0.301177
0.301578
0.301953
0.302301
0.302627
0.30293
0.303211
0.303474
0.303718
0.303944
0.304155
0.30435
0.30453
0.304697
0.304852
0.304994
0.305125
0.305246
0.305356
0.305457
0.30555
0.305634
0.305711
0.305781
0.305844
0.305901
0.305952
0.305998
0.306039
0.306076
0.306108
0.306136
0.306161
0.306182
0.306201
0.306217
0.30623
0.306227
0.0363728
0.0361141
0.035873
0.0356475
0.0354359
0.0352371
0.0350502
0.034875
0.0347114
0.0345582
0.034414
0.0342776
0.0341481
0.0340246
0.0339064
0.0337926
0.0336823
0.0335738
0.0334642
0.0333478
0.0332145
0.0330475
0.0328236
0.0325243
0.0321681
0.0318706
0.0318975
0.0326408
0.0345036
0.0377766
0.0425846
0.0488928
0.0565375
0.0652641
0.0747705
0.0847511
0.0949351
0.105112
0.11514
0.124947
0.134494
0.14379
0.152874
0.161785
0.170548
0.179175
0.187658
0.195977
0.204102
0.211997
0.219626
0.226955
0.233958
0.240612
0.246904
0.252824
0.258372
0.263552
0.268372
0.272844
0.276983
0.280807
0.284332
0.287579
0.290565
0.29331
0.295833
0.298149
0.300278
0.302233
0.304031
0.305684
0.307205
0.308606
0.309897
0.311088
0.312187
0.313203
0.314143
0.315013
0.315818
0.316565
0.317257
0.3179
0.318497
0.319051
0.319566
0.320045
0.320489
0.320903
0.321287
0.321643
0.321974
0.322281
0.322566
0.322829
0.323074
0.323299
0.323508
0.323701
0.323878
0.324041
0.324191
0.324328
0.324454
0.324569
0.324674
0.32477
0.324856
0.324935
0.325005
0.325069
0.325126
0.325177
0.325223
0.325263
0.325299
0.32533
0.325357
0.325381
0.325401
0.325403
0.0363728
0.0361141
0.0358729
0.0356474
0.0354358
0.035237
0.0350501
0.034875
0.0347115
0.0345584
0.0344146
0.0342788
0.0341502
0.0340281
0.0339118
0.0338011
0.0336954
0.0335945
0.0334984
0.0334072
0.0333213
0.0332414
0.0331684
0.0331034
0.0330471
0.0329996
0.0329601
0.0329288
0.0329141
0.0329491
0.0331184
0.0335846
0.0345877
0.0364052
0.0392928
0.0434396
0.04895
0.0558457
0.0640742
0.0735207
0.0840241
0.0953859
0.107387
0.119806
0.132436
0.14509
0.157608
0.169859
0.181737
0.193161
0.204073
0.214433
0.224216
0.233412
0.242019
0.250045
0.257506
0.264422
0.270815
0.276712
0.282143
0.287135
0.291718
0.295921
0.299773
0.303301
0.306531
0.309488
0.312196
0.314674
0.316945
0.319026
0.320935
0.322686
0.324295
0.325773
0.327134
0.328386
0.329541
0.330606
0.331589
0.332498
0.333338
0.334115
0.334835
0.335502
0.33612
0.336693
0.337225
0.337718
0.338175
0.338599
0.338991
0.339356
0.339693
0.340005
0.340294
0.340561
0.340807
0.341035
0.341244
0.341437
0.341614
0.341776
0.341925
0.342061
0.342185
0.342298
0.3424
0.342493
0.342577
0.342653
0.342721
0.342782
0.342837
0.342885
0.342928
0.342965
0.342999
0.343027
0.343052
0.343057
0.0363728
0.0361141
0.0358729
0.0356474
0.0354358
0.035237
0.0350501
0.034875
0.0347115
0.0345584
0.0344146
0.0342788
0.0341502
0.0340281
0.0339119
0.0338011
0.0336954
0.0335946
0.0334985
0.0334074
0.0333217
0.033242
0.0331694
0.0331049
0.0330495
0.0330033
0.0329657
0.0329374
0.0329267
0.0329665
0.0331399
0.0336058
0.0345993
0.0363935
0.0392418
0.0433334
0.0487757
0.0555948
0.063744
0.0731139
0.0835489
0.0948529
0.106808
0.119195
0.131803
0.144446
0.156961
0.169213
0.181096
0.192528
0.20345
0.21382
0.223615
0.232823
0.241442
0.249482
0.256956
0.263885
0.270291
0.276201
0.281644
0.286648
0.291243
0.295457
0.29932
0.302858
0.306097
0.309063
0.311778
0.314265
0.316543
0.318631
0.320545
0.322302
0.323916
0.325399
0.326764
0.328021
0.329179
0.330248
0.331234
0.332146
0.332989
0.333769
0.334491
0.33516
0.33578
0.336355
0.336888
0.337383
0.337842
0.338267
0.338661
0.339026
0.339365
0.339678
0.339968
0.340236
0.340483
0.340712
0.340922
0.341115
0.341293
0.341456
0.341605
0.341742
0.341866
0.34198
0.342083
0.342176
0.342261
0.342337
0.342405
0.342466
0.342521
0.34257
0.342613
0.342651
0.342684
0.342713
0.342737
0.342743
0.0363728
0.0361141
0.035873
0.0356475
0.0354359
0.0352371
0.0350502
0.034875
0.0347114
0.0345581
0.0344139
0.0342776
0.034148
0.0340246
0.0339063
0.0337926
0.0336823
0.0335739
0.0334644
0.0333483
0.0332156
0.0330496
0.032828
0.0325332
0.0321847
0.0318982
0.0319359
0.032683
0.0345346
0.0377768
0.0425325
0.0487687
0.0563253
0.0649528
0.0743545
0.0842296
0.0943111
0.10439
0.114327
0.124046
0.133507
0.142722
0.15173
0.16057
0.169268
0.177836
0.186269
0.194546
0.202636
0.210505
0.218116
0.225435
0.232435
0.239091
0.24539
0.251322
0.256885
0.262083
0.266922
0.271415
0.275577
0.279423
0.28297
0.286239
0.289247
0.292013
0.294555
0.296892
0.299038
0.301011
0.302825
0.304494
0.306029
0.307443
0.308747
0.309949
0.31106
0.312086
0.313035
0.313913
0.314727
0.315481
0.316181
0.31683
0.317433
0.317993
0.318513
0.318997
0.319446
0.319863
0.320251
0.320611
0.320946
0.321256
0.321544
0.321811
0.322058
0.322286
0.322497
0.322692
0.322871
0.323036
0.323188
0.323327
0.323455
0.323571
0.323677
0.323774
0.323862
0.323941
0.324013
0.324078
0.324136
0.324188
0.324234
0.324275
0.324311
0.324343
0.324371
0.324395
0.324415
0.324418
0.0363729
0.0361142
0.0358731
0.0356476
0.035436
0.035237
0.0350497
0.0348738
0.034709
0.0345536
0.0344061
0.0342643
0.0341262
0.0339882
0.0338443
0.0336835
0.033485
0.033213
0.032813
0.0322255
0.0314452
0.030646
0.0302817
0.0309952
0.0333523
0.0376477
0.0438812
0.0518165
0.0610601
0.0711524
0.0816558
0.0922195
0.102608
0.112693
0.122427
0.131808
0.140851
0.14957
0.157964
0.166026
0.173761
0.181175
0.188273
0.195068
0.201574
0.207805
0.213774
0.21949
0.22496
0.230184
0.235165
0.239901
0.244391
0.248634
0.252633
0.25639
0.259909
0.263196
0.26626
0.269109
0.271755
0.274207
0.276478
0.278579
0.280521
0.282316
0.283975
0.285508
0.286925
0.288236
0.289448
0.290571
0.291611
0.292576
0.29347
0.294301
0.295074
0.295791
0.296459
0.297081
0.297661
0.2982
0.298703
0.299172
0.29961
0.300017
0.300398
0.300752
0.301082
0.30139
0.301677
0.301943
0.302191
0.302422
0.302635
0.302834
0.303017
0.303187
0.303344
0.303489
0.303623
0.303745
0.303858
0.303961
0.304056
0.304142
0.30422
0.304291
0.304356
0.304414
0.304466
0.304513
0.304555
0.304592
0.304625
0.304655
0.30468
0.304702
0.304721
0.304737
0.304751
0.304749
0.036373
0.0361143
0.0358731
0.0356473
0.035435
0.0352345
0.0350446
0.0348642
0.0346916
0.0345237
0.0343557
0.0341787
0.0339756
0.0337123
0.0333249
0.0327085
0.0317366
0.0303824
0.0289782
0.0283574
0.0295121
0.0330747
0.0391475
0.0474023
0.0572431
0.0679916
0.0790552
0.0900218
0.100668
0.110907
0.120724
0.130126
0.139122
0.147716
0.155911
0.16372
0.171159
0.178242
0.184996
0.191436
0.197575
0.20342
0.208976
0.214245
0.219232
0.223939
0.228372
0.232538
0.236442
0.240094
0.243503
0.246678
0.24963
0.252369
0.254909
0.25726
0.259434
0.261445
0.263303
0.26502
0.266607
0.268074
0.269432
0.27069
0.271855
0.272936
0.27394
0.274873
0.275741
0.27655
0.277304
0.278007
0.278664
0.279279
0.279853
0.280391
0.280894
0.281366
0.281808
0.282222
0.28261
0.282973
0.283314
0.283633
0.283932
0.284211
0.284473
0.284717
0.284946
0.285159
0.285358
0.285543
0.285716
0.285876
0.286025
0.286163
0.286291
0.286409
0.286518
0.286619
0.286711
0.286796
0.286873
0.286944
0.287009
0.287068
0.287121
0.287169
0.287212
0.287251
0.287286
0.287317
0.287344
0.287368
0.287389
0.287408
0.287423
0.287437
0.287448
0.287457
0.287464
0.287458
0.036373
0.0361141
0.0358719
0.0356438
0.035427
0.0352187
0.0350158
0.0348142
0.0346075
0.0343832
0.0341135
0.0337371
0.0331308
0.0320904
0.0304064
0.0282128
0.026466
0.0266719
0.0298786
0.036237
0.0451986
0.0558493
0.0672617
0.0787497
0.0899333
0.100656
0.110873
0.120571
0.12975
0.138418
0.146597
0.154318
0.161615
0.168518
0.175053
0.181241
0.18711
0.192679
0.197969
0.202995
0.20777
0.212303
0.216597
0.220652
0.224469
0.228047
0.231385
0.234487
0.237356
0.239998
0.242423
0.244642
0.246666
0.24851
0.250189
0.251716
0.253106
0.254373
0.25553
0.256589
0.25756
0.258453
0.259278
0.26004
0.260748
0.261407
0.262022
0.262597
0.263135
0.263641
0.264116
0.264563
0.264983
0.26538
0.265754
0.266107
0.266439
0.266753
0.267049
0.267327
0.26759
0.267837
0.268069
0.268288
0.268493
0.268686
0.268867
0.269036
0.269194
0.269342
0.26948
0.269608
0.269728
0.269839
0.269942
0.270037
0.270125
0.270207
0.270281
0.27035
0.270413
0.270471
0.270523
0.270571
0.270615
0.270654
0.270689
0.270721
0.270749
0.270774
0.270796
0.270815
0.270832
0.270847
0.270859
0.27087
0.270878
0.270885
0.270891
0.270895
0.270898
0.270888
0.0363726
0.0361118
0.0358641
0.0356244
0.0353874
0.0351476
0.0348971
0.0346224
0.0342973
0.0338574
0.0331485
0.0318714
0.0296596
0.0266426
0.0242911
0.0247597
0.0291401
0.0371335
0.0476171
0.0592886
0.0711668
0.0827244
0.0937454
0.104151
0.113917
0.123049
0.131576
0.13954
0.146983
0.153942
0.160456
0.16656
0.17229
0.177678
0.182757
0.187552
0.192086
0.196381
0.200452
0.204316
0.207982
0.211458
0.214746
0.217847
0.220759
0.22348
0.226008
0.228343
0.230486
0.232442
0.234219
0.235825
0.237272
0.238574
0.239742
0.240791
0.241734
0.242584
0.243352
0.244049
0.244685
0.245268
0.245805
0.246302
0.246764
0.247195
0.2476
0.24798
0.248339
0.248678
0.248999
0.249303
0.24959
0.249864
0.250123
0.250368
0.250601
0.250822
0.251031
0.251228
0.251415
0.251591
0.251757
0.251913
0.25206
0.252198
0.252328
0.252449
0.252562
0.252668
0.252766
0.252858
0.252944
0.253023
0.253096
0.253163
0.253225
0.253282
0.253335
0.253383
0.253427
0.253466
0.253502
0.253535
0.253564
0.25359
0.253614
0.253635
0.253653
0.253669
0.253683
0.253695
0.253705
0.253713
0.25372
0.253725
0.253729
0.253732
0.253734
0.253735
0.253735
0.253724
0.0363701
0.0360996
0.0358281
0.0355447
0.0352399
0.0349043
0.03452
0.0340454
0.0333719
0.0322176
0.0300501
0.0265148
0.0228707
0.0220987
0.0260161
0.0342419
0.0452128
0.0572777
0.0693579
0.0809471
0.0918461
0.101989
0.111378
0.120051
0.128059
0.135452
0.142283
0.148604
0.154461
0.1599
0.164958
0.169674
0.174083
0.178216
0.1821
0.185759
0.189216
0.192488
0.19559
0.198535
0.20133
0.203983
0.206493
0.208862
0.211087
0.213166
0.215094
0.216872
0.2185
0.219981
0.22132
0.222525
0.223605
0.22457
0.225431
0.226201
0.226889
0.227506
0.228062
0.228565
0.229024
0.229444
0.229832
0.230191
0.230526
0.23084
0.231135
0.231414
0.231678
0.231928
0.232166
0.232392
0.232607
0.232811
0.233006
0.233191
0.233366
0.233532
0.23369
0.233839
0.23398
0.234113
0.234238
0.234356
0.234467
0.234571
0.234668
0.234759
0.234844
0.234923
0.234997
0.235065
0.235128
0.235187
0.235241
0.23529
0.235335
0.235377
0.235415
0.235449
0.23548
0.235509
0.235534
0.235557
0.235577
0.235595
0.235611
0.235624
0.235636
0.235647
0.235655
0.235662
0.235668
0.235672
0.235676
0.235678
0.235679
0.23568
0.235679
0.235678
0.235677
0.235665
0.0363589
0.0360506
0.0357002
0.0352895
0.0348086
0.0342467
0.0335643
0.0326329
0.0310747
0.0281255
0.023562
0.0200198
0.021245
0.0279436
0.0384262
0.0505333
0.0627962
0.0745215
0.0854423
0.095488
0.104677
0.113063
0.12071
0.127687
0.134059
0.139888
0.145229
0.150135
0.154651
0.15882
0.162681
0.166269
0.169613
0.172741
0.175677
0.178444
0.181058
0.183536
0.185889
0.188128
0.190259
0.192286
0.194209
0.196029
0.197742
0.199345
0.200836
0.202212
0.203474
0.204624
0.205665
0.206603
0.207445
0.208199
0.208872
0.209475
0.210015
0.210501
0.21094
0.211339
0.211703
0.212038
0.212347
0.212635
0.212904
0.213157
0.213395
0.21362
0.213833
0.214035
0.214227
0.214409
0.214583
0.214748
0.214904
0.215053
0.215194
0.215328
0.215453
0.215573
0.215685
0.215791
0.21589
0.215984
0.216072
0.216154
0.21623
0.216301
0.216367
0.216429
0.216486
0.216539
0.216587
0.216632
0.216673
0.216711
0.216745
0.216776
0.216804
0.21683
0.216853
0.216874
0.216892
0.216908
0.216922
0.216935
0.216945
0.216955
0.216962
0.216969
0.216974
0.216978
0.216981
0.216983
0.216984
0.216984
0.216984
0.216983
0.216981
0.216979
0.216977
0.216965
0.0363178
0.0358936
0.0353359
0.0346335
0.0337915
0.0328026
0.0315745
0.0297578
0.0264679
0.0213395
0.0178768
0.0203546
0.0285771
0.0400062
0.0523387
0.0643328
0.0754914
0.0856734
0.0948853
0.10319
0.110668
0.117405
0.123481
0.128969
0.133937
0.138446
0.142547
0.146288
0.149715
0.152866
0.155774
0.15847
0.160979
0.163326
0.165531
0.167612
0.169584
0.171459
0.173247
0.174955
0.176588
0.178148
0.179636
0.18105
0.182386
0.183642
0.184815
0.185904
0.186906
0.187824
0.18866
0.189417
0.190101
0.190717
0.191271
0.191771
0.192222
0.19263
0.193001
0.193341
0.193652
0.193939
0.194205
0.194453
0.194686
0.194904
0.195109
0.195303
0.195487
0.19566
0.195824
0.19598
0.196127
0.196268
0.1964
0.196526
0.196644
0.196756
0.196861
0.19696
0.197053
0.19714
0.197222
0.197299
0.197371
0.197438
0.1975
0.197557
0.197611
0.19766
0.197706
0.197748
0.197786
0.197821
0.197853
0.197883
0.197909
0.197933
0.197955
0.197974
0.197992
0.198007
0.19802
0.198032
0.198042
0.198051
0.198059
0.198065
0.19807
0.198074
0.198077
0.198079
0.19808
0.19808
0.19808
0.198079
0.198078
0.198076
0.198074
0.19807
0.198068
0.198056
0.0361939
0.0354811
0.0344866
0.0332485
0.0318102
0.0301654
0.0281147
0.0249575
0.0199031
0.0160847
0.0186377
0.0272337
0.0388441
0.0510381
0.062634
0.0732205
0.0827229
0.0911934
0.0987253
0.10542
0.111377
0.116685
0.121425
0.125668
0.129477
0.132908
0.136008
0.138823
0.141391
0.143744
0.145911
0.147918
0.149788
0.151541
0.153192
0.154757
0.156248
0.157673
0.159041
0.160356
0.161621
0.162837
0.164004
0.16512
0.166181
0.167185
0.168128
0.169009
0.169825
0.170579
0.17127
0.171901
0.172475
0.172997
0.173471
0.173902
0.174294
0.174652
0.174979
0.175281
0.175558
0.175815
0.176053
0.176276
0.176484
0.17668
0.176863
0.177036
0.177199
0.177353
0.177498
0.177635
0.177764
0.177886
0.178001
0.17811
0.178212
0.178308
0.178397
0.178482
0.178561
0.178635
0.178704
0.178769
0.178828
0.178884
0.178935
0.178983
0.179026
0.179067
0.179104
0.179138
0.179169
0.179198
0.179223
0.179246
0.179267
0.179286
0.179303
0.179318
0.179331
0.179343
0.179353
0.179361
0.179369
0.179375
0.17938
0.179384
0.179387
0.17939
0.179391
0.179392
0.179392
0.179391
0.17939
0.179388
0.179386
0.179384
0.179381
0.179378
0.179375
0.179364
0.0358804
0.0345768
0.0328348
0.0307983
0.0285597
0.0261063
0.0231165
0.0188333
0.0146616
0.0161338
0.0240945
0.0353824
0.0472836
0.0584919
0.0685853
0.0775159
0.0853646
0.0922483
0.0982858
0.103588
0.108253
0.112369
0.116009
0.11924
0.122118
0.124692
0.127007
0.1291
0.131002
0.132742
0.134345
0.135832
0.137222
0.13853
0.139769
0.140952
0.142086
0.14318
0.144238
0.145263
0.146258
0.147222
0.148154
0.149051
0.14991
0.150729
0.151503
0.152232
0.152912
0.153545
0.15413
0.154669
0.155164
0.155618
0.156032
0.156413
0.156761
0.157082
0.157377
0.157649
0.1579
0.158134
0.15835
0.158553
0.158742
0.158919
0.159086
0.159242
0.159388
0.159526
0.159655
0.159777
0.159891
0.159999
0.1601
0.160195
0.160284
0.160367
0.160444
0.160517
0.160585
0.160648
0.160707
0.160762
0.160812
0.160859
0.160902
0.160941
0.160978
0.161011
0.161042
0.16107
0.161095
0.161118
0.161138
0.161157
0.161174
0.161189
0.161202
0.161214
0.161224
0.161233
0.16124
0.161246
0.161252
0.161256
0.16126
0.161262
0.161264
0.161265
0.161265
0.161265
0.161265
0.161263
0.161262
0.16126
0.161257
0.161255
0.161252
0.161248
0.161245
0.161235
0.0352025
0.032896
0.0301072
0.0271054
0.0240208
0.0208611
0.017351
0.0136349
0.0134627
0.0197877
0.0302266
0.0417111
0.0525866
0.0622999
0.0707851
0.0781392
0.0844983
0.0899982
0.094762
0.0988978
0.102498
0.105643
0.1084
0.110826
0.112972
0.114881
0.11659
0.118129
0.119526
0.120805
0.121986
0.123085
0.124119
0.125098
0.126035
0.126936
0.12781
0.12866
0.129491
0.130304
0.131099
0.131877
0.132635
0.13337
0.134079
0.13476
0.135408
0.136022
0.136599
0.137141
0.137645
0.138112
0.138545
0.138944
0.139312
0.139651
0.139963
0.140252
0.140519
0.140765
0.140994
0.141206
0.141403
0.141587
0.141759
0.14192
0.14207
0.142211
0.142342
0.142465
0.14258
0.142689
0.14279
0.142885
0.142974
0.143057
0.143135
0.143207
0.143274
0.143337
0.143395
0.143449
0.1435
0.143546
0.143589
0.143628
0.143664
0.143697
0.143727
0.143756
0.143781
0.143804
0.143824
0.143843
0.143859
0.143874
0.143888
0.1439
0.14391
0.143919
0.143927
0.143934
0.143939
0.143944
0.143947
0.143951
0.143953
0.143954
0.143955
0.143955
0.143955
0.143954
0.143953
0.143951
0.14395
0.143947
0.143945
0.143942
0.143939
0.143935
0.143933
0.143923
0.033932
0.0302085
0.0262284
0.0223188
0.0186478
0.0153382
0.0124572
0.0113329
0.0152474
0.0240806
0.0348898
0.0454596
0.0549107
0.0630841
0.0700714
0.0760253
0.0810989
0.0854297
0.0891356
0.0923172
0.0950582
0.0974292
0.0994887
0.101288
0.102869
0.10427
0.105518
0.106641
0.107661
0.108598
0.109466
0.110281
0.111053
0.111793
0.112508
0.113204
0.113887
0.114559
0.115222
0.115878
0.116526
0.117165
0.117792
0.118404
0.118999
0.119574
0.120124
0.120649
0.121146
0.121614
0.122052
0.122462
0.122842
0.123195
0.123522
0.123825
0.124105
0.124365
0.124605
0.124827
0.125034
0.125225
0.125403
0.125569
0.125724
0.125869
0.126003
0.126129
0.126246
0.126355
0.126457
0.126553
0.126643
0.126726
0.126804
0.126877
0.126944
0.127006
0.127064
0.127118
0.127168
0.127215
0.127258
0.127297
0.127333
0.127366
0.127396
0.127424
0.127449
0.127473
0.127493
0.127512
0.127529
0.127544
0.127557
0.127569
0.12758
0.12759
0.127598
0.127605
0.12761
0.127615
0.127619
0.127623
0.127625
0.127627
0.127629
0.127629
0.127629
0.127629
0.127628
0.127627
0.127626
0.127624
0.127622
0.12762
0.127617
0.127614
0.127611
0.127608
0.127605
0.127596
0.031845
0.0264673
0.0214324
0.0169962
0.0133967
0.0108845
0.00976228
0.0115206
0.0178516
0.0273908
0.0375416
0.0468199
0.0548134
0.061562
0.0672258
0.0719768
0.0759688
0.0793331
0.0821779
0.0845933
0.0866529
0.0884174
0.0899373
0.0912563
0.0924091
0.0934257
0.0943304
0.0951451
0.0958873
0.0965726
0.0972134
0.0978208
0.0984033
0.0989688
0.0995221
0.100068
0.10061
0.101151
0.10169
0.102228
0.102764
0.103297
0.103824
0.104342
0.104847
0.105338
0.10581
0.106262
0.106693
0.1071
0.107483
0.107842
0.108177
0.108489
0.108779
0.109048
0.109298
0.10953
0.109744
0.109943
0.110127
0.110299
0.110458
0.110606
0.110744
0.110872
0.110992
0.111103
0.111206
0.111303
0.111393
0.111477
0.111555
0.111628
0.111695
0.111758
0.111816
0.11187
0.111919
0.111966
0.112008
0.112048
0.112084
0.112117
0.112147
0.112175
0.1122
0.112223
0.112244
0.112264
0.112281
0.112296
0.112309
0.112322
0.112332
0.112342
0.112351
0.112358
0.112364
0.11237
0.112374
0.112378
0.11238
0.112383
0.112385
0.112386
0.112386
0.112387
0.112386
0.112386
0.112384
0.112383
0.112381
0.11238
0.112377
0.112375
0.112373
0.11237
0.112367
0.112363
0.112361
0.112353
0.0288127
0.0218898
0.0162683
0.0120216
0.00938203
0.00837651
0.00908343
0.0126788
0.0199712
0.0292409
0.0383221
0.0462499
0.0528874
0.0583753
0.0629021
0.0666419
0.0697415
0.072321
0.0744768
0.0762874
0.0778154
0.0791123
0.0802213
0.0811774
0.0820092
0.0827412
0.0833928
0.0839816
0.0845215
0.0850248
0.0855008
0.0859582
0.0864034
0.0868421
0.0872776
0.0877136
0.0881517
0.0885934
0.0890386
0.0894871
0.0899373
0.0903876
0.0908347
0.0912764
0.0917094
0.0921312
0.0925388
0.0929305
0.0933041
0.0936589
0.0939933
0.0943076
0.0946014
0.0948759
0.0951311
0.0953687
0.0955892
0.0957942
0.0959839
0.09616
0.0963229
0.0964744
0.0966147
0.0967454
0.0968667
0.0969799
0.0970845
0.0971819
0.0972721
0.0973563
0.0974343
0.0975072
0.0975748
0.0976379
0.0976959
0.0977497
0.0977991
0.0978451
0.0978874
0.0979267
0.0979629
0.0979965
0.0980267
0.0980545
0.0980796
0.0981027
0.0981235
0.0981427
0.0981599
0.0981758
0.0981895
0.098202
0.0982128
0.0982226
0.0982311
0.0982388
0.0982454
0.0982513
0.098256
0.0982601
0.0982632
0.0982659
0.0982678
0.0982694
0.0982704
0.0982712
0.0982712
0.098271
0.0982702
0.0982693
0.098268
0.0982666
0.0982649
0.098263
0.0982609
0.0982587
0.0982563
0.0982535
0.0982509
0.0982476
0.0982454
0.0982378
0.0248897
0.0169406
0.0114795
0.00827941
0.0071625
0.0075476
0.00934695
0.0137433
0.0211441
0.0296845
0.0375787
0.0442258
0.0496538
0.054054
0.0576229
0.0605279
0.0629034
0.0648562
0.0664693
0.0678095
0.0689291
0.0698714
0.0706713
0.0713572
0.0719521
0.0724756
0.0729431
0.0733686
0.0737628
0.0741351
0.0744926
0.074842
0.0751878
0.075534
0.0758829
0.0762368
0.0765967
0.0769634
0.077336
0.0777141
0.0780959
0.0784796
0.078862
0.0792409
0.0796133
0.0799771
0.0803292
0.0806683
0.0809922
0.0813004
0.0815912
0.0818648
0.082121
0.0823605
0.0825835
0.0827912
0.0829841
0.0831634
0.0833293
0.0834832
0.0836255
0.0837578
0.0838802
0.083994
0.0840996
0.0841979
0.0842886
0.0843728
0.0844506
0.0845232
0.0845904
0.084653
0.0847109
0.0847649
0.0848142
0.0848599
0.0849017
0.0849407
0.0849764
0.0850095
0.0850398
0.0850679
0.0850931
0.0851161
0.0851368
0.0851559
0.085173
0.0851888
0.0852028
0.0852157
0.0852268
0.0852367
0.0852453
0.0852532
0.0852598
0.0852659
0.085271
0.0852756
0.0852791
0.085282
0.0852842
0.0852862
0.0852874
0.0852884
0.0852889
0.0852892
0.0852889
0.0852884
0.0852874
0.0852864
0.085285
0.0852835
0.0852819
0.08528
0.085278
0.0852759
0.0852736
0.085271
0.0852686
0.0852655
0.0852635
0.0852565
0.0203495
0.0122166
0.00776154
0.00615052
0.00638199
0.00752003
0.00970597
0.0142809
0.0213396
0.0289574
0.0356804
0.0411657
0.0455408
0.04902
0.0517956
0.0540225
0.0558198
0.0572795
0.0584715
0.0594513
0.0602617
0.0609385
0.0615091
0.0619965
0.0624188
0.0627916
0.0631269
0.0634355
0.0637255
0.0640042
0.0642769
0.0645482
0.0648216
0.0650998
0.065384
0.0656759
0.0659757
0.0662837
0.0665987
0.0669201
0.0672459
0.0675743
0.0679023
0.0682279
0.0685483
0.0688616
0.0691652
0.0694577
0.0697373
0.0700035
0.0702547
0.0704911
0.0707126
0.0709199
0.0711128
0.0712925
0.0714593
0.0716144
0.0717578
0.0718906
0.0720135
0.0721275
0.072233
0.072331
0.0724217
0.0725061
0.0725837
0.0726556
0.0727221
0.072784
0.0728411
0.0728943
0.0729434
0.072989
0.0730305
0.0730689
0.073104
0.0731366
0.0731664
0.073194
0.0732192
0.0732425
0.0732632
0.0732821
0.0732991
0.0733147
0.0733286
0.0733414
0.0733528
0.0733631
0.0733719
0.0733797
0.0733865
0.0733927
0.0733979
0.0734026
0.0734066
0.07341
0.0734125
0.0734146
0.0734161
0.0734174
0.0734182
0.0734188
0.0734189
0.0734189
0.0734183
0.0734176
0.0734165
0.0734154
0.073414
0.0734126
0.073411
0.0734092
0.0734073
0.0734053
0.0734032
0.0734009
0.0733986
0.0733958
0.073394
0.0733876
0.0156365
0.00827841
0.00544769
0.00530654
0.00627963
0.00761503
0.00979059
0.0142119
0.0206929
0.0273295
0.0329568
0.0374151
0.0408904
0.0436024
0.0457317
0.0474163
0.0487587
0.049836
0.0507059
0.0514132
0.0519929
0.0524734
0.0528764
0.0532198
0.0535181
0.0537833
0.0540245
0.05425
0.0544661
0.0546781
0.0548897
0.0551044
0.0553244
0.0555516
0.0557866
0.0560304
0.0562827
0.0565435
0.0568115
0.0570858
0.0573645
0.0576458
0.0579269
0.0582061
0.058481
0.0587497
0.05901
0.0592607
0.0595004
0.0597285
0.0599436
0.0601461
0.0603358
0.0605132
0.0606782
0.060832
0.0609746
0.0611072
0.0612295
0.0613428
0.0614475
0.0615447
0.0616344
0.0617177
0.0617947
0.0618662
0.0619318
0.0619925
0.0620486
0.0621007
0.0621488
0.0621934
0.0622345
0.0622726
0.0623072
0.062339
0.0623681
0.0623952
0.0624198
0.0624426
0.0624633
0.0624823
0.0624991
0.0625144
0.0625282
0.0625409
0.0625521
0.0625623
0.0625714
0.0625796
0.0625865
0.0625926
0.0625979
0.0626028
0.0626068
0.0626104
0.0626133
0.0626159
0.0626176
0.0626191
0.06262
0.0626209
0.0626212
0.0626215
0.0626214
0.0626211
0.0626204
0.0626195
0.0626185
0.0626174
0.062616
0.0626146
0.0626131
0.0626115
0.0626097
0.0626079
0.062606
0.0626038
0.0626018
0.0625992
0.0625976
0.0625918
0.0112471
0.00547502
0.00434619
0.00510729
0.00629475
0.00753454
0.00951768
0.0136022
0.0193846
0.0250514
0.0296841
0.0332517
0.0359708
0.0380542
0.039665
0.0409222
0.0419119
0.0426969
0.0433236
0.0438278
0.0442377
0.0445751
0.044857
0.0450975
0.0453077
0.0454968
0.0456716
0.0458386
0.0460022
0.0461664
0.0463337
0.0465066
0.0466866
0.0468748
0.0470713
0.0472765
0.0474902
0.0477119
0.0479403
0.0481744
0.0484125
0.0486527
0.0488927
0.0491308
0.0493651
0.0495939
0.0498154
0.0500286
0.0502322
0.0504257
0.0506081
0.0507796
0.0509401
0.0510902
0.0512298
0.0513597
0.0514802
0.051592
0.0516951
0.0517904
0.0518785
0.0519602
0.0520356
0.0521054
0.05217
0.0522297
0.0522845
0.0523351
0.0523818
0.0524252
0.0524651
0.052502
0.0525361
0.0525675
0.0525958
0.0526219
0.0526458
0.052668
0.0526881
0.0527066
0.0527234
0.0527388
0.0527523
0.0527645
0.0527756
0.0527857
0.0527946
0.0528027
0.0528099
0.0528163
0.0528216
0.0528263
0.0528304
0.0528341
0.0528372
0.0528399
0.052842
0.0528439
0.052845
0.052846
0.0528466
0.052847
0.0528471
0.0528471
0.0528468
0.0528464
0.0528456
0.0528448
0.0528437
0.0528426
0.0528414
0.0528401
0.0528387
0.0528372
0.0528356
0.0528339
0.0528322
0.0528302
0.0528284
0.0528261
0.0528248
0.0528195
0.00759143
0.00381853
0.00395687
0.00506558
0.0061787
0.00720994
0.00892435
0.0125653
0.0175938
0.0223392
0.0260881
0.0288963
0.0309902
0.0325667
0.0337678
0.0346934
0.0354133
0.0359779
0.0364236
0.0367786
0.0370649
0.0372994
0.037495
0.0376627
0.037811
0.0379467
0.038075
0.0382006
0.0383267
0.0384563
0.0385909
0.0387323
0.0388814
0.0390386
0.0392039
0.0393775
0.0395587
0.0397471
0.0399413
0.0401403
0.0403425
0.0405463
0.0407497
0.0409511
0.041149
0.041342
0.0415286
0.0417078
0.0418788
0.0420411
0.0421938
0.0423373
0.0424715
0.0425968
0.0427133
0.0428216
0.042922
0.043015
0.0431006
0.0431798
0.0432529
0.0433206
0.043383
0.0434408
0.0434941
0.0435434
0.0435884
0.04363
0.0436684
0.043704
0.0437366
0.0437668
0.0437946
0.0438201
0.0438431
0.0438642
0.0438835
0.0439014
0.0439176
0.0439325
0.043946
0.0439582
0.0439689
0.0439785
0.0439873
0.0439952
0.0440022
0.0440086
0.0440142
0.0440191
0.0440231
0.0440267
0.0440298
0.0440326
0.0440348
0.0440368
0.0440384
0.0440396
0.0440403
0.0440409
0.0440412
0.0440414
0.0440413
0.0440412
0.0440408
0.0440403
0.0440394
0.0440386
0.0440376
0.0440366
0.0440354
0.0440342
0.044033
0.0440316
0.0440302
0.0440287
0.0440272
0.0440254
0.0440239
0.0440218
0.0440207
0.0440159
0.00488827
0.0030165
0.00383289
0.00494756
0.00586988
0.00666855
0.00808755
0.0112223
0.0154821
0.0193744
0.022352
0.0245234
0.0261088
0.0272829
0.0281653
0.028837
0.0293535
0.029754
0.0300667
0.0303135
0.0305111
0.0306725
0.0308074
0.0309243
0.0310293
0.0311277
0.0312233
0.0313194
0.0314184
0.0315222
0.031632
0.0317488
0.031873
0.0320049
0.0321441
0.0322905
0.0324437
0.0326029
0.0327669
0.0329346
0.0331049
0.0332761
0.0334465
0.033615
0.0337802
0.033941
0.0340961
0.0342447
0.0343864
0.0345206
0.0346467
0.034765
0.0348756
0.0349787
0.0350744
0.0351633
0.0352457
0.0353219
0.035392
0.0354566
0.0355164
0.0355717
0.0356225
0.0356695
0.035713
0.0357529
0.0357894
0.035823
0.0358541
0.0358828
0.0359092
0.0359335
0.0359558
0.0359762
0.0359945
0.0360113
0.0360267
0.0360409
0.0360537
0.0360655
0.0360761
0.0360857
0.036094
0.0361015
0.0361083
0.0361145
0.0361199
0.0361247
0.036129
0.0361327
0.0361357
0.0361383
0.0361407
0.0361427
0.0361444
0.0361458
0.0361469
0.0361477
0.0361481
0.0361483
0.0361485
0.0361485
0.0361483
0.036148
0.0361476
0.036147
0.0361462
0.0361454
0.0361445
0.0361436
0.0361425
0.0361415
0.0361404
0.0361392
0.0361379
0.0361366
0.0361353
0.0361337
0.0361324
0.0361306
0.0361296
0.0361254
0.00312817
0.00268016
0.00372197
0.00468181
0.00538685
0.00596845
0.00709125
0.00968808
0.0131911
0.0163088
0.0186244
0.0202706
0.0214491
0.0223087
0.0229465
0.0234266
0.0237916
0.0240717
0.0242879
0.0244572
0.024592
0.024702
0.0247946
0.0248761
0.0249511
0.0250233
0.0250955
0.0251702
0.0252488
0.0253329
0.0254229
0.0255195
0.025623
0.0257332
0.0258498
0.0259724
0.0261007
0.0262337
0.0263706
0.0265103
0.0266517
0.0267935
0.0269343
0.027073
0.0272088
0.0273406
0.0274674
0.0275888
0.0277042
0.0278133
0.0279156
0.0280115
0.028101
0.0281844
0.0282617
0.0283334
0.0283998
0.0284611
0.0285174
0.0285693
0.0286173
0.0286616
0.0287023
0.0287399
0.0287746
0.0288065
0.0288355
0.0288622
0.0288869
0.0289096
0.0289305
0.0289497
0.0289673
0.0289833
0.0289977
0.0290107
0.0290228
0.0290339
0.0290439
0.029053
0.0290613
0.0290686
0.0290749
0.0290806
0.0290858
0.0290905
0.0290946
0.0290983
0.0291015
0.0291042
0.0291064
0.0291083
0.02911
0.0291114
0.0291126
0.0291136
0.0291143
0.0291148
0.0291149
0.029115
0.029115
0.0291149
0.0291147
0.0291143
0.0291139
0.0291133
0.0291126
0.0291118
0.029111
0.0291102
0.0291093
0.0291084
0.0291074
0.0291064
0.0291053
0.0291041
0.029103
0.0291017
0.0291006
0.029099
0.0290982
0.0290945
0.00211635
0.00251654
0.00352172
0.00427216
0.00477484
0.00517152
0.00601398
0.00806725
0.0108449
0.013271
0.0150271
0.0162469
0.0171047
0.0177218
0.0181745
0.0185116
0.0187653
0.0189579
0.0191051
0.0192194
0.0193102
0.0193845
0.0194478
0.0195046
0.0195585
0.019612
0.0196671
0.0197255
0.0197883
0.0198563
0.0199298
0.0200092
0.0200945
0.0201855
0.0202818
0.020383
0.0204886
0.020598
0.0207102
0.0208243
0.0209396
0.0210547
0.0211687
0.0212808
0.0213901
0.021496
0.0215976
0.0216946
0.0217867
0.0218735
0.0219548
0.0220308
0.0221018
0.0221677
0.0222288
0.0222854
0.0223378
0.0223861
0.0224304
0.0224711
0.0225088
0.0225436
0.0225755
0.0226049
0.022632
0.0226569
0.0226794
0.0227001
0.0227194
0.022737
0.0227532
0.022768
0.0227816
0.0227939
0.0228049
0.0228149
0.0228241
0.0228326
0.0228402
0.0228471
0.0228533
0.0228588
0.0228635
0.0228678
0.0228717
0.0228752
0.0228782
0.0228809
0.0228832
0.0228851
0.0228867
0.022888
0.0228892
0.0228902
0.022891
0.0228916
0.0228921
0.0228924
0.0228924
0.0228923
0.0228922
0.0228921
0.0228918
0.0228914
0.022891
0.0228905
0.0228898
0.0228891
0.0228885
0.0228877
0.022887
0.0228862
0.0228853
0.0228845
0.0228836
0.0228826
0.0228816
0.0228805
0.0228796
0.0228783
0.0228776
0.0228744
0.00158298
0.00236707
0.00320989
0.00375068
0.00408321
0.00433299
0.00492395
0.0064534
0.00855327
0.0103712
0.011661
0.0125394
0.0131476
0.01358
0.013894
0.0141257
0.0142983
0.014428
0.0145262
0.014602
0.0146621
0.0147117
0.0147546
0.0147942
0.0148329
0.0148726
0.0149146
0.01496
0.0150096
0.0150638
0.0151229
0.0151869
0.0152558
0.0153292
0.0154068
0.0154882
0.0155731
0.0156606
0.0157502
0.0158411
0.0159325
0.0160235
0.0161134
0.0162014
0.0162871
0.0163698
0.016449
0.0165244
0.0165959
0.0166631
0.016726
0.0167846
0.0168393
0.0168901
0.016937
0.0169805
0.0170207
0.0170576
0.0170915
0.0171226
0.0171514
0.0171779
0.0172022
0.0172246
0.0172453
0.0172641
0.0172811
0.0172968
0.0173113
0.0173247
0.0173368
0.017348
0.0173582
0.0173673
0.0173755
0.0173829
0.0173898
0.0173961
0.0174017
0.0174068
0.0174114
0.0174154
0.0174188
0.0174218
0.0174247
0.0174272
0.0174293
0.0174312
0.0174329
0.0174342
0.0174353
0.0174361
0.017437
0.0174377
0.0174382
0.0174386
0.0174388
0.0174389
0.0174388
0.0174387
0.0174386
0.0174384
0.0174381
0.0174378
0.0174374
0.0174369
0.0174364
0.0174358
0.0174352
0.0174346
0.017434
0.0174333
0.0174326
0.0174319
0.0174312
0.0174304
0.0174296
0.0174287
0.0174279
0.0174269
0.0174264
0.0174237
0.00129598
0.00216384
0.00279987
0.00315657
0.00335673
0.00349784
0.00387693
0.00492851
0.00641405
0.00770542
0.00861118
0.00921913
0.00963505
0.00992798
0.0101389
0.0102932
0.0104072
0.010492
0.0105557
0.0106047
0.0106435
0.0106759
0.0107045
0.0107317
0.0107591
0.0107881
0.0108194
0.0108538
0.0108919
0.0109338
0.0109797
0.0110294
0.0110829
0.01114
0.0112002
0.0112632
0.0113287
0.0113961
0.0114649
0.0115344
0.0116042
0.0116734
0.0117415
0.011808
0.0118726
0.0119348
0.0119942
0.0120506
0.012104
0.012154
0.0122008
0.0122443
0.0122849
0.0123225
0.0123572
0.0123893
0.012419
0.0124462
0.0124712
0.012494
0.0125152
0.0125347
0.0125525
0.0125689
0.012584
0.0125977
0.0126102
0.0126215
0.0126321
0.0126418
0.0126506
0.0126587
0.0126661
0.0126726
0.0126785
0.0126838
0.0126887
0.0126932
0.0126972
0.0127008
0.0127041
0.0127068
0.0127092
0.0127113
0.0127133
0.012715
0.0127165
0.0127178
0.012719
0.0127198
0.0127205
0.012721
0.0127216
0.012722
0.0127223
0.0127226
0.0127227
0.0127227
0.0127226
0.0127224
0.0127223
0.0127221
0.0127218
0.0127215
0.0127212
0.0127208
0.0127204
0.0127199
0.0127194
0.012719
0.0127184
0.0127179
0.0127174
0.0127168
0.0127162
0.0127156
0.012715
0.0127143
0.0127137
0.0127128
0.0127125
0.0127103
0.00110752
0.00188764
0.00231843
0.00252778
0.00263284
0.00270031
0.0029149
0.00356078
0.00451341
0.00535863
0.00595186
0.00634726
0.0066158
0.00680374
0.00693826
0.00703599
0.00710764
0.00716056
0.00720001
0.00723021
0.00725425
0.00727455
0.00729294
0.00731089
0.00732957
0.00734976
0.00737201
0.00739678
0.00742439
0.00745493
0.0074884
0.00752473
0.00756386
0.00760548
0.00764934
0.00769517
0.00774272
0.00779153
0.00784118
0.00789123
0.00794133
0.00799088
0.0080395
0.00808686
0.00813275
0.00817679
0.00821879
0.00825858
0.00829618
0.00833136
0.00836416
0.00839466
0.00842307
0.00844934
0.00847361
0.00849598
0.00851668
0.00853563
0.00855296
0.00856884
0.00858355
0.00859703
0.0086094
0.00862072
0.00863118
0.00864063
0.00864918
0.00865699
0.00866428
0.00867093
0.00867698
0.00868247
0.00868752
0.00869198
0.00869592
0.00869949
0.00870285
0.00870587
0.00870857
0.00871097
0.00871316
0.00871499
0.00871654
0.00871792
0.00871923
0.00872037
0.00872134
0.00872217
0.0087229
0.00872343
0.00872382
0.00872415
0.00872449
0.00872474
0.00872492
0.00872502
0.00872508
0.00872503
0.00872489
0.00872475
0.00872463
0.00872447
0.00872426
0.00872403
0.00872377
0.00872346
0.0087231
0.00872274
0.0087224
0.00872204
0.00872166
0.00872127
0.00872087
0.00872045
0.00872001
0.00871955
0.0087191
0.00871858
0.00871815
0.0087175
0.00871724
0.00871562
0.000940081
0.00154366
0.00179623
0.00189845
0.00194178
0.00196513
0.00206569
0.00240044
0.00292301
0.00340514
0.0037492
0.00397936
0.00413556
0.00424467
0.00432253
0.00437888
0.00441998
0.00445015
0.00447254
0.00448966
0.00450338
0.00451515
0.00452606
0.004537
0.00454867
0.00456153
0.00457589
0.00459202
0.00461008
0.00463013
0.00465212
0.004676
0.0047017
0.00472902
0.00475777
0.00478776
0.00481884
0.00485068
0.004883
0.00491552
0.00494799
0.00498005
0.00501143
0.00504192
0.00507142
0.00509968
0.00512658
0.00515202
0.00517602
0.00519845
0.00521932
0.0052387
0.00525674
0.00527341
0.00528879
0.00530295
0.00531606
0.00532803
0.00533897
0.00534899
0.00535827
0.00536676
0.00537454
0.00538166
0.00538823
0.00539415
0.00539951
0.00540438
0.00540894
0.00541309
0.00541687
0.00542028
0.00542342
0.00542617
0.0054286
0.00543079
0.00543287
0.00543473
0.00543638
0.00543785
0.00543918
0.00544029
0.00544121
0.00544203
0.00544282
0.0054435
0.00544408
0.00544456
0.00544499
0.00544528
0.00544549
0.00544567
0.00544586
0.00544599
0.00544608
0.00544612
0.00544613
0.00544607
0.00544596
0.00544585
0.00544575
0.00544564
0.00544549
0.00544532
0.00544514
0.00544493
0.00544468
0.00544444
0.0054442
0.00544397
0.00544371
0.00544345
0.00544318
0.0054429
0.0054426
0.0054423
0.005442
0.00544165
0.00544136
0.00544093
0.00544076
0.00543966
0.000758913
0.00114996
0.00126547
0.00129958
0.0013087
0.00131051
0.00134428
0.00147456
0.00169181
0.00190391
0.00206063
0.00216726
0.00224023
0.00229143
0.00232805
0.00235457
0.00237392
0.00238812
0.00239869
0.00240683
0.00241346
0.00241926
0.00242479
0.00243047
0.00243664
0.00244351
0.00245124
0.00245995
0.00246972
0.00248056
0.00249244
0.00250533
0.00251918
0.00253389
0.00254935
0.00256546
0.00258213
0.00259918
0.00261647
0.00263384
0.00265117
0.00266824
0.00268494
0.00270114
0.00271679
0.00273177
0.002746
0.00275945
0.00277213
0.00278396
0.00279495
0.00280516
0.00281465
0.00282341
0.00283149
0.00283892
0.0028458
0.00285207
0.0028578
0.00286304
0.0028679
0.00287234
0.0028764
0.00288012
0.00288355
0.00288663
0.00288941
0.00289195
0.00289432
0.00289647
0.00289843
0.00290019
0.00290182
0.00290324
0.00290448
0.00290561
0.00290668
0.00290763
0.00290847
0.00290922
0.0029099
0.00291046
0.00291092
0.00291133
0.00291173
0.00291207
0.00291236
0.00291259
0.0029128
0.00291295
0.00291304
0.00291312
0.00291321
0.00291327
0.0029133
0.00291331
0.00291331
0.00291327
0.0029132
0.00291314
0.00291308
0.00291301
0.00291293
0.00291283
0.00291273
0.00291261
0.00291248
0.00291234
0.00291221
0.00291208
0.00291195
0.0029118
0.00291165
0.0029115
0.00291134
0.00291118
0.00291101
0.00291082
0.00291067
0.00291044
0.00291035
0.00290974
0.000560687
0.000737101
0.000763629
0.00076363
0.000758932
0.000754133
0.000758361
0.000784408
0.00083117
0.000880417
0.00091891
0.000946008
0.000964945
0.00097845
0.000988257
0.000995484
0.00100087
0.00100492
0.00100806
0.00101061
0.0010128
0.00101484
0.00101687
0.001019
0.00102133
0.00102392
0.0010268
0.00103001
0.00103356
0.00103747
0.00104171
0.00104628
0.00105115
0.00105629
0.00106167
0.00106725
0.00107301
0.00107888
0.00108482
0.00109077
0.0010967
0.00110253
0.00110822
0.00111374
0.00111907
0.00112415
0.00112898
0.00113354
0.00113783
0.00114183
0.00114555
0.00114899
0.00115219
0.00115515
0.00115787
0.00116037
0.00116268
0.00116478
0.0011667
0.00116846
0.00117009
0.00117158
0.00117294
0.00117418
0.00117532
0.00117636
0.00117728
0.00117813
0.00117892
0.00117964
0.00118029
0.00118088
0.00118141
0.00118189
0.0011823
0.00118267
0.00118303
0.00118334
0.00118362
0.00118387
0.00118409
0.00118428
0.00118443
0.00118457
0.0011847
0.00118481
0.00118491
0.00118498
0.00118505
0.0011851
0.00118513
0.00118516
0.00118519
0.00118521
0.00118522
0.00118522
0.00118522
0.00118521
0.00118518
0.00118516
0.00118514
0.00118512
0.00118509
0.00118506
0.00118503
0.00118499
0.00118495
0.00118491
0.00118486
0.00118482
0.00118478
0.00118473
0.00118468
0.00118463
0.00118458
0.00118453
0.00118447
0.00118441
0.00118436
0.00118429
0.00118426
0.00118407
0.000284745
0.000272336
0.000264574
0.000259334
0.000255501
0.000252769
0.000251698
0.00025178
0.000251477
0.000250703
0.000249882
0.000249227
0.000248775
0.000248499
0.00024836
0.000248331
0.000248387
0.000248512
0.000248694
0.000248926
0.000249202
0.000249516
0.000249864
0.000250246
0.000250657
0.000251096
0.000251561
0.000252052
0.000252564
0.000253098
0.000253649
0.000254218
0.0002548
0.000255395
0.000255997
0.000256605
0.000257216
0.000257825
0.000258429
0.000259025
0.000259609
0.000260176
0.000260724
0.000261252
0.000261755
0.000262233
0.000262682
0.000263105
0.0002635
0.000263868
0.000264208
0.000264523
0.000264813
0.00026508
0.000265325
0.00026555
0.000265755
0.000265943
0.000266114
0.000266271
0.000266415
0.000266546
0.000266664
0.000266773
0.000266872
0.000266962
0.000267043
0.000267118
0.000267186
0.000267248
0.000267304
0.000267355
0.000267401
0.000267443
0.00026748
0.000267514
0.000267545
0.000267573
0.000267597
0.00026762
0.00026764
0.000267657
0.000267672
0.000267687
0.000267699
0.000267711
0.00026772
0.000267729
0.000267736
0.000267742
0.000267747
0.000267752
0.000267756
0.00026776
0.000267762
0.000267765
0.000267766
0.000267768
0.000267768
0.000267769
0.00026777
0.00026777
0.000267769
0.000267769
0.000267769
0.000267768
0.000267767
0.000267766
0.000267765
0.000267764
0.000267762
0.000267761
0.000267759
0.000267758
0.000267756
0.000267754
0.000267752
0.00026775
0.000267748
0.000267747
0.000267745
0.000267745
)
;

boundaryField
{
    lowerWall
    {
        type            nutkWallFunction;
        Cmu             0.09;
        kappa           0.41;
        E               9.8;
        value           nonuniform List<scalar> 
122
(
3.38538e-05
3.2234e-05
3.12147e-05
3.05239e-05
3.00184e-05
2.9672e-05
2.95605e-05
2.95751e-05
2.9528e-05
2.94273e-05
2.93266e-05
2.925e-05
2.92e-05
2.91724e-05
2.91622e-05
2.9166e-05
2.91805e-05
2.92037e-05
2.9234e-05
2.92711e-05
2.93139e-05
2.93617e-05
2.94139e-05
2.94706e-05
2.95313e-05
2.95957e-05
2.96633e-05
2.97345e-05
2.98087e-05
2.98855e-05
2.99644e-05
3.00455e-05
3.01282e-05
3.0212e-05
3.02964e-05
3.03814e-05
3.04663e-05
3.05505e-05
3.06332e-05
3.07145e-05
3.07936e-05
3.08699e-05
3.09429e-05
3.10131e-05
3.10796e-05
3.11424e-05
3.1201e-05
3.12561e-05
3.13074e-05
3.13547e-05
3.13982e-05
3.14387e-05
3.1476e-05
3.15101e-05
3.15411e-05
3.15698e-05
3.15959e-05
3.16197e-05
3.16411e-05
3.1661e-05
3.16793e-05
3.16958e-05
3.17106e-05
3.17243e-05
3.17368e-05
3.17481e-05
3.17579e-05
3.17674e-05
3.1776e-05
3.17837e-05
3.17904e-05
3.17968e-05
3.18026e-05
3.18076e-05
3.18118e-05
3.18161e-05
3.182e-05
3.18234e-05
3.18262e-05
3.1829e-05
3.18314e-05
3.18334e-05
3.1835e-05
3.18367e-05
3.18383e-05
3.18396e-05
3.18406e-05
3.18416e-05
3.18425e-05
3.18432e-05
3.18435e-05
3.18441e-05
3.18447e-05
3.18451e-05
3.18452e-05
3.18455e-05
3.18457e-05
3.18458e-05
3.18457e-05
3.18458e-05
3.18459e-05
3.18459e-05
3.18457e-05
3.18457e-05
3.18456e-05
3.18455e-05
3.18452e-05
3.18451e-05
3.1845e-05
3.18448e-05
3.18446e-05
3.18444e-05
3.18442e-05
3.1844e-05
3.18437e-05
3.18435e-05
3.18432e-05
3.1843e-05
3.18427e-05
3.18424e-05
3.1842e-05
3.1842e-05
)
;
    }
    upperWall
    {
        type            nutkWallFunction;
        Cmu             0.09;
        kappa           0.41;
        E               9.8;
        value           nonuniform List<scalar> 
122
(
3.36526e-05
3.20373e-05
3.10223e-05
3.03345e-05
2.98309e-05
2.94882e-05
2.93801e-05
2.93875e-05
2.93316e-05
2.92266e-05
2.91248e-05
2.90479e-05
2.89979e-05
2.89703e-05
2.89601e-05
2.89636e-05
2.89778e-05
2.90006e-05
2.90308e-05
2.90674e-05
2.91095e-05
2.91567e-05
2.92084e-05
2.92643e-05
2.93242e-05
2.93878e-05
2.94547e-05
2.95249e-05
2.9598e-05
2.96738e-05
2.97518e-05
2.98318e-05
2.99135e-05
2.99964e-05
3.008e-05
3.01642e-05
3.02482e-05
3.03316e-05
3.04138e-05
3.04945e-05
3.0573e-05
3.06489e-05
3.07218e-05
3.07916e-05
3.08579e-05
3.09204e-05
3.09791e-05
3.1034e-05
3.1085e-05
3.11324e-05
3.1176e-05
3.12164e-05
3.12535e-05
3.12876e-05
3.13186e-05
3.13472e-05
3.13732e-05
3.1397e-05
3.14185e-05
3.14384e-05
3.14564e-05
3.14728e-05
3.14877e-05
3.15013e-05
3.15137e-05
3.15249e-05
3.1535e-05
3.15443e-05
3.15527e-05
3.15604e-05
3.15672e-05
3.15735e-05
3.15791e-05
3.15842e-05
3.15887e-05
3.15928e-05
3.15966e-05
3.15999e-05
3.16028e-05
3.16055e-05
3.16078e-05
3.16099e-05
3.16117e-05
3.16134e-05
3.16148e-05
3.16161e-05
3.16171e-05
3.16181e-05
3.16189e-05
3.16197e-05
3.16202e-05
3.16207e-05
3.16211e-05
3.16215e-05
3.16218e-05
3.1622e-05
3.16222e-05
3.16223e-05
3.16223e-05
3.16224e-05
3.16224e-05
3.16224e-05
3.16223e-05
3.16222e-05
3.16221e-05
3.1622e-05
3.16218e-05
3.16216e-05
3.16215e-05
3.16213e-05
3.16211e-05
3.16209e-05
3.16206e-05
3.16204e-05
3.16202e-05
3.16199e-05
3.16197e-05
3.16194e-05
3.16191e-05
3.16189e-05
3.16186e-05
3.16186e-05
)
;
    }
    inlet
    {
        type            calculated;
        value           uniform 0.0366503;
    }
    outlet
    {
        type            calculated;
        value           nonuniform List<scalar> 
60
(
0.000269431
0.00119712
0.00294667
0.00550873
0.00882196
0.0128577
0.0176155
0.0231139
0.0293851
0.0364708
0.0444202
0.0532869
0.0631272
0.0739962
0.0859438
0.0990097
0.113216
0.128556
0.144987
0.162409
0.180653
0.199464
0.21849
0.237301
0.255448
0.272655
0.289169
0.306227
0.325403
0.343057
0.342743
0.324418
0.304749
0.287458
0.270888
0.253724
0.235665
0.216965
0.198056
0.179364
0.161235
0.143923
0.127596
0.112353
0.0982378
0.0852565
0.0733876
0.0625918
0.0528195
0.0440159
0.0361254
0.0290945
0.0228744
0.0174237
0.0127103
0.00871562
0.00543966
0.00290974
0.00118407
0.000267745
)
;
    }
    frontAndBack
    {
        type            empty;
    }
}


// ************************************************************************* //
