/*--------------------------------*- C++ -*----------------------------------*\
  =========                 |
  \\      /  F ield         | OpenFOAM: The Open Source CFD Toolbox
   \\    /   O peration     | Website:  https://openfoam.org
    \\  /    A nd           | Version:  8
     \\/     M anipulation  |
\*---------------------------------------------------------------------------*/
FoamFile
{
    version     2.0;
    format      ascii;
    class       volScalarField;
    location    "250";
    object      p;
}
// * * * * * * * * * * * * * * * * * * * * * * * * * * * * * * * * * * * * * //

dimensions      [0 2 -2 0 0 0 0];

internalField   nonuniform List<scalar> 
7320
(
600.258
594.398
592.487
590.696
588.986
587.332
585.666
583.15
578.798
572.787
566.019
559.069
552.166
545.373
538.724
532.224
525.886
519.704
513.681
507.799
502.062
496.458
490.981
485.616
480.363
475.209
470.151
465.173
460.276
455.451
450.697
446
441.363
436.778
432.245
427.75
423.299
418.884
414.507
410.155
405.833
401.532
397.251
392.974
388.704
384.431
380.153
375.855
371.538
367.193
362.821
358.404
353.95
349.453
344.917
340.33
335.704
331.034
326.326
321.57
316.78
311.952
307.095
302.201
297.282
292.335
287.369
282.372
277.358
272.324
267.278
262.21
257.132
252.041
246.943
241.825
236.702
231.568
226.431
221.281
216.128
210.968
205.807
200.633
195.458
190.277
185.097
179.907
174.717
169.524
164.331
159.129
153.928
148.723
143.52
138.31
133.101
127.89
122.681
117.465
112.251
107.034
101.819
96.5997
91.3822
86.163
80.9457
75.724
70.5037
65.2823
60.0622
54.84
49.6187
44.3971
39.1756
33.9543
28.7325
23.5116
18.2879
13.0706
7.8411
2.63902
599.459
594.385
592.487
590.697
588.986
587.333
585.666
583.151
578.799
572.788
566.019
559.07
552.166
545.373
538.725
532.224
525.886
519.704
513.681
507.799
502.062
496.458
490.981
485.616
480.363
475.209
470.151
465.172
460.276
455.451
450.697
445.999
441.363
436.778
432.245
427.75
423.299
418.884
414.507
410.155
405.833
401.532
397.251
392.974
388.704
384.431
380.153
375.855
371.538
367.193
362.821
358.404
353.95
349.453
344.917
340.33
335.704
331.034
326.326
321.57
316.78
311.952
307.095
302.201
297.282
292.335
287.369
282.372
277.358
272.324
267.278
262.21
257.132
252.041
246.943
241.825
236.702
231.568
226.431
221.281
216.128
210.968
205.807
200.633
195.458
190.277
185.097
179.907
174.717
169.524
164.331
159.129
153.928
148.723
143.52
138.31
133.101
127.89
122.681
117.465
112.251
107.034
101.819
96.5997
91.3822
86.163
80.9457
75.724
70.5037
65.2823
60.0622
54.84
49.6187
44.3971
39.1756
33.9543
28.7325
23.5116
18.2879
13.0706
7.84109
2.63902
599.254
594.39
592.488
590.698
588.986
587.333
585.667
583.151
578.8
572.789
566.02
559.07
552.166
545.374
538.725
532.224
525.886
519.704
513.681
507.799
502.062
496.457
490.981
485.616
480.363
475.209
470.151
465.172
460.276
455.451
450.697
445.999
441.363
436.778
432.245
427.75
423.299
418.884
414.507
410.155
405.833
401.532
397.251
392.974
388.704
384.431
380.153
375.855
371.538
367.193
362.821
358.404
353.95
349.453
344.917
340.33
335.704
331.034
326.326
321.57
316.78
311.952
307.095
302.201
297.282
292.335
287.369
282.372
277.358
272.324
267.278
262.21
257.132
252.041
246.943
241.825
236.702
231.568
226.431
221.281
216.128
210.968
205.807
200.633
195.458
190.277
185.097
179.907
174.717
169.524
164.331
159.129
153.928
148.723
143.52
138.31
133.101
127.89
122.681
117.465
112.251
107.034
101.819
96.5997
91.3822
86.163
80.9457
75.724
70.5037
65.2823
60.0622
54.84
49.6187
44.3971
39.1756
33.9543
28.7325
23.5116
18.2879
13.0706
7.8411
2.63903
599.24
594.397
592.49
590.699
588.987
587.333
585.667
583.153
578.802
572.791
566.022
559.071
552.167
545.374
538.725
532.225
525.886
519.704
513.681
507.799
502.062
496.457
490.981
485.616
480.363
475.209
470.151
465.172
460.276
455.451
450.696
445.999
441.362
436.777
432.245
427.75
423.299
418.884
414.507
410.155
405.833
401.531
397.251
392.974
388.704
384.431
380.153
375.855
371.538
367.193
362.821
358.404
353.95
349.453
344.917
340.33
335.704
331.034
326.326
321.57
316.78
311.952
307.095
302.201
297.282
292.335
287.369
282.372
277.358
272.324
267.278
262.21
257.132
252.041
246.943
241.825
236.702
231.568
226.431
221.281
216.128
210.968
205.807
200.633
195.458
190.277
185.097
179.907
174.717
169.524
164.331
159.129
153.928
148.723
143.52
138.31
133.101
127.89
122.681
117.465
112.251
107.034
101.819
96.5997
91.3822
86.163
80.9457
75.724
70.5037
65.2823
60.0622
54.84
49.6187
44.3971
39.1755
33.9543
28.7325
23.5116
18.2879
13.0706
7.84108
2.639
599.213
594.402
592.492
590.7
588.988
587.334
585.669
583.155
578.805
572.794
566.024
559.073
552.168
545.375
538.726
532.225
525.886
519.704
513.681
507.799
502.062
496.457
490.981
485.616
480.362
475.208
470.151
465.172
460.275
455.451
450.696
445.999
441.362
436.777
432.244
427.75
423.299
418.884
414.507
410.155
405.833
401.531
397.251
392.973
388.704
384.431
380.153
375.854
371.538
367.193
362.821
358.404
353.95
349.453
344.917
340.33
335.704
331.034
326.326
321.57
316.78
311.952
307.095
302.201
297.282
292.335
287.369
282.372
277.358
272.324
267.278
262.21
257.132
252.041
246.943
241.825
236.702
231.568
226.431
221.281
216.128
210.968
205.807
200.633
195.458
190.277
185.097
179.907
174.717
169.524
164.331
159.129
153.928
148.723
143.52
138.31
133.101
127.89
122.681
117.465
112.251
107.034
101.819
96.5997
91.3822
86.163
80.9457
75.724
70.5037
65.2823
60.0622
54.84
49.6187
44.3971
39.1755
33.9543
28.7325
23.5116
18.2879
13.0706
7.8411
2.63902
599.171
594.406
592.494
590.701
588.989
587.335
585.67
583.159
578.81
572.798
566.028
559.075
552.17
545.376
538.726
532.225
525.886
519.705
513.681
507.799
502.062
496.457
490.98
485.615
480.362
475.208
470.15
465.172
460.275
455.45
450.696
445.999
441.362
436.777
432.244
427.749
423.298
418.884
414.506
410.154
405.832
401.531
397.251
392.973
388.704
384.431
380.153
375.854
371.538
367.193
362.821
358.404
353.95
349.453
344.917
340.33
335.704
331.033
326.326
321.57
316.78
311.952
307.095
302.201
297.282
292.335
287.369
282.372
277.358
272.324
267.278
262.21
257.132
252.041
246.943
241.825
236.702
231.568
226.431
221.281
216.128
210.968
205.807
200.633
195.458
190.277
185.097
179.907
174.717
169.524
164.331
159.129
153.928
148.723
143.52
138.31
133.101
127.89
122.681
117.465
112.251
107.034
101.819
96.5997
91.3822
86.163
80.9457
75.724
70.5037
65.2823
60.0622
54.84
49.6187
44.3971
39.1755
33.9543
28.7325
23.5116
18.2879
13.0706
7.84106
2.63899
599.136
594.411
592.497
590.703
588.99
587.336
585.673
583.163
578.816
572.804
566.032
559.078
552.172
545.378
538.727
532.226
525.887
519.705
513.681
507.799
502.062
496.457
490.98
485.615
480.362
475.208
470.15
465.171
460.275
455.45
450.696
445.998
441.362
436.777
432.244
427.749
423.298
418.883
414.506
410.154
405.832
401.531
397.25
392.973
388.704
384.431
380.153
375.854
371.538
367.193
362.821
358.404
353.95
349.453
344.917
340.33
335.704
331.033
326.326
321.57
316.78
311.952
307.095
302.201
297.282
292.335
287.369
282.372
277.358
272.324
267.278
262.21
257.132
252.041
246.943
241.825
236.702
231.568
226.431
221.281
216.128
210.968
205.807
200.633
195.458
190.277
185.097
179.907
174.717
169.524
164.331
159.129
153.928
148.723
143.52
138.31
133.101
127.89
122.681
117.465
112.251
107.034
101.819
96.5996
91.3822
86.163
80.9457
75.724
70.5037
65.2823
60.0622
54.84
49.6187
44.3971
39.1755
33.9543
28.7325
23.5116
18.2879
13.0706
7.84109
2.63903
599.109
594.416
592.5
590.705
588.992
587.338
585.676
583.169
578.823
572.81
566.036
559.082
552.175
545.379
538.729
532.227
525.887
519.705
513.681
507.799
502.062
496.457
490.98
485.615
480.361
475.207
470.15
465.171
460.275
455.45
450.695
445.998
441.361
436.776
432.244
427.749
423.298
418.883
414.506
410.154
405.832
401.531
397.25
392.973
388.704
384.43
380.153
375.854
371.538
367.193
362.821
358.403
353.95
349.453
344.916
340.33
335.704
331.033
326.326
321.57
316.78
311.952
307.095
302.201
297.282
292.335
287.369
282.372
277.358
272.324
267.278
262.21
257.132
252.041
246.943
241.825
236.702
231.568
226.431
221.281
216.128
210.968
205.807
200.633
195.458
190.277
185.097
179.907
174.717
169.524
164.331
159.129
153.928
148.723
143.52
138.31
133.101
127.89
122.681
117.465
112.251
107.034
101.819
96.5996
91.3822
86.163
80.9457
75.7239
70.5037
65.2823
60.0622
54.84
49.6187
44.3971
39.1755
33.9543
28.7325
23.5116
18.2879
13.0706
7.84104
2.63896
599.086
594.423
592.502
590.708
588.994
587.34
585.68
583.175
578.831
572.817
566.042
559.086
552.178
545.381
538.73
532.228
525.888
519.705
513.681
507.799
502.062
496.456
490.98
485.615
480.361
475.207
470.149
465.171
460.274
455.449
450.695
445.998
441.361
436.776
432.243
427.748
423.298
418.883
414.506
410.154
405.832
401.53
397.25
392.973
388.703
384.43
380.153
375.854
371.538
367.193
362.82
358.403
353.95
349.453
344.916
340.33
335.704
331.033
326.326
321.57
316.78
311.952
307.095
302.201
297.282
292.335
287.369
282.372
277.358
272.324
267.278
262.21
257.132
252.041
246.943
241.825
236.702
231.568
226.431
221.281
216.128
210.968
205.807
200.633
195.458
190.277
185.097
179.907
174.717
169.524
164.331
159.129
153.928
148.723
143.52
138.31
133.101
127.89
122.681
117.465
112.251
107.034
101.819
96.5996
91.3822
86.163
80.9457
75.7239
70.5037
65.2822
60.0622
54.84
49.6187
44.3971
39.1755
33.9543
28.7325
23.5116
18.2879
13.0706
7.84108
2.63902
599.066
594.43
592.505
590.71
588.996
587.343
585.684
583.182
578.84
572.826
566.049
559.091
552.181
545.384
538.732
532.229
525.889
519.706
513.682
507.799
502.062
496.456
490.979
485.614
480.361
475.207
470.149
465.17
460.274
455.449
450.694
445.997
441.361
436.776
432.243
427.748
423.297
418.882
414.505
410.153
405.831
401.53
397.25
392.972
388.703
384.43
380.152
375.854
371.537
367.193
362.82
358.403
353.95
349.452
344.916
340.33
335.704
331.033
326.326
321.57
316.78
311.951
307.095
302.201
297.282
292.335
287.369
282.372
277.358
272.324
267.278
262.21
257.132
252.041
246.943
241.825
236.702
231.568
226.431
221.281
216.128
210.968
205.807
200.633
195.458
190.277
185.097
179.907
174.717
169.524
164.331
159.129
153.928
148.723
143.52
138.31
133.101
127.89
122.681
117.465
112.251
107.034
101.819
96.5996
91.3822
86.163
80.9457
75.7239
70.5037
65.2822
60.0622
54.84
49.6187
44.3971
39.1755
33.9543
28.7325
23.5116
18.2879
13.0706
7.84102
2.63893
599.046
594.438
592.507
590.713
588.998
587.345
585.688
583.189
578.849
572.835
566.057
559.097
552.186
545.388
538.735
532.231
525.89
519.707
513.682
507.8
502.062
496.456
490.979
485.614
480.36
475.206
470.148
465.17
460.273
455.448
450.694
445.997
441.36
436.775
432.242
427.748
423.297
418.882
414.505
410.153
405.831
401.53
397.249
392.972
388.703
384.43
380.152
375.853
371.537
367.192
362.82
358.403
353.95
349.452
344.916
340.33
335.704
331.033
326.326
321.57
316.78
311.951
307.095
302.2
297.282
292.335
287.369
282.372
277.358
272.324
267.278
262.21
257.132
252.041
246.942
241.825
236.702
231.568
226.431
221.281
216.128
210.968
205.807
200.633
195.458
190.277
185.097
179.907
174.717
169.524
164.331
159.129
153.928
148.723
143.52
138.31
133.101
127.89
122.681
117.465
112.251
107.034
101.819
96.5996
91.3821
86.163
80.9457
75.7239
70.5037
65.2822
60.0621
54.84
49.6187
44.3971
39.1755
33.9543
28.7325
23.5116
18.2879
13.0706
7.84106
2.63902
599.023
594.447
592.509
590.715
589.001
587.348
585.692
583.196
578.858
572.846
566.067
559.105
552.192
545.392
538.738
532.234
525.892
519.708
513.683
507.8
502.062
496.456
490.979
485.614
480.36
475.206
470.148
465.169
460.273
455.448
450.693
445.996
441.36
436.775
432.242
427.747
423.296
418.882
414.504
410.153
405.831
401.529
397.249
392.972
388.702
384.429
380.152
375.853
371.537
367.192
362.82
358.403
353.949
349.452
344.916
340.33
335.704
331.033
326.326
321.57
316.78
311.951
307.095
302.2
297.282
292.335
287.369
282.372
277.358
272.324
267.277
262.21
257.132
252.041
246.942
241.825
236.702
231.568
226.431
221.281
216.128
210.968
205.807
200.633
195.458
190.277
185.097
179.907
174.717
169.524
164.331
159.129
153.928
148.723
143.52
138.31
133.101
127.89
122.681
117.465
112.251
107.034
101.819
96.5996
91.3821
86.163
80.9457
75.7239
70.5037
65.2822
60.0621
54.84
49.6187
44.3971
39.1755
33.9543
28.7325
23.5116
18.2879
13.0706
7.841
2.6389
598.997
594.457
592.51
590.717
589.003
587.351
585.695
583.201
578.867
572.857
566.077
559.114
552.199
545.398
538.742
532.237
525.895
519.71
513.684
507.801
502.063
496.457
490.979
485.614
480.36
475.206
470.148
465.169
460.272
455.447
450.693
445.996
441.359
436.774
432.241
427.747
423.296
418.881
414.504
410.152
405.83
401.529
397.249
392.971
388.702
384.429
380.151
375.853
371.537
367.192
362.82
358.403
353.949
349.452
344.916
340.329
335.703
331.033
326.326
321.57
316.78
311.951
307.095
302.2
297.282
292.335
287.369
282.372
277.358
272.324
267.277
262.21
257.132
252.041
246.942
241.825
236.702
231.568
226.431
221.281
216.128
210.968
205.807
200.633
195.458
190.277
185.097
179.907
174.717
169.524
164.331
159.129
153.928
148.723
143.52
138.31
133.101
127.89
122.681
117.465
112.251
107.034
101.819
96.5996
91.3821
86.163
80.9457
75.7239
70.5037
65.2822
60.0621
54.8399
49.6187
44.3971
39.1755
33.9543
28.7325
23.5116
18.2878
13.0706
7.84104
2.63901
598.966
594.469
592.512
590.718
589.005
587.353
585.696
583.204
578.875
572.869
566.09
559.125
552.208
545.405
538.748
532.241
525.898
519.713
513.686
507.802
502.064
496.457
490.98
485.614
480.36
475.206
470.147
465.169
460.272
455.447
450.693
445.995
441.359
436.774
432.241
427.746
423.295
418.881
414.503
410.152
405.83
401.528
397.248
392.971
388.702
384.429
380.151
375.853
371.536
367.192
362.819
358.402
353.949
349.452
344.916
340.329
335.703
331.033
326.326
321.57
316.779
311.951
307.094
302.2
297.282
292.335
287.369
282.372
277.358
272.324
267.277
262.21
257.132
252.041
246.942
241.825
236.702
231.568
226.431
221.281
216.128
210.968
205.807
200.633
195.458
190.277
185.097
179.907
174.717
169.524
164.331
159.129
153.928
148.723
143.52
138.31
133.101
127.89
122.681
117.465
112.251
107.034
101.819
96.5996
91.3821
86.1629
80.9457
75.7239
70.5037
65.2822
60.0621
54.8399
49.6187
44.3971
39.1755
33.9543
28.7324
23.5116
18.2878
13.0706
7.84098
2.63886
598.93
594.483
592.513
590.719
589.006
587.354
585.696
583.203
578.88
572.88
566.103
559.138
552.219
545.414
538.755
532.247
525.902
519.716
513.689
507.805
502.065
496.458
490.98
485.614
480.36
475.206
470.147
465.168
460.272
455.447
450.692
445.995
441.358
436.773
432.24
427.746
423.295
418.88
414.503
410.151
405.829
401.528
397.248
392.971
388.701
384.428
380.151
375.852
371.536
367.191
362.819
358.402
353.949
349.451
344.915
340.329
335.703
331.032
326.325
321.57
316.779
311.951
307.094
302.2
297.281
292.335
287.369
282.372
277.358
272.324
267.277
262.21
257.132
252.041
246.942
241.825
236.702
231.568
226.431
221.281
216.128
210.968
205.807
200.633
195.458
190.277
185.097
179.907
174.717
169.524
164.331
159.129
153.928
148.723
143.52
138.31
133.101
127.89
122.681
117.465
112.251
107.034
101.819
96.5996
91.3821
86.1629
80.9457
75.7239
70.5037
65.2822
60.0621
54.8399
49.6187
44.3971
39.1755
33.9543
28.7324
23.5116
18.2878
13.0706
7.84101
2.639
598.889
594.499
592.514
590.721
589.007
587.354
585.692
583.198
578.881
572.89
566.118
559.153
552.232
545.425
538.764
532.255
525.908
519.721
513.693
507.808
502.068
496.46
490.982
485.615
480.361
475.206
470.148
465.169
460.272
455.446
450.692
445.995
441.358
436.773
432.24
427.745
423.294
418.879
414.502
410.151
405.829
401.527
397.247
392.97
388.701
384.428
380.15
375.852
371.535
367.191
362.818
358.402
353.948
349.451
344.915
340.329
335.703
331.032
326.325
321.569
316.779
311.951
307.094
302.2
297.281
292.335
287.369
282.372
277.358
272.323
267.277
262.21
257.132
252.041
246.942
241.825
236.702
231.568
226.431
221.281
216.128
210.968
205.807
200.633
195.458
190.277
185.097
179.907
174.717
169.524
164.331
159.129
153.928
148.723
143.52
138.31
133.101
127.89
122.681
117.465
112.251
107.034
101.819
96.5996
91.3821
86.1629
80.9456
75.7239
70.5037
65.2822
60.0621
54.8399
49.6187
44.397
39.1755
33.9543
28.7324
23.5116
18.2878
13.0706
7.84096
2.63881
598.841
594.518
592.515
590.722
589.008
587.352
585.685
583.187
578.877
572.898
566.133
559.169
552.248
545.439
538.776
532.264
525.916
519.728
513.698
507.812
502.071
496.463
490.984
485.617
480.362
475.207
470.148
465.169
460.272
455.446
450.692
445.994
441.357
436.772
432.239
427.745
423.294
418.879
414.502
410.15
405.828
401.527
397.246
392.969
388.7
384.427
380.149
375.851
371.535
367.19
362.818
358.401
353.948
349.451
344.915
340.328
335.702
331.032
326.325
321.569
316.779
311.951
307.094
302.2
297.281
292.334
287.368
282.371
277.358
272.323
267.277
262.209
257.132
252.04
246.942
241.825
236.702
231.568
226.431
221.281
216.128
210.968
205.807
200.633
195.458
190.277
185.097
179.907
174.717
169.524
164.331
159.129
153.928
148.723
143.52
138.31
133.101
127.89
122.681
117.465
112.251
107.034
101.819
96.5996
91.3821
86.1629
80.9456
75.7239
70.5037
65.2822
60.0621
54.8399
49.6187
44.397
39.1755
33.9543
28.7324
23.5116
18.2878
13.0706
7.841
2.63898
598.786
594.541
592.516
590.723
589.009
587.35
585.673
583.169
578.866
572.901
566.147
559.187
552.266
545.455
538.79
532.276
525.927
519.736
513.705
507.818
502.076
496.467
490.987
485.62
480.364
475.209
470.149
465.17
460.273
455.447
450.692
445.995
441.357
436.772
432.239
427.744
423.294
418.879
414.501
410.15
405.828
401.526
397.246
392.969
388.699
384.426
380.149
375.85
371.534
367.19
362.817
358.4
353.947
349.45
344.914
340.328
335.702
331.032
326.324
321.569
316.779
311.95
307.094
302.2
297.281
292.334
287.368
282.371
277.358
272.323
267.277
262.209
257.132
252.04
246.942
241.825
236.702
231.568
226.431
221.281
216.128
210.968
205.807
200.633
195.458
190.277
185.096
179.907
174.717
169.524
164.331
159.129
153.928
148.723
143.52
138.31
133.101
127.89
122.681
117.465
112.251
107.034
101.819
96.5996
91.3821
86.1629
80.9456
75.7239
70.5037
65.2822
60.0621
54.8399
49.6187
44.397
39.1755
33.9543
28.7324
23.5116
18.2878
13.0706
7.84096
2.63875
598.722
594.567
592.517
590.724
589.009
587.347
585.658
583.145
578.848
572.9
566.158
559.205
552.285
545.474
538.807
532.291
525.94
519.747
513.715
507.826
502.083
496.473
490.992
485.624
480.368
475.211
470.152
465.172
460.274
455.448
450.693
445.995
441.358
436.772
432.239
427.744
423.293
418.878
414.501
410.149
405.827
401.526
397.245
392.968
388.699
384.426
380.148
375.85
371.534
367.189
362.817
358.4
353.947
349.449
344.913
340.327
335.701
331.031
326.324
321.568
316.778
311.95
307.093
302.199
297.281
292.334
287.368
282.371
277.358
272.323
267.277
262.209
257.132
252.04
246.942
241.825
236.702
231.568
226.431
221.281
216.128
210.968
205.807
200.633
195.458
190.277
185.096
179.907
174.717
169.524
164.331
159.129
153.928
148.723
143.52
138.31
133.101
127.89
122.681
117.465
112.251
107.034
101.819
96.5996
91.3821
86.1629
80.9456
75.7239
70.5037
65.2822
60.0621
54.8399
49.6187
44.397
39.1754
33.9542
28.7324
23.5116
18.2878
13.0706
7.841
2.63895
598.648
594.598
592.519
590.725
589.01
587.343
585.641
583.113
578.821
572.891
566.166
559.222
552.306
545.495
538.827
532.309
525.956
519.761
513.727
507.837
502.092
496.481
490.999
485.63
480.373
475.215
470.155
465.175
460.276
455.45
450.694
445.996
441.359
436.773
432.24
427.745
423.294
418.879
414.501
410.149
405.827
401.525
397.245
392.968
388.698
384.425
380.147
375.849
371.533
367.188
362.816
358.399
353.946
349.449
344.913
340.327
335.701
331.031
326.323
321.568
316.778
311.95
307.093
302.199
297.281
292.334
287.368
282.371
277.357
272.323
267.277
262.209
257.132
252.04
246.942
241.825
236.702
231.568
226.431
221.281
216.128
210.968
205.807
200.633
195.458
190.277
185.096
179.907
174.717
169.524
164.331
159.129
153.928
148.723
143.52
138.31
133.101
127.89
122.681
117.465
112.251
107.034
101.819
96.5996
91.3821
86.1629
80.9455
75.7239
70.5037
65.2822
60.0621
54.8399
49.6187
44.397
39.1754
33.9542
28.7324
23.5115
18.2878
13.0705
7.84099
2.63867
598.564
594.633
592.521
590.727
589.011
587.339
585.62
583.076
578.787
572.876
566.167
559.235
552.325
545.517
538.849
532.33
525.975
519.779
513.742
507.85
502.104
496.491
491.008
485.638
480.379
475.222
470.16
465.179
460.28
455.453
450.697
445.999
441.361
436.775
432.241
427.746
423.294
418.879
414.501
410.149
405.827
401.525
397.244
392.967
388.698
384.425
380.147
375.848
371.532
367.187
362.815
358.398
353.945
349.448
344.912
340.326
335.7
331.03
326.323
321.567
316.777
311.949
307.093
302.199
297.28
292.334
287.367
282.371
277.357
272.323
267.277
262.209
257.132
252.04
246.942
241.825
236.702
231.568
226.431
221.281
216.128
210.968
205.807
200.633
195.458
190.277
185.096
179.907
174.717
169.524
164.331
159.129
153.928
148.723
143.519
138.31
133.101
127.89
122.681
117.465
112.251
107.034
101.819
96.5996
91.3821
86.1629
80.9455
75.7239
70.5037
65.2822
60.062
54.8399
49.6187
44.397
39.1754
33.9542
28.7324
23.5115
18.2878
13.0705
7.84105
2.63891
598.469
594.672
592.523
590.729
589.012
587.334
585.597
583.033
578.747
572.854
566.162
559.242
552.341
545.538
538.872
532.353
525.997
519.799
513.761
507.867
502.119
496.505
491.02
485.648
480.389
475.23
470.167
465.186
460.286
455.458
450.701
446.003
441.364
436.778
432.243
427.748
423.296
418.881
414.503
410.15
405.828
401.526
397.245
392.967
388.698
384.424
380.146
375.848
371.531
367.187
362.814
358.397
353.944
349.447
344.911
340.325
335.699
331.029
326.322
321.567
316.777
311.949
307.092
302.198
297.28
292.333
287.367
282.37
277.357
272.323
267.276
262.209
257.132
252.04
246.941
241.825
236.701
231.568
226.43
221.281
216.128
210.968
205.807
200.633
195.458
190.277
185.096
179.907
174.717
169.524
164.331
159.129
153.928
148.723
143.519
138.31
133.101
127.89
122.681
117.465
112.251
107.034
101.819
96.5996
91.3821
86.1629
80.9455
75.7239
70.5037
65.2822
60.062
54.8399
49.6186
44.397
39.1754
33.9542
28.7324
23.5115
18.2878
13.0705
7.84109
2.63855
598.363
594.716
592.525
590.73
589.014
587.329
585.57
582.986
578.702
572.828
566.152
559.243
552.35
545.554
538.893
532.377
526.021
519.823
513.783
507.888
502.138
496.522
491.035
485.662
480.402
475.241
470.177
465.195
460.294
455.466
450.708
446.008
441.369
436.782
432.247
427.751
423.299
418.883
414.505
410.152
405.829
401.527
397.246
392.968
388.698
384.425
380.146
375.848
371.531
367.186
362.813
358.397
353.943
349.446
344.91
340.324
335.699
331.028
326.321
321.566
316.776
311.948
307.091
302.198
297.279
292.333
287.367
282.37
277.357
272.323
267.276
262.209
257.131
252.04
246.941
241.825
236.701
231.568
226.43
221.281
216.128
210.968
205.807
200.633
195.458
190.277
185.096
179.907
174.717
169.524
164.331
159.129
153.928
148.723
143.519
138.31
133.101
127.89
122.681
117.465
112.251
107.034
101.819
96.5997
91.3821
86.163
80.9454
75.7239
70.5037
65.2822
60.062
54.8399
49.6186
44.3971
39.1754
33.9542
28.7324
23.5115
18.2878
13.0704
7.84121
2.63876
598.245
594.763
592.528
590.732
589.015
587.322
585.54
582.933
578.654
572.8
566.141
559.242
552.354
545.563
538.908
532.397
526.045
519.848
513.808
507.911
502.16
496.542
491.054
485.68
480.417
475.256
470.191
465.207
460.305
455.476
450.717
446.016
441.376
436.789
432.253
427.757
423.304
418.888
414.508
410.156
405.832
401.53
397.248
392.97
388.7
384.426
380.147
375.848
371.531
367.186
362.813
358.396
353.943
349.446
344.909
340.324
335.698
331.028
326.32
321.565
316.775
311.948
307.091
302.198
297.279
292.333
287.366
282.37
277.356
272.322
267.276
262.209
257.131
252.04
246.941
241.824
236.701
231.568
226.43
221.281
216.128
210.968
205.807
200.633
195.458
190.277
185.096
179.907
174.717
169.524
164.331
159.129
153.928
148.723
143.519
138.31
133.101
127.89
122.681
117.465
112.251
107.034
101.819
96.5997
91.3821
86.163
80.9454
75.7239
70.5037
65.2823
60.062
54.84
49.6187
44.3971
39.1754
33.9542
28.7324
23.5115
18.2879
13.0703
7.84133
2.63832
598.118
594.814
592.532
590.734
589.017
587.315
585.506
582.876
578.601
572.771
566.13
559.241
552.358
545.569
538.915
532.409
526.061
519.869
513.832
507.937
502.185
496.566
491.077
485.701
480.437
475.274
470.207
465.222
460.319
455.489
450.729
446.028
441.387
436.798
432.262
427.765
423.311
418.894
414.514
410.161
405.837
401.534
397.251
392.973
388.703
384.428
380.149
375.85
371.533
367.187
362.813
358.397
353.943
349.446
344.909
340.324
335.698
331.027
326.32
321.565
316.775
311.947
307.09
302.197
297.279
292.332
287.366
282.37
277.356
272.322
267.276
262.209
257.131
252.04
246.941
241.824
236.701
231.568
226.43
221.281
216.128
210.968
205.806
200.633
195.458
190.277
185.096
179.907
174.717
169.524
164.331
159.129
153.928
148.723
143.519
138.31
133.101
127.89
122.681
117.465
112.251
107.034
101.819
96.5997
91.3821
86.163
80.9453
75.724
70.5037
65.2823
60.062
54.84
49.6187
44.3971
39.1754
33.9542
28.7324
23.5115
18.2879
13.0703
7.84154
2.63845
597.985
594.865
592.537
590.735
589.019
587.306
585.47
582.814
578.545
572.74
566.119
559.24
552.362
545.575
538.923
532.416
526.069
519.879
513.845
507.955
502.208
496.591
491.102
485.726
480.46
475.296
470.228
465.241
460.337
455.505
450.744
446.042
441.4
436.811
432.273
427.776
423.321
418.904
414.523
410.169
405.845
401.541
397.257
392.979
388.708
384.433
380.153
375.853
371.536
367.19
362.815
358.398
353.944
349.447
344.91
340.324
335.698
331.028
326.32
321.565
316.775
311.947
307.09
302.197
297.279
292.332
287.366
282.37
277.356
272.322
267.276
262.209
257.131
252.04
246.941
241.825
236.701
231.568
226.43
221.281
216.128
210.968
205.806
200.633
195.458
190.278
185.096
179.907
174.717
169.524
164.331
159.129
153.928
148.723
143.519
138.31
133.101
127.891
122.681
117.465
112.251
107.034
101.819
96.5998
91.3822
86.1631
80.9453
75.724
70.5037
65.2824
60.062
54.84
49.6187
44.3971
39.1754
33.9543
28.7324
23.5115
18.288
13.0702
7.84178
2.63789
597.85
594.914
592.543
590.736
589.02
587.298
585.433
582.752
578.487
572.708
566.107
559.24
552.367
545.583
538.931
532.425
526.077
519.887
513.853
507.963
502.217
496.605
491.119
485.747
480.484
475.321
470.252
465.265
460.359
455.526
450.764
446.061
441.418
436.827
432.289
427.79
423.335
418.917
414.535
410.181
405.855
401.551
397.267
392.988
388.716
384.44
380.159
375.859
371.541
367.194
362.819
358.402
353.947
349.45
344.912
340.326
335.7
331.029
326.321
321.566
316.776
311.948
307.091
302.198
297.279
292.333
287.366
282.37
277.357
272.323
267.276
262.209
257.132
252.04
246.941
241.825
236.702
231.568
226.43
221.281
216.128
210.969
205.807
200.634
195.459
190.278
185.096
179.907
174.718
169.524
164.331
159.13
153.928
148.723
143.519
138.31
133.102
127.891
122.681
117.465
112.251
107.034
101.819
96.6
91.3822
86.1632
80.9452
75.7241
70.5037
65.2824
60.062
54.8401
49.6187
44.3972
39.1754
33.9543
28.7324
23.5115
18.288
13.0701
7.84211
2.63769
597.723
594.959
592.55
590.736
589.022
587.289
585.398
582.691
578.432
572.676
566.096
559.24
552.373
545.591
538.94
532.434
526.086
519.895
513.86
507.971
502.224
496.611
491.125
485.754
480.494
475.334
470.269
465.286
460.382
455.551
450.788
446.085
441.44
436.849
432.308
427.809
423.353
418.934
414.551
410.196
405.87
401.565
397.28
393
388.727
384.451
380.169
375.869
371.549
367.202
362.826
358.408
353.953
349.455
344.916
340.33
335.703
331.033
326.323
321.569
316.778
311.951
307.093
302.2
297.281
292.335
287.367
282.372
277.358
272.324
267.277
262.21
257.133
252.041
246.942
241.826
236.702
231.569
226.431
221.282
216.129
210.969
205.807
200.634
195.459
190.278
185.097
179.908
174.718
169.525
164.331
159.13
153.928
148.724
143.52
138.31
133.102
127.891
122.681
117.466
112.251
107.034
101.819
96.6001
91.3823
86.1633
80.9452
75.7242
70.5038
65.2825
60.062
54.8402
49.6188
44.3972
39.1755
33.9543
28.7325
23.5115
18.2881
13.07
7.84245
2.63707
597.615
594.995
592.557
590.736
589.023
587.282
585.367
582.64
578.385
572.649
566.086
559.24
552.377
545.598
538.947
532.442
526.094
519.903
513.868
507.978
502.231
496.617
491.131
485.76
480.498
475.338
470.273
465.291
460.389
455.56
450.801
446.101
441.46
436.871
432.332
427.834
423.377
418.957
414.574
410.218
405.89
401.584
397.297
393.017
388.743
384.466
380.183
375.882
371.562
367.214
362.837
358.419
353.963
349.464
344.924
340.338
335.71
331.039
326.329
321.574
316.783
311.955
307.097
302.204
297.284
292.337
287.369
282.374
277.36
272.326
267.279
262.212
257.134
252.043
246.943
241.827
236.704
231.57
226.432
221.283
216.13
210.97
205.807
200.635
195.46
190.279
185.097
179.908
174.718
169.525
164.331
159.13
153.929
148.724
143.52
138.311
133.102
127.891
122.681
117.466
112.251
107.035
101.819
96.6003
91.3825
86.1635
80.9452
75.7243
70.5039
65.2827
60.0621
54.8403
49.6189
44.3973
39.1755
33.9544
28.7325
23.5115
18.2882
13.0699
7.8428
2.63638
597.546
595.017
592.562
590.736
589.024
587.278
585.348
582.607
578.354
572.631
566.079
559.24
552.381
545.603
538.953
532.448
526.1
519.909
513.873
507.983
502.235
496.622
491.135
485.764
480.502
475.342
470.276
465.294
460.392
455.563
450.803
446.104
441.463
436.875
432.338
427.842
423.388
418.971
414.59
410.236
405.911
401.606
397.319
393.039
388.765
384.487
380.203
375.901
371.58
367.23
362.851
358.432
353.975
349.475
344.934
340.347
335.718
331.046
326.335
321.58
316.788
311.96
307.101
302.207
297.288
292.341
287.372
282.377
277.362
272.328
267.281
262.214
257.136
252.044
246.944
241.828
236.705
231.571
226.433
221.284
216.131
210.971
205.808
200.635
195.46
190.28
185.097
179.909
174.719
169.525
164.331
159.131
153.929
148.724
143.52
138.311
133.102
127.891
122.681
117.466
112.251
107.035
101.819
96.6005
91.3826
86.1636
80.9453
75.7244
70.504
65.2828
60.0621
54.8404
49.6189
44.3974
39.1756
33.9544
28.7326
23.5115
18.2883
13.0698
7.843
2.63587
597.546
595.017
592.562
590.736
589.025
587.279
585.35
582.607
578.352
572.629
566.077
559.239
552.38
545.603
538.953
532.448
526.1
519.909
513.873
507.983
502.236
496.622
491.135
485.764
480.502
475.342
470.276
465.294
460.392
455.563
450.803
446.104
441.463
436.875
432.338
427.842
423.388
418.971
414.59
410.237
405.911
401.606
397.319
393.039
388.765
384.488
380.204
375.901
371.58
367.23
362.851
358.432
353.975
349.475
344.934
340.347
335.718
331.046
326.335
321.58
316.788
311.96
307.101
302.208
297.288
292.341
287.372
282.377
277.362
272.329
267.281
262.214
257.136
252.044
246.944
241.828
236.705
231.571
226.433
221.284
216.131
210.971
205.808
200.635
195.46
190.28
185.097
179.909
174.719
169.525
164.331
159.131
153.929
148.724
143.52
138.311
133.102
127.891
122.681
117.466
112.251
107.035
101.819
96.6005
91.3826
86.1636
80.9452
75.7244
70.504
65.2828
60.0621
54.8404
49.619
44.3974
39.1756
33.9544
28.7326
23.5115
18.2883
13.0697
7.84295
2.63552
597.615
594.995
592.557
590.736
589.025
587.286
585.372
582.64
578.38
572.643
566.081
559.238
552.376
545.597
538.947
532.442
526.094
519.903
513.868
507.978
502.231
496.618
491.131
485.76
480.499
475.338
470.273
465.291
460.389
455.561
450.801
446.102
441.46
436.871
432.332
427.834
423.377
418.958
414.574
410.218
405.891
401.585
397.297
393.017
388.743
384.467
380.184
375.883
371.563
367.214
362.837
358.419
353.963
349.464
344.925
340.338
335.71
331.039
326.328
321.574
316.783
311.955
307.097
302.204
297.284
292.338
287.369
282.374
277.36
272.327
267.279
262.212
257.134
252.043
246.942
241.827
236.704
231.57
226.432
221.283
216.13
210.97
205.807
200.635
195.46
190.279
185.097
179.908
174.719
169.525
164.331
159.13
153.929
148.724
143.52
138.311
133.102
127.891
122.681
117.466
112.251
107.035
101.819
96.6004
91.3826
86.1635
80.9451
75.7243
70.5039
65.2827
60.0621
54.8403
49.6189
44.3974
39.1756
33.9543
28.7325
23.5115
18.2882
13.0697
7.84261
2.63602
597.723
594.959
592.55
590.737
589.024
587.295
585.404
582.692
578.425
572.667
566.089
559.237
552.371
545.59
538.939
532.434
526.086
519.895
513.86
507.971
502.225
496.612
491.126
485.755
480.495
475.334
470.269
465.286
460.383
455.551
450.789
446.085
441.441
436.849
432.308
427.809
423.353
418.934
414.552
410.197
405.871
401.566
397.28
393.001
388.728
384.452
380.17
375.869
371.55
367.202
362.826
358.408
353.953
349.455
344.917
340.331
335.704
331.033
326.323
321.569
316.779
311.951
307.093
302.2
297.281
292.335
287.367
282.372
277.358
272.325
267.277
262.211
257.133
252.041
246.941
241.826
236.703
231.569
226.431
221.282
216.129
210.969
205.806
200.634
195.459
190.278
185.096
179.908
174.718
169.524
164.33
159.13
153.928
148.724
143.519
138.311
133.102
127.891
122.68
117.466
112.251
107.034
101.819
96.6002
91.3825
86.1633
80.945
75.7242
70.5039
65.2826
60.062
54.8402
49.6189
44.3973
39.1755
33.9543
28.7324
23.5114
18.2881
13.0697
7.8422
2.63625
597.851
594.914
592.543
590.737
589.023
587.305
585.442
582.753
578.478
572.696
566.098
559.235
552.365
545.582
538.93
532.425
526.078
519.887
513.853
507.964
502.218
496.605
491.12
485.748
480.485
475.321
470.252
465.266
460.36
455.527
450.764
446.062
441.419
436.828
432.289
427.791
423.336
418.918
414.536
410.182
405.857
401.552
397.267
392.988
388.716
384.441
380.16
375.86
371.542
367.195
362.819
358.402
353.948
349.45
344.912
340.327
335.7
331.029
326.32
321.566
316.776
311.949
307.091
302.198
297.28
292.333
287.365
282.37
277.357
272.323
267.276
262.21
257.132
252.04
246.94
241.825
236.702
231.569
226.43
221.282
216.129
210.969
205.806
200.634
195.459
190.278
185.096
179.907
174.718
169.524
164.33
159.129
153.928
148.724
143.519
138.31
133.102
127.891
122.68
117.465
112.251
107.034
101.819
96.6001
91.3824
86.1632
80.9449
75.724
70.5038
65.2825
60.062
54.8402
49.6188
44.3973
39.1755
33.9543
28.7324
23.5114
18.288
13.0698
7.84177
2.63685
597.985
594.864
592.537
590.736
589.022
587.315
585.481
582.816
578.533
572.725
566.108
559.234
552.359
545.574
538.922
532.416
526.069
519.879
513.845
507.956
502.208
496.592
491.102
485.726
480.461
475.297
470.228
465.242
460.338
455.506
450.745
446.044
441.402
436.812
432.274
427.776
423.322
418.905
414.524
410.171
405.846
401.542
397.258
392.98
388.709
384.434
380.153
375.854
371.537
367.19
362.815
358.398
353.945
349.447
344.91
340.325
335.699
331.028
326.319
321.565
316.775
311.948
307.09
302.198
297.279
292.332
287.365
282.37
277.357
272.323
267.276
262.209
257.132
252.04
246.94
241.824
236.702
231.568
226.43
221.281
216.128
210.968
205.805
200.633
195.459
190.278
185.096
179.907
174.718
169.524
164.33
159.129
153.928
148.723
143.519
138.31
133.102
127.89
122.68
117.465
112.251
107.034
101.819
96.6
91.3823
86.1631
80.9449
75.724
70.5038
65.2825
60.062
54.8401
49.6188
44.3972
39.1755
33.9542
28.7323
23.5114
18.2879
13.0698
7.84141
2.637
598.119
594.813
592.532
590.735
589.021
587.325
585.519
582.877
578.588
572.754
566.118
559.234
552.354
545.567
538.914
532.409
526.061
519.869
513.831
507.937
502.186
496.567
491.077
485.702
480.438
475.275
470.207
465.223
460.32
455.49
450.73
446.029
441.388
436.799
432.262
427.766
423.312
418.896
414.515
410.163
405.839
401.535
397.251
392.974
388.704
384.429
380.15
375.851
371.534
367.188
362.813
358.397
353.944
349.447
344.909
340.324
335.698
331.028
326.319
321.565
316.775
311.948
307.091
302.198
297.279
292.332
287.365
282.37
277.357
272.323
267.276
262.209
257.132
252.04
246.94
241.824
236.702
231.568
226.43
221.281
216.128
210.968
205.805
200.633
195.458
190.278
185.096
179.907
174.718
169.524
164.33
159.129
153.928
148.723
143.519
138.31
133.102
127.89
122.68
117.465
112.251
107.034
101.819
96.5999
91.3823
86.163
80.9449
75.7239
70.5038
65.2824
60.062
54.8401
49.6188
44.3972
39.1754
33.9542
28.7323
23.5114
18.2879
13.0699
7.84111
2.63743
598.246
594.763
592.528
590.734
589.02
587.333
585.554
582.935
578.639
572.782
566.128
559.234
552.35
545.561
538.907
532.397
526.045
519.848
513.807
507.912
502.161
496.544
491.055
485.681
480.419
475.257
470.191
465.208
460.306
455.477
450.718
446.018
441.378
436.79
432.253
427.758
423.305
418.889
414.51
410.157
405.834
401.531
397.248
392.971
388.701
384.427
380.148
375.849
371.533
367.187
362.812
358.396
353.944
349.447
344.91
340.325
335.699
331.028
326.319
321.565
316.776
311.948
307.091
302.198
297.28
292.333
287.365
282.37
277.357
272.323
267.276
262.209
257.132
252.04
246.94
241.824
236.702
231.568
226.43
221.281
216.128
210.968
205.805
200.633
195.458
190.278
185.096
179.907
174.718
169.524
164.33
159.129
153.928
148.723
143.519
138.31
133.102
127.89
122.68
117.465
112.251
107.034
101.819
96.5999
91.3823
86.163
80.9449
75.7239
70.5038
65.2824
60.062
54.8401
49.6188
44.3972
39.1754
33.9542
28.7323
23.5114
18.2879
13.0699
7.84088
2.63746
598.363
594.716
592.525
590.732
589.018
587.34
585.585
582.988
578.686
572.809
566.138
559.235
552.346
545.552
538.892
532.377
526.022
519.823
513.783
507.889
502.139
496.523
491.036
485.664
480.403
475.243
470.178
465.196
460.295
455.467
450.709
446.01
441.371
436.784
432.248
427.752
423.301
418.885
414.506
410.154
405.831
401.528
397.245
392.969
388.699
384.426
380.147
375.849
371.532
367.187
362.812
358.397
353.944
349.447
344.91
340.325
335.7
331.029
326.32
321.566
316.777
311.949
307.092
302.199
297.28
292.333
287.365
282.37
277.357
272.323
267.276
262.209
257.132
252.04
246.94
241.824
236.702
231.568
226.43
221.281
216.128
210.968
205.805
200.633
195.458
190.278
185.096
179.907
174.718
169.524
164.33
159.129
153.928
148.723
143.519
138.31
133.102
127.89
122.68
117.465
112.251
107.034
101.819
96.5999
91.3823
86.163
80.9449
75.7239
70.5038
65.2824
60.062
54.8401
49.6188
44.3972
39.1755
33.9542
28.7323
23.5114
18.2878
13.0699
7.8407
2.63775
598.47
594.672
592.523
590.73
589.017
587.347
585.613
583.035
578.73
572.833
566.146
559.233
552.336
545.535
538.87
532.353
525.998
519.8
513.761
507.868
502.121
496.507
491.021
485.65
480.391
475.231
470.168
465.187
460.287
455.46
450.703
446.004
441.366
436.779
432.244
427.749
423.298
418.882
414.504
410.152
405.829
401.527
397.244
392.968
388.699
384.426
380.147
375.849
371.533
367.187
362.813
358.397
353.945
349.448
344.911
340.326
335.701
331.03
326.321
321.567
316.777
311.95
307.092
302.199
297.281
292.333
287.366
282.37
277.357
272.323
267.276
262.209
257.132
252.04
246.94
241.824
236.702
231.568
226.43
221.281
216.128
210.968
205.805
200.633
195.458
190.278
185.096
179.907
174.718
169.524
164.33
159.129
153.928
148.723
143.519
138.31
133.102
127.89
122.68
117.465
112.251
107.034
101.819
96.5998
91.3824
86.1629
80.9449
75.7238
70.5038
65.2824
60.062
54.84
49.6188
44.3972
39.1755
33.9542
28.7323
23.5114
18.2878
13.07
7.84058
2.63771
598.565
594.632
592.521
590.728
589.016
587.352
585.637
583.078
578.769
572.854
566.15
559.226
552.32
545.514
538.847
532.33
525.976
519.78
513.743
507.852
502.106
496.493
491.009
485.64
480.381
475.223
470.161
465.18
460.282
455.455
450.698
446.001
441.363
436.776
432.241
427.747
423.296
418.881
414.503
410.151
405.829
401.527
397.244
392.968
388.699
384.426
380.147
375.849
371.533
367.188
362.814
358.398
353.946
349.449
344.912
340.327
335.701
331.03
326.322
321.567
316.778
311.95
307.093
302.199
297.281
292.334
287.366
282.37
277.358
272.324
267.276
262.21
257.132
252.04
246.94
241.824
236.702
231.568
226.43
221.281
216.129
210.968
205.806
200.633
195.459
190.278
185.096
179.907
174.718
169.524
164.33
159.129
153.928
148.723
143.519
138.31
133.102
127.89
122.68
117.465
112.251
107.034
101.819
96.5998
91.3824
86.1629
80.945
75.7238
70.5038
65.2824
60.062
54.84
49.6188
44.3972
39.1755
33.9542
28.7323
23.5114
18.2878
13.07
7.84049
2.63792
598.649
594.597
592.519
590.727
589.015
587.357
585.659
583.115
578.802
572.868
566.148
559.212
552.301
545.492
538.825
532.31
525.957
519.763
513.727
507.838
502.094
496.483
491
485.632
480.375
475.217
470.156
465.176
460.278
455.452
450.696
445.998
441.361
436.775
432.24
427.746
423.295
418.88
414.502
410.151
405.829
401.527
397.244
392.968
388.699
384.426
380.148
375.85
371.534
367.189
362.815
358.399
353.947
349.45
344.913
340.328
335.702
331.031
326.322
321.568
316.778
311.951
307.093
302.2
297.281
292.334
287.366
282.371
277.358
272.324
267.277
262.21
257.132
252.04
246.94
241.824
236.702
231.568
226.43
221.281
216.129
210.968
205.806
200.633
195.459
190.278
185.096
179.907
174.718
169.524
164.33
159.129
153.928
148.723
143.519
138.31
133.102
127.89
122.68
117.465
112.251
107.034
101.819
96.5998
91.3824
86.1629
80.945
75.7238
70.5038
65.2824
60.062
54.84
49.6188
44.3972
39.1755
33.9542
28.7323
23.5114
18.2878
13.07
7.84044
2.63785
598.722
594.567
592.517
590.725
589.015
587.361
585.677
583.147
578.828
572.875
566.141
559.196
552.281
545.472
538.806
532.292
525.941
519.749
513.715
507.828
502.085
496.475
490.993
485.626
480.37
475.213
470.152
465.173
460.276
455.45
450.694
445.997
441.36
436.774
432.24
427.746
423.295
418.88
414.502
410.151
405.829
401.527
397.245
392.969
388.7
384.427
380.149
375.851
371.535
367.189
362.816
358.4
353.947
349.45
344.914
340.328
335.703
331.032
326.323
321.568
316.779
311.951
307.093
302.2
297.282
292.334
287.367
282.371
277.358
272.324
267.277
262.21
257.132
252.04
246.94
241.824
236.702
231.568
226.43
221.281
216.129
210.968
205.806
200.633
195.459
190.278
185.096
179.907
174.718
169.524
164.33
159.129
153.928
148.723
143.519
138.31
133.102
127.89
122.68
117.465
112.251
107.034
101.819
96.5998
91.3824
86.1629
80.945
75.7238
70.5038
65.2824
60.062
54.84
49.6188
44.3972
39.1755
33.9542
28.7323
23.5114
18.2878
13.07
7.8404
2.638
598.786
594.54
592.516
590.724
589.014
587.364
585.692
583.172
578.845
572.877
566.129
559.178
552.261
545.453
538.789
532.277
525.928
519.738
513.706
507.82
502.078
496.469
490.989
485.622
480.367
475.21
470.15
465.171
460.274
455.449
450.693
445.997
441.36
436.774
432.24
427.746
423.295
418.88
414.503
410.151
405.829
401.527
397.245
392.969
388.701
384.428
380.149
375.852
371.536
367.19
362.816
358.4
353.948
349.451
344.914
340.329
335.703
331.032
326.323
321.569
316.779
311.951
307.094
302.2
297.282
292.334
287.367
282.371
277.358
272.324
267.277
262.21
257.133
252.04
246.94
241.824
236.702
231.568
226.431
221.281
216.129
210.968
205.806
200.633
195.459
190.278
185.096
179.907
174.718
169.524
164.33
159.129
153.928
148.723
143.519
138.31
133.102
127.89
122.68
117.465
112.251
107.034
101.819
96.5998
91.3824
86.1629
80.945
75.7238
70.5039
65.2824
60.062
54.8401
49.6188
44.3972
39.1755
33.9542
28.7323
23.5115
18.2878
13.07
7.84038
2.63794
598.842
594.518
592.515
590.723
589.014
587.367
585.704
583.189
578.855
572.872
566.115
559.16
552.243
545.437
538.775
532.265
525.918
519.729
513.699
507.814
502.073
496.465
490.986
485.619
480.365
475.209
470.149
465.171
460.274
455.448
450.693
445.996
441.36
436.774
432.24
427.746
423.295
418.881
414.503
410.152
405.83
401.528
397.246
392.97
388.701
384.428
380.15
375.852
371.536
367.191
362.817
358.401
353.949
349.451
344.915
340.329
335.704
331.032
326.324
321.569
316.779
311.951
307.094
302.201
297.282
292.335
287.367
282.371
277.358
272.324
267.277
262.21
257.133
252.04
246.94
241.824
236.702
231.568
226.431
221.281
216.129
210.968
205.806
200.633
195.459
190.278
185.096
179.907
174.718
169.524
164.33
159.129
153.928
148.723
143.519
138.31
133.102
127.89
122.68
117.465
112.251
107.034
101.819
96.5998
91.3824
86.1629
80.945
75.7238
70.5039
65.2824
60.062
54.8401
49.6188
44.3972
39.1755
33.9542
28.7323
23.5115
18.2878
13.07
7.84037
2.63806
598.889
594.499
592.514
590.722
589.013
587.369
585.712
583.2
578.859
572.864
566.1
559.143
552.228
545.423
538.764
532.256
525.91
519.723
513.694
507.81
502.07
496.463
490.983
485.618
480.363
475.208
470.148
465.17
460.274
455.448
450.693
445.997
441.36
436.774
432.24
427.746
423.296
418.881
414.504
410.152
405.831
401.529
397.247
392.971
388.702
384.429
380.151
375.853
371.537
367.191
362.817
358.401
353.949
349.452
344.915
340.33
335.704
331.033
326.324
321.569
316.78
311.952
307.094
302.201
297.282
292.335
287.367
282.371
277.358
272.324
267.277
262.21
257.133
252.04
246.941
241.824
236.702
231.568
226.431
221.281
216.129
210.968
205.806
200.633
195.459
190.278
185.096
179.907
174.718
169.524
164.33
159.129
153.928
148.723
143.519
138.31
133.102
127.89
122.68
117.465
112.251
107.034
101.819
96.5998
91.3824
86.1629
80.945
75.7238
70.5039
65.2824
60.0621
54.8401
49.6188
44.3972
39.1755
33.9542
28.7323
23.5115
18.2878
13.07
7.84037
2.638
598.931
594.483
592.513
590.721
589.012
587.369
585.716
583.205
578.858
572.854
566.085
559.128
552.215
545.412
538.755
532.248
525.904
519.718
513.69
507.807
502.068
496.461
490.982
485.617
480.363
475.208
470.148
465.17
460.274
455.449
450.694
445.997
441.36
436.775
432.241
427.747
423.296
418.882
414.504
410.153
405.831
401.529
397.247
392.971
388.702
384.429
380.151
375.853
371.537
367.192
362.818
358.402
353.949
349.452
344.915
340.33
335.704
331.033
326.324
321.569
316.78
311.952
307.094
302.201
297.282
292.335
287.367
282.371
277.358
272.324
267.277
262.21
257.133
252.04
246.941
241.825
236.702
231.568
226.431
221.281
216.129
210.968
205.806
200.633
195.459
190.278
185.096
179.907
174.718
169.524
164.33
159.129
153.928
148.723
143.519
138.31
133.102
127.89
122.68
117.465
112.251
107.034
101.819
96.5998
91.3824
86.1629
80.945
75.7238
70.5039
65.2824
60.0621
54.8401
49.6189
44.3972
39.1755
33.9542
28.7323
23.5115
18.2878
13.0701
7.84038
2.6381
598.966
594.469
592.512
590.72
589.01
587.368
585.716
583.206
578.852
572.842
566.071
559.116
552.204
545.404
538.748
532.243
525.9
519.715
513.687
507.805
502.066
496.46
490.981
485.616
480.362
475.207
470.148
465.17
460.274
455.449
450.694
445.997
441.361
436.775
432.241
427.747
423.297
418.882
414.505
410.153
405.832
401.53
397.248
392.972
388.703
384.43
380.152
375.854
371.538
367.192
362.818
358.402
353.95
349.453
344.916
340.33
335.704
331.033
326.324
321.569
316.78
311.952
307.094
302.201
297.282
292.335
287.367
282.371
277.359
272.324
267.277
262.21
257.133
252.04
246.941
241.825
236.702
231.568
226.431
221.281
216.129
210.968
205.806
200.633
195.459
190.278
185.096
179.907
174.718
169.524
164.33
159.129
153.928
148.723
143.519
138.31
133.102
127.89
122.68
117.465
112.251
107.034
101.819
96.5998
91.3824
86.1629
80.945
75.7239
70.5039
65.2824
60.0621
54.8401
49.6189
44.3972
39.1755
33.9542
28.7323
23.5115
18.2878
13.0701
7.84039
2.63805
598.997
594.457
592.51
590.718
589.009
587.366
585.715
583.203
578.845
572.831
566.059
559.105
552.195
545.397
538.742
532.239
525.897
519.712
513.685
507.803
502.065
496.459
490.981
485.616
480.362
475.208
470.148
465.171
460.274
455.449
450.694
445.998
441.361
436.776
432.242
427.748
423.298
418.883
414.505
410.154
405.832
401.53
397.248
392.972
388.703
384.43
380.152
375.854
371.538
367.192
362.818
358.403
353.95
349.453
344.916
340.33
335.705
331.033
326.324
321.57
316.78
311.952
307.095
302.201
297.283
292.335
287.367
282.371
277.359
272.324
267.277
262.21
257.133
252.04
246.941
241.825
236.702
231.568
226.431
221.281
216.129
210.968
205.806
200.633
195.459
190.278
185.096
179.907
174.718
169.524
164.33
159.129
153.928
148.723
143.519
138.31
133.102
127.89
122.68
117.465
112.251
107.034
101.819
96.5999
91.3824
86.163
80.9451
75.7239
70.5039
65.2824
60.0621
54.8401
49.6189
44.3972
39.1755
33.9542
28.7323
23.5115
18.2878
13.0701
7.8404
2.63813
599.023
594.447
592.509
590.716
589.006
587.363
585.712
583.197
578.836
572.819
566.048
559.096
552.188
545.391
538.738
532.235
525.894
519.71
513.684
507.802
502.065
496.459
490.981
485.616
480.363
475.208
470.149
465.171
460.275
455.45
450.695
445.998
441.362
436.776
432.242
427.748
423.298
418.883
414.506
410.154
405.833
401.531
397.249
392.972
388.704
384.431
380.152
375.854
371.538
367.193
362.819
358.403
353.95
349.453
344.916
340.331
335.705
331.033
326.324
321.57
316.78
311.952
307.095
302.201
297.283
292.335
287.367
282.371
277.359
272.324
267.277
262.21
257.133
252.04
246.941
241.825
236.702
231.568
226.431
221.281
216.129
210.968
205.806
200.633
195.459
190.278
185.096
179.907
174.718
169.524
164.33
159.129
153.928
148.723
143.519
138.31
133.102
127.89
122.68
117.465
112.251
107.034
101.819
96.5999
91.3824
86.163
80.9451
75.7239
70.5039
65.2824
60.0621
54.8401
49.6189
44.3972
39.1755
33.9542
28.7323
23.5115
18.2878
13.0701
7.84041
2.63809
599.046
594.438
592.507
590.714
589.004
587.36
585.708
583.191
578.826
572.809
566.039
559.088
552.182
545.387
538.735
532.233
525.893
519.709
513.683
507.802
502.064
496.459
490.981
485.617
480.363
475.208
470.149
465.171
460.275
455.45
450.695
445.999
441.362
436.777
432.243
427.749
423.298
418.884
414.506
410.155
405.833
401.531
397.249
392.973
388.704
384.431
380.153
375.855
371.539
367.193
362.819
358.403
353.95
349.453
344.916
340.331
335.705
331.033
326.325
321.57
316.78
311.952
307.095
302.201
297.283
292.335
287.367
282.371
277.359
272.324
267.277
262.21
257.133
252.04
246.941
241.825
236.702
231.569
226.431
221.281
216.129
210.968
205.806
200.633
195.459
190.278
185.096
179.907
174.718
169.524
164.33
159.129
153.928
148.723
143.519
138.31
133.102
127.89
122.68
117.465
112.251
107.034
101.819
96.5999
91.3825
86.163
80.9451
75.7239
70.5039
65.2824
60.0621
54.8401
49.6189
44.3972
39.1755
33.9542
28.7323
23.5115
18.2878
13.0701
7.84042
2.63815
599.066
594.43
592.505
590.712
589.002
587.358
585.704
583.184
578.817
572.8
566.031
559.082
552.178
545.383
538.732
532.231
525.891
519.708
513.683
507.802
502.064
496.459
490.981
485.617
480.363
475.209
470.15
465.172
460.276
455.451
450.696
445.999
441.363
436.777
432.243
427.749
423.299
418.884
414.506
410.155
405.833
401.531
397.249
392.973
388.704
384.431
380.153
375.855
371.539
367.193
362.819
358.403
353.951
349.453
344.916
340.331
335.705
331.034
326.325
321.57
316.78
311.952
307.095
302.201
297.283
292.335
287.367
282.372
277.359
272.324
267.277
262.21
257.133
252.04
246.941
241.825
236.702
231.569
226.431
221.281
216.129
210.968
205.806
200.633
195.459
190.278
185.096
179.907
174.718
169.524
164.33
159.129
153.928
148.723
143.519
138.31
133.102
127.89
122.68
117.465
112.251
107.034
101.819
96.5999
91.3825
86.163
80.9451
75.7239
70.5039
65.2824
60.0621
54.8401
49.6189
44.3972
39.1755
33.9542
28.7323
23.5115
18.2878
13.0701
7.84043
2.63813
599.086
594.423
592.502
590.709
588.999
587.355
585.699
583.177
578.808
572.791
566.024
559.077
552.174
545.381
538.73
532.23
525.89
519.708
513.683
507.801
502.064
496.459
490.982
485.617
480.364
475.209
470.15
465.172
460.276
455.451
450.696
446
441.363
436.778
432.243
427.75
423.299
418.884
414.507
410.155
405.834
401.532
397.25
392.973
388.705
384.431
380.153
375.855
371.539
367.193
362.819
358.403
353.951
349.453
344.916
340.331
335.705
331.034
326.325
321.57
316.78
311.952
307.095
302.201
297.283
292.335
287.367
282.372
277.359
272.324
267.277
262.21
257.133
252.04
246.941
241.825
236.702
231.569
226.431
221.281
216.129
210.968
205.806
200.633
195.459
190.278
185.096
179.907
174.718
169.524
164.33
159.129
153.928
148.723
143.519
138.31
133.102
127.89
122.68
117.465
112.251
107.034
101.819
96.5999
91.3825
86.163
80.9451
75.7239
70.5039
65.2824
60.0621
54.8401
49.6189
44.3972
39.1755
33.9543
28.7323
23.5115
18.2879
13.0701
7.84044
2.63817
599.109
594.416
592.5
590.707
588.997
587.353
585.696
583.17
578.8
572.784
566.018
559.073
552.171
545.379
538.729
532.229
525.89
519.707
513.682
507.801
502.064
496.459
490.982
485.617
480.364
475.209
470.15
465.173
460.277
455.452
450.697
446
441.363
436.778
432.244
427.75
423.3
418.885
414.507
410.156
405.834
401.532
397.25
392.974
388.705
384.432
380.153
375.855
371.539
367.193
362.819
358.403
353.951
349.453
344.917
340.331
335.705
331.034
326.325
321.57
316.781
311.952
307.095
302.201
297.283
292.335
287.367
282.372
277.359
272.324
267.277
262.21
257.133
252.04
246.941
241.825
236.702
231.569
226.431
221.281
216.129
210.968
205.806
200.633
195.459
190.278
185.096
179.907
174.718
169.524
164.33
159.129
153.928
148.723
143.519
138.31
133.102
127.89
122.68
117.465
112.251
107.034
101.819
96.5999
91.3825
86.163
80.9451
75.7239
70.5039
65.2824
60.0621
54.8401
49.6189
44.3972
39.1755
33.9543
28.7323
23.5115
18.2879
13.0701
7.84046
2.63816
599.136
594.411
592.497
590.705
588.996
587.351
585.692
583.164
578.793
572.778
566.014
559.07
552.169
545.377
538.728
532.228
525.889
519.707
513.682
507.801
502.065
496.459
490.982
485.618
480.364
475.21
470.151
465.173
460.277
455.452
450.697
446
441.364
436.778
432.244
427.75
423.3
418.885
414.507
410.156
405.834
401.532
397.25
392.974
388.705
384.432
380.153
375.855
371.539
367.194
362.82
358.403
353.951
349.454
344.917
340.331
335.705
331.034
326.325
321.57
316.781
311.952
307.095
302.201
297.283
292.335
287.367
282.372
277.359
272.324
267.277
262.21
257.133
252.04
246.941
241.825
236.702
231.569
226.431
221.281
216.129
210.968
205.806
200.633
195.459
190.278
185.096
179.907
174.718
169.524
164.33
159.129
153.928
148.723
143.519
138.31
133.102
127.89
122.68
117.465
112.251
107.034
101.819
96.5999
91.3825
86.163
80.9451
75.7239
70.5039
65.2824
60.0621
54.8401
49.6189
44.3972
39.1755
33.9543
28.7324
23.5115
18.2879
13.0701
7.84047
2.63819
599.171
594.406
592.494
590.703
588.994
587.35
585.69
583.16
578.787
572.773
566.01
559.067
552.167
545.376
538.727
532.227
525.889
519.707
513.682
507.802
502.065
496.46
490.982
485.618
480.365
475.21
470.151
465.173
460.277
455.452
450.697
446.001
441.364
436.778
432.244
427.75
423.3
418.885
414.508
410.156
405.834
401.532
397.25
392.974
388.705
384.432
380.154
375.856
371.539
367.194
362.82
358.404
353.951
349.454
344.917
340.331
335.705
331.034
326.325
321.57
316.781
311.952
307.095
302.201
297.283
292.335
287.368
282.372
277.359
272.324
267.277
262.21
257.133
252.04
246.941
241.825
236.702
231.569
226.431
221.281
216.129
210.968
205.806
200.633
195.459
190.278
185.096
179.907
174.718
169.524
164.33
159.129
153.928
148.723
143.519
138.31
133.102
127.89
122.68
117.465
112.251
107.034
101.819
96.5999
91.3825
86.163
80.9451
75.7239
70.5039
65.2825
60.0621
54.8401
49.6189
44.3972
39.1755
33.9543
28.7324
23.5115
18.2879
13.0701
7.84047
2.63819
599.213
594.402
592.492
590.701
588.993
587.349
585.688
583.156
578.783
572.768
566.007
559.065
552.165
545.375
538.726
532.227
525.889
519.707
513.682
507.802
502.065
496.46
490.982
485.618
480.365
475.21
470.151
465.174
460.277
455.453
450.698
446.001
441.364
436.779
432.245
427.751
423.3
418.885
414.508
410.156
405.834
401.532
397.25
392.974
388.705
384.432
380.154
375.856
371.539
367.194
362.82
358.404
353.951
349.454
344.917
340.331
335.705
331.034
326.325
321.57
316.781
311.952
307.095
302.201
297.283
292.335
287.368
282.372
277.359
272.324
267.277
262.21
257.133
252.04
246.941
241.825
236.702
231.569
226.431
221.281
216.129
210.968
205.806
200.633
195.459
190.278
185.096
179.907
174.718
169.524
164.33
159.129
153.928
148.723
143.519
138.31
133.102
127.89
122.68
117.465
112.251
107.034
101.819
96.5999
91.3825
86.163
80.9451
75.7239
70.5039
65.2825
60.0621
54.8401
49.6189
44.3972
39.1756
33.9543
28.7324
23.5115
18.2879
13.0701
7.84048
2.6382
599.24
594.398
592.49
590.7
588.992
587.348
585.687
583.154
578.779
572.765
566.005
559.063
552.164
545.374
538.726
532.227
525.888
519.707
513.682
507.802
502.065
496.46
490.983
485.618
480.365
475.211
470.152
465.174
460.278
455.453
450.698
446.001
441.365
436.779
432.245
427.751
423.301
418.886
414.508
410.157
405.835
401.533
397.251
392.974
388.705
384.432
380.154
375.856
371.54
367.194
362.82
358.404
353.951
349.454
344.917
340.331
335.705
331.034
326.325
321.57
316.781
311.952
307.095
302.201
297.283
292.335
287.368
282.372
277.359
272.325
267.277
262.21
257.133
252.04
246.941
241.825
236.702
231.569
226.431
221.281
216.129
210.968
205.806
200.633
195.459
190.278
185.096
179.907
174.718
169.524
164.33
159.129
153.928
148.723
143.519
138.31
133.102
127.89
122.68
117.465
112.251
107.034
101.819
96.5999
91.3825
86.163
80.9451
75.7239
70.5039
65.2825
60.0621
54.8401
49.6189
44.3972
39.1756
33.9543
28.7324
23.5115
18.2879
13.0701
7.84049
2.6382
599.254
594.391
592.488
590.699
588.992
587.348
585.686
583.152
578.777
572.763
566.003
559.062
552.163
545.373
538.725
532.226
525.888
519.707
513.682
507.802
502.065
496.46
490.983
485.619
480.365
475.211
470.152
465.174
460.278
455.453
450.698
446.001
441.365
436.779
432.245
427.751
423.301
418.886
414.508
410.157
405.835
401.533
397.251
392.974
388.705
384.432
380.154
375.856
371.54
367.194
362.82
358.404
353.951
349.454
344.917
340.331
335.705
331.034
326.325
321.57
316.781
311.953
307.095
302.201
297.283
292.335
287.368
282.372
277.359
272.325
267.277
262.21
257.133
252.041
246.941
241.825
236.702
231.569
226.431
221.281
216.129
210.968
205.806
200.633
195.459
190.278
185.096
179.907
174.718
169.524
164.33
159.129
153.928
148.723
143.519
138.31
133.102
127.89
122.68
117.465
112.251
107.034
101.819
96.5999
91.3825
86.163
80.9451
75.7239
70.5039
65.2825
60.0621
54.8401
49.6189
44.3972
39.1756
33.9543
28.7324
23.5115
18.2879
13.0701
7.84049
2.6382
599.459
594.385
592.487
590.699
588.991
587.347
585.686
583.152
578.776
572.762
566.002
559.061
552.163
545.373
538.725
532.226
525.888
519.707
513.682
507.802
502.065
496.46
490.983
485.619
480.365
475.211
470.152
465.174
460.278
455.453
450.698
446.002
441.365
436.779
432.245
427.751
423.301
418.886
414.508
410.157
405.835
401.533
397.251
392.974
388.706
384.432
380.154
375.856
371.54
367.194
362.82
358.404
353.951
349.454
344.917
340.331
335.705
331.034
326.325
321.57
316.781
311.953
307.095
302.201
297.283
292.335
287.368
282.372
277.359
272.325
267.277
262.21
257.133
252.041
246.941
241.825
236.702
231.569
226.431
221.281
216.129
210.968
205.806
200.633
195.459
190.278
185.096
179.907
174.718
169.524
164.33
159.129
153.928
148.723
143.519
138.31
133.102
127.89
122.68
117.465
112.251
107.034
101.819
96.5999
91.3825
86.163
80.9451
75.7239
70.5039
65.2825
60.0621
54.8401
49.6189
44.3972
39.1756
33.9543
28.7324
23.5115
18.2879
13.0701
7.84049
2.63821
600.257
594.398
592.487
590.698
588.991
587.347
585.686
583.151
578.776
572.762
566.002
559.061
552.163
545.373
538.725
532.226
525.888
519.707
513.682
507.802
502.065
496.46
490.983
485.619
480.365
475.211
470.152
465.174
460.278
455.453
450.698
446.002
441.365
436.779
432.245
427.751
423.301
418.886
414.508
410.157
405.835
401.533
397.251
392.974
388.706
384.432
380.154
375.856
371.54
367.194
362.82
358.404
353.951
349.454
344.917
340.331
335.705
331.034
326.325
321.57
316.781
311.953
307.095
302.201
297.283
292.335
287.368
282.372
277.359
272.325
267.277
262.21
257.133
252.041
246.941
241.825
236.702
231.569
226.431
221.281
216.129
210.968
205.806
200.633
195.459
190.278
185.096
179.907
174.718
169.524
164.33
159.129
153.928
148.723
143.519
138.31
133.102
127.89
122.68
117.465
112.251
107.034
101.819
96.5999
91.3825
86.163
80.9451
75.7239
70.5039
65.2825
60.0621
54.8401
49.6189
44.3972
39.1756
33.9543
28.7324
23.5115
18.2879
13.0701
7.8405
2.63821
)
;

boundaryField
{
    lowerWall
    {
        type            zeroGradient;
    }
    upperWall
    {
        type            zeroGradient;
    }
    inlet
    {
        type            zeroGradient;
    }
    outlet
    {
        type            fixedValue;
        value           uniform 0;
    }
    frontAndBack
    {
        type            empty;
    }
}


// ************************************************************************* //
