/*--------------------------------*- C++ -*----------------------------------*\
  =========                 |
  \\      /  F ield         | OpenFOAM: The Open Source CFD Toolbox
   \\    /   O peration     | Website:  https://openfoam.org
    \\  /    A nd           | Version:  8
     \\/     M anipulation  |
\*---------------------------------------------------------------------------*/
FoamFile
{
    version     2.0;
    format      ascii;
    class       vectorField;
    location    "constant/polyMesh";
    object      points;
}
// * * * * * * * * * * * * * * * * * * * * * * * * * * * * * * * * * * * * * //


882
(
(0 0 0)
(0.005 0 0)
(0.01 0 0)
(0.015 0 0)
(0.02 0 0)
(0.025 0 0)
(0.03 0 0)
(0.035 0 0)
(0.04 0 0)
(0.045 0 0)
(0.05 0 0)
(0.055 0 0)
(0.06 0 0)
(0.065 0 0)
(0.07 0 0)
(0.075 0 0)
(0.08 0 0)
(0.085 0 0)
(0.09 0 0)
(0.095 0 0)
(0.1 0 0)
(0 0.015 0)
(0.005 0.015 0)
(0.01 0.015 0)
(0.015 0.015 0)
(0.02 0.015 0)
(0.025 0.015 0)
(0.03 0.015 0)
(0.035 0.015 0)
(0.04 0.015 0)
(0.045 0.015 0)
(0.05 0.015 0)
(0.055 0.015 0)
(0.06 0.015 0)
(0.065 0.015 0)
(0.07 0.015 0)
(0.075 0.015 0)
(0.08 0.015 0)
(0.085 0.015 0)
(0.09 0.015 0)
(0.095 0.015 0)
(0.1 0.015 0)
(0 0.03 0)
(0.005 0.03 0)
(0.01 0.03 0)
(0.015 0.03 0)
(0.02 0.03 0)
(0.025 0.03 0)
(0.03 0.03 0)
(0.035 0.03 0)
(0.04 0.03 0)
(0.045 0.03 0)
(0.05 0.03 0)
(0.055 0.03 0)
(0.06 0.03 0)
(0.065 0.03 0)
(0.07 0.03 0)
(0.075 0.03 0)
(0.08 0.03 0)
(0.085 0.03 0)
(0.09 0.03 0)
(0.095 0.03 0)
(0.1 0.03 0)
(0 0.045 0)
(0.005 0.045 0)
(0.01 0.045 0)
(0.015 0.045 0)
(0.02 0.045 0)
(0.025 0.045 0)
(0.03 0.045 0)
(0.035 0.045 0)
(0.04 0.045 0)
(0.045 0.045 0)
(0.05 0.045 0)
(0.055 0.045 0)
(0.06 0.045 0)
(0.065 0.045 0)
(0.07 0.045 0)
(0.075 0.045 0)
(0.08 0.045 0)
(0.085 0.045 0)
(0.09 0.045 0)
(0.095 0.045 0)
(0.1 0.045 0)
(0 0.06 0)
(0.005 0.06 0)
(0.01 0.06 0)
(0.015 0.06 0)
(0.02 0.06 0)
(0.025 0.06 0)
(0.03 0.06 0)
(0.035 0.06 0)
(0.04 0.06 0)
(0.045 0.06 0)
(0.05 0.06 0)
(0.055 0.06 0)
(0.06 0.06 0)
(0.065 0.06 0)
(0.07 0.06 0)
(0.075 0.06 0)
(0.08 0.06 0)
(0.085 0.06 0)
(0.09 0.06 0)
(0.095 0.06 0)
(0.1 0.06 0)
(0 0.075 0)
(0.005 0.075 0)
(0.01 0.075 0)
(0.015 0.075 0)
(0.02 0.075 0)
(0.025 0.075 0)
(0.03 0.075 0)
(0.035 0.075 0)
(0.04 0.075 0)
(0.045 0.075 0)
(0.05 0.075 0)
(0.055 0.075 0)
(0.06 0.075 0)
(0.065 0.075 0)
(0.07 0.075 0)
(0.075 0.075 0)
(0.08 0.075 0)
(0.085 0.075 0)
(0.09 0.075 0)
(0.095 0.075 0)
(0.1 0.075 0)
(0 0.09 0)
(0.005 0.09 0)
(0.01 0.09 0)
(0.015 0.09 0)
(0.02 0.09 0)
(0.025 0.09 0)
(0.03 0.09 0)
(0.035 0.09 0)
(0.04 0.09 0)
(0.045 0.09 0)
(0.05 0.09 0)
(0.055 0.09 0)
(0.06 0.09 0)
(0.065 0.09 0)
(0.07 0.09 0)
(0.075 0.09 0)
(0.08 0.09 0)
(0.085 0.09 0)
(0.09 0.09 0)
(0.095 0.09 0)
(0.1 0.09 0)
(0 0.105 0)
(0.005 0.105 0)
(0.01 0.105 0)
(0.015 0.105 0)
(0.02 0.105 0)
(0.025 0.105 0)
(0.03 0.105 0)
(0.035 0.105 0)
(0.04 0.105 0)
(0.045 0.105 0)
(0.05 0.105 0)
(0.055 0.105 0)
(0.06 0.105 0)
(0.065 0.105 0)
(0.07 0.105 0)
(0.075 0.105 0)
(0.08 0.105 0)
(0.085 0.105 0)
(0.09 0.105 0)
(0.095 0.105 0)
(0.1 0.105 0)
(0 0.12 0)
(0.005 0.12 0)
(0.01 0.12 0)
(0.015 0.12 0)
(0.02 0.12 0)
(0.025 0.12 0)
(0.03 0.12 0)
(0.035 0.12 0)
(0.04 0.12 0)
(0.045 0.12 0)
(0.05 0.12 0)
(0.055 0.12 0)
(0.06 0.12 0)
(0.065 0.12 0)
(0.07 0.12 0)
(0.075 0.12 0)
(0.08 0.12 0)
(0.085 0.12 0)
(0.09 0.12 0)
(0.095 0.12 0)
(0.1 0.12 0)
(0 0.135 0)
(0.005 0.135 0)
(0.01 0.135 0)
(0.015 0.135 0)
(0.02 0.135 0)
(0.025 0.135 0)
(0.03 0.135 0)
(0.035 0.135 0)
(0.04 0.135 0)
(0.045 0.135 0)
(0.05 0.135 0)
(0.055 0.135 0)
(0.06 0.135 0)
(0.065 0.135 0)
(0.07 0.135 0)
(0.075 0.135 0)
(0.08 0.135 0)
(0.085 0.135 0)
(0.09 0.135 0)
(0.095 0.135 0)
(0.1 0.135 0)
(0 0.15 0)
(0.005 0.15 0)
(0.01 0.15 0)
(0.015 0.15 0)
(0.02 0.15 0)
(0.025 0.15 0)
(0.03 0.15 0)
(0.035 0.15 0)
(0.04 0.15 0)
(0.045 0.15 0)
(0.05 0.15 0)
(0.055 0.15 0)
(0.06 0.15 0)
(0.065 0.15 0)
(0.07 0.15 0)
(0.075 0.15 0)
(0.08 0.15 0)
(0.085 0.15 0)
(0.09 0.15 0)
(0.095 0.15 0)
(0.1 0.15 0)
(0 0.165 0)
(0.005 0.165 0)
(0.01 0.165 0)
(0.015 0.165 0)
(0.02 0.165 0)
(0.025 0.165 0)
(0.03 0.165 0)
(0.035 0.165 0)
(0.04 0.165 0)
(0.045 0.165 0)
(0.05 0.165 0)
(0.055 0.165 0)
(0.06 0.165 0)
(0.065 0.165 0)
(0.07 0.165 0)
(0.075 0.165 0)
(0.08 0.165 0)
(0.085 0.165 0)
(0.09 0.165 0)
(0.095 0.165 0)
(0.1 0.165 0)
(0 0.18 0)
(0.005 0.18 0)
(0.01 0.18 0)
(0.015 0.18 0)
(0.02 0.18 0)
(0.025 0.18 0)
(0.03 0.18 0)
(0.035 0.18 0)
(0.04 0.18 0)
(0.045 0.18 0)
(0.05 0.18 0)
(0.055 0.18 0)
(0.06 0.18 0)
(0.065 0.18 0)
(0.07 0.18 0)
(0.075 0.18 0)
(0.08 0.18 0)
(0.085 0.18 0)
(0.09 0.18 0)
(0.095 0.18 0)
(0.1 0.18 0)
(0 0.195 0)
(0.005 0.195 0)
(0.01 0.195 0)
(0.015 0.195 0)
(0.02 0.195 0)
(0.025 0.195 0)
(0.03 0.195 0)
(0.035 0.195 0)
(0.04 0.195 0)
(0.045 0.195 0)
(0.05 0.195 0)
(0.055 0.195 0)
(0.06 0.195 0)
(0.065 0.195 0)
(0.07 0.195 0)
(0.075 0.195 0)
(0.08 0.195 0)
(0.085 0.195 0)
(0.09 0.195 0)
(0.095 0.195 0)
(0.1 0.195 0)
(0 0.21 0)
(0.005 0.21 0)
(0.01 0.21 0)
(0.015 0.21 0)
(0.02 0.21 0)
(0.025 0.21 0)
(0.03 0.21 0)
(0.035 0.21 0)
(0.04 0.21 0)
(0.045 0.21 0)
(0.05 0.21 0)
(0.055 0.21 0)
(0.06 0.21 0)
(0.065 0.21 0)
(0.07 0.21 0)
(0.075 0.21 0)
(0.08 0.21 0)
(0.085 0.21 0)
(0.09 0.21 0)
(0.095 0.21 0)
(0.1 0.21 0)
(0 0.225 0)
(0.005 0.225 0)
(0.01 0.225 0)
(0.015 0.225 0)
(0.02 0.225 0)
(0.025 0.225 0)
(0.03 0.225 0)
(0.035 0.225 0)
(0.04 0.225 0)
(0.045 0.225 0)
(0.05 0.225 0)
(0.055 0.225 0)
(0.06 0.225 0)
(0.065 0.225 0)
(0.07 0.225 0)
(0.075 0.225 0)
(0.08 0.225 0)
(0.085 0.225 0)
(0.09 0.225 0)
(0.095 0.225 0)
(0.1 0.225 0)
(0 0.24 0)
(0.005 0.24 0)
(0.01 0.24 0)
(0.015 0.24 0)
(0.02 0.24 0)
(0.025 0.24 0)
(0.03 0.24 0)
(0.035 0.24 0)
(0.04 0.24 0)
(0.045 0.24 0)
(0.05 0.24 0)
(0.055 0.24 0)
(0.06 0.24 0)
(0.065 0.24 0)
(0.07 0.24 0)
(0.075 0.24 0)
(0.08 0.24 0)
(0.085 0.24 0)
(0.09 0.24 0)
(0.095 0.24 0)
(0.1 0.24 0)
(0 0.255 0)
(0.005 0.255 0)
(0.01 0.255 0)
(0.015 0.255 0)
(0.02 0.255 0)
(0.025 0.255 0)
(0.03 0.255 0)
(0.035 0.255 0)
(0.04 0.255 0)
(0.045 0.255 0)
(0.05 0.255 0)
(0.055 0.255 0)
(0.06 0.255 0)
(0.065 0.255 0)
(0.07 0.255 0)
(0.075 0.255 0)
(0.08 0.255 0)
(0.085 0.255 0)
(0.09 0.255 0)
(0.095 0.255 0)
(0.1 0.255 0)
(0 0.27 0)
(0.005 0.27 0)
(0.01 0.27 0)
(0.015 0.27 0)
(0.02 0.27 0)
(0.025 0.27 0)
(0.03 0.27 0)
(0.035 0.27 0)
(0.04 0.27 0)
(0.045 0.27 0)
(0.05 0.27 0)
(0.055 0.27 0)
(0.06 0.27 0)
(0.065 0.27 0)
(0.07 0.27 0)
(0.075 0.27 0)
(0.08 0.27 0)
(0.085 0.27 0)
(0.09 0.27 0)
(0.095 0.27 0)
(0.1 0.27 0)
(0 0.285 0)
(0.005 0.285 0)
(0.01 0.285 0)
(0.015 0.285 0)
(0.02 0.285 0)
(0.025 0.285 0)
(0.03 0.285 0)
(0.035 0.285 0)
(0.04 0.285 0)
(0.045 0.285 0)
(0.05 0.285 0)
(0.055 0.285 0)
(0.06 0.285 0)
(0.065 0.285 0)
(0.07 0.285 0)
(0.075 0.285 0)
(0.08 0.285 0)
(0.085 0.285 0)
(0.09 0.285 0)
(0.095 0.285 0)
(0.1 0.285 0)
(0 0.3 0)
(0.005 0.3 0)
(0.01 0.3 0)
(0.015 0.3 0)
(0.02 0.3 0)
(0.025 0.3 0)
(0.03 0.3 0)
(0.035 0.3 0)
(0.04 0.3 0)
(0.045 0.3 0)
(0.05 0.3 0)
(0.055 0.3 0)
(0.06 0.3 0)
(0.065 0.3 0)
(0.07 0.3 0)
(0.075 0.3 0)
(0.08 0.3 0)
(0.085 0.3 0)
(0.09 0.3 0)
(0.095 0.3 0)
(0.1 0.3 0)
(0 0 1)
(0.005 0 1)
(0.01 0 1)
(0.015 0 1)
(0.02 0 1)
(0.025 0 1)
(0.03 0 1)
(0.035 0 1)
(0.04 0 1)
(0.045 0 1)
(0.05 0 1)
(0.055 0 1)
(0.06 0 1)
(0.065 0 1)
(0.07 0 1)
(0.075 0 1)
(0.08 0 1)
(0.085 0 1)
(0.09 0 1)
(0.095 0 1)
(0.1 0 1)
(0 0.015 1)
(0.005 0.015 1)
(0.01 0.015 1)
(0.015 0.015 1)
(0.02 0.015 1)
(0.025 0.015 1)
(0.03 0.015 1)
(0.035 0.015 1)
(0.04 0.015 1)
(0.045 0.015 1)
(0.05 0.015 1)
(0.055 0.015 1)
(0.06 0.015 1)
(0.065 0.015 1)
(0.07 0.015 1)
(0.075 0.015 1)
(0.08 0.015 1)
(0.085 0.015 1)
(0.09 0.015 1)
(0.095 0.015 1)
(0.1 0.015 1)
(0 0.03 1)
(0.005 0.03 1)
(0.01 0.03 1)
(0.015 0.03 1)
(0.02 0.03 1)
(0.025 0.03 1)
(0.03 0.03 1)
(0.035 0.03 1)
(0.04 0.03 1)
(0.045 0.03 1)
(0.05 0.03 1)
(0.055 0.03 1)
(0.06 0.03 1)
(0.065 0.03 1)
(0.07 0.03 1)
(0.075 0.03 1)
(0.08 0.03 1)
(0.085 0.03 1)
(0.09 0.03 1)
(0.095 0.03 1)
(0.1 0.03 1)
(0 0.045 1)
(0.005 0.045 1)
(0.01 0.045 1)
(0.015 0.045 1)
(0.02 0.045 1)
(0.025 0.045 1)
(0.03 0.045 1)
(0.035 0.045 1)
(0.04 0.045 1)
(0.045 0.045 1)
(0.05 0.045 1)
(0.055 0.045 1)
(0.06 0.045 1)
(0.065 0.045 1)
(0.07 0.045 1)
(0.075 0.045 1)
(0.08 0.045 1)
(0.085 0.045 1)
(0.09 0.045 1)
(0.095 0.045 1)
(0.1 0.045 1)
(0 0.06 1)
(0.005 0.06 1)
(0.01 0.06 1)
(0.015 0.06 1)
(0.02 0.06 1)
(0.025 0.06 1)
(0.03 0.06 1)
(0.035 0.06 1)
(0.04 0.06 1)
(0.045 0.06 1)
(0.05 0.06 1)
(0.055 0.06 1)
(0.06 0.06 1)
(0.065 0.06 1)
(0.07 0.06 1)
(0.075 0.06 1)
(0.08 0.06 1)
(0.085 0.06 1)
(0.09 0.06 1)
(0.095 0.06 1)
(0.1 0.06 1)
(0 0.075 1)
(0.005 0.075 1)
(0.01 0.075 1)
(0.015 0.075 1)
(0.02 0.075 1)
(0.025 0.075 1)
(0.03 0.075 1)
(0.035 0.075 1)
(0.04 0.075 1)
(0.045 0.075 1)
(0.05 0.075 1)
(0.055 0.075 1)
(0.06 0.075 1)
(0.065 0.075 1)
(0.07 0.075 1)
(0.075 0.075 1)
(0.08 0.075 1)
(0.085 0.075 1)
(0.09 0.075 1)
(0.095 0.075 1)
(0.1 0.075 1)
(0 0.09 1)
(0.005 0.09 1)
(0.01 0.09 1)
(0.015 0.09 1)
(0.02 0.09 1)
(0.025 0.09 1)
(0.03 0.09 1)
(0.035 0.09 1)
(0.04 0.09 1)
(0.045 0.09 1)
(0.05 0.09 1)
(0.055 0.09 1)
(0.06 0.09 1)
(0.065 0.09 1)
(0.07 0.09 1)
(0.075 0.09 1)
(0.08 0.09 1)
(0.085 0.09 1)
(0.09 0.09 1)
(0.095 0.09 1)
(0.1 0.09 1)
(0 0.105 1)
(0.005 0.105 1)
(0.01 0.105 1)
(0.015 0.105 1)
(0.02 0.105 1)
(0.025 0.105 1)
(0.03 0.105 1)
(0.035 0.105 1)
(0.04 0.105 1)
(0.045 0.105 1)
(0.05 0.105 1)
(0.055 0.105 1)
(0.06 0.105 1)
(0.065 0.105 1)
(0.07 0.105 1)
(0.075 0.105 1)
(0.08 0.105 1)
(0.085 0.105 1)
(0.09 0.105 1)
(0.095 0.105 1)
(0.1 0.105 1)
(0 0.12 1)
(0.005 0.12 1)
(0.01 0.12 1)
(0.015 0.12 1)
(0.02 0.12 1)
(0.025 0.12 1)
(0.03 0.12 1)
(0.035 0.12 1)
(0.04 0.12 1)
(0.045 0.12 1)
(0.05 0.12 1)
(0.055 0.12 1)
(0.06 0.12 1)
(0.065 0.12 1)
(0.07 0.12 1)
(0.075 0.12 1)
(0.08 0.12 1)
(0.085 0.12 1)
(0.09 0.12 1)
(0.095 0.12 1)
(0.1 0.12 1)
(0 0.135 1)
(0.005 0.135 1)
(0.01 0.135 1)
(0.015 0.135 1)
(0.02 0.135 1)
(0.025 0.135 1)
(0.03 0.135 1)
(0.035 0.135 1)
(0.04 0.135 1)
(0.045 0.135 1)
(0.05 0.135 1)
(0.055 0.135 1)
(0.06 0.135 1)
(0.065 0.135 1)
(0.07 0.135 1)
(0.075 0.135 1)
(0.08 0.135 1)
(0.085 0.135 1)
(0.09 0.135 1)
(0.095 0.135 1)
(0.1 0.135 1)
(0 0.15 1)
(0.005 0.15 1)
(0.01 0.15 1)
(0.015 0.15 1)
(0.02 0.15 1)
(0.025 0.15 1)
(0.03 0.15 1)
(0.035 0.15 1)
(0.04 0.15 1)
(0.045 0.15 1)
(0.05 0.15 1)
(0.055 0.15 1)
(0.06 0.15 1)
(0.065 0.15 1)
(0.07 0.15 1)
(0.075 0.15 1)
(0.08 0.15 1)
(0.085 0.15 1)
(0.09 0.15 1)
(0.095 0.15 1)
(0.1 0.15 1)
(0 0.165 1)
(0.005 0.165 1)
(0.01 0.165 1)
(0.015 0.165 1)
(0.02 0.165 1)
(0.025 0.165 1)
(0.03 0.165 1)
(0.035 0.165 1)
(0.04 0.165 1)
(0.045 0.165 1)
(0.05 0.165 1)
(0.055 0.165 1)
(0.06 0.165 1)
(0.065 0.165 1)
(0.07 0.165 1)
(0.075 0.165 1)
(0.08 0.165 1)
(0.085 0.165 1)
(0.09 0.165 1)
(0.095 0.165 1)
(0.1 0.165 1)
(0 0.18 1)
(0.005 0.18 1)
(0.01 0.18 1)
(0.015 0.18 1)
(0.02 0.18 1)
(0.025 0.18 1)
(0.03 0.18 1)
(0.035 0.18 1)
(0.04 0.18 1)
(0.045 0.18 1)
(0.05 0.18 1)
(0.055 0.18 1)
(0.06 0.18 1)
(0.065 0.18 1)
(0.07 0.18 1)
(0.075 0.18 1)
(0.08 0.18 1)
(0.085 0.18 1)
(0.09 0.18 1)
(0.095 0.18 1)
(0.1 0.18 1)
(0 0.195 1)
(0.005 0.195 1)
(0.01 0.195 1)
(0.015 0.195 1)
(0.02 0.195 1)
(0.025 0.195 1)
(0.03 0.195 1)
(0.035 0.195 1)
(0.04 0.195 1)
(0.045 0.195 1)
(0.05 0.195 1)
(0.055 0.195 1)
(0.06 0.195 1)
(0.065 0.195 1)
(0.07 0.195 1)
(0.075 0.195 1)
(0.08 0.195 1)
(0.085 0.195 1)
(0.09 0.195 1)
(0.095 0.195 1)
(0.1 0.195 1)
(0 0.21 1)
(0.005 0.21 1)
(0.01 0.21 1)
(0.015 0.21 1)
(0.02 0.21 1)
(0.025 0.21 1)
(0.03 0.21 1)
(0.035 0.21 1)
(0.04 0.21 1)
(0.045 0.21 1)
(0.05 0.21 1)
(0.055 0.21 1)
(0.06 0.21 1)
(0.065 0.21 1)
(0.07 0.21 1)
(0.075 0.21 1)
(0.08 0.21 1)
(0.085 0.21 1)
(0.09 0.21 1)
(0.095 0.21 1)
(0.1 0.21 1)
(0 0.225 1)
(0.005 0.225 1)
(0.01 0.225 1)
(0.015 0.225 1)
(0.02 0.225 1)
(0.025 0.225 1)
(0.03 0.225 1)
(0.035 0.225 1)
(0.04 0.225 1)
(0.045 0.225 1)
(0.05 0.225 1)
(0.055 0.225 1)
(0.06 0.225 1)
(0.065 0.225 1)
(0.07 0.225 1)
(0.075 0.225 1)
(0.08 0.225 1)
(0.085 0.225 1)
(0.09 0.225 1)
(0.095 0.225 1)
(0.1 0.225 1)
(0 0.24 1)
(0.005 0.24 1)
(0.01 0.24 1)
(0.015 0.24 1)
(0.02 0.24 1)
(0.025 0.24 1)
(0.03 0.24 1)
(0.035 0.24 1)
(0.04 0.24 1)
(0.045 0.24 1)
(0.05 0.24 1)
(0.055 0.24 1)
(0.06 0.24 1)
(0.065 0.24 1)
(0.07 0.24 1)
(0.075 0.24 1)
(0.08 0.24 1)
(0.085 0.24 1)
(0.09 0.24 1)
(0.095 0.24 1)
(0.1 0.24 1)
(0 0.255 1)
(0.005 0.255 1)
(0.01 0.255 1)
(0.015 0.255 1)
(0.02 0.255 1)
(0.025 0.255 1)
(0.03 0.255 1)
(0.035 0.255 1)
(0.04 0.255 1)
(0.045 0.255 1)
(0.05 0.255 1)
(0.055 0.255 1)
(0.06 0.255 1)
(0.065 0.255 1)
(0.07 0.255 1)
(0.075 0.255 1)
(0.08 0.255 1)
(0.085 0.255 1)
(0.09 0.255 1)
(0.095 0.255 1)
(0.1 0.255 1)
(0 0.27 1)
(0.005 0.27 1)
(0.01 0.27 1)
(0.015 0.27 1)
(0.02 0.27 1)
(0.025 0.27 1)
(0.03 0.27 1)
(0.035 0.27 1)
(0.04 0.27 1)
(0.045 0.27 1)
(0.05 0.27 1)
(0.055 0.27 1)
(0.06 0.27 1)
(0.065 0.27 1)
(0.07 0.27 1)
(0.075 0.27 1)
(0.08 0.27 1)
(0.085 0.27 1)
(0.09 0.27 1)
(0.095 0.27 1)
(0.1 0.27 1)
(0 0.285 1)
(0.005 0.285 1)
(0.01 0.285 1)
(0.015 0.285 1)
(0.02 0.285 1)
(0.025 0.285 1)
(0.03 0.285 1)
(0.035 0.285 1)
(0.04 0.285 1)
(0.045 0.285 1)
(0.05 0.285 1)
(0.055 0.285 1)
(0.06 0.285 1)
(0.065 0.285 1)
(0.07 0.285 1)
(0.075 0.285 1)
(0.08 0.285 1)
(0.085 0.285 1)
(0.09 0.285 1)
(0.095 0.285 1)
(0.1 0.285 1)
(0 0.3 1)
(0.005 0.3 1)
(0.01 0.3 1)
(0.015 0.3 1)
(0.02 0.3 1)
(0.025 0.3 1)
(0.03 0.3 1)
(0.035 0.3 1)
(0.04 0.3 1)
(0.045 0.3 1)
(0.05 0.3 1)
(0.055 0.3 1)
(0.06 0.3 1)
(0.065 0.3 1)
(0.07 0.3 1)
(0.075 0.3 1)
(0.08 0.3 1)
(0.085 0.3 1)
(0.09 0.3 1)
(0.095 0.3 1)
(0.1 0.3 1)
)


// ************************************************************************* //
