/*--------------------------------*- C++ -*----------------------------------*\
  =========                 |
  \\      /  F ield         | OpenFOAM: The Open Source CFD Toolbox
   \\    /   O peration     | Website:  https://openfoam.org
    \\  /    A nd           | Version:  8
     \\/     M anipulation  |
\*---------------------------------------------------------------------------*/
FoamFile
{
    version     2.0;
    format      ascii;
    class       volScalarField;
    location    "50";
    object      epsilon;
}
// * * * * * * * * * * * * * * * * * * * * * * * * * * * * * * * * * * * * * //

dimensions      [0 2 -3 0 0 0 0];

internalField   nonuniform List<scalar> 
7320
(
10787.1
16924.4
22368.1
23078.1
22599.5
22237.2
22013.4
21883.7
21807.8
21771
21764.2
21772.2
21785.5
21796.8
21805.2
21807.5
21804.1
21794.3
21787.5
21776.5
21764.3
21751.2
21742
21732.1
21722.4
21709.5
21708
21702.2
21695.8
21688.5
21686.7
21683
21678.5
21665
21672.6
21671.9
21668.6
21660.1
21663.1
21661.7
21658.2
21639.8
21654.2
21657.4
21655.7
21643.7
21651.3
21652.2
21648.3
21625.3
21644.8
21650.7
21649.6
21633.1
21645.1
21648.1
21644.2
21619.7
21644.4
21653.6
21653.4
21633.5
21648
21649
21645.5
21623.1
21653.8
21665.2
21665.1
21642.7
21660.4
21659.1
21655.5
21636.7
21672.7
21683.8
21682.7
21663.2
21684.8
21681.7
21677.4
21661.9
21699.2
21706.8
21704.7
21688.9
21712.6
21709.1
21705.8
21694.8
21731.2
21736.2
21733.7
21721.4
21741.8
21739.4
21737.9
21730.6
21760.8
21764
21763.6
21756.6
21772.4
21772.5
21773.2
21770.3
21789.6
21793.4
21795.7
21794.6
21803.4
21805.9
21808.9
21811.3
21814.2
21818.3
21823.6
21828.4
21825
21828.5
21830.7
21835.3
3016.32
5590.08
7649.75
7885.25
7701.71
7560.76
7472.95
7420.17
7387.15
7368.24
7360.38
7357.88
7357.74
7357.58
7357.27
7355.33
7352.04
7347.03
7343.78
7339.09
7334.23
7329.2
7325.89
7322.31
7318.83
7314.3
7314.04
7311.99
7309.76
7307.19
7306.7
7305.42
7303.91
7299.06
7302.05
7301.8
7300.65
7297.6
7298.8
7298.34
7297.19
7290.46
7295.83
7296.95
7296.37
7291.99
7294.82
7295.18
7293.84
7285.41
7292.57
7294.67
7294.31
7288.23
7292.65
7293.71
7292.33
7283.26
7292.34
7295.57
7295.56
7288.18
7293.52
7293.81
7292.49
7284.1
7295.3
7299.33
7299.32
7291.01
7297.53
7296.93
7295.51
7288.36
7301.46
7305.32
7304.86
7297.58
7305.52
7304.21
7302.53
7296.58
7310.17
7312.73
7311.91
7305.94
7314.61
7313.11
7311.79
7307.49
7320.77
7322.4
7321.42
7316.76
7324.23
7323.14
7322.45
7319.54
7330.54
7331.48
7331.23
7328.49
7334.24
7334.08
7334.19
7332.91
7339.89
7341.09
7341.78
7341.22
7344.37
7345.13
7346.08
7346.78
7347.74
7349.13
7350.93
7352.59
7351.26
7352.54
7353.48
7354.97
1162.34
3278.17
4487.6
4589.61
4461.37
4365.36
4305.11
4267.75
4243.23
4227.69
4219.26
4214.36
4211.33
4208.78
4206.68
4203.98
4200.88
4197.08
4194.65
4191.44
4188.27
4185.11
4183.1
4180.94
4178.88
4176.2
4176.16
4174.95
4173.64
4172.14
4171.92
4171.21
4170.36
4167.46
4169.36
4169.21
4168.54
4166.73
4167.52
4167.29
4166.65
4162.53
4165.84
4166.5
4166.16
4163.5
4165.27
4165.53
4164.78
4159.58
4163.97
4165.22
4165.03
4161.28
4164.02
4164.67
4163.85
4158.21
4163.76
4165.69
4165.73
4161.16
4164.47
4164.61
4163.77
4158.49
4165.32
4167.73
4167.75
4162.59
4166.64
4166.19
4165.25
4160.67
4168.65
4170.93
4170.63
4166.07
4170.99
4170.09
4168.98
4165.13
4173.43
4174.89
4174.36
4170.6
4175.92
4174.88
4174
4171.17
4179.28
4180.18
4179.58
4176.62
4181.2
4180.41
4179.92
4177.97
4184.67
4185.13
4184.94
4183.16
4186.66
4186.45
4186.44
4185.52
4189.74
4190.38
4190.73
4190.3
4192.18
4192.56
4193.07
4193.41
4193.95
4194.74
4195.75
4196.72
4195.89
4196.68
4197.32
4198.13
607.592
2330.1
3148.3
3190.98
3087.58
3012.74
2965.99
2936.7
2917.14
2904.3
2896.79
2891.97
2888.7
2886
2883.88
2881.46
2878.92
2876
2874.19
2871.82
2869.53
2867.28
2865.92
2864.41
2862.99
2861.13
2861.21
2860.37
2859.46
2858.42
2858.35
2857.88
2857.32
2855.26
2856.72
2856.6
2856.13
2854.86
2855.5
2855.36
2854.95
2851.97
2854.41
2854.85
2854.62
2852.71
2854.04
2854.24
2853.74
2849.97
2853.17
2854.03
2853.91
2851.19
2853.21
2853.68
2853.09
2848.97
2852.99
2854.33
2854.38
2851.06
2853.48
2853.55
2852.92
2849.02
2853.93
2855.61
2855.64
2851.89
2854.84
2854.47
2853.72
2850.29
2856
2857.58
2857.35
2854.01
2857.59
2856.87
2856.01
2853.09
2859.03
2860.02
2859.62
2856.83
2860.67
2859.85
2859.15
2856.97
2862.78
2863.37
2862.92
2860.73
2864.02
2863.37
2862.95
2861.42
2866.21
2866.47
2866.31
2864.95
2867.44
2867.22
2867.14
2866.37
2869.37
2869.76
2869.97
2869.59
2870.9
2871.11
2871.42
2871.6
2871.95
2872.45
2873.12
2873.78
2873.17
2873.74
2874.24
2874.83
397.696
1820.06
2425.15
2438.23
2350.42
2289
2251.23
2227.71
2212.05
2201.76
2195.76
2191.9
2189.34
2187.28
2185.75
2183.98
2182.12
2179.97
2178.74
2176.98
2175.28
2173.6
2172.66
2171.54
2170.5
2169.09
2169.28
2168.64
2167.96
2167.17
2167.2
2166.85
2166.45
2164.86
2166.1
2166
2165.65
2164.66
2165.24
2165.15
2164.85
2162.52
2164.5
2164.81
2164.63
2163.14
2164.26
2164.42
2164.05
2161.08
2163.65
2164.27
2164.18
2162.03
2163.67
2164.02
2163.57
2160.31
2163.49
2164.48
2164.52
2161.91
2163.85
2163.88
2163.35
2160.23
2164.08
2165.34
2165.36
2162.41
2164.76
2164.41
2163.77
2160.97
2165.42
2166.59
2166.4
2163.76
2166.57
2165.96
2165.23
2162.83
2167.45
2168.16
2167.83
2165.61
2168.6
2167.9
2167.29
2165.47
2169.98
2170.4
2170.03
2168.28
2170.83
2170.26
2169.87
2168.57
2172.28
2172.43
2172.26
2171.15
2173.06
2172.83
2172.71
2172.02
2174.32
2174.56
2174.68
2174.33
2175.31
2175.42
2175.61
2175.69
2175.94
2176.27
2176.74
2177.21
2176.73
2177.17
2177.58
2178.1
298.903
1511.97
1995.26
1993.24
1916.26
1864.25
1833.08
1814.07
1801.67
1793.76
1789.48
1786.93
1785.45
1784.35
1783.67
1782.67
1781.54
1780.09
1779.39
1778.13
1776.88
1775.61
1774.98
1774.12
1773.33
1772.21
1772.49
1771.98
1771.44
1770.79
1770.91
1770.63
1770.33
1769.02
1770.16
1770.07
1769.78
1768.96
1769.54
1769.46
1769.24
1767.29
1769.03
1769.26
1769.11
1767.86
1768.87
1769
1768.71
1766.24
1768.44
1768.91
1768.82
1767.03
1768.46
1768.73
1768.34
1765.61
1768.3
1769.06
1769.1
1766.93
1768.58
1768.57
1768.1
1765.45
1768.66
1769.65
1769.66
1767.21
1769.19
1768.86
1768.27
1765.87
1769.53
1770.45
1770.27
1768.06
1770.4
1769.86
1769.2
1767.11
1770.9
1771.45
1771.15
1769.28
1771.73
1771.11
1770.54
1768.95
1772.63
1772.95
1772.63
1771.15
1773.23
1772.72
1772.33
1771.17
1774.19
1774.27
1774.1
1773.14
1774.68
1774.43
1774.28
1773.64
1775.49
1775.64
1775.69
1775.35
1776.13
1776.16
1776.27
1776.28
1776.46
1776.67
1777.01
1777.36
1776.96
1777.31
1777.66
1778.19
243.928
1316.83
1732.19
1722.82
1653.48
1608.25
1582.14
1566.77
1557.19
1551.49
1548.97
1547.9
1547.7
1547.72
1548.03
1547.89
1547.52
1546.72
1546.56
1545.73
1544.86
1543.89
1543.52
1542.86
1542.25
1541.31
1541.69
1541.26
1540.82
1540.25
1540.45
1540.22
1539.98
1538.84
1539.95
1539.86
1539.62
1538.9
1539.5
1539.43
1539.25
1537.55
1539.16
1539.32
1539.19
1538.09
1539.06
1539.16
1538.92
1536.76
1538.76
1539.12
1539.03
1537.46
1538.77
1538.98
1538.63
1536.24
1538.64
1539.24
1539.26
1537.37
1538.86
1538.82
1538.38
1536.03
1538.84
1539.63
1539.63
1537.52
1539.25
1538.94
1538.37
1536.21
1539.37
1540.11
1539.94
1538.02
1540.04
1539.55
1538.91
1537.03
1540.27
1540.71
1540.42
1538.78
1540.88
1540.31
1539.76
1538.3
1541.44
1541.69
1541.4
1540.09
1541.86
1541.38
1540.98
1539.9
1542.46
1542.5
1542.32
1541.45
1542.75
1542.49
1542.3
1541.67
1543.23
1543.31
1543.32
1542.97
1543.61
1543.59
1543.64
1543.59
1543.72
1543.84
1544.09
1544.36
1544.01
1544.3
1544.6
1545.18
209.212
1192.44
1574.96
1562.65
1498.54
1458.19
1436.01
1423.69
1416.61
1413
1412.3
1412.82
1414.05
1415.34
1416.78
1417.58
1418
1417.87
1418.25
1417.85
1417.32
1416.61
1416.48
1415.97
1415.5
1414.69
1415.18
1414.81
1414.43
1413.91
1414.18
1413.98
1413.79
1412.75
1413.88
1413.78
1413.57
1412.9
1413.54
1413.47
1413.32
1411.78
1413.34
1413.45
1413.33
1412.31
1413.28
1413.36
1413.14
1411.2
1413.08
1413.37
1413.28
1411.85
1413.09
1413.25
1412.93
1410.76
1412.98
1413.48
1413.47
1411.77
1413.16
1413.09
1412.66
1410.51
1413.06
1413.73
1413.7
1411.81
1413.39
1413.08
1412.51
1410.51
1413.34
1413.95
1413.78
1412.05
1413.86
1413.4
1412.77
1411.01
1413.89
1414.24
1413.96
1412.47
1414.33
1413.8
1413.24
1411.86
1414.63
1414.84
1414.55
1413.36
1414.91
1414.45
1414.03
1413
1415.25
1415.25
1415.06
1414.24
1415.37
1415.1
1414.87
1414.25
1415.6
1415.63
1415.6
1415.24
1415.78
1415.71
1415.72
1415.63
1415.71
1415.76
1415.94
1416.15
1415.83
1416.08
1416.34
1416.99
184.735
1115.4
1489.96
1477.54
1416.76
1379.79
1360.72
1351.02
1346.24
1344.68
1345.89
1348.15
1350.98
1353.7
1356.41
1358.28
1359.59
1360.16
1361.15
1361.18
1360.99
1360.54
1360.63
1360.27
1359.92
1359.2
1359.81
1359.48
1359.16
1358.66
1359.01
1358.82
1358.66
1357.68
1358.85
1358.75
1358.56
1357.91
1358.6
1358.54
1358.4
1356.95
1358.52
1358.6
1358.47
1357.5
1358.49
1358.55
1358.35
1356.53
1358.38
1358.6
1358.5
1357.16
1358.38
1358.5
1358.19
1356.16
1358.29
1358.71
1358.68
1357.1
1358.43
1358.34
1357.91
1355.88
1358.27
1358.84
1358.8
1357.05
1358.53
1358.23
1357.65
1355.73
1358.35
1358.88
1358.69
1357.09
1358.76
1358.32
1357.68
1355.99
1358.62
1358.92
1358.63
1357.24
1358.93
1358.42
1357.84
1356.52
1359.03
1359.2
1358.91
1357.79
1359.2
1358.74
1358.3
1357.29
1359.32
1359.29
1359.08
1358.3
1359.31
1359.02
1358.76
1358.13
1359.34
1359.32
1359.25
1358.88
1359.35
1359.24
1359.21
1359.07
1359.12
1359.12
1359.25
1359.4
1359.1
1359.32
1359.54
1360.28
165.436
1070.85
1456.61
1446.24
1387.29
1352.51
1335.91
1328.53
1325.94
1326.47
1329.71
1333.89
1338.52
1342.89
1347.06
1350.16
1352.48
1353.85
1355.52
1356.03
1356.22
1356.03
1356.37
1356.15
1355.92
1355.28
1356.01
1355.73
1355.44
1354.96
1355.37
1355.19
1355.05
1354.1
1355.34
1355.24
1355.06
1354.41
1355.17
1355.1
1354.96
1353.57
1355.17
1355.23
1355.1
1354.15
1355.18
1355.22
1355.02
1353.28
1355.14
1355.32
1355.2
1353.9
1355.13
1355.22
1354.91
1352.97
1355.07
1355.42
1355.36
1353.86
1355.17
1355.06
1354.62
1352.66
1354.97
1355.47
1355.4
1353.74
1355.17
1354.86
1354.27
1352.4
1354.87
1355.33
1355.13
1353.61
1355.19
1354.77
1354.11
1352.46
1354.92
1355.18
1354.87
1353.54
1355.12
1354.62
1354.02
1352.72
1355.05
1355.2
1354.9
1353.83
1355.13
1354.68
1354.2
1353.2
1355.08
1355.03
1354.79
1354.03
1354.95
1354.64
1354.34
1353.71
1354.8
1354.75
1354.65
1354.27
1354.67
1354.53
1354.46
1354.29
1354.31
1354.25
1354.34
1354.45
1354.16
1354.36
1354.56
1355.37
148.4
1047.91
1460.71
1454.59
1396.34
1362.75
1348.09
1342.82
1342.39
1345.07
1350.5
1356.81
1363.49
1369.73
1375.6
1380.11
1383.61
1385.92
1388.37
1389.45
1390.06
1390.17
1390.78
1390.72
1390.62
1390.05
1390.91
1390.68
1390.42
1389.94
1390.43
1390.26
1390.13
1389.19
1390.51
1390.41
1390.23
1389.57
1390.39
1390.31
1390.18
1388.82
1390.48
1390.52
1390.38
1389.42
1390.5
1390.53
1390.32
1388.64
1390.53
1390.68
1390.54
1389.26
1390.5
1390.58
1390.25
1388.37
1390.47
1390.78
1390.69
1389.23
1390.54
1390.42
1389.97
1388.04
1390.31
1390.75
1390.65
1389.06
1390.45
1390.15
1389.53
1387.68
1390.08
1390.48
1390.26
1388.8
1390.31
1389.89
1389.21
1387.58
1389.93
1390.15
1389.83
1388.55
1390.05
1389.55
1388.92
1387.63
1389.83
1389.97
1389.65
1388.61
1389.84
1389.38
1388.88
1387.87
1389.64
1389.57
1389.31
1388.55
1389.4
1389.09
1388.76
1388.1
1389.12
1389.04
1388.9
1388.5
1388.86
1388.69
1388.6
1388.39
1388.38
1388.29
1388.34
1388.41
1388.12
1388.3
1388.47
1389.36
131.848
1037.37
1490.93
1491.79
1433.6
1400.38
1387.2
1383.86
1385.57
1390.5
1398.28
1406.95
1415.92
1424.29
1432.1
1438.27
1443.13
1446.52
1449.88
1451.63
1452.74
1453.21
1454.12
1454.25
1454.29
1453.81
1454.81
1454.63
1454.41
1453.93
1454.48
1454.32
1454.19
1453.25
1454.65
1454.57
1454.39
1453.71
1454.57
1454.5
1454.36
1453.02
1454.73
1454.77
1454.62
1453.65
1454.77
1454.79
1454.57
1452.92
1454.85
1454.99
1454.83
1453.55
1454.82
1454.88
1454.54
1452.68
1454.81
1455.09
1454.97
1453.53
1454.85
1454.72
1454.25
1452.35
1454.6
1455
1454.87
1453.32
1454.69
1454.39
1453.75
1451.92
1454.26
1454.63
1454.38
1452.95
1454.41
1454.01
1453.31
1451.69
1453.96
1454.16
1453.81
1452.56
1454
1453.51
1452.85
1451.56
1453.68
1453.8
1453.46
1452.44
1453.62
1453.16
1452.63
1451.62
1453.3
1453.22
1452.93
1452.18
1452.98
1452.66
1452.3
1451.62
1452.58
1452.48
1452.31
1451.9
1452.22
1452.03
1451.9
1451.67
1451.63
1451.51
1451.53
1451.57
1451.27
1451.44
1451.6
1452.54
114.789
1030.43
1536.75
1548.46
1490.29
1456.8
1444.7
1443.13
1446.95
1454.21
1464.5
1475.73
1487.22
1497.98
1507.97
1516.01
1522.44
1527.1
1531.5
1534.04
1535.74
1536.63
1537.88
1538.26
1538.46
1538.08
1539.22
1539.11
1538.94
1538.46
1539.06
1538.91
1538.79
1537.85
1539.31
1539.24
1539.06
1538.36
1539.27
1539.19
1539.04
1537.71
1539.48
1539.52
1539.36
1538.37
1539.52
1539.54
1539.31
1537.68
1539.65
1539.79
1539.6
1538.32
1539.61
1539.65
1539.31
1537.47
1539.62
1539.9
1539.74
1538.32
1539.63
1539.5
1539.02
1537.14
1539.38
1539.76
1539.6
1538.07
1539.43
1539.14
1538.48
1536.67
1538.96
1539.3
1539.03
1537.63
1539.05
1538.67
1537.95
1536.34
1538.54
1538.73
1538.36
1537.13
1538.52
1538.04
1537.37
1536.09
1538.12
1538.23
1537.88
1536.88
1538.02
1537.57
1537.01
1536
1537.61
1537.52
1537.21
1536.46
1537.23
1536.9
1536.51
1535.83
1536.73
1536.62
1536.43
1536
1536.29
1536.08
1535.94
1535.69
1535.62
1535.47
1535.48
1535.49
1535.18
1535.33
1535.48
1536.45
96.92
1018.2
1587.28
1615.35
1558.09
1523.99
1512.61
1512.63
1518.54
1528.17
1541.06
1554.99
1569.2
1582.56
1594.95
1605.09
1613.28
1619.37
1624.95
1628.41
1630.79
1632.18
1633.83
1634.48
1634.89
1634.64
1635.91
1635.9
1635.78
1635.32
1635.96
1635.82
1635.7
1634.76
1636.27
1636.22
1636.04
1635.31
1636.24
1636.17
1636.01
1634.69
1636.49
1636.56
1636.38
1635.37
1636.54
1636.56
1636.31
1634.7
1636.7
1636.86
1636.64
1635.36
1636.65
1636.69
1636.33
1634.53
1636.68
1636.96
1636.77
1635.36
1636.67
1636.55
1636.06
1634.21
1636.42
1636.79
1636.6
1635.1
1636.43
1636.16
1635.5
1633.71
1635.96
1636.29
1635.99
1634.62
1636
1635.63
1634.91
1633.33
1635.47
1635.65
1635.26
1634.05
1635.4
1634.94
1634.26
1633
1634.97
1635.07
1634.7
1633.73
1634.82
1634.38
1633.81
1632.81
1634.37
1634.27
1633.94
1633.21
1633.94
1633.61
1633.21
1632.53
1633.38
1633.26
1633.06
1632.62
1632.88
1632.67
1632.51
1632.25
1632.15
1631.99
1631.98
1631.97
1631.65
1631.79
1631.93
1632.89
78.5831
991.762
1630.69
1682.76
1628.57
1593.96
1583.07
1584.51
1592.43
1604.41
1619.93
1636.64
1653.68
1669.78
1684.72
1697.12
1707.25
1714.94
1721.81
1726.29
1729.46
1731.43
1733.53
1734.52
1735.15
1735.07
1736.48
1736.58
1736.52
1736.09
1736.75
1736.65
1736.53
1735.59
1737.11
1737.1
1736.92
1736.18
1737.1
1737.04
1736.87
1735.57
1737.37
1737.46
1737.27
1736.26
1737.41
1737.43
1737.17
1735.6
1737.59
1737.77
1737.54
1736.27
1737.53
1737.57
1737.21
1735.44
1737.58
1737.88
1737.66
1736.27
1737.55
1737.44
1736.95
1735.15
1737.33
1737.7
1737.48
1736.01
1737.3
1737.06
1736.41
1734.67
1736.86
1737.18
1736.87
1735.52
1736.85
1736.52
1735.8
1734.27
1736.34
1736.52
1736.12
1734.94
1736.24
1735.8
1735.12
1733.91
1735.8
1735.91
1735.53
1734.58
1735.64
1735.22
1734.65
1733.68
1735.17
1735.08
1734.74
1734.02
1734.71
1734.4
1734
1733.33
1734.14
1734.02
1733.81
1733.37
1733.61
1733.4
1733.24
1732.97
1732.85
1732.69
1732.67
1732.64
1732.31
1732.44
1732.57
1733.47
60.6424
943.008
1654.11
1740.25
1693.01
1658.68
1648.24
1650.97
1660.79
1675.06
1693.12
1712.59
1732.46
1751.34
1768.89
1783.67
1795.83
1805.22
1813.47
1819.09
1823.13
1825.76
1828.34
1829.71
1830.62
1830.74
1832.27
1832.51
1832.53
1832.15
1832.82
1832.75
1832.63
1831.72
1833.2
1833.24
1833.07
1832.33
1833.21
1833.16
1832.97
1831.71
1833.47
1833.6
1833.41
1832.4
1833.5
1833.54
1833.26
1831.74
1833.68
1833.9
1833.67
1832.42
1833.62
1833.67
1833.3
1831.61
1833.68
1834.01
1833.78
1832.42
1833.64
1833.56
1833.08
1831.35
1833.45
1833.83
1833.6
1832.17
1833.4
1833.19
1832.57
1830.91
1833.01
1833.34
1833.02
1831.72
1832.98
1832.68
1831.99
1830.54
1832.52
1832.71
1832.3
1831.17
1832.41
1832.01
1831.35
1830.19
1832
1832.11
1831.73
1830.82
1831.83
1831.45
1830.89
1829.97
1831.39
1831.31
1830.97
1830.28
1830.94
1830.64
1830.25
1829.62
1830.38
1830.27
1830.06
1829.64
1829.85
1829.65
1829.49
1829.23
1829.1
1828.95
1828.92
1828.88
1828.55
1828.66
1828.79
1829.58
44.233
866.016
1644.18
1776.58
1742.34
1710.09
1700.44
1704.44
1716.05
1732.45
1752.89
1774.97
1797.54
1819.13
1839.24
1856.37
1870.59
1881.74
1891.39
1898.19
1903.15
1906.51
1909.6
1911.4
1912.61
1912.98
1914.61
1915.01
1915.13
1914.82
1915.49
1915.45
1915.35
1914.48
1915.88
1915.96
1915.81
1915.08
1915.9
1915.86
1915.67
1914.46
1916.12
1916.3
1916.12
1915.14
1916.15
1916.2
1915.91
1914.47
1916.31
1916.57
1916.34
1915.14
1916.25
1916.32
1915.96
1914.35
1916.31
1916.68
1916.45
1915.14
1916.28
1916.22
1915.77
1914.14
1916.12
1916.53
1916.29
1914.92
1916.06
1915.9
1915.32
1913.77
1915.75
1916.1
1915.78
1914.54
1915.71
1915.45
1914.81
1913.46
1915.32
1915.53
1915.14
1914.07
1915.22
1914.87
1914.25
1913.18
1914.88
1915
1914.63
1913.78
1914.72
1914.39
1913.87
1913.02
1914.34
1914.29
1913.96
1913.31
1913.92
1913.67
1913.3
1912.71
1913.43
1913.34
1913.13
1912.74
1912.93
1912.75
1912.6
1912.35
1912.21
1912.08
1912.05
1912.01
1911.68
1911.76
1911.89
1912.54
30.3978
758.931
1588.23
1780
1767.3
1740.33
1732.38
1737.83
1751.17
1769.54
1792.1
1816.51
1841.52
1865.57
1888.02
1907.37
1923.55
1936.4
1947.4
1955.38
1961.28
1965.39
1969
1971.25
1972.79
1973.44
1975.16
1975.73
1975.97
1975.75
1976.39
1976.41
1976.32
1975.52
1976.8
1976.93
1976.79
1976.11
1976.82
1976.8
1976.6
1975.48
1976.99
1977.21
1977.05
1976.12
1977.02
1977.07
1976.79
1975.45
1977.13
1977.44
1977.23
1976.09
1977.09
1977.17
1976.82
1975.33
1977.13
1977.54
1977.32
1976.1
1977.11
1977.09
1976.67
1975.18
1977
1977.43
1977.2
1975.92
1976.94
1976.83
1976.31
1974.9
1976.73
1977.1
1976.8
1975.65
1976.69
1976.48
1975.9
1974.69
1976.4
1976.64
1976.28
1975.28
1976.33
1976.04
1975.48
1974.52
1976.08
1976.23
1975.88
1975.09
1975.96
1975.68
1975.21
1974.45
1975.67
1975.66
1975.35
1974.75
1975.31
1975.1
1974.77
1974.24
1974.9
1974.84
1974.65
1974.3
1974.47
1974.32
1974.18
1973.97
1973.82
1973.71
1973.69
1973.65
1973.33
1973.39
1973.52
1974
19.7416
625.795
1476.36
1738.76
1758.62
1741.92
1737.44
1744.9
1760.04
1780.22
1804.59
1830.95
1857.98
1884.1
1908.52
1929.77
1947.66
1962.05
1974.25
1983.32
1990.11
1994.94
1999.05
2001.75
2003.63
2004.57
2006.36
2007.11
2007.46
2007.36
2007.98
2008.04
2007.97
2007.26
2008.39
2008.56
2008.45
2007.82
2008.42
2008.41
2008.21
2007.19
2008.51
2008.77
2008.64
2007.78
2008.54
2008.6
2008.32
2007.11
2008.58
2008.93
2008.76
2007.72
2008.56
2008.65
2008.33
2007
2008.58
2009.03
2008.84
2007.72
2008.59
2008.59
2008.23
2006.9
2008.52
2008.97
2008.77
2007.6
2008.48
2008.41
2007.96
2006.73
2008.37
2008.76
2008.5
2007.45
2008.35
2008.2
2007.7
2006.64
2008.18
2008.45
2008.12
2007.23
2008.15
2007.93
2007.44
2006.61
2008.01
2008.19
2007.88
2007.18
2007.94
2007.73
2007.33
2006.67
2007.77
2007.8
2007.53
2007
2007.49
2007.34
2007.05
2006.6
2007.19
2007.18
2007.02
2006.7
2006.85
2006.74
2006.63
2006.45
2006.31
2006.23
2006.22
2006.18
2005.89
2005.92
2006.04
2006.34
12.2669
477.459
1304.41
1642.29
1707.28
1707.93
1709.91
1720.5
1737.79
1759.72
1785.6
1813.46
1841.99
1869.61
1895.46
1918.13
1937.34
1952.93
1966.06
1976.02
1983.56
1989.04
1993.58
1996.68
1998.88
2000.12
2001.95
2002.86
2003.34
2003.37
2003.95
2004.06
2004.03
2003.42
2004.37
2004.57
2004.5
2003.94
2004.41
2004.4
2004.21
2003.32
2004.42
2004.7
2004.6
2003.85
2004.44
2004.5
2004.24
2003.17
2004.41
2004.78
2004.65
2003.74
2004.41
2004.51
2004.22
2003.06
2004.4
2004.86
2004.72
2003.73
2004.43
2004.47
2004.16
2003.02
2004.4
2004.87
2004.71
2003.68
2004.39
2004.37
2004
2002.96
2004.38
2004.8
2004.59
2003.67
2004.41
2004.31
2003.89
2003.01
2004.35
2004.65
2004.39
2003.61
2004.39
2004.23
2003.83
2003.14
2004.37
2004.58
2004.32
2003.71
2004.36
2004.22
2003.89
2003.35
2004.31
2004.39
2004.17
2003.71
2004.14
2004.04
2003.82
2003.45
2003.97
2003.99
2003.87
2003.61
2003.74
2003.67
2003.59
2003.44
2003.32
2003.27
2003.27
2003.25
2002.98
2002.99
2003.1
2003.22
7.4783
330.426
1077.69
1483.16
1605.14
1632.17
1645.1
1660.83
1681.06
1704.91
1732.09
1761.02
1790.44
1818.91
1845.5
1868.93
1888.87
1905.19
1918.85
1929.39
1937.45
1943.41
1948.25
1951.67
1954.12
1955.63
1957.47
1958.51
1959.12
1959.27
1959.81
1959.97
1959.97
1959.49
1960.25
1960.46
1960.43
1959.96
1960.3
1960.29
1960.11
1959.36
1960.22
1960.5
1960.44
1959.81
1960.24
1960.28
1960.05
1959.15
1960.12
1960.5
1960.42
1959.65
1960.16
1960.24
1960
1959.03
1960.1
1960.56
1960.47
1959.65
1960.17
1960.22
1959.97
1959.05
1960.17
1960.63
1960.53
1959.65
1960.19
1960.2
1959.92
1959.1
1960.27
1960.7
1960.56
1959.79
1960.36
1960.31
1959.99
1959.29
1960.4
1960.73
1960.54
1959.9
1960.52
1960.43
1960.12
1959.59
1960.61
1960.86
1960.66
1960.15
1960.68
1960.61
1960.36
1959.95
1960.76
1960.89
1960.72
1960.35
1960.71
1960.66
1960.5
1960.22
1960.67
1960.73
1960.65
1960.45
1960.56
1960.53
1960.48
1960.38
1960.28
1960.25
1960.27
1960.26
1960.04
1960.02
1960.11
1960.07
4.66063
202.807
814.25
1260.47
1446.03
1509.44
1539.45
1563.43
1588.07
1614.44
1642.95
1672.61
1702.37
1730.95
1757.49
1780.9
1800.85
1817.26
1830.92
1841.6
1849.85
1856.04
1860.99
1864.59
1867.2
1868.91
1870.71
1871.84
1872.54
1872.82
1873.32
1873.52
1873.56
1873.2
1873.77
1873.98
1873.98
1873.61
1873.83
1873.81
1873.65
1873.04
1873.67
1873.93
1873.91
1873.41
1873.68
1873.71
1873.51
1872.79
1873.5
1873.84
1873.81
1873.21
1873.55
1873.62
1873.42
1872.66
1873.45
1873.88
1873.85
1873.19
1873.55
1873.6
1873.42
1872.71
1873.57
1874.01
1873.96
1873.27
1873.64
1873.67
1873.48
1872.86
1873.79
1874.21
1874.14
1873.54
1873.95
1873.93
1873.7
1873.18
1874.07
1874.41
1874.3
1873.8
1874.28
1874.24
1874.02
1873.64
1874.47
1874.73
1874.6
1874.21
1874.62
1874.6
1874.43
1874.14
1874.8
1874.97
1874.87
1874.59
1874.87
1874.87
1874.77
1874.58
1874.95
1875.05
1875.02
1874.89
1874.98
1874.98
1874.96
1874.9
1874.83
1874.83
1874.86
1874.87
1874.7
1874.67
1874.72
1874.56
3.13543
108.031
545.507
984.524
1228.17
1336.2
1390.55
1427.16
1458.58
1488.66
1518.96
1549.28
1578.96
1606.99
1632.67
1655.2
1674.34
1690.09
1703.13
1713.41
1721.42
1727.51
1732.34
1735.93
1738.56
1740.36
1742.07
1743.22
1743.98
1744.36
1744.82
1745.04
1745.11
1744.88
1745.27
1745.47
1745.49
1745.22
1745.34
1745.31
1745.17
1744.71
1745.11
1745.34
1745.35
1744.97
1745.13
1745.13
1744.96
1744.41
1744.88
1745.17
1745.18
1744.74
1744.94
1744.98
1744.84
1744.27
1744.81
1745.18
1745.2
1744.72
1744.93
1744.98
1744.85
1744.34
1744.96
1745.35
1745.36
1744.85
1745.08
1745.11
1744.99
1744.57
1745.26
1745.66
1745.66
1745.23
1745.5
1745.51
1745.36
1745.01
1745.68
1746.01
1745.98
1745.63
1745.97
1745.98
1745.85
1745.6
1746.23
1746.5
1746.45
1746.17
1746.47
1746.49
1746.4
1746.22
1746.74
1746.92
1746.89
1746.71
1746.92
1746.95
1746.91
1746.81
1747.1
1747.23
1747.24
1747.17
1747.25
1747.28
1747.29
1747.27
1747.23
1747.25
1747.3
1747.32
1747.2
1747.16
1747.18
1746.93
2.38253
49.3827
310.653
681.794
958.458
1112.28
1197.53
1252.04
1293.61
1329.42
1362.53
1393.89
1423.35
1450.36
1474.49
1495.32
1512.82
1527.16
1538.91
1548.23
1555.54
1561.16
1565.6
1568.96
1571.46
1573.23
1574.78
1575.88
1576.64
1577.08
1577.5
1577.73
1577.82
1577.7
1577.96
1578.11
1578.15
1577.98
1578.02
1577.98
1577.86
1577.53
1577.76
1577.92
1577.95
1577.7
1577.75
1577.74
1577.59
1577.2
1577.47
1577.69
1577.73
1577.43
1577.53
1577.55
1577.44
1577.04
1577.38
1577.67
1577.72
1577.41
1577.51
1577.54
1577.46
1577.13
1577.54
1577.86
1577.92
1577.58
1577.7
1577.73
1577.67
1577.42
1577.9
1578.25
1578.31
1578.04
1578.21
1578.22
1578.14
1577.94
1578.42
1578.72
1578.76
1578.55
1578.77
1578.81
1578.75
1578.62
1579.09
1579.34
1579.35
1579.19
1579.39
1579.44
1579.41
1579.33
1579.71
1579.91
1579.93
1579.83
1579.99
1580.05
1580.05
1580.02
1580.25
1580.39
1580.44
1580.42
1580.5
1580.55
1580.58
1580.6
1580.59
1580.62
1580.68
1580.72
1580.65
1580.62
1580.6
1580.32
2.05088
19.7201
142.685
395.922
658.794
844.837
962.59
1039.63
1095.27
1139.58
1177.28
1210.6
1240.18
1266.04
1288.2
1306.74
1321.97
1334.26
1344.2
1352.08
1358.3
1363.14
1366.96
1369.9
1372.12
1373.74
1375.1
1376.09
1376.8
1377.25
1377.63
1377.85
1377.96
1377.92
1378.08
1378.19
1378.24
1378.14
1378.14
1378.09
1377.99
1377.77
1377.87
1377.97
1378
1377.85
1377.84
1377.81
1377.7
1377.43
1377.55
1377.7
1377.74
1377.57
1377.59
1377.59
1377.51
1377.27
1377.45
1377.65
1377.72
1377.54
1377.57
1377.58
1377.54
1377.35
1377.6
1377.84
1377.93
1377.74
1377.79
1377.8
1377.78
1377.66
1377.99
1378.27
1378.37
1378.24
1378.33
1378.35
1378.32
1378.24
1378.56
1378.82
1378.9
1378.81
1378.96
1379.01
1379
1378.96
1379.29
1379.51
1379.57
1379.5
1379.64
1379.7
1379.72
1379.71
1379.99
1380.17
1380.24
1380.21
1380.33
1380.4
1380.44
1380.46
1380.64
1380.78
1380.86
1380.88
1380.96
1381.02
1381.07
1381.11
1381.13
1381.17
1381.24
1381.28
1381.26
1381.24
1381.21
1380.91
1.92457
7.45782
50.6287
177.269
371.228
555.181
695.053
794.685
867.213
922.883
967.523
1004.35
1034.93
1060.01
1080.27
1096.41
1109.18
1119.23
1127.21
1133.52
1138.53
1142.49
1145.65
1148.11
1150.02
1151.45
1152.61
1153.48
1154.13
1154.57
1154.91
1155.13
1155.26
1155.28
1155.38
1155.45
1155.5
1155.45
1155.43
1155.38
1155.3
1155.17
1155.19
1155.22
1155.24
1155.17
1155.14
1155.09
1155
1154.84
1154.87
1154.94
1154.98
1154.89
1154.89
1154.86
1154.81
1154.68
1154.75
1154.87
1154.93
1154.86
1154.86
1154.86
1154.83
1154.75
1154.89
1155.05
1155.14
1155.07
1155.08
1155.09
1155.09
1155.06
1155.26
1155.47
1155.59
1155.56
1155.62
1155.64
1155.65
1155.64
1155.85
1156.05
1156.16
1156.16
1156.25
1156.31
1156.34
1156.36
1156.58
1156.76
1156.86
1156.86
1156.95
1157.01
1157.06
1157.1
1157.29
1157.45
1157.55
1157.58
1157.67
1157.74
1157.8
1157.86
1158
1158.12
1158.21
1158.27
1158.34
1158.41
1158.48
1158.53
1158.57
1158.62
1158.68
1158.74
1158.75
1158.75
1158.71
1158.45
1.88384
3.25511
14.3054
55.4259
152.015
286.101
419.081
530.075
617.133
685.03
738.456
780.473
813.335
838.635
857.861
872.394
883.455
891.981
898.681
904.005
908.296
911.758
914.56
916.796
918.569
919.95
921.041
921.873
922.514
922.984
923.332
923.565
923.721
923.805
923.885
923.938
923.977
923.971
923.953
923.909
923.854
923.778
923.757
923.753
923.757
923.721
923.689
923.639
923.577
923.49
923.474
923.486
923.504
923.473
923.455
923.427
923.391
923.332
923.354
923.405
923.451
923.436
923.432
923.42
923.412
923.393
923.464
923.558
923.632
923.631
923.642
923.645
923.659
923.68
923.801
923.94
924.051
924.088
924.136
924.163
924.189
924.225
924.356
924.495
924.604
924.656
924.731
924.784
924.835
924.894
925.036
925.172
925.273
925.322
925.395
925.452
925.51
925.576
925.708
925.832
925.932
925.995
926.074
926.143
926.211
926.281
926.389
926.493
926.587
926.659
926.732
926.801
926.867
926.926
926.976
927.032
927.093
927.145
927.177
927.196
927.167
926.952
1.87207
2.06344
4.10006
12.134
38.8089
96.7736
182.061
276.083
363.305
437.568
498.162
545.65
581.95
609.22
629.617
645.006
656.843
666.147
673.603
679.65
684.603
688.658
691.967
694.636
696.774
698.466
699.792
700.811
701.6
702.197
702.64
702.954
703.178
703.331
703.438
703.503
703.552
703.573
703.571
703.545
703.511
703.474
703.445
703.42
703.411
703.393
703.367
703.326
703.283
703.239
703.211
703.194
703.194
703.185
703.169
703.144
703.12
703.101
703.101
703.114
703.139
703.149
703.149
703.14
703.139
703.149
703.186
703.233
703.287
703.315
703.332
703.34
703.358
703.397
703.469
703.554
703.641
703.703
703.751
703.783
703.819
703.871
703.955
704.046
704.137
704.208
704.273
704.324
704.38
704.448
704.544
704.64
704.729
704.798
704.861
704.914
704.973
705.042
705.134
705.225
705.314
705.387
705.457
705.52
705.585
705.656
705.739
705.822
705.904
705.977
706.046
706.11
706.172
706.23
706.283
706.337
706.391
706.44
706.48
706.511
706.501
706.362
1.86797
1.79543
1.98687
2.89192
6.47743
17.7178
43.8483
88.1656
145.861
207.394
264.743
313.694
353.753
386.117
412.264
433.456
450.692
464.738
476.188
485.51
493.09
499.228
504.169
508.115
511.245
513.706
515.621
517.092
518.221
519.078
519.718
520.185
520.525
520.769
520.938
521.048
521.125
521.173
521.194
521.192
521.18
521.165
521.143
521.117
521.101
521.088
521.069
521.04
521.012
520.989
520.964
520.941
520.93
520.925
520.914
520.896
520.882
520.878
520.873
520.871
520.881
520.894
520.898
520.896
520.9
520.916
520.937
520.96
520.994
521.026
521.047
521.061
521.081
521.118
521.163
521.213
521.274
521.332
521.379
521.415
521.453
521.503
521.56
521.619
521.687
521.753
521.81
521.859
521.911
521.973
522.04
522.107
522.179
522.245
522.302
522.352
522.405
522.467
522.533
522.599
522.669
522.736
522.797
522.853
522.91
522.972
523.036
523.1
523.166
523.23
523.291
523.348
523.402
523.455
523.504
523.552
523.599
523.642
523.681
523.714
523.722
523.653
1.86631
1.75214
1.67579
1.64994
1.81374
2.61417
5.3842
12.9058
28.6921
54.8562
90.5241
132.468
175.822
216.726
252.979
283.806
309.338
330.146
346.942
360.421
371.194
379.774
386.577
391.943
396.153
399.434
401.972
403.918
405.402
406.524
407.363
407.983
408.436
408.762
408.993
409.15
409.258
409.329
409.37
409.389
409.393
409.388
409.375
409.356
409.341
409.328
409.313
409.294
409.276
409.259
409.24
409.22
409.208
409.2
409.192
409.182
409.174
409.171
409.167
409.163
409.168
409.176
409.183
409.187
409.193
409.206
409.219
409.234
409.257
409.282
409.305
409.324
409.344
409.372
409.403
409.437
409.48
409.525
409.567
409.604
409.64
409.682
409.724
409.768
409.819
409.873
409.923
409.969
410.015
410.066
410.118
410.17
410.227
410.284
410.336
410.383
410.43
410.482
410.533
410.585
410.64
410.696
410.75
410.8
410.85
410.902
410.953
411.005
411.058
411.112
411.164
411.214
411.262
411.308
411.352
411.395
411.435
411.473
411.508
411.538
411.554
411.525
1.86644
1.75269
1.67699
1.65282
1.82384
2.65017
5.4957
13.1672
29.1274
55.3651
91.0042
132.707
175.709
216.262
252.227
282.845
308.238
328.96
345.709
359.167
369.935
378.517
385.329
390.706
394.927
398.218
400.764
402.72
404.212
405.339
406.183
406.808
407.266
407.594
407.826
407.987
408.097
408.169
408.212
408.235
408.241
408.235
408.223
408.208
408.195
408.181
408.167
408.152
408.137
408.117
408.1
408.085
408.075
408.066
408.059
408.054
408.048
408.041
408.038
408.04
408.047
408.054
408.062
408.071
408.078
408.086
408.099
408.116
408.14
408.164
408.187
408.21
408.232
408.254
408.283
408.317
408.357
408.398
408.439
408.477
408.512
408.548
408.587
408.631
408.68
408.728
408.777
408.824
408.869
408.915
408.964
409.017
409.072
409.125
409.177
409.226
409.273
409.32
409.369
409.421
409.474
409.527
409.579
409.629
409.678
409.726
409.775
409.826
409.878
409.929
409.979
410.028
410.075
410.121
410.164
410.205
410.244
410.28
410.313
410.34
410.355
410.33
1.86842
1.7999
2.00105
2.94004
6.65998
18.255
44.9506
89.7746
147.612
208.848
265.591
313.781
353.078
384.76
410.347
431.117
448.053
461.896
473.224
482.485
490.038
496.17
501.119
505.084
508.235
510.71
512.64
514.133
515.278
516.145
516.795
517.277
517.629
517.875
518.047
518.167
518.249
518.298
518.324
518.334
518.33
518.312
518.291
518.275
518.263
518.247
518.23
518.214
518.195
518.17
518.148
518.135
518.129
518.12
518.112
518.107
518.102
518.092
518.089
518.098
518.112
518.123
518.132
518.143
518.152
518.158
518.173
518.202
518.235
518.264
518.291
518.318
518.343
518.366
518.4
518.448
518.5
518.547
518.591
518.633
518.671
518.707
518.753
518.811
518.871
518.926
518.98
519.034
519.085
519.133
519.191
519.258
519.324
519.384
519.442
519.497
519.55
519.6
519.658
519.722
519.786
519.846
519.904
519.961
520.016
520.07
520.126
520.187
520.248
520.306
520.363
520.418
520.471
520.522
520.569
520.614
520.657
520.696
520.729
520.754
520.758
520.688
1.87318
2.08869
4.20497
12.5431
40.0671
99.1942
185.192
279.127
365.692
439.049
498.623
545.165
580.641
607.221
627.066
642.038
653.572
662.66
669.974
675.944
680.856
684.892
688.198
690.882
693.04
694.744
696.08
697.119
697.923
698.529
698.983
699.316
699.557
699.715
699.823
699.899
699.953
699.975
699.98
699.971
699.954
699.919
699.889
699.871
699.862
699.841
699.819
699.796
699.773
699.735
699.708
699.699
699.699
699.687
699.675
699.667
699.663
699.648
699.646
699.664
699.69
699.7
699.708
699.718
699.732
699.735
699.757
699.799
699.849
699.882
699.912
699.941
699.973
699.997
700.044
700.112
700.184
700.237
700.286
700.33
700.374
700.412
700.473
700.552
700.632
700.695
700.757
700.818
700.878
700.934
701.01
701.097
701.181
701.248
701.314
701.376
701.438
701.496
701.57
701.652
701.733
701.801
701.869
701.935
702
702.062
702.132
702.207
702.283
702.351
702.417
702.48
702.541
702.599
702.651
702.702
702.75
702.792
702.825
702.844
702.825
702.694
1.88723
3.36733
14.8593
57.3458
155.883
290.927
423.568
533.555
619.432
686.193
738.515
779.621
811.745
836.463
855.249
869.47
880.321
888.703
895.305
900.581
904.852
908.309
911.115
913.37
915.172
916.572
917.666
918.51
919.166
919.646
920.003
920.256
920.44
920.54
920.614
920.666
920.709
920.709
920.699
920.673
920.648
920.591
920.557
920.542
920.543
920.511
920.484
920.452
920.426
920.368
920.342
920.339
920.352
920.327
920.312
920.3
920.3
920.272
920.278
920.308
920.35
920.35
920.356
920.364
920.385
920.378
920.412
920.473
920.544
920.57
920.601
920.629
920.669
920.69
920.757
920.85
920.946
920.994
921.046
921.089
921.14
921.178
921.262
921.365
921.467
921.528
921.6
921.665
921.735
921.794
921.895
922.005
922.107
922.172
922.246
922.314
922.384
922.447
922.543
922.645
922.742
922.813
922.889
922.962
923.036
923.104
923.19
923.28
923.369
923.443
923.516
923.584
923.652
923.713
923.768
923.821
923.872
923.915
923.942
923.95
923.899
923.688
1.93575
7.86489
52.6771
182.289
377.867
561.32
699.802
797.989
869.258
923.863
967.516
1003.59
1033.59
1058.24
1078.22
1094.18
1106.87
1116.9
1124.86
1131.18
1136.23
1140.23
1143.41
1145.91
1147.88
1149.36
1150.51
1151.38
1152.05
1152.52
1152.87
1153.1
1153.27
1153.34
1153.41
1153.46
1153.51
1153.48
1153.47
1153.43
1153.41
1153.32
1153.3
1153.29
1153.31
1153.25
1153.23
1153.19
1153.16
1153.07
1153.06
1153.07
1153.1
1153.05
1153.04
1153.02
1153.03
1152.98
1153
1153.05
1153.11
1153.08
1153.09
1153.1
1153.13
1153.1
1153.16
1153.24
1153.33
1153.33
1153.37
1153.39
1153.44
1153.45
1153.55
1153.66
1153.78
1153.81
1153.86
1153.9
1153.96
1153.99
1154.1
1154.23
1154.35
1154.39
1154.48
1154.54
1154.62
1154.67
1154.8
1154.93
1155.05
1155.1
1155.18
1155.25
1155.33
1155.38
1155.51
1155.63
1155.73
1155.79
1155.88
1155.95
1156.03
1156.1
1156.2
1156.3
1156.4
1156.47
1156.54
1156.61
1156.68
1156.74
1156.79
1156.84
1156.89
1156.93
1156.95
1156.94
1156.85
1156.59
2.08431
20.9524
147.856
404.352
666.896
851.075
967.043
1042.7
1097.29
1140.71
1177.7
1210.49
1239.69
1265.31
1287.34
1305.86
1321.16
1333.57
1343.57
1351.54
1357.87
1362.81
1366.7
1369.69
1372.02
1373.73
1375.06
1376.03
1376.79
1377.28
1377.66
1377.9
1378.09
1378.13
1378.22
1378.27
1378.33
1378.28
1378.27
1378.23
1378.21
1378.08
1378.09
1378.1
1378.14
1378.05
1378.03
1377.98
1377.97
1377.84
1377.86
1377.88
1377.94
1377.84
1377.85
1377.83
1377.85
1377.75
1377.81
1377.87
1377.96
1377.89
1377.91
1377.91
1377.96
1377.88
1377.98
1378.08
1378.2
1378.15
1378.2
1378.21
1378.28
1378.24
1378.39
1378.53
1378.67
1378.65
1378.72
1378.74
1378.81
1378.8
1378.97
1379.11
1379.25
1379.25
1379.35
1379.41
1379.49
1379.51
1379.69
1379.83
1379.95
1379.97
1380.07
1380.13
1380.21
1380.24
1380.4
1380.53
1380.64
1380.67
1380.77
1380.83
1380.92
1380.97
1381.09
1381.19
1381.29
1381.34
1381.42
1381.48
1381.54
1381.59
1381.63
1381.68
1381.72
1381.75
1381.74
1381.71
1381.59
1381.31
2.47032
52.4652
320.016
692.403
966.578
1118
1201.66
1255.14
1296.01
1331.25
1363.94
1394.99
1424.31
1451.28
1475.45
1496.41
1514.15
1528.74
1540.63
1550.1
1557.6
1563.4
1567.94
1571.38
1574.04
1575.94
1577.44
1578.51
1579.34
1579.85
1580.26
1580.5
1580.71
1580.71
1580.84
1580.89
1580.98
1580.88
1580.9
1580.84
1580.85
1580.67
1580.72
1580.74
1580.81
1580.67
1580.69
1580.63
1580.64
1580.44
1580.52
1580.56
1580.64
1580.49
1580.52
1580.49
1580.54
1580.37
1580.49
1580.56
1580.68
1580.54
1580.59
1580.58
1580.66
1580.51
1580.66
1580.78
1580.92
1580.8
1580.87
1580.88
1580.97
1580.86
1581.07
1581.22
1581.38
1581.29
1581.38
1581.39
1581.47
1581.41
1581.63
1581.78
1581.92
1581.86
1581.99
1582.03
1582.12
1582.09
1582.32
1582.47
1582.59
1582.55
1582.67
1582.71
1582.79
1582.79
1582.99
1583.11
1583.22
1583.21
1583.32
1583.37
1583.45
1583.47
1583.61
1583.7
1583.79
1583.82
1583.89
1583.94
1583.99
1584.03
1584.05
1584.08
1584.11
1584.12
1584.09
1584.05
1583.89
1583.65
3.34121
114.342
558.745
995.58
1235.44
1341.31
1394.6
1430.64
1461.78
1491.68
1521.83
1552.11
1581.88
1610.1
1635.99
1658.8
1678.33
1694.48
1707.69
1718.18
1726.47
1732.81
1737.77
1741.46
1744.31
1746.29
1747.9
1748.99
1749.87
1750.35
1750.79
1751.01
1751.23
1751.18
1751.36
1751.41
1751.52
1751.38
1751.44
1751.37
1751.4
1751.16
1751.28
1751.31
1751.41
1751.21
1751.28
1751.21
1751.25
1750.97
1751.12
1751.17
1751.29
1751.06
1751.15
1751.1
1751.18
1750.92
1751.11
1751.2
1751.34
1751.12
1751.22
1751.2
1751.3
1751.06
1751.28
1751.4
1751.58
1751.37
1751.48
1751.46
1751.57
1751.38
1751.66
1751.81
1752
1751.81
1751.94
1751.93
1752.02
1751.87
1752.16
1752.31
1752.46
1752.32
1752.49
1752.5
1752.58
1752.49
1752.78
1752.91
1753.03
1752.92
1753.08
1753.09
1753.16
1753.11
1753.36
1753.46
1753.55
1753.5
1753.62
1753.65
1753.71
1753.7
1753.85
1753.93
1754.01
1754
1754.06
1754.09
1754.12
1754.14
1754.14
1754.15
1754.15
1754.16
1754.09
1754.04
1753.85
1753.67
5.09917
213.517
829.935
1270.61
1452.19
1514.15
1543.72
1567.63
1592.43
1619.02
1647.67
1677.55
1707.67
1736.66
1763.56
1787.39
1807.89
1824.8
1838.67
1849.6
1858.22
1864.72
1869.81
1873.53
1876.41
1878.35
1879.98
1881.03
1881.91
1882.33
1882.78
1882.96
1883.2
1883.08
1883.32
1883.35
1883.5
1883.3
1883.42
1883.33
1883.4
1883.09
1883.3
1883.32
1883.47
1883.2
1883.33
1883.24
1883.32
1882.96
1883.2
1883.25
1883.4
1883.09
1883.25
1883.18
1883.29
1882.93
1883.21
1883.29
1883.47
1883.16
1883.32
1883.28
1883.4
1883.06
1883.37
1883.48
1883.68
1883.37
1883.54
1883.49
1883.62
1883.32
1883.68
1883.83
1884.03
1883.75
1883.93
1883.88
1883.97
1883.73
1884.1
1884.23
1884.38
1884.15
1884.37
1884.34
1884.41
1884.24
1884.6
1884.71
1884.81
1884.63
1884.83
1884.81
1884.87
1884.75
1885.04
1885.12
1885.2
1885.08
1885.22
1885.22
1885.27
1885.2
1885.37
1885.42
1885.48
1885.44
1885.49
1885.49
1885.5
1885.49
1885.46
1885.45
1885.43
1885.43
1885.32
1885.28
1885.05
1885
8.337
345.948
1094.06
1491.69
1610.3
1636.74
1649.87
1666.02
1686.85
1711.33
1738.93
1768.33
1798.37
1827.44
1854.54
1878.52
1899.13
1916.05
1929.92
1940.75
1949.27
1955.6
1960.56
1964.12
1966.89
1968.67
1970.25
1971.2
1972.04
1972.37
1972.83
1972.96
1973.21
1973.02
1973.32
1973.34
1973.52
1973.26
1973.44
1973.34
1973.45
1973.06
1973.37
1973.38
1973.57
1973.23
1973.44
1973.34
1973.46
1972.99
1973.34
1973.38
1973.57
1973.17
1973.41
1973.32
1973.46
1972.99
1973.37
1973.43
1973.65
1973.24
1973.48
1973.4
1973.56
1973.1
1973.5
1973.6
1973.83
1973.4
1973.64
1973.56
1973.7
1973.29
1973.74
1973.87
1974.08
1973.7
1973.94
1973.85
1973.95
1973.6
1974.04
1974.14
1974.3
1973.97
1974.25
1974.17
1974.23
1973.97
1974.4
1974.47
1974.57
1974.31
1974.56
1974.49
1974.53
1974.34
1974.68
1974.72
1974.78
1974.6
1974.77
1974.72
1974.75
1974.63
1974.82
1974.84
1974.88
1974.78
1974.83
1974.79
1974.79
1974.75
1974.69
1974.66
1974.61
1974.59
1974.45
1974.42
1974.14
1974.27
13.8172
497.305
1320.02
1649.05
1711.71
1712.62
1715.38
1726.88
1745.18
1768.11
1794.67
1823.26
1852.63
1881.04
1907.52
1930.83
1950.81
1967.09
1980.41
1990.69
1998.75
2004.64
2009.29
2012.53
2015.09
2016.64
2018.12
2018.93
2019.7
2019.93
2020.39
2020.46
2020.73
2020.46
2020.83
2020.82
2021.04
2020.72
2020.97
2020.86
2021.01
2020.55
2020.94
2020.94
2021.18
2020.77
2021.06
2020.94
2021.1
2020.54
2020.99
2021.01
2021.25
2020.76
2021.08
2020.96
2021.14
2020.55
2021.03
2021.08
2021.34
2020.83
2021.15
2021.04
2021.23
2020.64
2021.14
2021.21
2021.47
2020.94
2021.25
2021.12
2021.29
2020.75
2021.29
2021.39
2021.63
2021.13
2021.45
2021.31
2021.4
2020.95
2021.47
2021.53
2021.69
2021.27
2021.61
2021.47
2021.52
2021.17
2021.67
2021.7
2021.79
2021.45
2021.74
2021.62
2021.65
2021.38
2021.78
2021.77
2021.82
2021.57
2021.76
2021.67
2021.69
2021.51
2021.71
2021.69
2021.71
2021.57
2021.62
2021.54
2021.52
2021.45
2021.37
2021.3
2021.23
2021.2
2021.03
2021.01
2020.68
2021.03
22.3195
648.841
1490.31
1743.95
1762.61
1746.93
1743.75
1752.55
1769.09
1790.61
1815.89
1843.19
1871.26
1898.31
1923.45
1945.42
1964.17
1979.28
1991.64
2001.05
2008.41
2013.68
2017.88
2020.71
2022.99
2024.27
2025.62
2026.27
2026.97
2027.09
2027.54
2027.56
2027.83
2027.49
2027.93
2027.89
2028.13
2027.77
2028.1
2027.97
2028.16
2027.62
2028.11
2028.09
2028.36
2027.89
2028.27
2028.12
2028.33
2027.68
2028.22
2028.23
2028.51
2027.94
2028.34
2028.18
2028.4
2027.71
2028.28
2028.3
2028.6
2028
2028.4
2028.25
2028.47
2027.77
2028.36
2028.39
2028.68
2028.05
2028.44
2028.26
2028.44
2027.8
2028.42
2028.48
2028.74
2028.15
2028.53
2028.34
2028.44
2027.87
2028.47
2028.49
2028.66
2028.15
2028.54
2028.35
2028.39
2027.95
2028.51
2028.49
2028.59
2028.18
2028.52
2028.34
2028.36
2028.01
2028.45
2028.4
2028.44
2028.13
2028.35
2028.21
2028.21
2027.97
2028.2
2028.13
2028.14
2027.96
2028
2027.89
2027.85
2027.74
2027.65
2027.55
2027.46
2027.42
2027.22
2027.23
2026.84
2027.43
34.3417
783.828
1600.16
1783.95
1771.11
1745.8
1739.6
1746.78
1761.85
1781.84
1805.49
1831.02
1857.22
1882.32
1905.54
1925.66
1942.74
1956.35
1967.47
1975.8
1982.31
1986.86
1990.53
1992.91
1994.88
1995.87
1997.07
1997.56
1998.17
1998.19
1998.64
1998.6
1998.89
1998.48
1998.98
1998.91
1999.18
1998.78
1999.17
1999.02
1999.25
1998.65
1999.22
1999.18
1999.49
1998.97
1999.42
1999.25
1999.49
1998.77
1999.39
1999.37
1999.69
1999.06
1999.53
1999.34
1999.59
1998.8
1999.45
1999.45
1999.79
1999.12
1999.59
1999.39
1999.63
1998.84
1999.51
1999.5
1999.82
1999.11
1999.56
1999.34
1999.54
1998.79
1999.49
1999.5
1999.79
1999.12
1999.56
1999.32
1999.42
1998.76
1999.42
1999.4
1999.58
1998.99
1999.44
1999.19
1999.23
1998.7
1999.32
1999.26
1999.36
1998.88
1999.26
1999.04
1999.04
1998.63
1999.11
1999.01
1999.05
1998.69
1998.93
1998.75
1998.74
1998.45
1998.69
1998.59
1998.58
1998.36
1998.41
1998.27
1998.21
1998.08
1997.97
1997.85
1997.74
1997.69
1997.47
1997.5
1997.06
1997.9
49.8009
891.529
1654.13
1779.67
1746.19
1716.11
1708.59
1714.65
1728.24
1746.48
1768.16
1791.49
1815.36
1838.06
1858.97
1876.9
1892.04
1903.94
1913.66
1920.81
1926.4
1930.2
1933.32
1935.25
1936.89
1937.61
1938.66
1938.99
1939.52
1939.46
1939.89
1939.8
1940.09
1939.64
1940.18
1940.08
1940.38
1939.94
1940.39
1940.23
1940.48
1939.84
1940.47
1940.41
1940.74
1940.18
1940.7
1940.51
1940.79
1939.99
1940.68
1940.65
1940.99
1940.31
1940.84
1940.61
1940.89
1940.03
1940.75
1940.72
1941.1
1940.36
1940.89
1940.65
1940.92
1940.05
1940.78
1940.74
1941.09
1940.31
1940.81
1940.55
1940.77
1939.94
1940.7
1940.67
1940.98
1940.25
1940.74
1940.46
1940.56
1939.82
1940.54
1940.47
1940.67
1940.02
1940.51
1940.21
1940.25
1939.66
1940.32
1940.22
1940.33
1939.8
1940.22
1939.95
1939.95
1939.48
1940
1939.86
1939.9
1939.5
1939.76
1939.55
1939.52
1939.19
1939.45
1939.32
1939.31
1939.06
1939.11
1938.94
1938.87
1938.73
1938.61
1938.47
1938.35
1938.3
1938.06
1938.12
1937.63
1938.7
67.9484
968.209
1662.36
1742.82
1697.06
1665.31
1657.32
1662.35
1674.36
1690.6
1709.99
1730.8
1752.03
1772.05
1790.41
1805.98
1819.05
1829.18
1837.46
1843.42
1848.08
1851.15
1853.72
1855.21
1856.55
1857.02
1857.91
1858.1
1858.56
1858.42
1858.84
1858.71
1858.99
1858.51
1859.08
1858.95
1859.26
1858.81
1859.3
1859.12
1859.4
1858.72
1859.39
1859.31
1859.67
1859.08
1859.65
1859.43
1859.74
1858.9
1859.63
1859.58
1859.95
1859.23
1859.8
1859.55
1859.85
1858.93
1859.7
1859.66
1860.05
1859.27
1859.85
1859.58
1859.87
1858.94
1859.72
1859.65
1860.02
1859.19
1859.74
1859.44
1859.68
1858.78
1859.59
1859.54
1859.87
1859.08
1859.62
1859.3
1859.41
1858.6
1859.37
1859.27
1859.48
1858.78
1859.32
1858.98
1859.03
1858.37
1859.08
1858.95
1859.07
1858.5
1858.95
1858.64
1858.65
1858.14
1858.69
1858.52
1858.56
1858.13
1858.42
1858.17
1858.15
1857.79
1858.07
1857.91
1857.9
1857.63
1857.69
1857.5
1857.43
1857.27
1857.16
1857
1856.87
1856.83
1856.58
1856.66
1856.14
1857.4
87.5832
1016.08
1637.61
1685.12
1632.98
1601.26
1593.05
1596.97
1607.2
1621.24
1638.13
1656.22
1674.63
1691.86
1707.58
1720.76
1731.76
1740.16
1747.01
1751.83
1755.61
1757.99
1760.06
1761.16
1762.21
1762.46
1763.2
1763.27
1763.66
1763.46
1763.86
1763.7
1763.98
1763.47
1764.05
1763.91
1764.22
1763.76
1764.26
1764.09
1764.37
1763.67
1764.36
1764.27
1764.64
1764.04
1764.63
1764.4
1764.72
1763.85
1764.61
1764.55
1764.94
1764.18
1764.79
1764.51
1764.83
1763.88
1764.68
1764.62
1765.03
1764.22
1764.83
1764.54
1764.85
1763.88
1764.69
1764.6
1764.99
1764.12
1764.71
1764.38
1764.65
1763.7
1764.55
1764.47
1764.82
1763.99
1764.58
1764.22
1764.35
1763.5
1764.31
1764.18
1764.41
1763.67
1764.24
1763.88
1763.94
1763.24
1763.98
1763.83
1763.96
1763.37
1763.85
1763.52
1763.54
1762.99
1763.58
1763.39
1763.44
1762.99
1763.3
1763.04
1763.02
1762.64
1762.94
1762.77
1762.76
1762.48
1762.55
1762.36
1762.29
1762.13
1762.02
1761.86
1761.73
1761.69
1761.44
1761.54
1761
1762.41
107.448
1041.41
1593.28
1617.76
1562.97
1531.99
1523.47
1526.08
1534.37
1546.06
1560.34
1575.64
1591.2
1605.65
1618.78
1629.65
1638.67
1645.43
1650.96
1654.73
1657.7
1659.46
1661.06
1661.82
1662.61
1662.68
1663.29
1663.26
1663.58
1663.34
1663.7
1663.52
1663.78
1663.27
1663.84
1663.69
1663.99
1663.53
1664.04
1663.86
1664.14
1663.43
1664.13
1664.03
1664.4
1663.79
1664.39
1664.16
1664.48
1663.59
1664.36
1664.3
1664.69
1663.92
1664.54
1664.25
1664.58
1663.61
1664.43
1664.37
1664.79
1663.95
1664.58
1664.27
1664.61
1663.61
1664.45
1664.34
1664.74
1663.85
1664.47
1664.13
1664.42
1663.45
1664.32
1664.22
1664.59
1663.74
1664.35
1663.98
1664.13
1663.25
1664.1
1663.95
1664.19
1663.44
1664.04
1663.65
1663.73
1663.02
1663.79
1663.63
1663.77
1663.17
1663.68
1663.33
1663.37
1662.81
1663.42
1663.22
1663.28
1662.82
1663.16
1662.89
1662.89
1662.5
1662.82
1662.65
1662.65
1662.37
1662.46
1662.26
1662.21
1662.05
1661.96
1661.8
1661.68
1661.64
1661.4
1661.52
1660.97
1662.47
126.616
1052.56
1542.21
1551.14
1495.76
1465.57
1456.44
1457.52
1463.73
1473.02
1484.67
1497.22
1510.01
1521.8
1532.48
1541.2
1548.4
1553.66
1557.99
1560.82
1563.07
1564.31
1565.49
1565.95
1566.52
1566.44
1566.93
1566.82
1567.07
1566.8
1567.13
1566.93
1567.17
1566.65
1567.2
1567.04
1567.33
1566.87
1567.37
1567.19
1567.46
1566.75
1567.44
1567.34
1567.7
1567.09
1567.68
1567.44
1567.76
1566.87
1567.64
1567.59
1567.96
1567.19
1567.81
1567.51
1567.85
1566.87
1567.7
1567.64
1568.06
1567.22
1567.85
1567.53
1567.89
1566.88
1567.74
1567.63
1568.03
1567.13
1567.78
1567.42
1567.74
1566.76
1567.66
1567.54
1567.93
1567.06
1567.71
1567.32
1567.5
1566.61
1567.49
1567.33
1567.6
1566.83
1567.46
1567.06
1567.17
1566.45
1567.26
1567.08
1567.25
1566.63
1567.18
1566.82
1566.89
1566.33
1566.97
1566.76
1566.85
1566.39
1566.76
1566.49
1566.51
1566.13
1566.48
1566.31
1566.33
1566.06
1566.17
1565.98
1565.94
1565.79
1565.72
1565.57
1565.46
1565.44
1565.21
1565.34
1564.79
1566.33
144.754
1058.66
1496.21
1494.94
1439.78
1409.99
1399.87
1399.2
1403.25
1410.15
1419.24
1429.17
1439.35
1448.69
1457.12
1463.9
1469.46
1473.41
1476.67
1478.69
1480.31
1481.09
1481.92
1482.13
1482.5
1482.3
1482.67
1482.5
1482.69
1482.4
1482.68
1482.47
1482.68
1482.16
1482.68
1482.52
1482.79
1482.34
1482.8
1482.62
1482.88
1482.17
1482.84
1482.75
1483.09
1482.48
1483.05
1482.82
1483.13
1482.24
1483
1482.96
1483.32
1482.54
1483.15
1482.85
1483.2
1482.22
1483.06
1483
1483.41
1482.56
1483.2
1482.88
1483.26
1482.25
1483.13
1483.01
1483.42
1482.51
1483.18
1482.82
1483.17
1482.19
1483.12
1483
1483.4
1482.52
1483.2
1482.8
1483.01
1482.12
1483.05
1482.88
1483.17
1482.39
1483.06
1482.66
1482.8
1482.08
1482.93
1482.75
1482.94
1482.32
1482.91
1482.55
1482.65
1482.09
1482.78
1482.57
1482.69
1482.23
1482.63
1482.37
1482.42
1482.06
1482.44
1482.28
1482.33
1482.07
1482.21
1482.04
1482.02
1481.89
1481.85
1481.72
1481.63
1481.62
1481.39
1481.54
1481
1482.54
162.219
1068.75
1466.14
1458.37
1403.39
1373.36
1361.81
1359.2
1361.05
1365.61
1372.27
1379.76
1387.57
1394.69
1401.11
1406.18
1410.3
1413.1
1415.44
1416.77
1417.85
1418.24
1418.76
1418.77
1418.97
1418.67
1418.93
1418.71
1418.84
1418.52
1418.76
1418.54
1418.72
1418.2
1418.68
1418.52
1418.76
1418.31
1418.74
1418.57
1418.8
1418.1
1418.74
1418.66
1418.97
1418.36
1418.9
1418.67
1418.97
1418.08
1418.84
1418.81
1419.15
1418.36
1418.96
1418.66
1419.01
1418.04
1418.89
1418.84
1419.24
1418.38
1419.03
1418.7
1419.11
1418.1
1419
1418.88
1419.3
1418.38
1419.08
1418.71
1419.11
1418.13
1419.1
1418.97
1419.4
1418.5
1419.21
1418.81
1419.07
1418.19
1419.16
1418.99
1419.3
1418.51
1419.23
1418.83
1419.02
1418.31
1419.21
1419.02
1419.24
1418.62
1419.25
1418.9
1419.04
1418.5
1419.24
1419.03
1419.18
1418.73
1419.18
1418.93
1419.02
1418.67
1419.1
1418.96
1419.03
1418.79
1418.97
1418.82
1418.83
1418.73
1418.72
1418.61
1418.54
1418.55
1418.33
1418.5
1417.96
1419.47
180.095
1091.8
1462.52
1450.88
1395.41
1364.32
1350.89
1346.15
1345.78
1348.09
1352.48
1357.74
1363.41
1368.56
1373.23
1376.81
1379.69
1381.51
1383.05
1383.79
1384.41
1384.47
1384.72
1384.54
1384.6
1384.21
1384.37
1384.1
1384.18
1383.84
1384.02
1383.79
1383.93
1383.41
1383.86
1383.69
1383.89
1383.44
1383.84
1383.66
1383.87
1383.16
1383.79
1383.72
1384
1383.38
1383.9
1383.67
1383.95
1383.06
1383.81
1383.8
1384.11
1383.31
1383.91
1383.6
1383.96
1382.99
1383.86
1383.83
1384.21
1383.33
1383.99
1383.66
1384.11
1383.09
1384.03
1383.91
1384.34
1383.4
1384.13
1383.77
1384.21
1383.24
1384.26
1384.12
1384.58
1383.65
1384.41
1384.01
1384.32
1383.45
1384.49
1384.31
1384.65
1383.85
1384.63
1384.23
1384.48
1383.77
1384.74
1384.55
1384.81
1384.19
1384.87
1384.53
1384.72
1384.2
1385
1384.8
1384.98
1384.55
1385.05
1384.82
1384.95
1384.63
1385.11
1384.99
1385.1
1384.89
1385.11
1384.98
1385.03
1384.95
1384.98
1384.9
1384.86
1384.89
1384.68
1384.87
1384.34
1385.79
200.268
1137.16
1496.73
1483.3
1426.24
1393.14
1377.33
1370.25
1367.61
1367.75
1370.02
1373.27
1377.03
1380.47
1383.6
1385.9
1387.7
1388.68
1389.54
1389.76
1389.97
1389.75
1389.75
1389.42
1389.33
1388.86
1388.93
1388.61
1388.63
1388.26
1388.39
1388.14
1388.25
1387.71
1388.12
1387.95
1388.12
1387.65
1388.01
1387.83
1388
1387.29
1387.9
1387.84
1388.09
1387.45
1387.94
1387.71
1387.98
1387.07
1387.84
1387.84
1388.13
1387.3
1387.89
1387.59
1387.96
1386.97
1387.88
1387.86
1388.23
1387.32
1388
1387.68
1388.16
1387.13
1388.12
1388.01
1388.45
1387.47
1388.26
1387.9
1388.4
1387.42
1388.52
1388.38
1388.87
1387.91
1388.73
1388.32
1388.7
1387.83
1388.96
1388.78
1389.16
1388.34
1389.18
1388.79
1389.1
1388.41
1389.47
1389.27
1389.57
1388.94
1389.7
1389.37
1389.62
1389.11
1390
1389.81
1390.04
1389.61
1390.18
1389.97
1390.16
1389.86
1390.42
1390.32
1390.47
1390.28
1390.55
1390.46
1390.54
1390.51
1390.57
1390.54
1390.52
1390.57
1390.36
1390.58
1390.05
1391.45
225.759
1215.92
1583.08
1569.92
1509.84
1473.6
1454.8
1445.12
1440.13
1438.14
1438.41
1439.83
1441.9
1443.83
1445.63
1446.8
1447.67
1447.9
1448.15
1447.92
1447.76
1447.26
1447.03
1446.54
1446.32
1445.75
1445.73
1445.36
1445.32
1444.91
1444.98
1444.71
1444.77
1444.2
1444.57
1444.4
1444.53
1444.04
1444.36
1444.16
1444.31
1443.57
1444.18
1444.13
1444.35
1443.67
1444.15
1443.9
1444.16
1443.21
1444.01
1444.04
1444.31
1443.42
1444.03
1443.71
1444.11
1443.09
1444.05
1444.05
1444.42
1443.45
1444.17
1443.84
1444.39
1443.31
1444.39
1444.28
1444.75
1443.71
1444.57
1444.2
1444.79
1443.78
1445
1444.86
1445.39
1444.37
1445.28
1444.86
1445.32
1444.44
1445.7
1445.51
1445.95
1445.08
1446.03
1445.64
1446.03
1445.33
1446.52
1446.33
1446.67
1446.02
1446.89
1446.56
1446.89
1446.39
1447.4
1447.22
1447.5
1447.08
1447.73
1447.54
1447.8
1447.53
1448.18
1448.11
1448.31
1448.15
1448.49
1448.43
1448.56
1448.56
1448.67
1448.68
1448.7
1448.78
1448.57
1448.83
1448.27
1449.63
261.699
1343.27
1742.34
1732.16
1667.28
1626.51
1603.97
1591.31
1583.8
1579.65
1578.03
1577.76
1578.32
1578.9
1579.52
1579.69
1579.72
1579.27
1578.95
1578.28
1577.77
1576.99
1576.53
1575.87
1575.5
1574.82
1574.69
1574.26
1574.15
1573.68
1573.69
1573.37
1573.39
1572.77
1573.11
1572.92
1573.02
1572.47
1572.76
1572.55
1572.67
1571.86
1572.5
1572.46
1572.65
1571.91
1572.37
1572.11
1572.36
1571.34
1572.2
1572.25
1572.5
1571.54
1572.17
1571.84
1572.27
1571.18
1572.24
1572.27
1572.63
1571.58
1572.36
1572.02
1572.64
1571.5
1572.7
1572.6
1573.11
1571.98
1572.94
1572.57
1573.27
1572.21
1573.59
1573.45
1574.04
1572.92
1573.96
1573.52
1574.09
1573.18
1574.63
1574.44
1574.94
1574
1575.1
1574.69
1575.19
1574.48
1575.85
1575.65
1576.07
1575.38
1576.38
1576.05
1576.48
1575.99
1577.16
1576.98
1577.33
1576.91
1577.68
1577.52
1577.86
1577.62
1578.39
1578.36
1578.63
1578.5
1578.92
1578.9
1579.09
1579.14
1579.3
1579.37
1579.42
1579.54
1579.33
1579.63
1579.02
1580.38
318.05
1543.16
2008.46
2005.59
1933.64
1886.6
1859.32
1843.14
1832.84
1826.44
1822.97
1821.13
1820.33
1819.72
1819.29
1818.55
1817.81
1816.69
1815.81
1814.69
1813.8
1812.71
1811.99
1811.11
1810.57
1809.73
1809.49
1808.97
1808.77
1808.22
1808.15
1807.77
1807.73
1807.02
1807.34
1807.12
1807.19
1806.55
1806.81
1806.56
1806.66
1805.75
1806.44
1806.4
1806.58
1805.73
1806.2
1805.9
1806.15
1805.01
1805.98
1806.06
1806.31
1805.2
1805.9
1805.53
1806.02
1804.81
1806.03
1806.09
1806.47
1805.27
1806.16
1805.79
1806.53
1805.27
1806.67
1806.58
1807.15
1805.88
1806.99
1806.6
1807.45
1806.3
1807.92
1807.79
1808.47
1807.21
1808.42
1807.95
1808.67
1807.7
1809.42
1809.22
1809.82
1808.78
1810.08
1809.66
1810.29
1809.55
1811.18
1810.97
1811.48
1810.73
1811.93
1811.6
1812.15
1811.66
1813.06
1812.9
1813.34
1812.9
1813.84
1813.7
1814.15
1813.94
1814.89
1814.9
1815.26
1815.16
1815.69
1815.73
1815.99
1816.11
1816.33
1816.47
1816.57
1816.74
1816.51
1816.87
1816.19
1817.59
417.802
1858.73
2443.12
2455.12
2373.2
2317.51
2284.11
2263.66
2250.18
2241.39
2236.11
2232.86
2230.89
2229.25
2227.91
2226.33
2224.85
2223.04
2221.59
2219.96
2218.64
2217.16
2216.12
2214.95
2214.18
2213.12
2212.74
2212.07
2211.76
2211.07
2210.91
2210.42
2210.31
2209.45
2209.78
2209.5
2209.53
2208.76
2209
2208.69
2208.75
2207.68
2208.46
2208.44
2208.6
2207.57
2208.09
2207.72
2207.99
2206.65
2207.79
2207.92
2208.16
2206.84
2207.65
2207.22
2207.8
2206.4
2207.87
2207.97
2208.39
2206.96
2208.02
2207.6
2208.51
2207.05
2208.76
2208.69
2209.36
2207.86
2209.21
2208.78
2209.84
2208.55
2210.54
2210.42
2211.25
2209.75
2211.23
2210.71
2211.63
2210.56
2212.69
2212.49
2213.22
2212.02
2213.63
2213.17
2214
2213.2
2215.22
2215
2215.64
2214.78
2216.27
2215.93
2216.67
2216.16
2217.91
2217.75
2218.32
2217.85
2219.04
2218.93
2219.54
2219.37
2220.57
2220.64
2221.12
2221.06
2221.75
2221.86
2222.23
2222.43
2222.75
2222.97
2223.15
2223.37
2223.12
2223.56
2222.75
2224.29
625.725
2380.91
3174.09
3215.28
3119.11
3051.18
3009.59
2983.76
2966.55
2955.23
2948.32
2943.97
2941.21
2938.84
2936.83
2934.55
2932.38
2929.85
2927.76
2925.51
2923.65
2921.62
2920.14
2918.56
2917.47
2916.05
2915.46
2914.56
2914.1
2913.18
2912.88
2912.22
2912.03
2910.9
2911.25
2910.9
2910.88
2909.87
2910.11
2909.69
2909.72
2908.36
2909.33
2909.31
2909.47
2908.16
2908.75
2908.28
2908.58
2906.91
2908.35
2908.53
2908.8
2907.13
2908.12
2907.59
2908.32
2906.6
2908.48
2908.64
2909.14
2907.33
2908.67
2908.18
2909.34
2907.57
2909.78
2909.73
2910.57
2908.69
2910.41
2909.93
2911.33
2909.79
2912.38
2912.28
2913.32
2911.47
2913.36
2912.76
2913.99
2912.76
2915.52
2915.33
2916.27
2914.81
2916.89
2916.38
2917.5
2916.6
2919.24
2919.02
2919.84
2918.82
2920.76
2920.4
2921.4
2920.86
2923.15
2923.02
2923.79
2923.26
2924.82
2924.76
2925.61
2925.48
2927.07
2927.24
2927.9
2927.9
2928.84
2929.05
2929.57
2929.89
2930.35
2930.71
2930.98
2931.3
2930.99
2931.58
2930.52
2932.37
1167.21
3350.57
4527.93
4627.76
4509.07
4422.1
4368.42
4335.27
4313.44
4299.53
4291.52
4286.89
4284.24
4281.91
4279.81
4277.16
4274.47
4271.16
4268.34
4265.24
4262.63
4259.75
4257.61
4255.32
4253.71
4251.65
4250.74
4249.42
4248.71
4247.36
4246.86
4245.87
4245.53
4243.92
4244.36
4243.83
4243.77
4242.32
4242.58
4241.95
4241.95
4240.07
4241.4
4241.37
4241.56
4239.72
4240.49
4239.82
4240.18
4237.9
4239.9
4240.17
4240.51
4238.2
4239.54
4238.83
4239.82
4237.51
4240.15
4240.4
4241.06
4238.59
4240.42
4239.8
4241.41
4239.06
4242.16
4242.17
4243.3
4240.76
4243.14
4242.55
4244.53
4242.55
4246.2
4246.15
4247.59
4245.09
4247.7
4246.96
4248.73
4247.19
4251.09
4250.91
4252.23
4250.29
4253.21
4252.6
4254.23
4253.14
4256.86
4256.64
4257.79
4256.47
4259.2
4258.8
4260.25
4259.66
4262.9
4262.81
4263.91
4263.27
4265.49
4265.5
4266.75
4266.7
4268.98
4269.3
4270.28
4270.37
4271.73
4272.1
4272.9
4273.43
4274.11
4274.69
4275.14
4275.61
4275.22
4276.03
4274.52
4277.02
2985.65
5711.19
7726.11
7958.96
7790.56
7663.65
7585.84
7539.14
7509.8
7492.89
7485.24
7482.65
7482.72
7482.63
7482.18
7480.14
7477.42
7473.17
7469.34
7464.76
7460.77
7456.19
7452.68
7448.89
7446.15
7442.66
7441.05
7438.78
7437.5
7435.18
7434.25
7432.5
7431.85
7429.12
7429.76
7428.85
7428.7
7426.25
7426.59
7425.48
7425.42
7422.33
7424.5
7424.44
7424.73
7421.68
7422.89
7421.75
7422.27
7418.59
7421.9
7422.34
7422.88
7419.1
7421.26
7420.14
7421.71
7418.05
7422.43
7422.9
7423.95
7419.95
7422.92
7421.99
7424.61
7420.95
7426.09
7426.22
7428.05
7423.99
7427.86
7427.04
7430.3
7427.34
7433.39
7433.49
7435.8
7431.85
7436.1
7435.05
7437.99
7435.76
7442.22
7442.11
7444.26
7441.27
7446.05
7445.24
7447.96
7446.47
7452.64
7452.43
7454.31
7452.31
7456.79
7456.32
7458.77
7458.04
7463.43
7463.45
7465.28
7464.39
7468.09
7468.26
7470.39
7470.52
7474.34
7475.01
7476.69
7476.99
7479.28
7480.02
7481.42
7482.41
7483.6
7484.64
7485.49
7486.32
7485.72
7487.05
7484.48
7488.59
10804
17263.8
22616.1
23329.3
22894
22570.6
22374.2
22260.7
22194.1
22162.2
22155.8
22163.1
22176.4
22187.6
22195.8
22197.6
22195.7
22188.1
22180.1
22169.4
22159.4
22147.5
22137.9
22127.5
22119.6
22109.9
22104.9
22098.4
22094.5
22087.9
22084.8
22079.8
22077.6
22070.1
22071.4
22068.9
22068.2
22061.5
22061.9
22058.8
22058.3
22050.1
22055.6
22055.6
22056.2
22048.1
22050.9
22047.9
22049
22039.3
22048
22049.5
22050.8
22040.8
22046.2
22043.5
22047.6
22038.1
22049.9
22051.6
22054.3
22043.7
22051.5
22049.4
22056.4
22047.2
22061.1
22062
22066.8
22056.2
22066.5
22064.8
22073.8
22066.6
22083.2
22084.1
22090.3
22080
22091.4
22089.1
22097.3
22092.1
22109.9
22110.2
22116
22108.5
22121.5
22119.9
22127.5
22124.3
22141.3
22141.3
22146.4
22141.4
22153.7
22153
22159.9
22158.7
22173.6
22174.2
22179.3
22177.4
22187.6
22188.6
22194.7
22195.7
22206.4
22208.7
22213.5
22214.8
22221.3
22223.7
22227.9
22230.9
22234.4
22237.6
22240.2
22242.7
22241.1
22244.9
22237.6
22249
)
;

boundaryField
{
    lowerWall
    {
        type            epsilonWallFunction;
        value           nonuniform List<scalar> 
122
(
10787.1
16924.4
22368.1
23078.1
22599.5
22237.2
22013.4
21883.7
21807.8
21771
21764.2
21772.2
21785.5
21796.8
21805.2
21807.5
21804.1
21794.3
21787.5
21776.5
21764.3
21751.2
21742
21732.1
21722.4
21709.5
21708
21702.2
21695.8
21688.5
21686.7
21683
21678.5
21665
21672.6
21671.9
21668.6
21660.1
21663.1
21661.7
21658.2
21639.8
21654.2
21657.4
21655.7
21643.7
21651.3
21652.2
21648.3
21625.3
21644.8
21650.7
21649.6
21633.1
21645.1
21648.1
21644.2
21619.7
21644.4
21653.6
21653.4
21633.5
21648
21649
21645.5
21623.1
21653.8
21665.2
21665.1
21642.7
21660.4
21659.1
21655.5
21636.7
21672.7
21683.8
21682.7
21663.2
21684.8
21681.7
21677.4
21661.9
21699.2
21706.8
21704.7
21688.9
21712.6
21709.1
21705.8
21694.8
21731.2
21736.2
21733.7
21721.4
21741.8
21739.4
21737.9
21730.6
21760.8
21764
21763.6
21756.6
21772.4
21772.5
21773.2
21770.3
21789.6
21793.4
21795.7
21794.6
21803.4
21805.9
21808.9
21811.3
21814.2
21818.3
21823.6
21828.4
21825
21828.5
21830.7
21835.3
)
;
    }
    upperWall
    {
        type            epsilonWallFunction;
        value           nonuniform List<scalar> 
122
(
10804
17263.8
22616.1
23329.3
22894
22570.6
22374.2
22260.7
22194.1
22162.2
22155.8
22163.1
22176.4
22187.6
22195.8
22197.6
22195.7
22188.1
22180.1
22169.4
22159.4
22147.5
22137.9
22127.5
22119.6
22109.9
22104.9
22098.4
22094.5
22087.9
22084.8
22079.8
22077.6
22070.1
22071.4
22068.9
22068.2
22061.5
22061.9
22058.8
22058.3
22050.1
22055.6
22055.6
22056.2
22048.1
22050.9
22047.9
22049
22039.3
22048
22049.5
22050.8
22040.8
22046.2
22043.5
22047.6
22038.1
22049.9
22051.6
22054.3
22043.7
22051.5
22049.4
22056.4
22047.2
22061.1
22062
22066.8
22056.2
22066.5
22064.8
22073.8
22066.6
22083.2
22084.1
22090.3
22080
22091.4
22089.1
22097.3
22092.1
22109.9
22110.2
22116
22108.5
22121.5
22119.9
22127.5
22124.3
22141.3
22141.3
22146.4
22141.4
22153.7
22153
22159.9
22158.7
22173.6
22174.2
22179.3
22177.4
22187.6
22188.6
22194.7
22195.7
22206.4
22208.7
22213.5
22214.8
22221.3
22223.7
22227.9
22230.9
22234.4
22237.6
22240.2
22242.7
22241.1
22244.9
22237.6
22249
)
;
    }
    inlet
    {
        type            turbulentMixingLengthDissipationRateInlet;
        mixingLength    0.07;
        phi             phi;
        k               k;
        value           uniform 2.0504;
    }
    outlet
    {
        type            zeroGradient;
    }
    frontAndBack
    {
        type            empty;
    }
}


// ************************************************************************* //
