/*--------------------------------*- C++ -*----------------------------------*\
  =========                 |
  \\      /  F ield         | OpenFOAM: The Open Source CFD Toolbox
   \\    /   O peration     | Website:  https://openfoam.org
    \\  /    A nd           | Version:  8
     \\/     M anipulation  |
\*---------------------------------------------------------------------------*/
FoamFile
{
    version     2.0;
    format      ascii;
    class       volScalarField;
    location    "50";
    object      k;
}
// * * * * * * * * * * * * * * * * * * * * * * * * * * * * * * * * * * * * * //

dimensions      [0 2 -2 0 0 0 0];

internalField   nonuniform List<scalar> 
7320
(
5.81004
7.87595
9.57362
9.80328
9.68267
9.59048
9.53548
9.50565
9.49014
9.48512
9.4884
9.4952
9.50297
9.50961
9.51518
9.51811
9.51894
9.51747
9.51705
9.51461
9.51161
9.50811
9.50606
9.50329
9.50053
9.49683
9.49694
9.49517
9.49327
9.49106
9.4909
9.48968
9.48831
9.48434
9.48701
9.48664
9.4856
9.48305
9.48424
9.48369
9.48263
9.4773
9.48182
9.48258
9.48202
9.47851
9.48093
9.48107
9.4799
9.4733
9.47914
9.48071
9.48035
9.47559
9.4792
9.47994
9.47883
9.47179
9.47904
9.48156
9.48149
9.47578
9.48001
9.48025
9.47924
9.4728
9.48164
9.48484
9.48483
9.47845
9.48349
9.48315
9.48208
9.47668
9.48695
9.49011
9.4898
9.48427
9.49038
9.48954
9.48827
9.48384
9.49441
9.4966
9.49601
9.49151
9.49821
9.49724
9.49626
9.49312
9.50342
9.50487
9.50415
9.50065
9.50642
9.50574
9.50527
9.50318
9.51171
9.51263
9.5125
9.51049
9.51496
9.51498
9.51516
9.5143
9.51973
9.52082
9.52144
9.52113
9.5236
9.52431
9.52515
9.5258
9.52662
9.52777
9.52925
9.53062
9.5297
9.53067
9.53109
9.53254
4.40759
13.8436
18.9583
19.6938
19.5026
19.3247
19.2224
19.1682
19.14
19.1301
19.1365
19.1477
19.1603
19.1702
19.179
19.1821
19.1814
19.1761
19.1751
19.169
19.1619
19.1537
19.1498
19.1437
19.1378
19.1293
19.1314
19.1277
19.1237
19.1184
19.119
19.1162
19.1133
19.1036
19.1116
19.1109
19.1086
19.1021
19.1059
19.1046
19.1021
19.089
19.1015
19.1031
19.1017
19.0927
19.0994
19.0995
19.0965
19.0804
19.0961
19.0994
19.0983
19.0863
19.0958
19.0971
19.094
19.0767
19.0956
19.101
19.1003
19.0861
19.0971
19.0971
19.0942
19.0782
19.1005
19.1072
19.1065
19.0908
19.1036
19.1021
19.099
19.0853
19.1107
19.117
19.1156
19.1019
19.1169
19.1141
19.1105
19.0992
19.1249
19.129
19.1269
19.1157
19.1319
19.1287
19.1258
19.1176
19.1423
19.1448
19.1425
19.1338
19.1476
19.1452
19.1435
19.1378
19.1581
19.1594
19.1585
19.1532
19.1637
19.163
19.1628
19.1601
19.1728
19.1746
19.1755
19.1741
19.1797
19.1807
19.1822
19.1831
19.1845
19.1867
19.1898
19.1924
19.1898
19.192
19.1936
19.1967
3.94274
17.5059
23.9843
24.8818
24.628
24.3972
24.2653
24.1953
24.1588
24.1456
24.1534
24.1673
24.1832
24.1957
24.2071
24.2112
24.2106
24.2041
24.2031
24.1955
24.1867
24.1765
24.1717
24.1641
24.1568
24.1462
24.1488
24.1442
24.1392
24.1325
24.1333
24.1299
24.1263
24.1141
24.1242
24.1233
24.1205
24.1123
24.1171
24.1155
24.1124
24.0959
24.1116
24.1136
24.1119
24.1005
24.1091
24.1093
24.1056
24.0851
24.1049
24.1091
24.1077
24.0925
24.1046
24.1062
24.1024
24.0804
24.1043
24.1111
24.1103
24.0923
24.1062
24.1062
24.1025
24.0821
24.1103
24.1188
24.118
24.0979
24.1142
24.1123
24.1083
24.0908
24.1228
24.1309
24.1291
24.1116
24.1307
24.1271
24.1225
24.1079
24.1405
24.1456
24.143
24.1287
24.1492
24.1451
24.1413
24.1307
24.1621
24.1651
24.1623
24.151
24.1686
24.1655
24.1632
24.1559
24.1816
24.1831
24.1819
24.1751
24.1884
24.1875
24.1872
24.1836
24.1997
24.2019
24.2029
24.2011
24.2081
24.2094
24.2111
24.2122
24.214
24.2167
24.2205
24.2238
24.2205
24.2232
24.2253
24.2292
4.13012
20.2833
27.7108
28.7185
28.421
28.1565
28.0082
27.9317
27.8937
27.8825
27.8954
27.9152
27.937
27.9548
27.9708
27.9779
27.9791
27.9732
27.9735
27.9656
27.9563
27.9449
27.94
27.9316
27.9234
27.9113
27.9146
27.9093
27.9036
27.896
27.8971
27.8932
27.8891
27.8751
27.887
27.8858
27.8826
27.8732
27.8789
27.8771
27.8736
27.8545
27.8727
27.8751
27.8731
27.86
27.87
27.8702
27.866
27.8424
27.8652
27.8701
27.8685
27.8509
27.8649
27.8668
27.8625
27.837
27.8646
27.8724
27.8715
27.8507
27.8668
27.8668
27.8625
27.8388
27.8713
27.881
27.8801
27.857
27.8757
27.8735
27.8687
27.8484
27.8852
27.8944
27.8923
27.8721
27.8941
27.8899
27.8845
27.8675
27.905
27.9108
27.9078
27.8912
27.9148
27.91
27.9055
27.8931
27.9291
27.9326
27.9293
27.9163
27.9365
27.9327
27.93
27.9214
27.951
27.9526
27.9512
27.9432
27.9585
27.9573
27.9568
27.9525
27.971
27.9734
27.9745
27.9723
27.9803
27.9816
27.9836
27.9847
27.9867
27.9897
27.9939
27.9977
27.9938
27.997
27.9994
28.0041
4.52486
22.7125
31.0081
32.1286
31.8045
31.521
31.3681
31.2943
31.2625
31.2598
31.2836
31.3144
31.3466
31.3734
31.3975
31.4104
31.4159
31.4125
31.4156
31.4086
31.3996
31.388
31.3834
31.3745
31.3659
31.3526
31.3569
31.351
31.3448
31.3364
31.3378
31.3336
31.3292
31.3135
31.3271
31.3258
31.3222
31.3118
31.3184
31.3164
31.3126
31.2913
31.3119
31.3143
31.3122
31.2975
31.3089
31.3092
31.3046
31.2782
31.3039
31.3091
31.3074
31.2877
31.3035
31.3056
31.3008
31.2723
31.3032
31.3117
31.3107
31.2875
31.3056
31.3055
31.3006
31.274
31.3103
31.3209
31.3199
31.2942
31.3152
31.3125
31.3071
31.2841
31.3251
31.3352
31.3329
31.3103
31.3348
31.3301
31.3239
31.3047
31.3462
31.3527
31.3492
31.3306
31.3569
31.3514
31.3462
31.3322
31.3721
31.3759
31.3722
31.3576
31.38
31.3757
31.3725
31.3626
31.3954
31.3971
31.3954
31.3864
31.4033
31.4018
31.4011
31.3961
31.4165
31.419
31.4202
31.4176
31.4263
31.4276
31.4297
31.4307
31.4328
31.436
31.4405
31.4446
31.4402
31.4437
31.4464
31.4521
4.95286
25.0102
34.2183
35.4765
35.1432
34.8548
34.7092
34.6482
34.6315
34.6451
34.6871
34.7353
34.7839
34.825
34.8616
34.8841
34.8969
34.8983
34.906
34.9013
34.8937
34.8825
34.879
34.87
34.8612
34.847
34.8524
34.8462
34.8395
34.8303
34.8324
34.8278
34.823
34.8057
34.8213
34.8198
34.8159
34.8043
34.8121
34.8098
34.8058
34.7823
34.8054
34.8079
34.8056
34.7894
34.8024
34.8026
34.7976
34.7686
34.7972
34.8027
34.8007
34.7791
34.7968
34.799
34.7936
34.7624
34.7965
34.8055
34.8044
34.779
34.7991
34.7988
34.7933
34.764
34.8038
34.8152
34.8141
34.7859
34.809
34.806
34.7998
34.7743
34.8192
34.83
34.8274
34.8027
34.8295
34.8243
34.8171
34.7958
34.8411
34.848
34.8442
34.8238
34.8524
34.8463
34.8403
34.8246
34.8681
34.8722
34.868
34.852
34.8764
34.8715
34.8677
34.8566
34.8922
34.894
34.892
34.882
34.9003
34.8985
34.8974
34.8917
34.9138
34.9164
34.9174
34.9144
34.9238
34.925
34.927
34.9279
34.9301
34.9333
34.9381
34.9423
34.9375
34.9413
34.9442
34.951
5.35637
27.2822
37.519
38.9553
38.6323
38.3536
38.2287
38.192
38.2006
38.24
38.309
38.3828
38.4553
38.5171
38.572
38.6086
38.6323
38.6415
38.6562
38.6556
38.6506
38.6406
38.6389
38.6304
38.6217
38.6067
38.6138
38.6072
38.6002
38.5901
38.593
38.5881
38.583
38.5642
38.5819
38.5801
38.576
38.5632
38.5723
38.5698
38.5654
38.5399
38.5656
38.5682
38.5656
38.5479
38.5626
38.5627
38.5573
38.5258
38.5574
38.5631
38.5609
38.5374
38.557
38.5592
38.5533
38.5193
38.5568
38.5663
38.565
38.5374
38.5595
38.559
38.5529
38.5208
38.5642
38.5763
38.5749
38.5445
38.5696
38.5662
38.5592
38.5312
38.5798
38.5913
38.5883
38.5616
38.5906
38.5849
38.5768
38.5533
38.6022
38.6095
38.6052
38.5831
38.6139
38.6072
38.6003
38.583
38.6297
38.6342
38.6295
38.6121
38.6383
38.6329
38.6284
38.616
38.6542
38.656
38.6537
38.6427
38.6623
38.6601
38.6586
38.6521
38.6757
38.6783
38.6792
38.6757
38.6856
38.6866
38.6886
38.6893
38.6914
38.6945
38.6994
38.7038
38.6986
38.7026
38.7056
38.7138
5.71044
29.5801
41.0156
42.6852
42.3952
42.1426
42.0531
42.054
42.1001
42.1766
42.2833
42.3928
42.4982
42.5889
42.669
42.7257
42.7651
42.7856
42.8105
42.8159
42.8151
42.8076
42.8087
42.8011
42.793
42.7775
42.7866
42.7798
42.7725
42.7616
42.7656
42.7602
42.7548
42.7344
42.7545
42.7526
42.7481
42.7341
42.7447
42.742
42.7372
42.7095
42.7382
42.7408
42.738
42.7186
42.7352
42.7352
42.7293
42.6954
42.7302
42.7361
42.7335
42.708
42.7297
42.7318
42.7254
42.6887
42.7296
42.7395
42.7379
42.7083
42.7324
42.7316
42.7248
42.6901
42.7371
42.7497
42.7481
42.7155
42.7426
42.7388
42.7309
42.7004
42.7526
42.7647
42.7614
42.7328
42.7638
42.7576
42.7485
42.7229
42.7751
42.7829
42.7781
42.7542
42.7871
42.7798
42.7721
42.753
42.8029
42.8076
42.8025
42.7837
42.8115
42.8056
42.8003
42.7866
42.8273
42.8291
42.8264
42.8144
42.8351
42.8326
42.8306
42.8232
42.8482
42.8507
42.8514
42.8474
42.8578
42.8586
42.8604
42.8608
42.8628
42.8657
42.8707
42.8752
42.8695
42.8737
42.8768
42.8866
5.99523
31.9171
44.7676
46.7424
46.5131
46.3051
46.268
46.322
46.4198
46.5468
46.7041
46.8612
47.0105
47.14
47.2542
47.338
47.399
47.4355
47.4742
47.4885
47.494
47.4903
47.4953
47.4895
47.4825
47.4668
47.4784
47.4716
47.4642
47.4524
47.4576
47.4519
47.4463
47.4241
47.4469
47.4448
47.44
47.4247
47.4369
47.4339
47.4288
47.399
47.4308
47.4334
47.4303
47.4092
47.4279
47.4277
47.4213
47.3849
47.4231
47.4291
47.4262
47.3987
47.4225
47.4246
47.4175
47.3782
47.4227
47.4329
47.4309
47.3992
47.4254
47.4244
47.4169
47.3796
47.4301
47.4432
47.4413
47.4065
47.4357
47.4315
47.4226
47.3897
47.4454
47.4581
47.4544
47.4238
47.4568
47.4502
47.4401
47.4123
47.4678
47.476
47.4706
47.4452
47.48
47.4722
47.4634
47.4427
47.4954
47.5005
47.4948
47.4747
47.5041
47.4976
47.4915
47.4765
47.5195
47.5213
47.5181
47.5051
47.5269
47.524
47.5214
47.5131
47.5394
47.5418
47.5423
47.5376
47.5484
47.549
47.5506
47.5506
47.5525
47.5551
47.5602
47.5646
47.5584
47.5628
47.5659
47.5775
6.18858
34.2704
48.7932
51.166
51.0321
50.8901
50.9247
51.0494
51.2155
51.4084
51.6312
51.85
52.0564
52.2365
52.395
52.5149
52.6046
52.6627
52.7199
52.7466
52.761
52.7629
52.7734
52.7704
52.7653
52.7497
52.7643
52.7579
52.7505
52.7379
52.7445
52.7384
52.7325
52.7086
52.7342
52.7319
52.7269
52.7101
52.7242
52.7208
52.7153
52.6834
52.7185
52.7211
52.7177
52.6948
52.7156
52.7153
52.7084
52.6695
52.7112
52.7174
52.7141
52.6846
52.7106
52.7125
52.7048
52.6628
52.711
52.7215
52.7191
52.6854
52.7137
52.7125
52.7042
52.6643
52.7183
52.7319
52.7296
52.6928
52.7239
52.7195
52.7096
52.6742
52.7334
52.7466
52.7424
52.7101
52.745
52.738
52.7268
52.697
52.7555
52.7641
52.7582
52.7312
52.7678
52.7595
52.7497
52.7275
52.7829
52.7883
52.782
52.7607
52.7915
52.7846
52.7776
52.7613
52.8064
52.8082
52.8045
52.7906
52.8133
52.81
52.8069
52.7977
52.8251
52.8274
52.8276
52.8223
52.8334
52.8337
52.8351
52.8347
52.8363
52.8387
52.8437
52.848
52.8413
52.8458
52.8489
52.8623
6.26557
36.5773
53.0651
55.9545
55.9607
55.9098
56.0376
56.253
56.5059
56.7824
57.0876
57.3841
57.6626
57.9069
58.122
58.2881
58.4152
58.5019
58.583
58.6264
58.6529
58.6629
58.6807
58.6817
58.6794
58.6647
58.6829
58.6771
58.67
58.6566
58.6647
58.6584
58.6522
58.6266
58.6551
58.6528
58.6474
58.6292
58.645
58.6414
58.6354
58.6014
58.6398
58.6425
58.6387
58.6141
58.637
58.6365
58.6289
58.5878
58.6329
58.6393
58.6356
58.6041
58.6322
58.634
58.6257
58.5813
58.6329
58.6439
58.641
58.6053
58.6356
58.6342
58.6252
58.5829
58.6403
58.6544
58.6516
58.6129
58.6458
58.6412
58.6303
58.5928
58.6552
58.6689
58.6643
58.6304
58.6669
58.6597
58.6474
58.6158
58.6771
58.6862
58.6796
58.6513
58.6895
58.6809
58.6701
58.6464
58.7042
58.71
58.7031
58.6807
58.7128
58.7055
58.6977
58.6802
58.7272
58.7291
58.7249
58.7101
58.7336
58.73
58.7263
58.7163
58.7447
58.7469
58.7468
58.741
58.7523
58.7522
58.7534
58.7526
58.754
58.756
58.761
58.7652
58.758
58.7625
58.7655
58.7805
6.20149
38.7297
57.5005
61.0588
61.264
61.3341
61.5793
61.9073
62.2677
62.6472
63.0533
63.4453
63.8126
64.1364
64.4216
64.646
64.8203
64.9437
65.0551
65.1205
65.163
65.1841
65.2113
65.2181
65.2197
65.2067
65.229
65.2244
65.218
65.2041
65.2137
65.2072
65.2008
65.1736
65.2048
65.2025
65.1969
65.1771
65.1946
65.1907
65.1842
65.1483
65.1898
65.1927
65.1886
65.1622
65.187
65.1864
65.1782
65.135
65.1833
65.1901
65.1858
65.1525
65.1825
65.1843
65.1753
65.1287
65.1836
65.1951
65.1916
65.1542
65.1862
65.1848
65.175
65.1306
65.1912
65.2058
65.2025
65.1621
65.1965
65.1919
65.1802
65.1407
65.206
65.2203
65.2152
65.1799
65.2178
65.2106
65.1974
65.1642
65.228
65.2375
65.2304
65.2009
65.2405
65.2317
65.22
65.1952
65.2551
65.2613
65.2539
65.2305
65.2637
65.2562
65.2476
65.2292
65.2778
65.2798
65.2751
65.2596
65.2838
65.2801
65.2758
65.2651
65.2943
65.2965
65.2961
65.2898
65.3013
65.301
65.302
65.3008
65.3019
65.3037
65.3086
65.3126
65.3049
65.3094
65.3124
65.3286
5.97713
40.57
61.9525
66.3751
66.8578
67.086
67.4757
67.9405
68.4306
68.9341
69.4608
69.9672
70.4412
70.8612
71.2315
71.5272
71.7599
71.9292
72.0784
72.1716
72.2349
72.2706
72.3098
72.3245
72.3316
72.3214
72.3482
72.3457
72.3403
72.3262
72.3373
72.3309
72.3243
72.2956
72.3292
72.3271
72.3213
72.3001
72.3188
72.3148
72.3078
72.2702
72.3142
72.3176
72.3132
72.2852
72.3114
72.3108
72.3019
72.2569
72.308
72.3153
72.3106
72.2756
72.3072
72.3089
72.2993
72.2508
72.3086
72.3208
72.3167
72.2777
72.3112
72.3098
72.2995
72.2534
72.3165
72.3318
72.328
72.2862
72.3218
72.3173
72.305
72.2641
72.3318
72.3467
72.3413
72.3048
72.3437
72.3367
72.3227
72.2884
72.3543
72.3644
72.3568
72.3264
72.3671
72.3583
72.3459
72.3203
72.3818
72.3885
72.3806
72.3566
72.3907
72.3832
72.3739
72.3549
72.4047
72.407
72.4019
72.3859
72.4106
72.4069
72.4022
72.391
72.4208
72.4232
72.4225
72.4159
72.4274
72.4271
72.4279
72.4264
72.4272
72.4288
72.4337
72.4375
72.4293
72.4338
72.4367
72.4534
5.58555
41.8932
66.2016
71.7378
72.6047
73.0382
73.6038
74.2318
74.8755
75.5251
76.193
76.8335
77.4328
77.9664
78.4374
78.8186
79.1217
79.3474
79.5422
79.6702
79.7596
79.8142
79.8683
79.8933
79.9077
79.9019
79.9338
79.9341
79.9304
79.9165
79.929
79.9229
79.9162
79.8864
79.9217
79.9202
79.9141
79.8917
79.9113
79.9071
79.8995
79.8606
79.9066
79.9105
79.9059
79.8765
79.9037
79.9031
79.8935
79.8472
79.9003
79.9084
79.9033
79.8669
79.8995
79.9012
79.8911
79.8413
79.9012
79.9142
79.9097
79.8694
79.9039
79.9027
79.892
79.8447
79.9098
79.9258
79.9216
79.8787
79.915
79.911
79.8983
79.8565
79.926
79.9417
79.9359
79.8987
79.9382
79.9315
79.9172
79.8823
79.9495
79.9604
79.9524
79.9215
79.9629
79.9544
79.9416
79.9156
79.9783
79.9856
79.9774
79.953
79.9876
79.9804
79.9708
79.9515
80.0021
80.0049
79.9995
79.9832
80.0083
80.0047
79.9998
79.9884
80.0187
80.0213
80.0205
80.0137
80.0253
80.025
80.0258
80.0242
80.0246
80.0262
80.031
80.0348
80.0261
80.0304
80.0334
80.0497
5.03879
42.457
69.952
76.9153
78.3114
79.0132
79.7923
80.6127
81.4358
82.2545
83.0845
83.8789
84.6221
85.287
85.8746
86.3558
86.7421
87.0349
87.284
87.4543
87.5758
87.6541
87.7264
87.7647
87.7885
87.789
87.8264
87.8307
87.8293
87.8164
87.8301
87.8247
87.818
87.7874
87.8237
87.8229
87.8169
87.7934
87.8132
87.809
87.8009
87.7611
87.808
87.8128
87.808
87.7775
87.805
87.8045
87.7944
87.7472
87.8013
87.8104
87.8051
87.7678
87.8006
87.8026
87.7921
87.7416
87.8024
87.8166
87.8118
87.7707
87.8054
87.8046
87.7938
87.746
87.812
87.8291
87.8246
87.781
87.8175
87.814
87.8013
87.7594
87.8298
87.8465
87.8406
87.803
87.8425
87.8365
87.8221
87.7873
87.8552
87.867
87.8589
87.8278
87.8694
87.8616
87.8486
87.8229
87.886
87.8942
87.8858
87.8613
87.8962
87.8895
87.8798
87.8607
87.9117
87.9152
87.9097
87.8934
87.9186
87.9155
87.9106
87.8994
87.9297
87.9329
87.9321
87.9254
87.9369
87.9369
87.9377
87.9362
87.9363
87.9381
87.943
87.9466
87.9377
87.9416
87.9448
87.9594
4.37203
42.0053
72.8329
81.6065
83.7282
84.7844
85.8237
86.8705
87.9006
88.9125
89.9255
90.8932
91.7984
92.6115
93.3312
93.9268
94.409
94.7802
95.0923
95.3128
95.4727
95.5801
95.6743
95.7292
95.7648
95.7736
95.8173
95.8267
95.8286
95.8174
95.8323
95.8278
95.8214
95.7907
95.827
95.8271
95.8212
95.7971
95.8164
95.8124
95.8038
95.7636
95.8103
95.8161
95.8114
95.7803
95.8072
95.8069
95.7962
95.7488
95.8027
95.8131
95.8077
95.7701
95.8022
95.8045
95.7939
95.7434
95.804
95.8195
95.8146
95.7733
95.8074
95.8072
95.7965
95.7491
95.815
95.8332
95.8286
95.7849
95.8207
95.8182
95.8059
95.7647
95.8349
95.8528
95.847
95.8096
95.8484
95.8433
95.8293
95.7953
95.863
95.8759
95.868
95.8373
95.8784
95.8716
95.859
95.8341
95.8969
95.906
95.8977
95.8737
95.9082
95.9025
95.8931
95.8747
95.9254
95.9299
95.9245
95.9086
95.9336
95.9313
95.9266
95.9159
95.9462
95.95
95.9495
95.943
95.9544
95.9549
95.956
95.9547
95.9546
95.9567
95.9617
95.9654
95.9562
95.9598
95.9632
95.9752
3.64255
40.3078
74.4089
85.4391
88.5481
90.0778
91.4388
92.7522
94.0204
95.2508
96.4674
97.627
98.711
99.688
100.554
101.277
101.867
102.328
102.712
102.99
103.195
103.337
103.457
103.532
103.582
103.602
103.652
103.668
103.674
103.666
103.682
103.679
103.673
103.643
103.678
103.68
103.674
103.65
103.668
103.664
103.655
103.615
103.66
103.667
103.663
103.632
103.657
103.657
103.646
103.599
103.651
103.663
103.658
103.621
103.651
103.654
103.643
103.594
103.653
103.67
103.665
103.624
103.657
103.657
103.647
103.601
103.665
103.685
103.68
103.637
103.672
103.67
103.659
103.619
103.688
103.707
103.702
103.665
103.703
103.699
103.685
103.653
103.719
103.734
103.726
103.697
103.737
103.731
103.719
103.696
103.757
103.768
103.76
103.737
103.77
103.766
103.757
103.74
103.79
103.796
103.791
103.775
103.8
103.799
103.795
103.785
103.815
103.819
103.819
103.813
103.825
103.826
103.827
103.826
103.826
103.829
103.834
103.838
103.829
103.832
103.835
103.844
2.9211
37.2168
74.2042
87.9693
92.4051
94.5738
96.3398
97.9706
99.5128
100.989
102.43
103.799
105.077
106.231
107.255
108.118
108.826
109.386
109.849
110.193
110.449
110.631
110.781
110.88
110.947
110.98
111.039
111.063
111.074
111.07
111.087
111.086
111.081
111.052
111.085
111.088
111.083
111.059
111.075
111.071
111.062
111.023
111.065
111.073
111.069
111.039
111.062
111.062
111.051
111.006
111.055
111.068
111.063
111.027
111.055
111.058
111.048
111
111.056
111.074
111.07
111.031
111.061
111.062
111.053
111.009
111.07
111.091
111.087
111.046
111.078
111.077
111.067
111.03
111.096
111.117
111.113
111.078
111.113
111.11
111.098
111.068
111.132
111.148
111.141
111.113
111.151
111.147
111.137
111.116
111.175
111.187
111.18
111.158
111.19
111.187
111.18
111.164
111.212
111.219
111.215
111.201
111.225
111.225
111.222
111.213
111.242
111.248
111.249
111.244
111.255
111.257
111.259
111.259
111.258
111.261
111.267
111.271
111.262
111.265
111.268
111.272
2.27632
32.7366
71.7501
88.6881
94.8723
97.9066
100.193
102.209
104.069
105.822
107.51
109.105
110.589
111.931
113.122
114.132
114.967
115.633
116.182
116.597
116.91
117.138
117.321
117.447
117.535
117.584
117.651
117.684
117.703
117.703
117.722
117.723
117.719
117.693
117.723
117.727
117.723
117.7
117.713
117.71
117.701
117.664
117.701
117.711
117.707
117.678
117.698
117.698
117.687
117.644
117.689
117.703
117.699
117.665
117.69
117.693
117.683
117.638
117.689
117.709
117.706
117.669
117.695
117.698
117.689
117.649
117.706
117.727
117.725
117.686
117.714
117.715
117.707
117.673
117.735
117.757
117.754
117.722
117.754
117.753
117.742
117.716
117.776
117.793
117.788
117.762
117.798
117.796
117.787
117.768
117.824
117.838
117.832
117.812
117.842
117.841
117.835
117.822
117.867
117.876
117.873
117.861
117.883
117.885
117.883
117.876
117.904
117.911
117.913
117.909
117.919
117.922
117.925
117.926
117.926
117.93
117.935
117.94
117.932
117.933
117.937
117.936
1.75708
27.0928
66.6672
87.0404
95.4604
99.6622
102.631
105.122
107.359
109.427
111.387
113.225
114.926
116.464
117.826
118.988
119.953
120.73
121.368
121.859
122.234
122.51
122.73
122.886
122.997
123.065
123.142
123.186
123.212
123.219
123.239
123.243
123.242
123.218
123.245
123.25
123.247
123.226
123.236
123.233
123.223
123.189
123.222
123.231
123.229
123.202
123.218
123.218
123.208
123.168
123.206
123.221
123.219
123.187
123.208
123.211
123.202
123.162
123.206
123.227
123.225
123.191
123.214
123.216
123.209
123.173
123.224
123.247
123.246
123.21
123.234
123.237
123.23
123.201
123.257
123.281
123.28
123.251
123.278
123.279
123.271
123.248
123.303
123.322
123.319
123.296
123.328
123.328
123.321
123.306
123.358
123.373
123.369
123.351
123.378
123.379
123.375
123.365
123.407
123.418
123.416
123.406
123.427
123.43
123.429
123.425
123.451
123.459
123.462
123.46
123.47
123.474
123.477
123.479
123.48
123.484
123.49
123.495
123.488
123.489
123.493
123.487
1.38127
20.772
58.7948
82.4737
93.6223
99.3743
103.247
106.343
109.034
111.467
113.732
115.831
117.761
119.497
121.033
122.346
123.441
124.329
125.058
125.625
126.063
126.392
126.651
126.839
126.975
127.064
127.152
127.207
127.242
127.257
127.279
127.287
127.288
127.269
127.291
127.297
127.295
127.277
127.284
127.28
127.271
127.241
127.266
127.276
127.275
127.251
127.263
127.263
127.253
127.217
127.248
127.263
127.262
127.235
127.251
127.254
127.246
127.21
127.247
127.268
127.268
127.238
127.256
127.259
127.254
127.223
127.267
127.289
127.29
127.259
127.279
127.282
127.277
127.254
127.303
127.328
127.329
127.304
127.327
127.329
127.323
127.305
127.354
127.374
127.374
127.355
127.382
127.385
127.38
127.369
127.415
127.431
127.43
127.415
127.439
127.442
127.44
127.433
127.471
127.483
127.484
127.476
127.494
127.499
127.5
127.498
127.522
127.532
127.536
127.535
127.545
127.55
127.555
127.557
127.559
127.564
127.57
127.576
127.57
127.57
127.573
127.563
1.13724
14.4885
48.3669
74.5426
88.7787
96.5233
101.594
105.473
108.73
111.599
114.211
116.598
118.768
120.707
122.414
123.873
125.093
126.088
126.904
127.547
128.047
128.428
128.727
128.949
129.112
129.224
129.324
129.391
129.436
129.459
129.485
129.496
129.5
129.486
129.504
129.51
129.51
129.495
129.499
129.495
129.486
129.46
129.479
129.488
129.488
129.468
129.475
129.474
129.465
129.434
129.458
129.472
129.472
129.449
129.461
129.463
129.456
129.426
129.456
129.475
129.477
129.452
129.465
129.468
129.465
129.44
129.476
129.498
129.501
129.476
129.49
129.493
129.491
129.473
129.515
129.54
129.544
129.524
129.543
129.545
129.542
129.529
129.571
129.592
129.595
129.58
129.603
129.607
129.605
129.597
129.638
129.655
129.656
129.645
129.665
129.67
129.67
129.666
129.7
129.714
129.717
129.711
129.728
129.734
129.737
129.737
129.758
129.77
129.775
129.776
129.786
129.792
129.797
129.801
129.803
129.809
129.816
129.822
129.818
129.817
129.82
129.807
0.995591
9.03699
36.2012
63.1034
80.3929
90.5504
97.1784
102.082
106.06
109.468
112.492
115.204
117.633
119.781
121.655
123.253
124.589
125.684
126.58
127.293
127.853
128.285
128.624
128.88
129.071
129.206
129.32
129.399
129.455
129.488
129.517
129.533
129.54
129.532
129.546
129.553
129.554
129.542
129.543
129.539
129.531
129.509
129.522
129.529
129.53
129.514
129.518
129.516
129.507
129.482
129.498
129.51
129.512
129.494
129.501
129.502
129.497
129.473
129.494
129.511
129.515
129.496
129.505
129.507
129.505
129.486
129.514
129.535
129.54
129.521
129.531
129.534
129.533
129.521
129.556
129.579
129.586
129.572
129.586
129.59
129.589
129.58
129.616
129.637
129.642
129.632
129.651
129.656
129.657
129.653
129.687
129.706
129.709
129.702
129.719
129.725
129.727
129.726
129.755
129.77
129.775
129.773
129.787
129.795
129.799
129.802
129.821
129.833
129.84
129.843
129.852
129.859
129.866
129.871
129.874
129.88
129.887
129.893
129.891
129.891
129.892
129.877
0.922895
5.02666
23.7951
48.6275
68.1486
80.9186
89.4731
95.6995
100.61
104.702
108.233
111.33
114.051
116.422
118.465
120.196
121.64
122.825
123.795
124.573
125.189
125.671
126.05
126.34
126.559
126.719
126.847
126.94
127.007
127.05
127.084
127.105
127.116
127.114
127.126
127.132
127.135
127.126
127.126
127.122
127.114
127.097
127.103
127.109
127.11
127.098
127.098
127.096
127.088
127.068
127.077
127.086
127.089
127.076
127.079
127.08
127.075
127.057
127.072
127.086
127.091
127.078
127.082
127.084
127.083
127.07
127.091
127.109
127.116
127.103
127.109
127.112
127.113
127.106
127.133
127.155
127.165
127.156
127.167
127.171
127.172
127.168
127.196
127.217
127.225
127.22
127.235
127.241
127.244
127.244
127.272
127.29
127.297
127.293
127.307
127.314
127.318
127.32
127.344
127.36
127.367
127.368
127.38
127.388
127.395
127.399
127.416
127.429
127.437
127.442
127.451
127.459
127.466
127.472
127.476
127.482
127.49
127.497
127.497
127.497
127.497
127.48
0.890679
2.60854
13.1178
32.5889
52.3092
67.2901
77.9797
85.8332
91.9325
96.9033
101.079
104.653
107.724
110.349
112.577
114.446
115.998
117.274
118.318
119.16
119.835
120.368
120.789
121.116
121.366
121.553
121.699
121.806
121.886
121.94
121.981
122.008
122.024
122.029
122.039
122.045
122.049
122.044
122.043
122.038
122.032
122.019
122.02
122.023
122.024
122.016
122.014
122.011
122.004
121.989
121.993
121.998
122.001
121.993
121.993
121.993
121.989
121.977
121.985
121.996
122.001
121.993
121.996
121.997
121.996
121.989
122.003
122.018
122.026
122.019
122.023
122.025
122.027
122.025
122.045
122.065
122.075
122.073
122.081
122.085
122.088
122.088
122.11
122.128
122.139
122.139
122.15
122.157
122.162
122.166
122.188
122.205
122.214
122.214
122.225
122.233
122.239
122.243
122.263
122.278
122.287
122.291
122.302
122.31
122.318
122.324
122.339
122.351
122.361
122.368
122.377
122.385
122.392
122.399
122.405
122.411
122.419
122.426
122.428
122.429
122.428
122.411
0.878666
1.44488
5.85984
17.6689
34.303
49.9408
62.4392
72.0545
79.579
85.65
90.6533
94.8348
98.348
101.293
103.752
105.795
107.485
108.876
110.016
110.944
111.694
112.294
112.771
113.145
113.435
113.656
113.826
113.953
114.049
114.117
114.167
114.201
114.224
114.235
114.246
114.254
114.258
114.257
114.255
114.251
114.246
114.236
114.235
114.235
114.235
114.23
114.227
114.223
114.217
114.207
114.207
114.209
114.211
114.206
114.206
114.204
114.201
114.194
114.198
114.204
114.209
114.206
114.207
114.207
114.208
114.204
114.214
114.225
114.233
114.231
114.234
114.236
114.238
114.24
114.254
114.27
114.282
114.284
114.291
114.295
114.3
114.303
114.319
114.335
114.346
114.35
114.36
114.367
114.374
114.379
114.397
114.412
114.422
114.427
114.436
114.443
114.45
114.457
114.473
114.487
114.497
114.503
114.513
114.522
114.53
114.538
114.55
114.562
114.573
114.581
114.59
114.598
114.606
114.613
114.62
114.627
114.634
114.641
114.645
114.647
114.646
114.631
0.87476
1.0069
2.29982
7.09088
17.3318
30.5494
43.3677
54.2961
63.2461
70.5639
76.5775
81.5278
85.6194
89.0033
91.8048
94.126
96.0508
97.6444
98.9601
100.04
100.92
101.632
102.201
102.652
103.005
103.277
103.486
103.644
103.763
103.851
103.916
103.961
103.992
104.012
104.026
104.035
104.041
104.043
104.043
104.04
104.036
104.029
104.026
104.024
104.023
104.02
104.017
104.013
104.008
104.001
103.999
103.998
103.999
103.997
103.996
103.994
103.992
103.988
103.989
103.992
103.996
103.996
103.996
103.996
103.997
103.997
104.002
104.01
104.017
104.019
104.022
104.024
104.027
104.03
104.041
104.053
104.064
104.07
104.076
104.081
104.086
104.091
104.103
104.116
104.127
104.135
104.143
104.15
104.158
104.165
104.178
104.192
104.202
104.209
104.218
104.225
104.233
104.241
104.253
104.265
104.276
104.284
104.293
104.302
104.31
104.319
104.33
104.341
104.351
104.36
104.369
104.377
104.385
104.393
104.4
104.407
104.414
104.421
104.426
104.429
104.429
104.416
0.873309
0.880836
1.12401
2.23764
5.87613
13.1978
23.1588
33.6327
43.2522
51.5859
58.6269
64.4716
69.3251
73.3728
76.7652
79.6162
82.0122
84.0187
85.6889
87.0679
88.1977
89.1143
89.8504
90.4346
90.8939
91.2509
91.5254
91.7338
91.8915
92.0093
92.0958
92.1579
92.2023
92.2329
92.2538
92.2671
92.2762
92.2811
92.2827
92.2813
92.2788
92.2752
92.2719
92.2687
92.267
92.2648
92.2619
92.258
92.2542
92.2499
92.2467
92.2445
92.244
92.243
92.2416
92.2396
92.2381
92.2365
92.2363
92.2374
92.2399
92.2412
92.2418
92.2419
92.2428
92.2443
92.2479
92.2529
92.2587
92.2625
92.2654
92.2675
92.2708
92.2753
92.2827
92.2917
92.3012
92.3087
92.3151
92.3202
92.3258
92.3322
92.3413
92.3514
92.3618
92.3703
92.3784
92.3855
92.3931
92.4012
92.4117
92.4225
92.4329
92.4414
92.4494
92.4566
92.4643
92.4725
92.4826
92.4931
92.5033
92.5122
92.5208
92.529
92.5374
92.5459
92.5555
92.5653
92.575
92.584
92.5926
92.6008
92.6088
92.6164
92.6235
92.6306
92.6375
92.6441
92.6497
92.6539
92.6549
92.6459
0.872399
0.853132
0.867407
0.993378
1.57485
3.42888
7.519
13.9602
21.8072
29.8581
37.3654
44.053
49.9456
55.1188
59.6266
63.5096
66.8122
69.5869
71.8914
73.7856
75.3281
76.5726
77.5671
78.3541
78.9714
79.451
79.8198
80.1005
80.3128
80.4719
80.5895
80.675
80.7368
80.7807
80.8109
80.8309
80.8444
80.8528
80.8571
80.8581
80.8575
80.8557
80.8531
80.8499
80.8477
80.8456
80.8432
80.84
80.8369
80.8341
80.8311
80.8283
80.827
80.8262
80.825
80.8234
80.8223
80.8217
80.8213
80.8213
80.8226
80.8242
80.8252
80.8256
80.8267
80.8287
80.8312
80.8344
80.8388
80.843
80.8463
80.8489
80.8523
80.8567
80.8622
80.8687
80.8764
80.8838
80.8903
80.8958
80.9015
80.908
80.9152
80.9231
80.932
80.9404
80.9482
80.9553
80.9626
80.9706
80.9792
80.9881
80.9974
81.0061
81.0139
81.0211
81.0286
81.0365
81.0449
81.0537
81.0628
81.0715
81.0797
81.0875
81.0954
81.1036
81.112
81.1205
81.1293
81.1378
81.1459
81.1537
81.1613
81.1687
81.1756
81.1823
81.1889
81.195
81.2007
81.2054
81.2076
81.2033
0.871888
0.848561
0.830577
0.818119
0.840807
0.993458
1.55543
3.06934
6.12735
10.975
17.3304
24.5706
31.9333
38.8565
45.0309
50.3469
54.8178
58.5184
61.5466
64.0023
65.9786
67.5576
68.8098
69.7952
70.5648
71.161
71.6189
71.9676
72.231
72.4284
72.5747
72.6819
72.7596
72.8151
72.8539
72.8803
72.8981
72.9096
72.9164
72.9196
72.9205
72.9198
72.9179
72.9154
72.9131
72.911
72.9088
72.9063
72.9039
72.9015
72.899
72.8965
72.895
72.8939
72.8929
72.8918
72.891
72.8905
72.8902
72.8901
72.8909
72.8922
72.8933
72.8943
72.8956
72.8973
72.8993
72.9018
72.9053
72.909
72.9124
72.9156
72.9189
72.9229
72.9273
72.9324
72.9387
72.9452
72.9513
72.957
72.9627
72.9686
72.9748
72.9815
72.9889
72.9966
73.0039
73.0109
73.0179
73.0252
73.0327
73.0405
73.0487
73.0569
73.0645
73.0717
73.0788
73.0862
73.0936
73.1013
73.1093
73.1174
73.1251
73.1326
73.14
73.1475
73.155
73.1627
73.1705
73.1783
73.186
73.1933
73.2005
73.2074
73.2141
73.2204
73.2266
73.2323
73.2378
73.2423
73.2453
73.2441
0.871933
0.848658
0.830765
0.818635
0.84283
1.00117
1.57963
3.1241
6.21376
11.0714
17.4139
24.6123
31.923
38.7988
44.9369
50.2279
54.6828
58.3741
61.3976
63.8516
65.828
67.408
68.6616
69.6488
70.42
71.0176
71.4769
71.8268
72.0914
72.2895
72.4366
72.5444
72.6226
72.6784
72.7175
72.7443
72.7624
72.774
72.781
72.7845
72.7856
72.7849
72.7832
72.781
72.7789
72.7768
72.7747
72.7725
72.7702
72.7677
72.7655
72.7635
72.7621
72.7609
72.7601
72.7593
72.7587
72.7581
72.7579
72.7583
72.7593
72.7605
72.7618
72.7631
72.7645
72.766
72.768
72.7707
72.7741
72.7776
72.7812
72.7846
72.7881
72.7917
72.796
72.801
72.8068
72.8128
72.8188
72.8245
72.83
72.8355
72.8415
72.848
72.8551
72.8622
72.8694
72.8764
72.8832
72.89
72.8973
72.905
72.913
72.9208
72.9284
72.9357
72.9427
72.9497
72.9569
72.9645
72.9722
72.9799
72.9875
72.9949
73.0022
73.0093
73.0166
73.0241
73.0317
73.0392
73.0466
73.0538
73.0609
73.0677
73.0741
73.0804
73.0863
73.0919
73.0971
73.1014
73.1043
73.1033
0.872535
0.853675
0.869268
1.00095
1.60578
3.51832
7.69187
14.1972
22.0548
30.0632
37.4907
44.0826
49.8794
54.966
59.4029
63.2327
66.4981
69.2482
71.5382
73.4254
74.9653
76.2096
77.2058
77.9955
78.6156
79.0976
79.4689
79.7523
79.9668
80.1274
80.2464
80.3336
80.3965
80.4408
80.4717
80.4927
80.5068
80.5154
80.5202
80.5222
80.5222
80.5204
80.5182
80.5159
80.514
80.5117
80.5095
80.5072
80.5048
80.502
80.4996
80.498
80.497
80.4959
80.495
80.4943
80.4938
80.4931
80.4932
80.4942
80.4958
80.4972
80.4986
80.5001
80.5017
80.5031
80.5055
80.5089
80.5129
80.5167
80.5205
80.5242
80.5279
80.5316
80.5364
80.5424
80.5489
80.555
80.5611
80.5668
80.5723
80.5777
80.5842
80.5916
80.5992
80.6066
80.6139
80.6211
80.6282
80.6351
80.643
80.6515
80.66
80.668
80.6758
80.6833
80.6906
80.6977
80.7054
80.7137
80.722
80.7299
80.7378
80.7454
80.753
80.7603
80.768
80.776
80.784
80.7919
80.7995
80.807
80.8143
80.8213
80.8279
80.8343
80.8404
80.846
80.851
80.855
80.8569
80.8524
0.87355
0.883539
1.13749
2.29489
6.04324
13.4939
23.5196
33.977
43.5288
51.7701
58.702
64.4405
69.1954
73.1554
76.4745
79.2682
81.6218
83.5982
85.2489
86.6169
87.741
88.6551
89.391
89.977
90.4385
90.7974
91.074
91.285
91.4449
91.5639
91.6519
91.7158
91.7616
91.7929
91.8145
91.829
91.8386
91.8437
91.8459
91.8458
91.8444
91.8413
91.8384
91.8361
91.8344
91.8319
91.8294
91.8267
91.8241
91.8206
91.8182
91.8169
91.8165
91.8152
91.8142
91.8133
91.813
91.8121
91.8125
91.8142
91.8167
91.818
91.8194
91.8207
91.8226
91.824
91.827
91.8313
91.8364
91.8403
91.8442
91.8479
91.8521
91.856
91.8617
91.8689
91.8766
91.8829
91.889
91.8946
91.9004
91.9059
91.9133
91.9219
91.9307
91.9382
91.9459
91.9533
91.9608
91.9681
91.977
91.9866
91.9961
92.0042
92.0123
92.02
92.0276
92.0351
92.0438
92.0531
92.0622
92.0705
92.0787
92.0867
92.0947
92.1025
92.1109
92.1197
92.1285
92.1367
92.1448
92.1526
92.1602
92.1675
92.1743
92.1809
92.1872
92.1929
92.1976
92.201
92.2013
92.1927
0.875225
1.01881
2.36454
7.30394
17.7216
31.0116
43.7973
54.6407
63.4874
70.6979
76.5993
81.4482
85.4488
88.7536
91.4893
93.7588
95.6451
97.211
98.5079
99.576
100.45
101.158
101.727
102.178
102.533
102.807
103.018
103.178
103.299
103.388
103.453
103.5
103.533
103.554
103.569
103.578
103.585
103.587
103.587
103.585
103.583
103.579
103.575
103.573
103.572
103.569
103.566
103.563
103.561
103.556
103.554
103.553
103.554
103.552
103.55
103.549
103.549
103.548
103.549
103.552
103.555
103.556
103.557
103.558
103.561
103.562
103.565
103.571
103.577
103.58
103.584
103.588
103.593
103.597
103.604
103.612
103.621
103.627
103.633
103.638
103.644
103.65
103.659
103.669
103.679
103.686
103.694
103.701
103.709
103.717
103.727
103.738
103.748
103.756
103.764
103.772
103.78
103.788
103.798
103.808
103.818
103.826
103.834
103.843
103.851
103.859
103.868
103.878
103.887
103.896
103.904
103.912
103.92
103.927
103.934
103.941
103.947
103.953
103.957
103.96
103.958
103.945
0.879836
1.48605
6.05783
18.1054
34.8501
50.4523
62.8536
72.3588
79.7754
85.7423
90.6418
94.7319
98.1647
101.041
103.443
105.443
107.102
108.47
109.596
110.514
111.259
111.857
112.334
112.708
113
113.224
113.395
113.523
113.62
113.69
113.741
113.776
113.801
113.815
113.826
113.832
113.837
113.836
113.835
113.832
113.83
113.824
113.821
113.819
113.819
113.815
113.812
113.809
113.806
113.8
113.799
113.799
113.801
113.797
113.796
113.795
113.796
113.793
113.796
113.799
113.803
113.803
113.804
113.805
113.808
113.808
113.814
113.82
113.827
113.829
113.834
113.837
113.842
113.846
113.854
113.864
113.874
113.879
113.885
113.89
113.896
113.901
113.912
113.923
113.934
113.94
113.948
113.956
113.964
113.971
113.983
113.995
114.005
114.012
114.021
114.028
114.037
114.044
114.056
114.067
114.077
114.084
114.093
114.101
114.11
114.118
114.128
114.138
114.148
114.156
114.164
114.172
114.18
114.187
114.194
114.201
114.207
114.212
114.216
114.217
114.214
114.199
0.893907
2.7194
13.5226
33.1999
52.9036
67.7769
78.3502
86.0963
92.0973
96.972
101.059
104.552
107.554
110.121
112.302
114.136
115.665
116.925
117.957
118.793
119.466
119.999
120.42
120.748
121.001
121.192
121.338
121.445
121.527
121.583
121.625
121.652
121.672
121.68
121.689
121.693
121.697
121.694
121.693
121.689
121.686
121.678
121.677
121.676
121.677
121.671
121.669
121.665
121.663
121.656
121.656
121.657
121.659
121.654
121.654
121.653
121.654
121.65
121.654
121.658
121.664
121.661
121.663
121.664
121.668
121.666
121.673
121.681
121.689
121.689
121.694
121.697
121.703
121.705
121.716
121.727
121.737
121.74
121.746
121.751
121.758
121.762
121.775
121.786
121.797
121.801
121.811
121.818
121.826
121.832
121.847
121.859
121.869
121.874
121.884
121.891
121.899
121.906
121.919
121.93
121.94
121.947
121.956
121.964
121.973
121.98
121.991
122.001
122.011
122.018
122.027
122.034
122.042
122.049
122.055
122.061
122.067
122.072
122.075
122.075
122.07
122.054
0.93119
5.26373
24.4092
49.3132
68.7146
81.3546
89.8015
95.9347
100.761
104.771
108.225
111.254
113.917
116.24
118.245
119.948
121.376
122.553
123.515
124.288
124.906
125.39
125.769
126.061
126.285
126.45
126.577
126.669
126.738
126.784
126.818
126.839
126.855
126.859
126.867
126.87
126.873
126.868
126.867
126.862
126.86
126.851
126.851
126.851
126.853
126.845
126.844
126.84
126.839
126.829
126.832
126.833
126.837
126.83
126.831
126.829
126.832
126.825
126.832
126.836
126.843
126.837
126.841
126.841
126.846
126.842
126.852
126.86
126.869
126.866
126.872
126.874
126.882
126.881
126.895
126.906
126.917
126.917
126.924
126.928
126.936
126.938
126.953
126.965
126.976
126.978
126.988
126.994
127.003
127.008
127.024
127.036
127.046
127.049
127.059
127.066
127.074
127.08
127.095
127.105
127.115
127.12
127.13
127.137
127.146
127.152
127.164
127.174
127.183
127.19
127.198
127.205
127.212
127.219
127.224
127.23
127.235
127.24
127.241
127.241
127.235
127.219
1.01456
9.44958
36.9633
63.7772
80.8976
90.9361
97.4765
102.304
106.215
109.556
112.515
115.17
117.551
119.662
121.506
123.083
124.41
125.502
126.392
127.103
127.667
128.103
128.444
128.701
128.899
129.041
129.151
129.229
129.288
129.325
129.354
129.369
129.382
129.382
129.389
129.391
129.395
129.387
129.387
129.382
129.38
129.369
129.372
129.372
129.375
129.365
129.366
129.361
129.361
129.349
129.354
129.357
129.361
129.351
129.354
129.352
129.356
129.346
129.356
129.361
129.368
129.36
129.365
129.365
129.371
129.364
129.377
129.385
129.395
129.388
129.395
129.397
129.406
129.403
129.419
129.43
129.442
129.438
129.447
129.45
129.458
129.458
129.476
129.487
129.498
129.497
129.509
129.514
129.523
129.525
129.544
129.555
129.565
129.565
129.577
129.582
129.591
129.595
129.611
129.621
129.631
129.633
129.644
129.65
129.659
129.664
129.676
129.686
129.694
129.7
129.708
129.714
129.72
129.726
129.731
129.736
129.741
129.745
129.745
129.744
129.738
129.724
1.17584
15.0941
49.1933
75.1538
89.2173
96.869
101.874
105.696
108.9
111.718
114.277
116.617
118.75
120.662
122.345
123.79
125.006
126.004
126.815
127.457
127.964
128.351
128.652
128.875
129.047
129.167
129.262
129.326
129.376
129.404
129.428
129.438
129.449
129.445
129.453
129.453
129.457
129.448
129.449
129.443
129.443
129.429
129.435
129.435
129.439
129.427
129.43
129.424
129.426
129.411
129.42
129.422
129.427
129.415
129.42
129.417
129.422
129.41
129.422
129.428
129.436
129.424
129.431
129.431
129.438
129.428
129.443
129.451
129.462
129.452
129.461
129.462
129.471
129.465
129.485
129.495
129.507
129.5
129.51
129.512
129.52
129.518
129.538
129.549
129.56
129.556
129.569
129.573
129.581
129.582
129.603
129.613
129.622
129.62
129.633
129.637
129.645
129.647
129.665
129.674
129.683
129.684
129.695
129.7
129.708
129.712
129.725
129.733
129.742
129.746
129.753
129.759
129.765
129.77
129.773
129.778
129.782
129.786
129.784
129.784
129.776
129.766
1.45163
21.551
59.6125
83.0026
94.0026
99.6916
103.52
106.575
109.229
111.625
113.847
115.91
117.813
119.53
121.049
122.353
123.449
124.343
125.068
125.636
126.082
126.418
126.679
126.869
127.015
127.114
127.194
127.246
127.287
127.307
127.327
127.334
127.343
127.335
127.344
127.343
127.347
127.336
127.338
127.332
127.333
127.317
127.326
127.325
127.33
127.317
127.322
127.316
127.318
127.301
127.313
127.315
127.322
127.307
127.314
127.31
127.316
127.301
127.317
127.322
127.33
127.316
127.325
127.324
127.332
127.319
127.337
127.344
127.355
127.343
127.353
127.354
127.363
127.354
127.377
127.386
127.398
127.388
127.4
127.4
127.409
127.404
127.427
127.436
127.447
127.44
127.455
127.457
127.465
127.464
127.486
127.495
127.504
127.499
127.513
127.516
127.524
127.524
127.544
127.551
127.559
127.558
127.57
127.574
127.582
127.584
127.598
127.605
127.612
127.615
127.622
127.627
127.632
127.636
127.639
127.643
127.647
127.65
127.647
127.647
127.638
127.633
1.87277
28
67.4272
87.487
95.7941
99.9611
102.905
105.371
107.583
109.627
111.556
113.366
115.05
116.574
117.926
119.082
120.053
120.838
121.473
121.965
122.35
122.635
122.857
123.014
123.136
123.214
123.281
123.321
123.355
123.368
123.385
123.387
123.395
123.385
123.395
123.392
123.397
123.384
123.388
123.381
123.383
123.366
123.377
123.376
123.383
123.367
123.374
123.368
123.371
123.352
123.367
123.369
123.376
123.359
123.368
123.364
123.371
123.353
123.372
123.376
123.385
123.368
123.379
123.377
123.386
123.37
123.391
123.397
123.409
123.393
123.406
123.405
123.415
123.403
123.428
123.437
123.449
123.435
123.449
123.448
123.457
123.449
123.474
123.482
123.492
123.483
123.499
123.5
123.508
123.504
123.529
123.536
123.544
123.537
123.552
123.554
123.561
123.559
123.58
123.586
123.594
123.591
123.603
123.606
123.613
123.614
123.628
123.634
123.641
123.642
123.649
123.653
123.658
123.661
123.663
123.666
123.669
123.672
123.668
123.669
123.658
123.659
2.44926
33.7172
72.4276
89.0621
95.1708
98.1944
100.473
102.476
104.325
106.066
107.731
109.306
110.78
112.115
113.3
114.308
115.151
115.827
116.372
116.79
117.115
117.352
117.535
117.663
117.762
117.822
117.877
117.907
117.934
117.941
117.955
117.954
117.961
117.948
117.959
117.956
117.961
117.946
117.953
117.945
117.948
117.929
117.943
117.942
117.949
117.932
117.941
117.934
117.939
117.918
117.935
117.936
117.944
117.925
117.937
117.932
117.939
117.919
117.94
117.943
117.953
117.934
117.948
117.944
117.954
117.936
117.959
117.964
117.976
117.957
117.972
117.97
117.981
117.966
117.993
118
118.012
117.996
118.011
118.009
118.018
118.008
118.035
118.041
118.051
118.039
118.057
118.056
118.064
118.058
118.084
118.089
118.097
118.088
118.105
118.105
118.112
118.108
118.13
118.135
118.141
118.137
118.15
118.152
118.158
118.158
118.172
118.177
118.183
118.183
118.19
118.192
118.197
118.199
118.201
118.204
118.206
118.208
118.204
118.205
118.192
118.2
3.15816
38.2199
74.7925
88.2837
92.6777
94.8555
96.6275
98.2583
99.7992
101.273
102.698
104.055
105.329
106.481
107.502
108.365
109.084
109.655
110.114
110.461
110.73
110.921
111.071
111.171
111.25
111.294
111.339
111.359
111.381
111.383
111.395
111.392
111.398
111.383
111.395
111.39
111.396
111.381
111.388
111.38
111.384
111.364
111.38
111.378
111.386
111.368
111.379
111.371
111.377
111.354
111.374
111.374
111.383
111.362
111.376
111.37
111.378
111.356
111.379
111.382
111.392
111.371
111.386
111.382
111.392
111.372
111.397
111.401
111.412
111.392
111.408
111.405
111.416
111.4
111.428
111.434
111.446
111.428
111.444
111.441
111.45
111.437
111.466
111.471
111.48
111.467
111.485
111.483
111.491
111.483
111.51
111.514
111.521
111.511
111.528
111.527
111.533
111.528
111.551
111.554
111.56
111.555
111.568
111.568
111.574
111.573
111.587
111.591
111.596
111.596
111.603
111.604
111.608
111.61
111.611
111.613
111.615
111.617
111.612
111.614
111.6
111.614
3.94354
41.2934
74.9124
85.7068
88.8021
90.3566
91.735
93.0584
94.334
95.5693
96.7763
97.9299
99.0148
99.9935
100.858
101.585
102.187
102.659
103.038
103.32
103.538
103.689
103.808
103.885
103.947
103.977
104.012
104.026
104.042
104.04
104.05
104.045
104.051
104.035
104.047
104.042
104.048
104.032
104.041
104.033
104.037
104.017
104.034
104.031
104.04
104.021
104.033
104.025
104.032
104.008
104.029
104.029
104.038
104.016
104.031
104.025
104.033
104.01
104.034
104.036
104.047
104.025
104.041
104.036
104.047
104.025
104.051
104.054
104.065
104.044
104.061
104.057
104.068
104.05
104.079
104.084
104.096
104.076
104.094
104.09
104.099
104.084
104.113
104.117
104.127
104.111
104.131
104.127
104.135
104.125
104.153
104.156
104.163
104.151
104.169
104.166
104.173
104.166
104.189
104.191
104.197
104.191
104.204
104.204
104.209
104.207
104.221
104.224
104.229
104.228
104.234
104.235
104.239
104.24
104.241
104.243
104.244
104.246
104.24
104.243
104.228
104.247
4.72985
42.9461
73.262
81.8389
83.9691
85.0618
86.1277
87.1925
88.237
89.2596
90.2678
91.234
92.1439
92.9614
93.6818
94.282
94.7764
95.1595
95.4666
95.6907
95.8635
95.9797
96.0724
96.1288
96.1756
96.1948
96.2224
96.2295
96.2424
96.2372
96.2457
96.2393
96.2442
96.2275
96.2401
96.2345
96.2405
96.2246
96.234
96.2261
96.2309
96.2101
96.2278
96.2254
96.2337
96.2149
96.2278
96.22
96.2267
96.2026
96.2241
96.2238
96.2329
96.2109
96.2262
96.2194
96.2286
96.2046
96.2294
96.2305
96.2414
96.2188
96.2356
96.2301
96.2411
96.218
96.2448
96.2467
96.2586
96.2361
96.254
96.2491
96.2608
96.2414
96.271
96.2744
96.2864
96.2659
96.2842
96.279
96.2879
96.2724
96.3018
96.3044
96.3138
96.2975
96.3176
96.3131
96.3207
96.3098
96.3376
96.3391
96.346
96.3339
96.3519
96.3483
96.3547
96.3474
96.3705
96.3714
96.3771
96.3698
96.3836
96.3823
96.3878
96.3844
96.399
96.4007
96.4056
96.4035
96.4103
96.4106
96.4138
96.4147
96.4157
96.4167
96.4177
96.4194
96.4139
96.4169
96.4014
96.4252
5.44137
43.3372
70.3189
77.1215
78.5428
79.2899
80.1025
80.9471
81.7894
82.6229
83.4518
84.2481
84.9984
85.6694
86.2588
86.7453
87.1439
87.4482
87.6918
87.8659
87.9998
88.0864
88.1568
88.1965
88.2309
88.2412
88.2624
88.2648
88.2744
88.2671
88.2743
88.2669
88.2712
88.2544
88.2669
88.2611
88.267
88.2513
88.2609
88.2532
88.2581
88.2375
88.2555
88.2529
88.2611
88.2424
88.2557
88.2479
88.2547
88.2307
88.2524
88.2517
88.2608
88.2388
88.2544
88.2473
88.2566
88.2324
88.2574
88.2581
88.2688
88.2461
88.2631
88.2572
88.2683
88.2449
88.2718
88.2729
88.2846
88.2619
88.2802
88.2747
88.2865
88.2665
88.2961
88.2985
88.3103
88.2894
88.3081
88.3021
88.3111
88.2949
88.3244
88.3259
88.3352
88.3184
88.3386
88.3334
88.341
88.3294
88.3571
88.3577
88.3644
88.3519
88.3701
88.3658
88.3722
88.3643
88.3873
88.3873
88.393
88.3853
88.399
88.3972
88.4026
88.3988
88.4133
88.4143
88.419
88.4166
88.4234
88.4233
88.4264
88.4271
88.4281
88.4288
88.4297
88.4313
88.4258
88.4293
88.4135
88.4406
6.01845
42.7062
66.5183
71.9251
72.8291
73.314
73.9181
74.5743
75.2406
75.9072
76.5767
77.2213
77.8292
78.3699
78.8433
79.2299
79.5448
79.7813
79.9705
80.1022
80.2033
80.2656
80.3174
80.3437
80.368
80.3714
80.3873
80.3861
80.393
80.3844
80.3904
80.3825
80.3862
80.3696
80.3817
80.3758
80.3814
80.3662
80.3758
80.3682
80.3731
80.353
80.3707
80.368
80.3759
80.3577
80.3709
80.3632
80.3699
80.3464
80.3678
80.367
80.3758
80.3542
80.3697
80.3625
80.3717
80.3478
80.3725
80.3729
80.3832
80.3608
80.3778
80.3716
80.3827
80.3595
80.3861
80.3865
80.398
80.3753
80.3937
80.3879
80.3997
80.3797
80.4089
80.4105
80.422
80.4011
80.4199
80.4135
80.4225
80.4061
80.4353
80.436
80.4451
80.4282
80.4484
80.4427
80.4503
80.4385
80.4658
80.4656
80.4724
80.4597
80.4779
80.4732
80.4796
80.4715
80.4942
80.4936
80.4992
80.4914
80.5051
80.503
80.5083
80.5043
80.5187
80.5194
80.5239
80.5214
80.5282
80.5279
80.531
80.5315
80.5328
80.5334
80.5342
80.5358
80.5305
80.5343
80.5186
80.5476
6.4259
41.3152
62.2296
66.5489
67.077
67.3602
67.7915
68.2869
68.8012
69.3228
69.8528
70.3646
70.8477
71.2751
71.6479
71.9489
72.1925
72.3719
72.5153
72.612
72.6863
72.7289
72.7656
72.7813
72.7975
72.7959
72.8074
72.8037
72.8084
72.799
72.8038
72.7958
72.7988
72.7828
72.7941
72.7884
72.7935
72.779
72.7881
72.7809
72.7856
72.7662
72.7833
72.7807
72.7881
72.7705
72.7832
72.7758
72.7822
72.7595
72.7802
72.7795
72.7878
72.7668
72.7818
72.7747
72.7837
72.7606
72.7845
72.7848
72.7946
72.7727
72.7893
72.7831
72.7942
72.7715
72.7974
72.7974
72.8084
72.7863
72.8045
72.7986
72.8104
72.7907
72.8192
72.8202
72.8314
72.8108
72.8294
72.8229
72.832
72.8158
72.8444
72.8444
72.8534
72.8367
72.8567
72.8508
72.8585
72.8467
72.8735
72.8728
72.8794
72.867
72.8849
72.8801
72.8866
72.8786
72.9009
72.8999
72.9055
72.8978
72.9115
72.9092
72.9146
72.9106
72.9248
72.9252
72.9298
72.9273
72.9342
72.9339
72.937
72.9376
72.939
72.9397
72.9405
72.9422
72.9371
72.9412
72.9259
72.9555
6.65331
39.4103
57.7468
61.223
61.4786
61.6057
61.8938
62.2534
62.6383
63.036
63.4461
63.844
64.2203
64.5512
64.8389
65.0681
65.2523
65.3847
65.4907
65.5591
65.6116
65.6388
65.6636
65.6712
65.6811
65.6758
65.6837
65.6783
65.6812
65.6715
65.6752
65.6672
65.6697
65.6544
65.6648
65.6592
65.6638
65.6501
65.6586
65.6518
65.656
65.6377
65.6537
65.6513
65.658
65.6413
65.6532
65.6462
65.6522
65.6306
65.6503
65.6497
65.6573
65.6372
65.6515
65.6446
65.6533
65.6312
65.6542
65.6544
65.6635
65.6425
65.6585
65.6524
65.6633
65.6416
65.6665
65.6663
65.6768
65.6554
65.6731
65.6673
65.6791
65.6601
65.6877
65.6882
65.6991
65.679
65.6973
65.6907
65.6999
65.6844
65.7122
65.7117
65.7205
65.7043
65.7239
65.718
65.7258
65.7145
65.7405
65.7394
65.746
65.734
65.7516
65.7469
65.7535
65.7457
65.7676
65.7663
65.7719
65.7645
65.7781
65.7758
65.7814
65.7776
65.7916
65.792
65.7966
65.7943
65.8012
65.801
65.8042
65.805
65.8067
65.8075
65.8085
65.8103
65.8055
65.8097
65.7951
65.8241
6.71009
37.1987
53.2875
56.1116
56.171
56.1773
56.3481
56.5947
56.8716
57.1654
57.4749
57.7771
58.0641
58.3148
58.532
58.7024
58.8383
58.9329
59.0088
59.055
59.0904
59.1057
59.1211
59.1227
59.1278
59.1201
59.1252
59.1186
59.1201
59.1104
59.1131
59.1053
59.1072
59.0928
59.1021
59.0969
59.1008
59.0879
59.0955
59.0892
59.0929
59.0757
59.0906
59.0884
59.0944
59.0787
59.0896
59.0829
59.0885
59.0681
59.0867
59.0863
59.0931
59.074
59.0875
59.0809
59.0891
59.0684
59.0902
59.0904
59.0988
59.0787
59.094
59.0881
59.0988
59.0782
59.1021
59.1016
59.1115
59.0911
59.1083
59.1027
59.1143
59.0964
59.1229
59.123
59.1334
59.1142
59.1319
59.1256
59.1348
59.1201
59.147
59.1462
59.1548
59.1392
59.1583
59.1526
59.1606
59.1498
59.175
59.1737
59.1802
59.1688
59.186
59.1815
59.1883
59.181
59.2022
59.2009
59.2065
59.1996
59.2129
59.2108
59.2165
59.2131
59.2269
59.2273
59.2319
59.23
59.2369
59.237
59.2403
59.2413
59.2433
59.2443
59.2455
59.2474
59.243
59.2473
59.2335
59.261
6.61807
34.8384
48.9971
51.3176
51.2377
51.1519
51.2285
51.3833
51.5719
51.7808
52.0076
52.2316
52.4456
52.6312
52.7915
52.9149
53.0123
53.0773
53.1295
53.1587
53.1809
53.1874
53.1957
53.193
53.1945
53.1852
53.188
53.1809
53.1813
53.1718
53.1735
53.1661
53.1673
53.1539
53.1622
53.1572
53.1605
53.1485
53.1552
53.1493
53.1524
53.1365
53.1502
53.1482
53.1534
53.1387
53.1485
53.1423
53.1473
53.1284
53.1457
53.1454
53.1514
53.1335
53.1459
53.1398
53.1475
53.1282
53.1487
53.149
53.1566
53.1377
53.1521
53.1466
53.1568
53.1377
53.1602
53.1597
53.169
53.1497
53.1662
53.1609
53.1723
53.1556
53.1808
53.1807
53.1907
53.1724
53.1895
53.1835
53.1927
53.179
53.2048
53.2039
53.2121
53.1974
53.2159
53.2105
53.2186
53.2086
53.2328
53.2313
53.2378
53.227
53.2438
53.2396
53.2465
53.2399
53.2603
53.259
53.2647
53.2583
53.2713
53.2695
53.2753
53.2724
53.2858
53.2864
53.2911
53.2895
53.2965
53.2967
53.3002
53.3014
53.3037
53.305
53.3064
53.3084
53.3044
53.3087
53.2959
53.3212
6.40429
32.4375
44.9567
46.8893
46.7133
46.5595
46.5626
46.6448
46.7634
46.9046
47.0654
47.227
47.3827
47.5169
47.6323
47.719
47.7865
47.829
47.8631
47.8795
47.8919
47.892
47.895
47.8894
47.8882
47.8782
47.8792
47.8719
47.8713
47.8622
47.8631
47.8561
47.8568
47.8443
47.8515
47.847
47.8496
47.8385
47.8442
47.8388
47.8414
47.8267
47.8391
47.8374
47.8418
47.8281
47.8368
47.8311
47.8356
47.818
47.834
47.834
47.8392
47.8225
47.8339
47.8281
47.8354
47.8175
47.8367
47.8371
47.8439
47.8262
47.8396
47.8345
47.8444
47.8266
47.8479
47.8474
47.8559
47.8379
47.8535
47.8486
47.8598
47.8444
47.8683
47.868
47.8774
47.8603
47.8766
47.871
47.8802
47.8676
47.8922
47.8912
47.8991
47.8853
47.9031
47.8981
47.9062
47.897
47.9201
47.9187
47.925
47.915
47.9312
47.9273
47.9344
47.9284
47.948
47.9468
47.9524
47.9466
47.9593
47.9578
47.9637
47.9613
47.9743
47.975
47.9798
47.9785
47.9855
47.986
47.9896
47.9911
47.9936
47.9952
47.9967
47.9988
47.9952
47.9994
47.9876
48.0106
6.09539
30.0581
41.1926
42.8275
42.5891
42.3879
42.3362
42.3632
42.4279
42.5169
42.6265
42.7395
42.8501
42.9446
43.0255
43.0844
43.1293
43.155
43.1756
43.1827
43.1879
43.1837
43.1829
43.1754
43.1724
43.162
43.1617
43.1544
43.1532
43.1446
43.1448
43.1382
43.1384
43.1269
43.1331
43.1289
43.131
43.1207
43.1255
43.1206
43.1226
43.1092
43.1203
43.1189
43.1226
43.1099
43.1176
43.1124
43.1163
43.1002
43.1148
43.115
43.1195
43.1039
43.1143
43.109
43.1158
43.0994
43.1172
43.1177
43.1237
43.1073
43.1197
43.1151
43.1245
43.1081
43.128
43.1276
43.1355
43.1187
43.1334
43.129
43.1398
43.1256
43.1482
43.1479
43.1567
43.1407
43.1562
43.151
43.16
43.1486
43.1719
43.1709
43.1784
43.1657
43.1826
43.178
43.186
43.1778
43.1997
43.1983
43.2044
43.1953
43.2107
43.2073
43.2143
43.209
43.2277
43.2267
43.2322
43.227
43.2392
43.2381
43.244
43.242
43.2546
43.2554
43.2602
43.2593
43.2661
43.267
43.2706
43.2723
43.275
43.2768
43.2785
43.2806
43.2774
43.2815
43.2707
43.2911
5.71442
27.7219
37.6856
39.0928
38.8188
38.5883
38.4984
38.4853
38.5104
38.5606
38.6316
38.7081
38.7847
38.8494
38.9047
38.9429
38.9713
38.9848
38.9957
38.9964
38.9966
38.9895
38.9861
38.9775
38.9733
38.9629
38.9617
38.9546
38.953
38.9448
38.9445
38.9383
38.9382
38.9277
38.9329
38.9291
38.9306
38.9212
38.9252
38.9207
38.9223
38.91
38.92
38.9188
38.9219
38.9102
38.917
38.9122
38.9155
38.9008
38.9142
38.9145
38.9183
38.904
38.9134
38.9086
38.9148
38.8999
38.9164
38.9169
38.9222
38.907
38.9185
38.9143
38.9231
38.9082
38.9268
38.9264
38.9336
38.9181
38.9319
38.9279
38.9382
38.9254
38.9465
38.9462
38.9544
38.9395
38.9541
38.9494
38.9582
38.9479
38.9698
38.9688
38.976
38.9642
38.9802
38.9761
38.984
38.9766
38.9973
38.9959
39.0018
38.9934
39.0081
39.0051
39.012
39.0074
39.0251
39.0242
39.0295
39.0249
39.0366
39.0357
39.0416
39.0401
39.0521
39.053
39.0577
39.0572
39.0638
39.0648
39.0684
39.0703
39.0731
39.0751
39.0769
39.079
39.0761
39.0801
39.0702
39.0883
5.28085
25.4144
34.3753
35.6085
35.3211
35.077
34.9636
34.9236
34.9213
34.944
34.9872
35.0373
35.0891
35.1323
35.169
35.1926
35.2092
35.2143
35.2186
35.215
35.2118
35.203
35.198
35.189
35.184
35.1739
35.1722
35.1654
35.1634
35.1558
35.1551
35.1494
35.149
35.1393
35.1438
35.1403
35.1415
35.1328
35.1362
35.132
35.1333
35.1221
35.1311
35.13
35.1326
35.1218
35.1278
35.1234
35.1263
35.113
35.1252
35.1256
35.1288
35.1157
35.1241
35.1198
35.1254
35.1119
35.1271
35.1276
35.1323
35.1184
35.1289
35.1251
35.1334
35.1199
35.137
35.1367
35.1432
35.1291
35.1419
35.1382
35.148
35.1365
35.1561
35.1558
35.1634
35.1497
35.1633
35.1591
35.1675
35.1583
35.1787
35.1778
35.1845
35.1738
35.1887
35.1851
35.1926
35.1861
35.2054
35.2042
35.2098
35.2022
35.216
35.2133
35.22
35.2161
35.2326
35.2319
35.237
35.233
35.244
35.2434
35.249
35.248
35.2592
35.2603
35.2648
35.2646
35.2709
35.2721
35.2757
35.2777
35.2804
35.2826
35.2844
35.2864
35.2839
35.2876
35.2787
35.2945
4.81673
23.0824
31.1555
32.2541
31.9719
31.7288
31.6047
31.5494
31.53
31.5348
31.5592
31.591
31.6257
31.654
31.6778
31.6915
31.7002
31.7
31.6998
31.6937
31.6886
31.679
31.6732
31.6641
31.6589
31.6493
31.6472
31.6408
31.6387
31.6317
31.6308
31.6255
31.6249
31.6162
31.62
31.6168
31.6177
31.6098
31.6126
31.6088
31.6098
31.5996
31.6077
31.6068
31.6089
31.5991
31.6043
31.6003
31.6029
31.5908
31.6018
31.6023
31.605
31.5931
31.6007
31.5967
31.6019
31.5897
31.6035
31.6041
31.6082
31.5956
31.6051
31.6017
31.6094
31.5972
31.6129
31.6127
31.6186
31.6057
31.6174
31.6143
31.6233
31.6131
31.631
31.6308
31.6377
31.6254
31.6379
31.6341
31.642
31.6339
31.6527
31.6519
31.658
31.6484
31.6621
31.6589
31.6661
31.6604
31.6782
31.6771
31.6823
31.6755
31.6883
31.686
31.6923
31.6889
31.7043
31.7037
31.7085
31.705
31.7152
31.7148
31.7202
31.7195
31.73
31.7311
31.7354
31.7353
31.7413
31.7426
31.746
31.748
31.7507
31.7529
31.7547
31.7566
31.7544
31.7579
31.7498
31.7636
4.3711
20.6172
27.847
28.8352
28.5751
28.3464
28.2234
28.1629
28.1352
28.1301
28.1431
28.1633
28.1868
28.2055
28.221
28.2285
28.2324
28.2292
28.2267
28.2194
28.2134
28.2039
28.1978
28.1891
28.1839
28.1752
28.1729
28.1671
28.165
28.1587
28.1576
28.1528
28.1521
28.1443
28.1475
28.1447
28.1453
28.1382
28.1406
28.1372
28.1379
28.1289
28.136
28.1352
28.137
28.1282
28.1327
28.1292
28.1313
28.1206
28.1305
28.1309
28.1332
28.1226
28.1293
28.1258
28.1304
28.1196
28.132
28.1325
28.1361
28.1248
28.1334
28.1304
28.1373
28.1265
28.1406
28.1405
28.1457
28.1343
28.1448
28.142
28.1503
28.1413
28.1575
28.1573
28.1635
28.1525
28.1637
28.1604
28.1676
28.1606
28.1776
28.1769
28.1825
28.1739
28.1864
28.1836
28.1902
28.1853
28.2013
28.2004
28.2051
28.1992
28.2107
28.2088
28.2146
28.2118
28.2257
28.2252
28.2297
28.2266
28.2359
28.2357
28.2407
28.2402
28.2498
28.2509
28.2549
28.255
28.2605
28.2618
28.2649
28.2669
28.2694
28.2715
28.2732
28.2751
28.2731
28.2763
28.269
28.2811
4.09979
17.7967
24.1049
24.9848
24.7629
24.5625
24.4518
24.395
24.3668
24.3583
24.3657
24.3795
24.3965
24.4096
24.4203
24.4246
24.4261
24.4218
24.4184
24.4112
24.4053
24.3965
24.3907
24.3829
24.3782
24.3704
24.3683
24.3632
24.3613
24.3557
24.3547
24.3504
24.3498
24.3429
24.3457
24.3432
24.3437
24.3375
24.3394
24.3364
24.337
24.3292
24.3353
24.3347
24.3361
24.3285
24.3324
24.3293
24.3311
24.3218
24.3304
24.3308
24.3327
24.3235
24.3293
24.3262
24.3302
24.321
24.3317
24.3322
24.3353
24.3255
24.3329
24.3303
24.3363
24.3271
24.3394
24.3393
24.3438
24.3339
24.343
24.3407
24.3479
24.3403
24.3544
24.3543
24.3596
24.3501
24.3599
24.3571
24.3635
24.3575
24.3723
24.3718
24.3766
24.3693
24.3801
24.3778
24.3836
24.3795
24.3935
24.3927
24.3969
24.3918
24.4018
24.4003
24.4054
24.4031
24.4152
24.4149
24.4188
24.4162
24.4244
24.4243
24.4287
24.4284
24.4368
24.4379
24.4413
24.4415
24.4464
24.4476
24.4504
24.4522
24.4544
24.4563
24.4579
24.4596
24.4579
24.4606
24.4544
24.4646
4.44192
14.0697
19.0515
19.7719
19.6051
19.4504
19.3641
19.3197
19.2975
19.2907
19.2964
19.3071
19.3202
19.3303
19.3384
19.3414
19.3423
19.3386
19.3357
19.3298
19.3249
19.3178
19.3131
19.3069
19.303
19.2968
19.2951
19.291
19.2894
19.285
19.2841
19.2807
19.2801
19.2747
19.2769
19.2749
19.2753
19.2703
19.2718
19.2694
19.2699
19.2637
19.2686
19.268
19.2691
19.2631
19.2661
19.2636
19.265
19.2578
19.2646
19.2648
19.2664
19.2591
19.2636
19.2612
19.2644
19.2571
19.2656
19.266
19.2684
19.2607
19.2665
19.2645
19.2692
19.2621
19.2718
19.2717
19.2753
19.2675
19.2747
19.2729
19.2786
19.2727
19.2839
19.2838
19.288
19.2806
19.2883
19.2861
19.2912
19.2866
19.2983
19.2979
19.3017
19.296
19.3046
19.3028
19.3074
19.3043
19.3154
19.3148
19.3181
19.3141
19.3221
19.3209
19.325
19.3233
19.3328
19.3327
19.3357
19.3338
19.3402
19.3402
19.3438
19.3436
19.3502
19.3512
19.354
19.3542
19.358
19.359
19.3613
19.3627
19.3646
19.3661
19.3674
19.3687
19.3675
19.3696
19.3647
19.3726
5.79496
7.95277
9.60888
9.8373
9.72949
9.64879
9.60187
9.57687
9.5642
9.56067
9.56391
9.57048
9.57832
9.58499
9.59029
9.5932
9.59457
9.59386
9.59281
9.59058
9.5884
9.5854
9.58303
9.58023
9.57818
9.57545
9.57421
9.57239
9.57136
9.56948
9.56871
9.56726
9.5667
9.56451
9.56499
9.56423
9.56409
9.56214
9.56238
9.56144
9.56136
9.55897
9.56066
9.5606
9.56084
9.55847
9.55939
9.55847
9.55883
9.55604
9.5586
9.55896
9.55938
9.55651
9.55813
9.55731
9.55848
9.55577
9.55916
9.55959
9.5604
9.55739
9.55962
9.559
9.56098
9.55834
9.5623
9.56254
9.56392
9.56091
9.56383
9.56334
9.56583
9.56378
9.56847
9.56872
9.57047
9.56759
9.57077
9.57012
9.57238
9.57091
9.57589
9.576
9.57763
9.5755
9.57913
9.57868
9.58078
9.57987
9.58462
9.58464
9.58606
9.58466
9.58808
9.58787
9.58977
9.5894
9.59357
9.59374
9.59516
9.5946
9.59745
9.59772
9.5994
9.59964
9.60262
9.60325
9.6046
9.60492
9.60672
9.60737
9.60851
9.60934
9.6103
9.61115
9.61187
9.61255
9.6121
9.61313
9.61104
9.61442
)
;

boundaryField
{
    lowerWall
    {
        type            kqRWallFunction;
        value           nonuniform List<scalar> 
122
(
5.81004
7.87595
9.57362
9.80328
9.68267
9.59048
9.53548
9.50565
9.49014
9.48512
9.4884
9.4952
9.50297
9.50961
9.51518
9.51811
9.51894
9.51747
9.51705
9.51461
9.51161
9.50811
9.50606
9.50329
9.50053
9.49683
9.49694
9.49517
9.49327
9.49106
9.4909
9.48968
9.48831
9.48434
9.48701
9.48664
9.4856
9.48305
9.48424
9.48369
9.48263
9.4773
9.48182
9.48258
9.48202
9.47851
9.48093
9.48107
9.4799
9.4733
9.47914
9.48071
9.48035
9.47559
9.4792
9.47994
9.47883
9.47179
9.47904
9.48156
9.48149
9.47578
9.48001
9.48025
9.47924
9.4728
9.48164
9.48484
9.48483
9.47845
9.48349
9.48315
9.48208
9.47668
9.48695
9.49011
9.4898
9.48427
9.49038
9.48954
9.48827
9.48384
9.49441
9.4966
9.49601
9.49151
9.49821
9.49724
9.49626
9.49312
9.50342
9.50487
9.50415
9.50065
9.50642
9.50574
9.50527
9.50318
9.51171
9.51263
9.5125
9.51049
9.51496
9.51498
9.51516
9.5143
9.51973
9.52082
9.52144
9.52113
9.5236
9.52431
9.52515
9.5258
9.52662
9.52777
9.52925
9.53062
9.5297
9.53067
9.53109
9.53254
)
;
    }
    upperWall
    {
        type            kqRWallFunction;
        value           nonuniform List<scalar> 
122
(
5.79496
7.95277
9.60888
9.8373
9.72949
9.64879
9.60187
9.57687
9.5642
9.56067
9.56391
9.57048
9.57832
9.58499
9.59029
9.5932
9.59457
9.59386
9.59281
9.59058
9.5884
9.5854
9.58303
9.58023
9.57818
9.57545
9.57421
9.57239
9.57136
9.56948
9.56871
9.56726
9.5667
9.56451
9.56499
9.56423
9.56409
9.56214
9.56238
9.56144
9.56136
9.55897
9.56066
9.5606
9.56084
9.55847
9.55939
9.55847
9.55883
9.55604
9.5586
9.55896
9.55938
9.55651
9.55813
9.55731
9.55848
9.55577
9.55916
9.55959
9.5604
9.55739
9.55962
9.559
9.56098
9.55834
9.5623
9.56254
9.56392
9.56091
9.56383
9.56334
9.56583
9.56378
9.56847
9.56872
9.57047
9.56759
9.57077
9.57012
9.57238
9.57091
9.57589
9.576
9.57763
9.5755
9.57913
9.57868
9.58078
9.57987
9.58462
9.58464
9.58606
9.58466
9.58808
9.58787
9.58977
9.5894
9.59357
9.59374
9.59516
9.5946
9.59745
9.59772
9.5994
9.59964
9.60262
9.60325
9.6046
9.60492
9.60672
9.60737
9.60851
9.60934
9.6103
9.61115
9.61187
9.61255
9.6121
9.61313
9.61104
9.61442
)
;
    }
    inlet
    {
        type            turbulentIntensityKineticEnergyInlet;
        intensity       0.0223;
        value           uniform 0.91377;
    }
    outlet
    {
        type            zeroGradient;
    }
    frontAndBack
    {
        type            empty;
    }
}


// ************************************************************************* //
