/*--------------------------------*- C++ -*----------------------------------*\
  =========                 |
  \\      /  F ield         | OpenFOAM: The Open Source CFD Toolbox
   \\    /   O peration     | Website:  https://openfoam.org
    \\  /    A nd           | Version:  8
     \\/     M anipulation  |
\*---------------------------------------------------------------------------*/
FoamFile
{
    version     2.0;
    format      ascii;
    class       volScalarField;
    location    "600";
    object      epsilon;
}
// * * * * * * * * * * * * * * * * * * * * * * * * * * * * * * * * * * * * * //

dimensions      [0 2 -3 0 0 0 0];

internalField   nonuniform List<scalar> 
7320
(
11607.3
10157.7
9314.43
8772.21
8390.2
8102.79
7875.93
7690.7
7535.77
7403.76
7289.61
7189.73
7101.46
7022.84
6952.31
6888.69
6831
6778.46
6730.43
6686.38
6645.85
6608.48
6573.93
6541.93
6512.24
6484.64
6458.96
6435.03
6412.72
6391.88
6372.42
6354.22
6337.2
6321.27
6306.36
6292.41
6279.35
6267.12
6255.68
6244.98
6234.98
6225.64
6216.93
6208.8
6201.23
6194.19
6187.66
6181.6
6176.01
6170.84
6166.09
6161.74
6157.76
6154.15
6150.88
6147.94
6145.32
6143
6140.97
6139.21
6137.73
6136.51
6135.53
6134.79
6134.28
6133.99
6133.91
6134.04
6134.36
6134.88
6135.58
6136.46
6137.51
6138.72
6140.1
6141.64
6143.32
6145.15
6147.13
6149.24
6151.49
6153.86
6156.36
6158.98
6161.72
6164.58
6167.55
6170.62
6173.8
6177.09
6180.47
6183.94
6187.51
6191.17
6194.92
6198.74
6202.65
6206.64
6210.69
6214.82
6219.02
6223.27
6227.59
6231.96
6236.38
6240.84
6245.35
6249.9
6254.47
6259.08
6263.7
6268.34
6272.99
6277.65
6282.3
6286.95
6291.58
6296.19
6300.77
6305.32
6309.7
6314.16
3749.32
3919.37
3598.69
3368.86
3210.19
3093.2
3002.11
2928.43
2867.18
2815.25
2770.5
2731.45
2697.02
2666.41
2638.99
2614.29
2591.92
2571.56
2552.97
2535.93
2520.26
2505.82
2492.48
2480.12
2468.66
2458.02
2448.11
2438.89
2430.28
2422.25
2414.75
2407.73
2401.17
2395.03
2389.29
2383.91
2378.87
2374.16
2369.75
2365.62
2361.76
2358.16
2354.79
2351.66
2348.73
2346.01
2343.48
2341.14
2338.97
2336.96
2335.12
2333.42
2331.87
2330.46
2329.18
2328.02
2326.99
2326.07
2325.26
2324.56
2323.96
2323.45
2323.05
2322.73
2322.5
2322.35
2322.28
2322.29
2322.38
2322.54
2322.76
2323.06
2323.42
2323.84
2324.33
2324.87
2325.47
2326.12
2326.83
2327.59
2328.4
2329.26
2330.17
2331.12
2332.12
2333.16
2334.24
2335.36
2336.53
2337.73
2338.96
2340.23
2341.54
2342.88
2344.25
2345.66
2347.09
2348.55
2350.04
2351.56
2353.09
2354.66
2356.24
2357.85
2359.47
2361.11
2362.77
2364.44
2366.12
2367.81
2369.51
2371.22
2372.93
2374.64
2376.35
2378.06
2379.76
2381.45
2383.14
2384.81
2386.43
2388.07
1528.99
1989.05
1884.98
1770.23
1685.89
1623.05
1574.14
1534.67
1501.95
1474.25
1450.43
1429.67
1411.39
1395.16
1380.63
1367.55
1355.71
1344.94
1335.11
1326.11
1317.83
1310.2
1303.16
1296.64
1290.59
1284.97
1279.75
1274.88
1270.35
1266.11
1262.15
1258.46
1255
1251.76
1248.73
1245.89
1243.24
1240.75
1238.43
1236.25
1234.21
1232.31
1230.53
1228.88
1227.33
1225.9
1224.56
1223.32
1222.17
1221.11
1220.13
1219.24
1218.41
1217.66
1216.98
1216.37
1215.82
1215.33
1214.9
1214.52
1214.2
1213.93
1213.71
1213.53
1213.4
1213.32
1213.28
1213.27
1213.31
1213.39
1213.5
1213.65
1213.83
1214.04
1214.29
1214.57
1214.87
1215.21
1215.58
1215.97
1216.39
1216.83
1217.3
1217.79
1218.31
1218.84
1219.41
1219.99
1220.59
1221.21
1221.85
1222.51
1223.19
1223.89
1224.6
1225.33
1226.08
1226.84
1227.61
1228.4
1229.2
1230.02
1230.84
1231.68
1232.52
1233.38
1234.24
1235.11
1235.99
1236.87
1237.76
1238.65
1239.54
1240.43
1241.33
1242.22
1243.11
1244
1244.88
1245.75
1246.6
1247.45
720.941
1168.15
1165.72
1105.65
1054.38
1014.75
983.61
958.429
937.557
919.91
904.751
891.558
879.953
869.656
860.45
852.168
844.676
837.868
831.656
825.967
820.741
815.927
811.482
807.369
803.555
800.014
796.72
793.652
790.792
788.123
785.63
783.3
781.12
779.081
777.172
775.384
773.711
772.144
770.678
769.306
768.022
766.823
765.703
764.657
763.682
762.775
761.932
761.149
760.424
759.754
759.137
758.569
758.049
757.575
757.144
756.755
756.406
756.095
755.82
755.581
755.375
755.202
755.06
754.947
754.864
754.808
754.778
754.774
754.795
754.839
754.907
754.996
755.108
755.24
755.392
755.564
755.755
755.964
756.191
756.435
756.695
756.972
757.264
757.572
757.894
758.231
758.581
758.945
759.322
759.711
760.113
760.527
760.952
761.388
761.835
762.293
762.76
763.237
763.723
764.218
764.721
765.232
765.75
766.275
766.807
767.345
767.888
768.435
768.987
769.543
770.101
770.661
771.223
771.786
772.349
772.911
773.472
774.031
774.587
775.139
775.678
776.213
358.82
725.629
779.829
754.392
722.982
696.536
675.147
657.664
643.11
630.786
620.195
610.98
602.879
595.694
589.274
583.502
578.284
573.544
569.221
565.264
561.63
558.284
555.195
552.337
549.688
547.229
544.942
542.812
540.827
538.975
537.244
535.627
534.114
532.699
531.374
530.133
528.972
527.885
526.867
525.914
525.023
524.19
523.413
522.687
522.01
521.38
520.794
520.25
519.747
519.281
518.852
518.458
518.097
517.767
517.467
517.197
516.954
516.738
516.547
516.38
516.237
516.116
516.017
515.939
515.88
515.841
515.821
515.818
515.832
515.862
515.909
515.971
516.048
516.14
516.245
516.365
516.497
516.642
516.8
516.97
517.151
517.343
517.547
517.761
517.985
518.219
518.463
518.717
518.979
519.251
519.531
519.819
520.116
520.42
520.732
521.051
521.378
521.711
522.05
522.396
522.747
523.104
523.467
523.834
524.206
524.582
524.962
525.345
525.731
526.12
526.511
526.903
527.297
527.691
528.086
528.48
528.873
529.265
529.655
530.043
530.423
530.796
180.95
454.606
539.365
539.228
522.289
504.944
489.985
477.422
466.83
457.801
450.016
443.23
437.258
431.96
427.226
422.969
419.121
415.626
412.44
409.523
406.846
404.381
402.106
400.001
398.051
396.24
394.557
392.989
391.528
390.165
388.891
387.701
386.588
385.546
384.571
383.658
382.804
382.003
381.254
380.553
379.897
379.284
378.711
378.177
377.679
377.215
376.784
376.384
376.013
375.671
375.355
375.065
374.799
374.557
374.337
374.138
373.96
373.801
373.661
373.539
373.434
373.346
373.274
373.217
373.175
373.147
373.132
373.131
373.143
373.166
373.201
373.248
373.306
373.375
373.454
373.543
373.643
373.751
373.869
373.996
374.131
374.275
374.426
374.586
374.754
374.929
375.111
375.3
375.496
375.699
375.908
376.123
376.345
376.572
376.805
377.044
377.288
377.537
377.79
378.049
378.311
378.579
378.85
379.124
379.402
379.684
379.968
380.255
380.544
380.835
381.128
381.422
381.717
382.012
382.308
382.603
382.898
383.191
383.484
383.774
384.06
384.339
91.0616
278.177
374.321
393.387
388.302
378.207
368.135
359.167
351.387
344.653
338.793
333.658
329.123
325.091
321.482
318.234
315.297
312.628
310.193
307.964
305.918
304.034
302.295
300.686
299.195
297.811
296.524
295.326
294.209
293.166
292.193
291.283
290.432
289.635
288.89
288.192
287.538
286.926
286.353
285.817
285.315
284.846
284.408
284
283.619
283.264
282.934
282.628
282.345
282.084
281.843
281.621
281.418
281.233
281.066
280.914
280.779
280.658
280.551
280.459
280.38
280.313
280.259
280.217
280.185
280.165
280.156
280.156
280.166
280.186
280.215
280.252
280.298
280.353
280.415
280.485
280.563
280.648
280.741
280.84
280.946
281.059
281.178
281.303
281.434
281.57
281.713
281.861
282.014
282.173
282.336
282.505
282.678
282.856
283.038
283.225
283.415
283.61
283.808
284.01
284.216
284.425
284.637
284.852
285.07
285.29
285.512
285.737
285.963
286.191
286.42
286.65
286.881
287.112
287.343
287.574
287.805
288.035
288.264
288.491
288.716
288.934
46.0967
162.189
254.261
286.985
292.083
288.344
282.427
276.399
270.841
265.871
261.463
257.553
254.072
250.96
248.165
245.642
243.355
241.274
239.374
237.632
236.033
234.559
233.197
231.938
230.77
229.686
228.677
227.738
226.862
226.045
225.281
224.567
223.899
223.275
222.69
222.142
221.629
221.148
220.698
220.277
219.884
219.516
219.172
218.851
218.552
218.273
218.015
217.775
217.552
217.347
217.158
216.985
216.826
216.681
216.55
216.431
216.325
216.231
216.149
216.077
216.015
215.964
215.923
215.89
215.867
215.853
215.846
215.848
215.858
215.874
215.899
215.93
215.968
216.012
216.063
216.12
216.184
216.253
216.328
216.408
216.494
216.585
216.681
216.782
216.888
216.998
217.113
217.232
217.356
217.484
217.616
217.752
217.891
218.035
218.182
218.332
218.486
218.643
218.803
218.966
219.132
219.3
219.471
219.644
219.82
219.997
220.177
220.358
220.54
220.724
220.908
221.094
221.28
221.466
221.653
221.839
222.025
222.21
222.395
222.578
222.759
222.935
24.139
88.6484
164.986
205.253
218.887
220.976
218.885
215.492
211.862
208.378
205.161
202.236
199.59
197.197
195.031
193.064
191.273
189.637
188.14
186.765
185.499
184.331
183.252
182.251
181.323
180.461
179.658
178.91
178.212
177.561
176.952
176.383
175.85
175.351
174.884
174.447
174.037
173.653
173.294
172.957
172.642
172.348
172.073
171.817
171.578
171.355
171.148
170.956
170.779
170.615
170.463
170.325
170.198
170.082
169.978
169.884
169.799
169.724
169.659
169.602
169.554
169.513
169.481
169.456
169.438
169.428
169.424
169.426
169.435
169.45
169.471
169.497
169.529
169.566
169.609
169.656
169.709
169.766
169.828
169.894
169.965
170.04
170.119
170.203
170.29
170.381
170.476
170.574
170.676
170.781
170.89
171.002
171.116
171.235
171.355
171.479
171.606
171.735
171.867
172.001
172.137
172.276
172.416
172.559
172.703
172.849
172.996
173.145
173.295
173.446
173.598
173.75
173.903
174.056
174.21
174.363
174.515
174.668
174.819
174.969
175.119
175.263
13.5084
45.5623
99.8141
140.768
160.687
168.047
169.612
168.74
166.918
164.789
162.633
160.564
158.629
156.839
155.192
153.678
152.288
151.01
149.834
148.749
147.746
146.819
145.959
145.161
144.42
143.729
143.086
142.486
141.925
141.402
140.912
140.453
140.024
139.622
139.245
138.892
138.561
138.251
137.961
137.689
137.435
137.197
136.974
136.767
136.573
136.393
136.225
136.07
135.926
135.793
135.671
135.559
135.456
135.363
135.278
135.202
135.134
135.073
135.021
134.975
134.936
134.904
134.878
134.859
134.845
134.837
134.835
134.838
134.846
134.859
134.877
134.9
134.927
134.958
134.994
135.034
135.078
135.126
135.178
135.233
135.292
135.355
135.421
135.491
135.563
135.639
135.718
135.8
135.885
135.973
136.064
136.157
136.253
136.351
136.452
136.555
136.661
136.769
136.878
136.99
137.104
137.219
137.336
137.455
137.575
137.697
137.819
137.943
138.068
138.194
138.32
138.447
138.574
138.701
138.829
138.956
139.083
139.209
139.335
139.46
139.585
139.704
8.23297
22.8776
55.2867
90.2281
113.178
124.85
129.856
131.463
131.425
130.618
129.473
128.204
126.919
125.67
124.481
123.362
122.317
121.343
120.436
119.594
118.81
118.08
117.401
116.769
116.178
115.628
115.113
114.632
114.182
113.76
113.366
112.996
112.649
112.324
112.019
111.733
111.465
111.214
110.978
110.757
110.55
110.356
110.175
110.006
109.849
109.702
109.565
109.438
109.321
109.213
109.113
109.021
108.937
108.861
108.792
108.73
108.674
108.625
108.582
108.545
108.514
108.488
108.467
108.452
108.441
108.435
108.434
108.437
108.444
108.456
108.471
108.491
108.514
108.54
108.571
108.604
108.641
108.682
108.725
108.772
108.822
108.875
108.93
108.989
109.05
109.114
109.18
109.249
109.321
109.394
109.47
109.549
109.629
109.712
109.797
109.883
109.972
110.062
110.155
110.248
110.344
110.441
110.539
110.639
110.739
110.841
110.944
111.048
111.153
111.258
111.364
111.47
111.577
111.684
111.79
111.897
112.003
112.109
112.214
112.319
112.423
112.523
5.47937
11.9932
28.2309
52.6649
74.495
88.7635
96.7042
100.69
102.44
102.969
102.841
102.365
101.714
100.983
100.226
99.4735
98.7429
98.0428
97.3776
96.7488
96.1563
95.5992
95.0758
94.5846
94.1236
93.691
93.2851
92.9041
92.5464
92.2106
91.8952
91.599
91.3208
91.0594
90.8138
90.5832
90.3665
90.1631
89.9722
89.7931
89.6252
89.4679
89.3207
89.1831
89.0546
88.9348
88.8234
88.7199
88.624
88.5353
88.4537
88.3787
88.3101
88.2476
88.1911
88.1402
88.0948
88.0547
88.0196
87.9893
87.9638
87.9427
87.9261
87.9136
87.9052
87.9008
87.9002
87.9032
87.9098
87.9199
87.9333
87.9498
87.9694
87.992
88.0176
88.0462
88.0776
88.1117
88.1485
88.188
88.23
88.2745
88.3214
88.3707
88.4223
88.4762
88.5322
88.5903
88.6506
88.7128
88.777
88.843
88.9109
88.9806
89.052
89.1251
89.1998
89.276
89.3537
89.4327
89.5131
89.5948
89.6776
89.7616
89.8465
89.9324
90.0191
90.1065
90.1946
90.2832
90.3722
90.4616
90.5511
90.6407
90.7303
90.8197
90.9088
90.9976
91.0858
91.1734
91.2607
91.3452
3.95841
6.92866
14.0447
27.7128
44.4801
58.7408
68.535
74.555
78.0226
79.9011
80.8188
81.1603
81.1575
80.9504
80.6246
80.2329
79.8081
79.3708
78.9339
78.5054
78.0901
77.6909
77.3093
76.9458
76.6007
76.2735
75.9639
75.6711
75.3946
75.1335
74.8872
74.6548
74.4357
74.2292
74.0347
73.8514
73.6789
73.5166
73.3639
73.2204
73.0856
72.9591
72.8405
72.7295
72.6258
72.5289
72.4386
72.3547
72.2769
72.2049
72.1385
72.0775
72.0217
71.9709
71.9248
71.8834
71.8464
71.8137
71.7852
71.7606
71.7399
71.7229
71.7096
71.6997
71.6931
71.6899
71.6898
71.6927
71.6987
71.7075
71.7191
71.7333
71.75
71.7693
71.7911
71.8153
71.8418
71.8707
71.9019
71.9352
71.9707
72.0083
72.048
72.0896
72.1331
72.1786
72.2259
72.275
72.3259
72.3784
72.4326
72.4884
72.5457
72.6046
72.6649
72.7265
72.7896
72.8539
72.9194
72.9862
73.054
73.1229
73.1927
73.2635
73.3351
73.4075
73.4805
73.5542
73.6283
73.7029
73.7778
73.8529
73.9282
74.0035
74.0788
74.1538
74.2286
74.3031
74.377
74.4504
74.5236
74.5948
3.07723
4.48267
7.4297
13.6627
23.6765
35.0257
44.8492
52.0825
56.9685
60.1185
62.0853
63.271
63.946
64.2875
64.4108
64.3915
64.2795
64.1082
63.8999
63.6698
63.4282
63.1824
62.937
62.6954
62.4599
62.2317
62.012
61.801
61.5993
61.4068
61.2234
61.0491
60.8835
60.7265
60.5778
60.4371
60.304
60.1782
60.0595
59.9476
59.8422
59.743
59.6497
59.5622
59.4802
59.4036
59.332
59.2653
59.2034
59.146
59.0931
59.0444
58.9998
58.9591
58.9223
58.8892
58.8596
58.8335
58.8108
58.7913
58.7749
58.7615
58.7511
58.7436
58.7388
58.7367
58.7372
58.7402
58.7456
58.7535
58.7637
58.7761
58.7905
58.8071
58.8257
58.8463
58.8688
58.8934
58.9198
58.948
58.978
59.0098
59.0434
59.0785
59.1154
59.1538
59.1937
59.2352
59.2782
59.3226
59.3683
59.4154
59.4638
59.5135
59.5644
59.6165
59.6696
59.7239
59.7792
59.8355
59.8927
59.9507
60.0096
60.0692
60.1295
60.1905
60.252
60.3139
60.3763
60.439
60.5019
60.565
60.6282
60.6913
60.7544
60.8173
60.8799
60.9422
61.004
61.0654
61.1265
61.1863
2.55068
3.21778
4.43832
6.94254
11.6103
18.4647
26.1707
33.1843
38.7612
42.8701
45.7762
47.7853
49.1524
50.0674
50.6656
51.0415
51.2609
51.37
51.4011
51.3772
51.3148
51.2258
51.1186
50.9997
50.8735
50.7435
50.6121
50.4812
50.3521
50.2258
50.1029
49.984
49.8694
49.7594
49.6539
49.5531
49.4569
49.3654
49.2784
49.1959
49.1177
49.0438
48.974
48.9083
48.8464
48.7884
48.7341
48.6834
48.6361
48.5923
48.5517
48.5144
48.4802
48.449
48.4208
48.3954
48.3728
48.3529
48.3357
48.321
48.3088
48.299
48.2915
48.2864
48.2834
48.2826
48.284
48.2873
48.2927
48.3
48.3092
48.3203
48.3331
48.3475
48.3636
48.3814
48.4008
48.4217
48.4442
48.4683
48.4938
48.5208
48.5493
48.5791
48.6103
48.6428
48.6766
48.7117
48.748
48.7855
48.8241
48.8639
48.9048
48.9467
48.9896
49.0336
49.0784
49.1242
49.1708
49.2182
49.2663
49.3152
49.3647
49.4149
49.4656
49.5168
49.5684
49.6204
49.6727
49.7253
49.778
49.8308
49.8837
49.9365
49.9891
50.0416
50.0938
50.1457
50.1971
50.2481
50.2989
50.3489
2.23299
2.5213
3.02004
3.97831
5.81132
8.95326
13.4245
18.6064
23.6547
28.0086
31.4918
34.1618
36.1611
37.6393
38.7238
39.5144
40.0864
40.4959
40.7841
40.9815
41.1107
41.1886
41.2279
41.2381
41.2264
41.1985
41.1586
41.1099
41.0551
40.9961
40.9344
40.8713
40.8078
40.7444
40.6819
40.6206
40.5609
40.503
40.4471
40.3933
40.3418
40.2925
40.2456
40.201
40.1587
40.1188
40.0813
40.0461
40.0131
39.9825
39.9541
39.9279
39.9039
39.882
39.8623
39.8446
39.829
39.8154
39.8037
39.794
39.7861
39.78
39.7758
39.7733
39.7726
39.7735
39.7761
39.7803
39.7861
39.7934
39.8022
39.8125
39.8243
39.8373
39.8517
39.8674
39.8843
39.9026
39.9221
39.9428
39.9647
39.9879
40.0122
40.0377
40.0642
40.0919
40.1206
40.1504
40.1812
40.213
40.2457
40.2793
40.3139
40.3493
40.3856
40.4226
40.4605
40.499
40.5383
40.5782
40.6187
40.6598
40.7014
40.7435
40.786
40.8289
40.8722
40.9157
40.9595
41.0034
41.0474
41.0914
41.1354
41.1793
41.2231
41.2667
41.3099
41.3529
41.3954
41.4375
41.4794
41.5209
2.04415
2.12289
2.29752
2.64296
3.30166
4.4877
6.42602
9.18516
12.5445
16.0848
19.4152
22.3108
24.7067
26.6315
28.1526
29.344
30.2729
30.9955
31.5567
31.9918
32.3282
32.5874
32.7857
32.936
33.0484
33.1308
33.1893
33.2288
33.2533
33.2658
33.269
33.2648
33.2548
33.2404
33.2227
33.2025
33.1805
33.1573
33.1335
33.1092
33.085
33.061
33.0374
33.0145
32.9923
32.9709
32.9505
32.9312
32.9129
32.8958
32.88
32.8653
32.8519
32.8398
32.8289
32.8194
32.8112
32.8042
32.7986
32.7943
32.7913
32.7895
32.7891
32.7898
32.7919
32.7951
32.7996
32.8052
32.8121
32.82
32.8292
32.8395
32.8508
32.8633
32.8767
32.8911
32.9065
32.9228
32.9402
32.9585
32.9778
32.998
33.0191
33.0412
33.0641
33.0879
33.1126
33.1381
33.1644
33.1915
33.2194
33.2481
33.2774
33.3075
33.3382
33.3695
33.4015
33.4341
33.4672
33.5008
33.5349
33.5695
33.6044
33.6397
33.6754
33.7113
33.7475
33.7838
33.8203
33.8569
33.8934
33.93
33.9665
34.0029
34.039
34.075
34.1106
34.1459
34.1808
34.2152
34.2495
34.2837
1.93662
1.89378
1.9091
1.99887
2.20581
2.60135
3.28857
4.38475
5.96585
7.99812
10.3235
12.7231
15.0051
17.0512
18.8156
20.3
21.5307
22.5425
23.3709
24.0479
24.6009
25.053
25.4228
25.7256
25.9736
26.1769
26.3436
26.48
26.5917
26.6828
26.757
26.8172
26.8657
26.9046
26.9356
26.9599
26.9787
26.9931
27.0037
27.0112
27.0163
27.0194
27.0209
27.0211
27.0204
27.0189
27.017
27.0147
27.0122
27.0098
27.0074
27.0053
27.0034
27.002
27.0009
27.0004
27.0005
27.0011
27.0024
27.0043
27.007
27.0103
27.0144
27.0193
27.0249
27.0313
27.0385
27.0464
27.0551
27.0646
27.0749
27.086
27.0978
27.1105
27.1238
27.1379
27.1526
27.168
27.1841
27.2009
27.2185
27.2367
27.2556
27.2752
27.2955
27.3164
27.338
27.3603
27.3832
27.4066
27.4307
27.4554
27.4806
27.5063
27.5326
27.5593
27.5865
27.6142
27.6423
27.6708
27.6996
27.7287
27.7582
27.7879
27.8178
27.8479
27.8781
27.9085
27.9388
27.9692
27.9996
28.0299
28.06
28.09
28.1197
28.1492
28.1783
28.2071
28.2355
28.2634
28.2911
28.3189
1.87971
1.76618
1.6969
1.6702
1.69599
1.79455
1.99808
2.35263
2.91532
3.74022
4.85282
6.22679
7.78258
9.41177
11.0108
12.5043
13.8504
15.0348
16.0607
16.9406
17.6911
18.3292
18.8711
19.3314
19.7227
20.0558
20.3398
20.5824
20.7901
20.9682
21.1213
21.2531
21.3669
21.4652
21.5504
21.6244
21.6888
21.7449
21.794
21.8369
21.8747
21.9079
21.9372
21.9633
21.9864
22.0071
22.0257
22.0425
22.0577
22.0717
22.0846
22.0965
22.1078
22.1184
22.1287
22.1385
22.1482
22.1576
22.1671
22.1765
22.186
22.1956
22.2055
22.2155
22.2258
22.2364
22.2473
22.2586
22.2702
22.2822
22.2947
22.3076
22.3209
22.3346
22.3489
22.3635
22.3786
22.3941
22.41
22.4263
22.4431
22.4603
22.478
22.4962
22.5148
22.5339
22.5534
22.5734
22.5938
22.6147
22.636
22.6577
22.6798
22.7022
22.7251
22.7483
22.7718
22.7956
22.8197
22.8441
22.8687
22.8935
22.9185
22.9437
22.9689
22.9943
23.0197
23.0451
23.0704
23.0957
23.1209
23.146
23.1709
23.1955
23.2198
23.2439
23.2676
23.2909
23.3137
23.3362
23.3584
23.3807
1.85262
1.70013
1.58443
1.50014
1.44691
1.42874
1.45383
1.53512
1.69135
1.94726
2.33147
2.87025
3.57781
4.44716
5.44734
6.52935
7.63811
8.72432
9.75159
10.698
11.554
12.3183
12.995
13.5909
14.114
14.5724
14.974
15.3259
15.6347
15.9058
16.1444
16.3547
16.5405
16.7049
16.8508
16.9805
17.0961
17.1994
17.2919
17.375
17.4498
17.5173
17.5784
17.6339
17.6843
17.7303
17.7724
17.8111
17.8467
17.8796
17.91
17.9384
17.9649
17.9898
18.0132
18.0353
18.0564
18.0765
18.0957
18.1142
18.1322
18.1496
18.1666
18.1832
18.1996
18.2157
18.2317
18.2476
18.2634
18.2792
18.295
18.3109
18.3269
18.3429
18.3591
18.3755
18.392
18.4087
18.4255
18.4424
18.4595
18.4769
18.4944
18.5122
18.5302
18.5485
18.567
18.5858
18.6048
18.6241
18.6436
18.6634
18.6834
18.7036
18.7241
18.7447
18.7655
18.7865
18.8077
18.829
18.8504
18.8719
18.8935
18.9151
18.9368
18.9584
18.9799
19.0014
19.0228
19.044
19.0651
19.0859
19.1065
19.1268
19.1467
19.1663
19.1855
19.2043
19.2226
19.2405
19.2581
19.2759
1.84139
1.6697
1.52946
1.4157
1.32537
1.25752
1.21298
1.19428
1.2059
1.25453
1.3495
1.50277
1.72823
2.03963
2.44734
2.95456
3.55469
4.23102
4.95936
5.71237
6.46405
7.19312
7.88439
8.52869
9.1217
9.66265
10.153
10.5957
10.9943
11.3526
11.6745
11.9637
12.2237
12.4577
12.6684
12.8585
13.0304
13.1859
13.3269
13.455
13.5717
13.6781
13.7754
13.8644
13.9462
14.0214
14.0907
14.1547
14.214
14.269
14.3201
14.3677
14.4122
14.4539
14.493
14.5299
14.5646
14.5975
14.6287
14.6584
14.6867
14.7138
14.7398
14.7649
14.789
14.8124
14.8351
14.8572
14.8787
14.8997
14.9204
14.9407
14.9607
14.9804
14.9999
15.0192
15.0384
15.0574
15.0763
15.0951
15.1138
15.1325
15.1511
15.1696
15.1882
15.2068
15.2254
15.2441
15.2628
15.2816
15.3004
15.3194
15.3383
15.3574
15.3765
15.3956
15.4148
15.434
15.4533
15.4725
15.4918
15.511
15.5301
15.5492
15.5682
15.5871
15.6058
15.6244
15.6427
15.6609
15.6787
15.6963
15.7135
15.7304
15.7469
15.763
15.7786
15.7937
15.8084
15.8226
15.8364
15.8504
1.83747
1.65774
1.50597
1.37779
1.26982
1.17973
1.10613
1.0485
1.0071
0.982967
0.978021
0.995182
1.03851
1.11327
1.22579
1.383
1.59157
1.8566
2.1803
2.56083
2.992
3.4637
3.96324
4.47698
4.99199
5.49723
5.98423
6.44714
6.88246
7.28856
7.66517
8.01296
8.33315
8.62735
8.89732
9.1449
9.37193
9.58017
9.77129
9.94684
10.1082
10.2568
10.3938
10.5201
10.6369
10.745
10.8452
10.9381
11.0246
11.1051
11.1802
11.2503
11.316
11.3775
11.4352
11.4896
11.5407
11.5891
11.6348
11.678
11.7191
11.7582
11.7954
11.831
11.865
11.8976
11.9289
11.959
11.9881
12.0162
12.0434
12.0697
12.0954
12.1203
12.1446
12.1684
12.1917
12.2145
12.2369
12.259
12.2806
12.3019
12.3229
12.3435
12.3639
12.3841
12.404
12.4238
12.4434
12.4629
12.4822
12.5014
12.5205
12.5395
12.5583
12.5771
12.5957
12.6142
12.6326
12.6508
12.6689
12.6868
12.7046
12.7221
12.7395
12.7566
12.7735
12.7901
12.8063
12.8223
12.8379
12.8531
12.8679
12.8823
12.8962
12.9096
12.9225
12.9349
12.9467
12.958
12.9689
12.9799
1.83635
1.65389
1.49762
1.36332
1.24761
1.14783
1.062
0.988661
0.926848
0.875995
0.835924
0.806832
0.789309
0.784375
0.793528
0.818789
0.862716
0.928351
1.01906
1.13827
1.28904
1.47355
1.69265
1.94546
2.22922
2.53944
2.87029
3.21516
3.56729
3.92032
4.26874
4.60808
4.93505
5.24739
5.54376
5.82352
6.08658
6.33322
6.56397
6.77953
6.98069
7.1683
7.34324
7.50635
7.6585
7.80048
7.93307
8.05696
8.17284
8.28131
8.38294
8.47827
8.56777
8.65189
8.73105
8.80562
8.87596
8.94239
9.00521
9.06468
9.12107
9.1746
9.22548
9.27392
9.32008
9.36415
9.40628
9.44661
9.48526
9.52238
9.55807
9.59243
9.62556
9.65756
9.6885
9.71847
9.74753
9.77576
9.80321
9.82994
9.856
9.88144
9.90627
9.93049
9.95414
9.97729
9.99995
10.0222
10.044
10.0654
10.0865
10.1072
10.1276
10.1477
10.1675
10.187
10.2062
10.2251
10.2437
10.262
10.28
10.2977
10.3151
10.3322
10.3489
10.3652
10.3812
10.3968
10.4119
10.4266
10.4409
10.4547
10.468
10.4807
10.4929
10.5045
10.5156
10.526
10.5358
10.545
10.5538
10.5625
1.8361
1.6529
1.49526
1.35888
1.24033
1.13688
1.04634
0.966998
0.8975
0.836801
0.784121
0.738903
0.700795
0.66963
0.645428
0.628393
0.618928
0.617651
0.625408
0.643286
0.672608
0.714903
0.771843
0.845141
0.936408
1.04698
1.17771
1.32885
1.49987
1.68947
1.89556
2.11546
2.34604
2.58393
2.82579
3.06847
3.30918
3.54559
3.77584
3.99855
4.21276
4.41788
4.61361
4.79988
4.97677
5.1445
5.30334
5.45363
5.59575
5.73009
5.85705
5.97705
6.09049
6.19776
6.29923
6.39528
6.48625
6.57245
6.65421
6.7318
6.80549
6.87553
6.94216
7.0056
7.06606
7.12372
7.17878
7.2314
7.28174
7.32995
7.37616
7.42052
7.46312
7.5041
7.54354
7.58155
7.61822
7.65364
7.68787
7.721
7.75309
7.78421
7.81442
7.84377
7.87228
7.89996
7.92685
7.95301
7.97848
8.0033
8.02749
8.0511
8.07415
8.09665
8.11863
8.14011
8.16109
8.18158
8.2016
8.22113
8.2402
8.25878
8.27688
8.29449
8.3116
8.3282
8.34428
8.35982
8.37482
8.38924
8.40308
8.41632
8.42894
8.44092
8.45226
8.46292
8.4729
8.48218
8.49076
8.49864
8.50598
8.51317
1.83605
1.6527
1.49473
1.35782
1.23848
1.13393
1.04192
0.960651
0.888632
0.82467
0.767793
0.717216
0.672311
0.632587
0.597667
0.567277
0.541239
0.519467
0.501959
0.488804
0.480185
0.476377
0.477764
0.484832
0.498176
0.518493
0.546564
0.583231
0.62936
0.685783
0.753243
0.832322
0.923375
1.02647
1.14137
1.26747
1.40385
1.5493
1.70238
1.86148
2.02493
2.19105
2.35825
2.52508
2.69026
2.85271
3.01157
3.16618
3.31604
3.46084
3.60038
3.73457
3.8634
3.98693
4.10525
4.2185
4.32681
4.43037
4.52934
4.62391
4.71427
4.8006
4.88312
4.96199
5.03741
5.10955
5.1786
5.24471
5.30805
5.36876
5.427
5.48289
5.53656
5.58813
5.63772
5.68543
5.73137
5.77563
5.8183
5.85948
5.89923
5.93764
5.97478
6.01072
6.04552
6.07924
6.11192
6.14358
6.17422
6.20391
6.2327
6.26062
6.28771
6.31401
6.33953
6.36431
6.38836
6.4117
6.43434
6.4563
6.47757
6.49817
6.51809
6.53734
6.5559
6.57378
6.59097
6.60746
6.62324
6.63829
6.65262
6.6662
6.67902
6.69107
6.70235
6.71284
6.72253
6.73142
6.7395
6.74678
6.75342
6.75976
1.83603
1.65264
1.49462
1.3576
1.23811
1.13332
1.04098
0.959246
0.886595
0.821781
0.76377
0.711705
0.664871
0.622675
0.584622
0.550304
0.519386
0.491594
0.466712
0.444572
0.425055
0.408081
0.393614
0.381659
0.372259
0.365503
0.36152
0.360489
0.362632
0.368221
0.377576
0.391058
0.409067
0.432028
0.460383
0.494565
0.534983
0.581996
0.635888
0.696843
0.764925
0.840063
0.922043
1.01051
1.10495
1.20477
1.30924
1.41757
1.52894
1.64251
1.75745
1.87297
1.98836
2.10297
2.21623
2.32769
2.43695
2.54372
2.64778
2.74896
2.84716
2.94233
3.03446
3.12355
3.20964
3.29277
3.373
3.45041
3.52507
3.59706
3.66647
3.73338
3.79787
3.86004
3.91999
3.97778
4.03353
4.08731
4.13921
4.1893
4.23768
4.28442
4.32958
4.37325
4.41548
4.45634
4.49588
4.53416
4.57123
4.60711
4.6418
4.67534
4.70776
4.73911
4.76942
4.79873
4.82705
4.85442
4.88085
4.90635
4.93094
4.95463
4.97743
4.99933
5.02035
5.04047
5.05971
5.07806
5.09551
5.11205
5.12769
5.14242
5.15623
5.16913
5.18109
5.19214
5.20225
5.21144
5.21971
5.22707
5.23367
5.23981
1.83602
1.65261
1.49457
1.35754
1.23801
1.13319
1.0408
0.958995
0.886239
0.821274
0.763051
0.710688
0.663449
0.620708
0.581938
0.54669
0.514581
0.485287
0.45853
0.434076
0.411723
0.391305
0.372681
0.355736
0.340378
0.326535
0.314157
0.30321
0.293681
0.285572
0.278905
0.273723
0.270084
0.268068
0.267777
0.269331
0.272875
0.278571
0.286603
0.297171
0.310488
0.326779
0.34627
0.369185
0.395735
0.426114
0.460482
0.498966
0.541642
0.588536
0.639613
0.694776
0.753869
0.816672
0.882912
0.952266
1.02437
1.09883
1.17524
1.25317
1.3322
1.41193
1.49196
1.57195
1.65155
1.73049
1.8085
1.88538
1.96095
2.03506
2.10762
2.17853
2.24775
2.31524
2.38097
2.44496
2.50721
2.56772
2.62653
2.68367
2.73915
2.79301
2.84528
2.89601
2.94521
2.99293
3.0392
3.08405
3.12752
3.16965
3.21047
3.25001
3.28828
3.32525
3.36096
3.39543
3.42868
3.46075
3.49166
3.52141
3.55002
3.57751
3.60388
3.62914
3.65329
3.67635
3.6983
3.71916
3.73893
3.7576
3.77518
3.79168
3.8071
3.82143
3.8347
3.84691
3.85806
3.86818
3.87726
3.88535
3.89257
3.89917
1.83602
1.65258
1.49453
1.35749
1.23795
1.13313
1.04073
0.958918
0.886153
0.821175
0.76293
0.710534
0.663244
0.620428
0.581551
0.546153
0.513841
0.484276
0.457165
0.432255
0.409327
0.388188
0.368672
0.350636
0.333951
0.31851
0.304216
0.290989
0.278758
0.267465
0.25706
0.247503
0.238763
0.230816
0.223648
0.217252
0.211628
0.206784
0.202737
0.199512
0.197141
0.195667
0.19514
0.195621
0.19718
0.199894
0.203853
0.209153
0.215897
0.224196
0.234164
0.24592
0.25958
0.275262
0.293074
0.313118
0.335485
0.360247
0.387462
0.417163
0.449362
0.484042
0.521164
0.560659
0.602431
0.64636
0.692304
0.740096
0.789554
0.840482
0.892674
0.945916
0.999993
1.05469
1.10981
1.16513
1.22048
1.27569
1.33057
1.38501
1.43885
1.492
1.54435
1.59582
1.64635
1.69587
1.74435
1.79174
1.83803
1.88319
1.9272
1.97006
2.01176
2.05232
2.09171
2.12991
2.16688
2.20261
2.2371
2.27036
2.30238
2.33316
2.36269
2.39099
2.41805
2.44387
2.46846
2.49181
2.51395
2.53486
2.55458
2.5731
2.59045
2.60663
2.62167
2.63559
2.64841
2.66016
2.67085
2.68053
2.6893
2.69735
1.83601
1.65256
1.4945
1.35744
1.2379
1.13307
1.04068
0.958862
0.886097
0.821119
0.762874
0.710479
0.663188
0.620369
0.581486
0.546077
0.513746
0.484154
0.457003
0.432037
0.409031
0.387791
0.368143
0.349936
0.333036
0.317326
0.302702
0.28907
0.276348
0.264464
0.253353
0.242957
0.233225
0.224112
0.215578
0.207589
0.200113
0.193125
0.186603
0.180527
0.174883
0.169659
0.164846
0.160439
0.156436
0.152838
0.14965
0.14688
0.144538
0.142641
0.141205
0.140254
0.139814
0.139915
0.140592
0.141883
0.143831
0.146482
0.149887
0.1541
0.159176
0.165175
0.172157
0.180184
0.189316
0.199614
0.211134
0.223931
0.238054
0.253546
0.270443
0.28877
0.308546
0.329776
0.352456
0.376568
0.402083
0.428958
0.45714
0.486562
0.517146
0.548805
0.58144
0.614948
0.649216
0.684126
0.719559
0.755392
0.791501
0.827766
0.864067
0.900288
0.936319
0.972057
1.00741
1.04228
1.07661
1.11031
1.1433
1.1755
1.20685
1.23732
1.26686
1.29545
1.32305
1.34965
1.37524
1.39982
1.42338
1.44593
1.46747
1.48801
1.50757
1.52615
1.54378
1.56047
1.57624
1.59112
1.60512
1.61827
1.63063
1.64228
1.83601
1.65254
1.49448
1.35742
1.23787
1.13304
1.04064
0.958826
0.886061
0.821083
0.762838
0.710444
0.663153
0.620336
0.581454
0.546046
0.513716
0.484124
0.456972
0.432004
0.408994
0.387747
0.368088
0.349865
0.332945
0.317207
0.302545
0.288866
0.276084
0.264125
0.25292
0.24241
0.232539
0.223258
0.214524
0.206295
0.198537
0.191216
0.184304
0.177772
0.171597
0.165758
0.160236
0.155011
0.15007
0.145397
0.140982
0.136812
0.13288
0.129177
0.125696
0.122434
0.119386
0.11655
0.113925
0.111511
0.10931
0.107325
0.105561
0.104024
0.102721
0.101661
0.100855
0.100316
0.100057
0.100096
0.100449
0.101137
0.102182
0.103606
0.105435
0.107697
0.110419
0.113632
0.117366
0.121653
0.126525
0.132015
0.138155
0.144975
0.152506
0.160775
0.16981
0.179631
0.190258
0.201706
0.213986
0.227102
0.241054
0.255835
0.271434
0.287833
0.305006
0.322923
0.341548
0.360838
0.38075
0.401231
0.422234
0.443705
0.46558
0.48779
0.510269
0.532946
0.555755
0.578627
0.601497
0.624302
0.646979
0.669472
0.691725
0.713688
0.735314
0.756558
0.777382
0.797751
0.817633
0.837
0.855829
0.8741
0.891802
0.908898
1.83601
1.65254
1.49448
1.35742
1.23787
1.13304
1.04064
0.958826
0.886061
0.821083
0.762838
0.710444
0.663153
0.620336
0.581454
0.546046
0.513716
0.484124
0.456972
0.432004
0.408994
0.387747
0.368088
0.349865
0.332945
0.317207
0.302545
0.288866
0.276084
0.264125
0.25292
0.24241
0.232539
0.223258
0.214524
0.206296
0.198538
0.191217
0.184304
0.177773
0.171599
0.16576
0.160237
0.155013
0.150072
0.1454
0.140985
0.136816
0.132884
0.129181
0.125702
0.12244
0.119393
0.116557
0.113933
0.11152
0.109321
0.107337
0.105575
0.104039
0.102737
0.101679
0.100876
0.100338
0.100082
0.100124
0.10048
0.101171
0.102219
0.103647
0.10548
0.107747
0.110474
0.113691
0.117431
0.121724
0.126602
0.132099
0.138246
0.145073
0.152612
0.160891
0.169934
0.179764
0.190401
0.201859
0.214149
0.227275
0.241238
0.25603
0.27164
0.288049
0.305233
0.32316
0.341795
0.361097
0.381018
0.401509
0.422524
0.444005
0.465889
0.488108
0.510594
0.533278
0.556091
0.578968
0.601841
0.624647
0.647326
0.66982
0.692073
0.714035
0.735659
0.756901
0.777723
0.798089
0.817967
0.837331
0.856156
0.874423
0.892121
0.909213
1.83601
1.65256
1.4945
1.35744
1.2379
1.13307
1.04068
0.958862
0.886097
0.821119
0.762874
0.710479
0.663188
0.62037
0.581486
0.546077
0.513746
0.484154
0.457003
0.432037
0.409032
0.387791
0.368143
0.349936
0.333037
0.317327
0.302703
0.289071
0.27635
0.264467
0.253356
0.242961
0.23323
0.224118
0.215585
0.207597
0.200123
0.193138
0.186617
0.180544
0.174903
0.169682
0.164873
0.16047
0.156472
0.15288
0.149698
0.146935
0.144602
0.142713
0.141287
0.140347
0.139919
0.140034
0.140726
0.142034
0.144
0.146672
0.1501
0.154337
0.15944
0.165468
0.172482
0.180542
0.189711
0.200047
0.211608
0.224449
0.238617
0.254157
0.271102
0.289481
0.309309
0.330593
0.353326
0.377493
0.403063
0.429993
0.458229
0.487704
0.518339
0.550048
0.582732
0.616286
0.650597
0.685549
0.721019
0.756887
0.793028
0.829321
0.865647
0.90189
0.937939
0.973693
1.00905
1.04394
1.07828
1.11198
1.14497
1.17716
1.20851
1.23897
1.2685
1.29707
1.32465
1.35124
1.37681
1.40137
1.42491
1.44743
1.46895
1.48947
1.509
1.52756
1.54516
1.56183
1.57758
1.59243
1.60641
1.61953
1.63187
1.6435
1.83602
1.65258
1.49453
1.35749
1.23795
1.13313
1.04073
0.958918
0.886153
0.821175
0.76293
0.710535
0.663244
0.620429
0.581551
0.546154
0.513842
0.484277
0.457167
0.432258
0.40933
0.388192
0.368678
0.350643
0.33396
0.318521
0.30423
0.291006
0.27878
0.267491
0.257092
0.247542
0.238809
0.230872
0.223714
0.21733
0.211719
0.206891
0.202862
0.199658
0.19731
0.195863
0.195366
0.195881
0.197478
0.200236
0.204243
0.209597
0.216401
0.224765
0.234806
0.24664
0.260386
0.27616
0.294071
0.31422
0.336697
0.361576
0.388912
0.418737
0.451063
0.485873
0.523124
0.562748
0.604648
0.648703
0.694768
0.742676
0.792246
0.843278
0.895567
0.948898
1.00306
1.05783
1.113
1.16838
1.22378
1.27902
1.33394
1.38839
1.44225
1.4954
1.54775
1.59921
1.64973
1.69923
1.74769
1.79506
1.84132
1.88644
1.93042
1.97325
2.01491
2.05543
2.09478
2.13294
2.16986
2.20554
2.23998
2.27319
2.30516
2.33588
2.36537
2.39362
2.42063
2.44639
2.47093
2.49424
2.51632
2.53719
2.55685
2.57532
2.59262
2.60875
2.62375
2.63762
2.65039
2.66209
2.67274
2.68237
2.6911
2.69911
1.83602
1.65261
1.49457
1.35754
1.23801
1.13319
1.0408
0.958996
0.88624
0.821275
0.763052
0.71069
0.663451
0.620712
0.581943
0.546697
0.514591
0.4853
0.458547
0.434097
0.411751
0.39134
0.372725
0.355791
0.340446
0.32662
0.31426
0.303335
0.293831
0.285752
0.279121
0.273979
0.270387
0.268426
0.268198
0.269825
0.273451
0.279241
0.28738
0.298069
0.311521
0.327963
0.34762
0.370717
0.397465
0.428055
0.46265
0.501372
0.544297
0.591447
0.642784
0.698211
0.757565
0.820626
0.887117
0.956711
1.02904
1.10372
1.18032
1.25843
1.33762
1.41748
1.49764
1.57772
1.65741
1.73641
1.81447
1.89139
1.96697
2.04109
2.11364
2.18454
2.25373
2.32119
2.38688
2.45083
2.51302
2.57348
2.63224
2.68931
2.74473
2.79852
2.85073
2.90139
2.95052
2.99817
3.04437
3.08916
3.13257
3.17462
3.21538
3.25485
3.29305
3.32995
3.36557
3.39997
3.43315
3.46515
3.49598
3.52567
3.55421
3.58163
3.60794
3.63313
3.65722
3.68021
3.7021
3.7229
3.7426
3.76122
3.77874
3.79518
3.81053
3.82482
3.83803
3.85018
3.86128
3.87134
3.88037
3.88841
3.89558
3.90213
1.83603
1.65264
1.49462
1.35761
1.23811
1.13332
1.04099
0.95925
0.8866
0.821788
0.763781
0.71172
0.664891
0.622702
0.584658
0.550352
0.519448
0.491674
0.466814
0.444702
0.425217
0.408283
0.393863
0.381964
0.372631
0.365954
0.362065
0.361143
0.363415
0.369156
0.378686
0.39237
0.410611
0.433837
0.462489
0.497002
0.537785
0.585195
0.639512
0.700916
0.769467
0.845085
0.927549
1.01649
1.11141
1.21168
1.31657
1.4253
1.53704
1.65092
1.76614
1.88191
1.99751
2.11228
2.22568
2.33724
2.44657
2.55338
2.65745
2.75863
2.85682
2.95196
3.04403
3.13306
3.21908
3.30213
3.38228
3.4596
3.53417
3.60606
3.67537
3.74217
3.80656
3.86863
3.92847
3.98616
4.0418
4.09548
4.14727
4.19727
4.24555
4.29219
4.33726
4.38084
4.42298
4.46375
4.5032
4.5414
4.57838
4.61418
4.64879
4.68223
4.71457
4.74584
4.77607
4.8053
4.83355
4.86084
4.8872
4.91263
4.93716
4.96078
4.98351
5.00535
5.02631
5.04638
5.06556
5.08385
5.10124
5.11774
5.13333
5.14801
5.16177
5.17462
5.18654
5.19754
5.20761
5.21676
5.22499
5.23232
5.23888
5.24498
1.83605
1.6527
1.49473
1.35782
1.23849
1.13394
1.04194
0.960672
0.888663
0.824713
0.767852
0.717295
0.672418
0.632727
0.597848
0.567509
0.541536
0.519841
0.502429
0.489391
0.480911
0.477274
0.478865
0.486178
0.499814
0.520476
0.548953
0.586091
0.632757
0.689787
0.75792
0.837731
0.929567
1.03348
1.14922
1.27615
1.41336
1.5596
1.71341
1.87319
2.03723
2.20388
2.37153
2.53872
2.70419
2.86687
3.0259
3.18062
3.33055
3.47537
3.6149
3.74906
3.87783
4.00128
4.1195
4.23263
4.34082
4.44424
4.54307
4.63749
4.7277
4.81388
4.89623
4.97495
5.05021
5.1222
5.19109
5.25705
5.32024
5.38081
5.4389
5.49465
5.54818
5.59963
5.64909
5.69668
5.7425
5.78664
5.8292
5.87026
5.90991
5.94822
5.98526
6.02111
6.05581
6.08944
6.12203
6.15359
6.18414
6.21375
6.24245
6.27029
6.2973
6.32352
6.34897
6.37368
6.39767
6.42094
6.44352
6.46542
6.48664
6.50718
6.52705
6.54625
6.56477
6.58261
6.59976
6.61622
6.63196
6.64699
6.66128
6.67484
6.68764
6.69968
6.71094
6.72141
6.73109
6.73996
6.74804
6.75531
6.76195
6.76829
1.8361
1.65291
1.49527
1.3589
1.24036
1.13692
1.04641
0.967098
0.897637
0.836986
0.784367
0.739227
0.701217
0.670177
0.646129
0.629287
0.620063
0.619085
0.627212
0.645545
0.675421
0.718385
0.776119
0.850346
0.942675
1.05443
1.18646
1.33897
1.51139
1.70239
1.90984
2.13101
2.36274
2.60164
2.84436
3.08774
3.32902
3.56585
3.7964
4.0193
4.23362
4.43878
4.63449
4.82069
4.99748
5.16507
5.32375
5.47386
5.61579
5.74992
5.87667
5.99644
6.10965
6.21669
6.31793
6.41375
6.50448
6.59046
6.67199
6.74936
6.82284
6.89267
6.9591
7.02234
7.08261
7.14009
7.19498
7.24743
7.2976
7.34565
7.39172
7.43593
7.4784
7.51924
7.55856
7.59645
7.633
7.6683
7.70243
7.73545
7.76744
7.79847
7.82858
7.85784
7.88626
7.91384
7.94064
7.96671
7.9921
8.01684
8.04096
8.0645
8.08748
8.10992
8.13184
8.15326
8.17419
8.19463
8.2146
8.2341
8.25313
8.27168
8.28975
8.30734
8.32443
8.34101
8.35708
8.37262
8.38761
8.40204
8.41589
8.42914
8.44177
8.45377
8.46512
8.47581
8.48582
8.49513
8.50374
8.51166
8.51904
8.52628
1.83636
1.65391
1.49766
1.3634
1.24773
1.14801
1.06225
0.989009
0.927316
0.876617
0.836745
0.807909
0.790716
0.786204
0.795899
0.821852
0.866653
0.933377
1.02542
1.14622
1.29883
1.48541
1.70674
1.96185
2.2479
2.56029
2.89313
3.23973
3.59329
3.94746
4.29673
4.63668
4.96404
5.27659
5.57302
5.85274
6.11567
6.36212
6.59263
6.80792
7.00878
7.19608
7.37069
7.53347
7.68528
7.82693
7.95917
8.08274
8.19828
8.30643
8.40774
8.50276
8.59195
8.67577
8.75464
8.82894
8.89901
8.96518
9.02774
9.08698
9.14313
9.19644
9.24712
9.29535
9.34133
9.38522
9.42717
9.46733
9.50583
9.5428
9.57834
9.61257
9.64557
9.67744
9.70827
9.73812
9.76708
9.7952
9.82255
9.84919
9.87515
9.9005
9.92524
9.94936
9.97293
9.99599
10.0186
10.0407
10.0625
10.0838
10.1049
10.1255
10.1459
10.1659
10.1856
10.2051
10.2242
10.2431
10.2617
10.28
10.298
10.3157
10.3331
10.3502
10.3669
10.3833
10.3993
10.4149
10.4301
10.4448
10.4591
10.473
10.4863
10.4991
10.5114
10.5231
10.5342
10.5447
10.5546
10.5639
10.5727
10.5816
1.8375
1.65781
1.50612
1.37805
1.2702
1.18027
1.10687
1.04951
1.00845
0.984782
0.980453
0.998438
1.04286
1.11906
1.23344
1.39298
1.60436
1.87266
2.19993
2.58419
3.019
3.49408
3.99655
4.51269
5.02952
5.53606
6.02389
6.48725
6.92272
7.32875
7.70513
8.05256
8.37233
8.66605
8.93551
9.18257
9.40907
9.61679
9.80739
9.98244
10.1434
10.2915
10.4279
10.5538
10.6702
10.7778
10.8776
10.9702
11.0562
11.1364
11.2111
11.2809
11.3462
11.4074
11.4649
11.5189
11.5698
11.6179
11.6633
11.7064
11.7472
11.7861
11.8231
11.8585
11.8923
11.9247
11.9559
11.9859
12.0148
12.0427
12.0698
12.096
12.1215
12.1464
12.1706
12.1943
12.2175
12.2402
12.2625
12.2844
12.306
12.3272
12.3481
12.3686
12.3889
12.409
12.4289
12.4486
12.4682
12.4876
12.5069
12.5261
12.5451
12.564
12.5829
12.6016
12.6202
12.6387
12.6571
12.6753
12.6934
12.7114
12.7292
12.7468
12.7642
12.7814
12.7983
12.8149
12.8313
12.8473
12.863
12.8783
12.8933
12.9077
12.9218
12.9353
12.9484
12.9609
12.9728
12.9843
12.9953
13.0065
1.84147
1.66992
1.52989
1.41637
1.32636
1.2589
1.21488
1.19691
1.20954
1.25958
1.35651
1.51247
1.74146
2.05731
2.47028
2.98331
3.58935
4.27125
5.00441
5.76123
6.51568
7.24654
7.93879
8.58343
9.17634
9.71686
10.2066
10.6486
11.0463
11.4037
11.7248
12.0131
12.2723
12.5054
12.7154
12.9048
13.076
13.2308
13.3712
13.4988
13.6149
13.7207
13.8175
13.9061
13.9874
14.0621
14.131
14.1946
14.2535
14.308
14.3588
14.4061
14.4503
14.4916
14.5305
14.567
14.6015
14.6341
14.6651
14.6946
14.7227
14.7496
14.7754
14.8003
14.8243
14.8475
14.87
14.8919
14.9133
14.9343
14.9548
14.9749
14.9948
15.0144
15.0338
15.053
15.0721
15.0911
15.1099
15.1286
15.1472
15.1658
15.1843
15.2028
15.2213
15.2398
15.2584
15.277
15.2957
15.3144
15.3332
15.3521
15.3711
15.3901
15.4092
15.4284
15.4476
15.4668
15.4861
15.5054
15.5247
15.5439
15.5632
15.5823
15.6014
15.6204
15.6392
15.6579
15.6764
15.6946
15.7126
15.7303
15.7477
15.7648
15.7814
15.7977
15.8135
15.8288
15.8437
15.858
15.872
15.8863
1.85285
1.70072
1.58546
1.5017
1.44916
1.43197
1.45847
1.54185
1.70114
1.96146
2.3517
2.89816
3.61465
4.49337
5.50231
6.59165
7.70585
8.79558
9.82473
10.7718
11.6275
12.391
13.0665
13.6611
14.1827
14.6397
15.0399
15.3905
15.698
15.968
16.2055
16.4147
16.5995
16.763
16.9081
17.037
17.1519
17.2545
17.3464
17.4289
17.5031
17.5701
17.6307
17.6856
17.7355
17.7811
17.8228
17.861
17.8962
17.9287
17.9588
17.9869
18.0131
18.0376
18.0607
18.0826
18.1034
18.1232
18.1423
18.1606
18.1783
18.1955
18.2123
18.2288
18.245
18.261
18.2769
18.2926
18.3083
18.324
18.3397
18.3554
18.3713
18.3872
18.4033
18.4196
18.436
18.4526
18.4692
18.4861
18.5031
18.5204
18.5379
18.5556
18.5735
18.5918
18.6102
18.629
18.648
18.6672
18.6867
18.7065
18.7265
18.7467
18.7672
18.7879
18.8088
18.8298
18.851
18.8724
18.8939
18.9155
18.9372
18.9589
18.9807
19.0024
19.0241
19.0458
19.0673
19.0887
19.11
19.131
19.1518
19.1723
19.1925
19.2123
19.2317
19.2508
19.2693
19.2874
19.3053
19.3233
1.88026
1.76748
1.69908
1.67351
1.70095
1.80207
2.00961
2.37039
2.94219
3.77923
4.90608
6.29451
7.86286
9.50137
11.1062
12.6024
13.9491
15.1326
16.1567
17.0345
17.7826
18.4184
18.9581
19.4163
19.8056
20.1369
20.4192
20.6604
20.8667
21.0435
21.1954
21.3262
21.4389
21.5364
21.6208
21.694
21.7576
21.8131
21.8615
21.9038
21.941
21.9737
22.0025
22.028
22.0507
22.0709
22.0891
22.1054
22.1203
22.1339
22.1464
22.1581
22.169
22.1794
22.1893
22.1989
22.2083
22.2175
22.2268
22.236
22.2453
22.2547
22.2644
22.2742
22.2844
22.2948
22.3056
22.3167
22.3282
22.3401
22.3524
22.3652
22.3784
22.392
22.4062
22.4207
22.4357
22.451
22.4668
22.4831
22.4998
22.5169
22.5346
22.5527
22.5712
22.5903
22.6098
22.6297
22.6502
22.671
22.6923
22.714
22.7361
22.7586
22.7815
22.8047
22.8283
22.8522
22.8764
22.9009
22.9256
22.9505
22.9757
23.001
23.0264
23.0519
23.0775
23.1031
23.1287
23.1542
23.1797
23.205
23.2301
23.255
23.2796
23.3039
23.3279
23.3515
23.3747
23.3975
23.42
23.4427
1.9378
1.89636
1.91341
2.00574
2.21689
2.61955
3.31844
4.43183
6.03458
8.0893
10.4335
12.8459
15.1344
17.1824
18.9456
20.4273
21.6544
22.6625
23.4872
24.1607
24.7106
25.1597
25.5269
25.8273
26.0733
26.2747
26.4397
26.5746
26.6849
26.7748
26.8478
26.907
26.9545
26.9926
27.0227
27.0462
27.0644
27.078
27.088
27.095
27.0995
27.102
27.103
27.1027
27.1015
27.0996
27.0972
27.0945
27.0917
27.0889
27.0862
27.0837
27.0815
27.0798
27.0785
27.0777
27.0775
27.0779
27.0789
27.0807
27.0831
27.0863
27.0902
27.0949
27.1003
27.1066
27.1136
27.1214
27.1299
27.1393
27.1495
27.1604
27.1721
27.1846
27.1979
27.2118
27.2264
27.2417
27.2577
27.2744
27.2919
27.31
27.3289
27.3485
27.3687
27.3896
27.4112
27.4334
27.4563
27.4797
27.5038
27.5285
27.5538
27.5796
27.6059
27.6327
27.66
27.6878
27.716
27.7446
27.7736
27.8029
27.8325
27.8624
27.8925
27.9228
27.9533
27.9839
28.0145
28.0452
28.0758
28.1064
28.1368
28.1671
28.1972
28.227
28.2565
28.2856
28.3143
28.3427
28.3708
28.399
2.04645
2.12773
2.30595
2.65758
3.32772
4.53374
6.5018
9.29579
12.6862
16.2471
19.587
22.4842
24.877
26.7966
28.3117
29.4973
30.4207
31.1383
31.6951
32.1263
32.4594
32.7155
32.9112
33.0592
33.1696
33.25
33.3069
33.3449
33.3681
33.3794
33.3815
33.3762
33.3654
33.3501
33.3316
33.3106
33.2879
33.2641
33.2396
33.2148
33.1899
33.1654
33.1413
33.1178
33.0951
33.0733
33.0525
33.0327
33.0141
32.9966
32.9804
32.9654
32.9517
32.9392
32.9281
32.9183
32.9098
32.9027
32.8968
32.8923
32.889
32.8871
32.8864
32.887
32.8888
32.8919
32.8962
32.9017
32.9084
32.9162
32.9252
32.9353
32.9465
32.9589
32.9721
32.9864
33.0017
33.0179
33.0352
33.0534
33.0726
33.0928
33.1138
33.1358
33.1587
33.1825
33.2072
33.2327
33.259
33.2861
33.3141
33.3427
33.3721
33.4023
33.4331
33.4645
33.4966
33.5293
33.5626
33.5963
33.6306
33.6654
33.7006
33.7361
33.772
33.8082
33.8446
33.8813
33.918
33.9549
33.9918
34.0288
34.0656
34.1024
34.1389
34.1752
34.2113
34.247
34.2823
34.3172
34.3519
34.3865
2.23713
2.53016
3.03691
4.01133
5.87533
9.06502
13.589
18.8108
23.8791
28.2371
31.7155
34.377
36.3669
37.8362
38.9126
39.6962
40.2622
40.6664
40.9501
41.1436
41.2695
41.3445
41.3812
41.3891
41.3754
41.3457
41.3042
41.2541
41.198
41.1378
41.075
41.0109
40.9464
40.8823
40.8189
40.7569
40.6964
40.6379
40.5813
40.5269
40.4748
40.4249
40.3774
40.3323
40.2896
40.2492
40.2112
40.1755
40.1422
40.1112
40.0824
40.0559
40.0315
40.0093
39.9893
39.9713
39.9554
39.9415
39.9296
39.9196
39.9115
39.9052
39.9008
39.8981
39.8972
39.8979
39.9003
39.9043
39.9099
39.9171
39.9257
39.9359
39.9475
39.9604
39.9746
39.9901
40.007
40.0251
40.0445
40.0652
40.087
40.1101
40.1344
40.1598
40.1863
40.214
40.2427
40.2725
40.3033
40.3351
40.3679
40.4016
40.4363
40.4718
40.5081
40.5453
40.5833
40.622
40.6614
40.7015
40.7423
40.7836
40.8255
40.8678
40.9107
40.9539
40.9975
41.0413
41.0854
41.1297
41.1741
41.2185
41.263
41.3073
41.3515
41.3955
41.4393
41.4827
41.5257
41.5683
41.6107
41.6527
2.55791
3.23424
4.47415
7.02087
11.7607
18.6935
26.4515
33.4836
39.0574
43.1541
46.0457
48.041
49.396
50.3008
50.8904
51.2591
51.4724
51.5763
51.6031
51.5754
51.5098
51.4178
51.3082
51.187
51.0589
50.9271
50.7941
50.6618
50.5314
50.4038
50.2799
50.16
50.0444
49.9335
49.8272
49.7256
49.6286
49.5364
49.4487
49.3655
49.2867
49.2122
49.1419
49.0756
49.0132
48.9547
48.8999
48.8487
48.801
48.7568
48.7158
48.6781
48.6435
48.612
48.5835
48.5578
48.5349
48.5147
48.4971
48.4822
48.4697
48.4596
48.4519
48.4465
48.4434
48.4424
48.4435
48.4467
48.4518
48.459
48.468
48.4789
48.4915
48.5058
48.5218
48.5394
48.5587
48.5795
48.602
48.6259
48.6514
48.6784
48.7068
48.7366
48.7677
48.8003
48.8341
48.8692
48.9055
48.9431
48.9818
49.0217
49.0627
49.1048
49.1478
49.1919
49.2369
49.2829
49.3297
49.3774
49.4258
49.4749
49.5248
49.5752
49.6263
49.6778
49.7298
49.7822
49.8349
49.8879
49.9411
49.9944
50.0477
50.101
50.1542
50.2071
50.2599
50.3123
50.3643
50.4159
50.4672
50.5178
3.0897
4.51457
7.5105
13.8436
23.9762
35.3993
45.2416
52.4633
57.3279
60.4562
62.4041
63.5741
64.2364
64.5675
64.6823
64.6559
64.538
64.3617
64.1491
63.9153
63.6705
63.4218
63.1739
62.9301
62.6926
62.4626
62.2412
62.0288
61.8257
61.6319
61.4474
61.2719
61.1054
60.9475
60.7978
60.6562
60.5223
60.3958
60.2763
60.1637
60.0576
59.9577
59.8639
59.7758
59.6933
59.616
59.5439
59.4768
59.4144
59.3566
59.3032
59.254
59.209
59.168
59.1308
59.0973
59.0674
59.041
59.0179
58.9981
58.9814
58.9678
58.9571
58.9493
58.9443
58.9419
58.9422
58.945
58.9503
58.958
58.968
58.9802
58.9945
59.0109
59.0293
59.0498
59.0723
59.0967
59.123
59.1512
59.1812
59.213
59.2465
59.2817
59.3185
59.357
59.397
59.4385
59.4815
59.526
59.5719
59.6191
59.6677
59.7175
59.7686
59.8209
59.8743
59.9288
59.9844
60.0409
60.0984
60.1568
60.2161
60.2761
60.3368
60.3981
60.46
60.5224
60.5853
60.6485
60.7119
60.7755
60.8393
60.903
60.9666
61.0301
61.0934
61.1563
61.2187
61.2807
61.3425
61.403
3.9802
6.99437
14.2291
28.0769
44.9651
59.2527
69.0256
75.0123
78.4486
80.3017
81.1992
81.5248
81.5093
81.2921
80.9579
80.5593
80.1287
79.6864
79.2452
78.8129
78.3944
77.9922
77.608
77.2422
76.8949
76.5658
76.2544
75.96
75.682
75.4196
75.1719
74.9384
74.7182
74.5106
74.3151
74.1309
73.9575
73.7943
73.6407
73.4964
73.3609
73.2337
73.1145
73.0028
72.8984
72.801
72.7101
72.6257
72.5473
72.4748
72.4079
72.3465
72.2902
72.2389
72.1925
72.1506
72.1133
72.0802
72.0513
72.0264
72.0054
71.9881
71.9745
71.9643
71.9575
71.954
71.9537
71.9564
71.9621
71.9708
71.9822
71.9962
72.0128
72.032
72.0536
72.0777
72.1042
72.133
72.1641
72.1975
72.233
72.2706
72.3102
72.3519
72.3955
72.4411
72.4885
72.5377
72.5887
72.6413
72.6957
72.7517
72.8092
72.8683
72.9288
72.9908
73.0541
73.1188
73.1846
73.2517
73.3199
73.3892
73.4595
73.5307
73.6028
73.6757
73.7492
73.8234
73.8981
73.9733
74.0488
74.1246
74.2005
74.2764
74.3523
74.4281
74.5036
74.5788
74.6535
74.7276
74.8015
74.8735
5.51862
12.1358
28.618
53.2721
75.163
89.4015
97.2921
101.233
102.948
103.451
103.303
102.812
102.148
101.406
100.641
99.882
99.1454
98.4402
97.7705
97.1377
96.5417
95.9814
95.4552
94.9613
94.498
94.0633
93.6554
93.2725
92.9132
92.5758
92.259
91.9614
91.6819
91.4193
91.1726
90.9409
90.7232
90.5188
90.327
90.147
89.9783
89.8202
89.6722
89.5338
89.4046
89.2842
89.1721
89.068
88.9715
88.8823
88.8001
88.7245
88.6555
88.5925
88.5355
88.4842
88.4384
88.3978
88.3624
88.3317
88.3059
88.2845
88.2675
88.2548
88.2461
88.2415
88.2406
88.2434
88.2499
88.2598
88.273
88.2893
88.3088
88.3314
88.3569
88.3854
88.4167
88.4509
88.4877
88.5272
88.5693
88.6139
88.6609
88.7103
88.762
88.816
88.8722
88.9305
88.9909
89.0534
89.1178
89.1842
89.2524
89.3224
89.3941
89.4676
89.5426
89.6192
89.6974
89.7769
89.8578
89.9399
90.0233
90.1078
90.1933
90.2798
90.3671
90.4552
90.5439
90.6332
90.723
90.813
90.9033
90.9937
91.0841
91.1743
91.2642
91.3538
91.4429
91.5313
91.6195
91.705
8.30684
23.1874
55.9835
91.0944
114.02
125.618
130.558
132.117
132.044
131.21
130.045
128.76
127.463
126.203
125.006
123.88
122.828
121.848
120.937
120.09
119.302
118.569
117.887
117.251
116.658
116.105
115.588
115.105
114.652
114.229
113.833
113.461
113.113
112.787
112.48
112.193
111.924
111.671
111.434
111.213
111.005
110.81
110.628
110.458
110.3
110.152
110.015
109.887
109.769
109.66
109.56
109.468
109.383
109.306
109.237
109.174
109.118
109.069
109.025
108.988
108.956
108.93
108.909
108.893
108.882
108.876
108.875
108.878
108.885
108.896
108.912
108.931
108.954
108.98
109.011
109.044
109.082
109.122
109.166
109.213
109.263
109.315
109.371
109.43
109.491
109.555
109.622
109.691
109.763
109.837
109.914
109.992
110.073
110.157
110.242
110.329
110.418
110.509
110.602
110.696
110.792
110.89
110.989
111.089
111.191
111.293
111.397
111.502
111.607
111.713
111.82
111.927
112.035
112.142
112.25
112.357
112.465
112.571
112.678
112.783
112.888
112.99
13.6539
46.1866
100.89
141.893
161.711
168.972
170.465
169.543
167.686
165.531
163.354
161.269
159.321
157.52
155.863
154.341
152.944
151.66
150.477
149.387
148.38
147.449
146.585
145.784
145.039
144.345
143.699
143.097
142.534
142.008
141.516
141.055
140.624
140.22
139.842
139.488
139.155
138.844
138.552
138.279
138.024
137.785
137.561
137.353
137.158
136.977
136.809
136.652
136.508
136.374
136.251
136.138
136.035
135.941
135.856
135.779
135.711
135.65
135.597
135.551
135.511
135.479
135.453
135.433
135.419
135.411
135.409
135.412
135.42
135.433
135.451
135.473
135.5
135.532
135.568
135.608
135.652
135.7
135.752
135.808
135.867
135.93
135.997
136.067
136.14
136.216
136.296
136.378
136.464
136.552
136.643
136.737
136.834
136.933
137.034
137.138
137.244
137.353
137.463
137.576
137.69
137.806
137.924
138.044
138.165
138.288
138.412
138.536
138.662
138.789
138.916
139.044
139.173
139.301
139.43
139.558
139.686
139.814
139.941
140.067
140.193
140.314
24.4338
89.7616
166.479
206.652
220.133
222.111
219.946
216.502
212.836
209.324
206.086
203.143
200.483
198.078
195.9
193.923
192.124
190.481
188.976
187.595
186.324
185.151
184.066
183.062
182.13
181.264
180.458
179.706
179.006
178.351
177.74
177.168
176.633
176.132
175.663
175.224
174.812
174.427
174.066
173.728
173.412
173.116
172.84
172.582
172.342
172.119
171.911
171.718
171.539
171.375
171.223
171.083
170.956
170.84
170.734
170.64
170.555
170.48
170.413
170.356
170.308
170.267
170.234
170.209
170.191
170.181
170.177
170.179
170.188
170.203
170.224
170.25
170.282
170.32
170.363
170.411
170.463
170.521
170.583
170.65
170.721
170.797
170.877
170.961
171.049
171.14
171.236
171.335
171.437
171.543
171.653
171.766
171.881
172
172.122
172.247
172.375
172.505
172.638
172.773
172.91
173.05
173.192
173.336
173.481
173.628
173.777
173.927
174.079
174.231
174.384
174.538
174.692
174.847
175.001
175.156
175.31
175.464
175.617
175.769
175.92
176.065
46.6901
163.957
256.213
288.718
293.63
289.774
283.781
277.7
272.104
267.103
262.671
258.74
255.242
252.116
249.307
246.772
244.475
242.385
240.476
238.727
237.12
235.639
234.272
233.007
231.834
230.745
229.732
228.789
227.909
227.088
226.321
225.604
224.934
224.306
223.718
223.168
222.653
222.17
221.719
221.296
220.9
220.531
220.185
219.863
219.563
219.283
219.023
218.782
218.559
218.353
218.163
217.989
217.829
217.683
217.552
217.433
217.326
217.232
217.148
217.076
217.015
216.963
216.921
216.889
216.866
216.851
216.845
216.847
216.857
216.874
216.898
216.93
216.968
217.013
217.065
217.122
217.186
217.256
217.332
217.413
217.499
217.591
217.688
217.79
217.897
218.008
218.124
218.245
218.37
218.499
218.632
218.769
218.91
219.055
219.203
219.355
219.51
219.669
219.83
219.995
220.162
220.332
220.505
220.68
220.857
221.036
221.217
221.4
221.584
221.77
221.956
222.143
222.331
222.52
222.708
222.896
223.084
223.271
223.458
223.643
223.827
224.004
92.208
280.768
376.825
395.574
390.283
380.065
369.912
360.886
353.062
346.293
340.404
335.243
330.687
326.636
323.011
319.748
316.797
314.116
311.67
309.431
307.376
305.483
303.736
302.12
300.623
299.232
297.94
296.736
295.614
294.567
293.589
292.675
291.82
291.02
290.271
289.57
288.913
288.299
287.723
287.185
286.681
286.21
285.77
285.36
284.977
284.621
284.29
283.983
283.699
283.436
283.194
282.971
282.768
282.582
282.413
282.261
282.125
282.004
281.897
281.805
281.725
281.659
281.604
281.562
281.531
281.511
281.502
281.503
281.513
281.533
281.563
281.601
281.648
281.703
281.766
281.837
281.916
282.003
282.096
282.197
282.304
282.418
282.538
282.665
282.797
282.935
283.08
283.229
283.384
283.545
283.71
283.88
284.055
284.235
284.419
284.608
284.801
284.997
285.198
285.402
285.61
285.821
286.036
286.253
286.473
286.696
286.92
287.147
287.376
287.606
287.838
288.071
288.304
288.538
288.772
289.006
289.239
289.472
289.703
289.933
290.16
290.381
183.056
458.245
542.617
542.087
524.925
507.445
492.394
479.763
469.116
460.043
452.22
445.402
439.403
434.08
429.323
425.046
421.181
417.67
414.468
411.538
408.848
406.372
404.086
401.972
400.013
398.194
396.502
394.927
393.459
392.09
390.81
389.615
388.496
387.45
386.47
385.553
384.695
383.891
383.138
382.434
381.776
381.16
380.585
380.048
379.548
379.082
378.649
378.247
377.875
377.532
377.215
376.924
376.657
376.414
376.193
375.993
375.815
375.655
375.515
375.393
375.288
375.2
375.128
375.071
375.029
375.002
374.988
374.988
375
375.024
375.061
375.109
375.168
375.238
375.319
375.41
375.51
375.621
375.74
375.869
376.006
376.152
376.306
376.468
376.637
376.815
376.999
377.191
377.389
377.595
377.807
378.025
378.249
378.479
378.715
378.957
379.204
379.456
379.713
379.974
380.24
380.511
380.785
381.063
381.344
381.629
381.917
382.207
382.5
382.795
383.091
383.388
383.687
383.986
384.285
384.584
384.882
385.18
385.476
385.77
386.059
386.342
362.553
730.72
784.22
758.32
726.657
700.051
678.548
660.977
646.352
633.968
623.326
614.067
605.927
598.708
592.258
586.458
581.215
576.452
572.108
568.132
564.48
561.118
558.014
555.143
552.481
550.01
547.712
545.572
543.577
541.715
539.977
538.352
536.832
535.41
534.078
532.832
531.665
530.573
529.551
528.594
527.699
526.862
526.081
525.352
524.672
524.039
523.451
522.905
522.4
521.933
521.502
521.106
520.744
520.413
520.113
519.842
519.598
519.381
519.19
519.024
518.881
518.76
518.662
518.584
518.527
518.488
518.469
518.467
518.482
518.514
518.563
518.627
518.706
518.8
518.908
519.029
519.164
519.312
519.473
519.645
519.829
520.025
520.231
520.449
520.676
520.914
521.162
521.419
521.686
521.961
522.245
522.538
522.838
523.147
523.463
523.787
524.118
524.455
524.8
525.15
525.506
525.868
526.235
526.608
526.984
527.366
527.75
528.139
528.53
528.924
529.32
529.718
530.117
530.516
530.916
531.316
531.714
532.111
532.507
532.899
533.284
533.663
727.535
1175.53
1172.05
1111.42
1059.84
1020
988.702
963.396
942.421
924.688
909.454
896.195
884.534
874.185
864.934
856.61
849.082
842.239
835.996
830.279
825.026
820.188
815.721
811.587
807.755
804.195
800.885
797.802
794.928
792.245
789.739
787.397
785.207
783.157
781.239
779.443
777.762
776.187
774.714
773.336
772.046
770.841
769.716
768.666
767.687
766.776
765.929
765.143
764.415
763.743
763.123
762.554
762.032
761.556
761.124
760.735
760.385
760.073
759.799
759.56
759.354
759.182
759.04
758.929
758.847
758.793
758.765
758.763
758.786
758.833
758.903
758.996
759.111
759.246
759.402
759.578
759.773
759.986
760.217
760.466
760.731
761.012
761.31
761.622
761.95
762.292
762.648
763.018
763.401
763.796
764.204
764.624
765.056
765.499
765.953
766.417
766.891
767.375
767.869
768.371
768.881
769.4
769.926
770.459
770.998
771.544
772.094
772.65
773.21
773.773
774.339
774.908
775.478
776.049
776.619
777.19
777.759
778.326
778.889
779.449
779.996
780.539
1541.16
2000.71
1895.11
1779.62
1694.82
1631.66
1582.51
1542.85
1509.96
1482.12
1458.17
1437.31
1418.94
1402.62
1388.01
1374.87
1362.96
1352.14
1342.26
1333.21
1324.89
1317.22
1310.14
1303.59
1297.51
1291.86
1286.61
1281.72
1277.16
1272.9
1268.92
1265.21
1261.73
1258.48
1255.43
1252.58
1249.91
1247.41
1245.08
1242.89
1240.84
1238.93
1237.15
1235.48
1233.93
1232.49
1231.14
1229.9
1228.75
1227.68
1226.7
1225.8
1224.98
1224.22
1223.54
1222.93
1222.38
1221.89
1221.45
1221.08
1220.76
1220.49
1220.27
1220.09
1219.97
1219.89
1219.85
1219.85
1219.89
1219.97
1220.09
1220.24
1220.43
1220.65
1220.9
1221.18
1221.5
1221.84
1222.21
1222.61
1223.04
1223.49
1223.97
1224.47
1224.99
1225.54
1226.11
1226.7
1227.32
1227.95
1228.6
1229.27
1229.96
1230.67
1231.39
1232.14
1232.89
1233.66
1234.45
1235.25
1236.07
1236.89
1237.73
1238.58
1239.44
1240.31
1241.18
1242.07
1242.96
1243.85
1244.75
1245.66
1246.56
1247.47
1248.38
1249.28
1250.18
1251.08
1251.98
1252.87
1253.73
1254.59
3775.04
3941.35
3618.18
3387.09
3227.6
3110.01
3018.46
2944.39
2882.83
2830.61
2785.63
2746.37
2711.76
2680.99
2653.43
2628.59
2606.1
2585.64
2566.94
2549.81
2534.06
2519.54
2506.12
2493.7
2482.18
2471.48
2461.52
2452.24
2443.59
2435.52
2427.98
2420.92
2414.33
2408.16
2402.38
2396.97
2391.91
2387.18
2382.74
2378.6
2374.72
2371.1
2367.71
2364.56
2361.62
2358.89
2356.35
2353.99
2351.81
2349.8
2347.95
2346.25
2344.69
2343.27
2341.99
2340.83
2339.8
2338.88
2338.07
2337.37
2336.77
2336.27
2335.86
2335.55
2335.32
2335.18
2335.12
2335.14
2335.23
2335.4
2335.63
2335.94
2336.31
2336.74
2337.24
2337.79
2338.41
2339.08
2339.8
2340.58
2341.4
2342.28
2343.2
2344.17
2345.18
2346.24
2347.34
2348.48
2349.66
2350.88
2352.14
2353.43
2354.76
2356.12
2357.52
2358.94
2360.4
2361.88
2363.4
2364.93
2366.5
2368.08
2369.69
2371.32
2372.97
2374.64
2376.32
2378.02
2379.72
2381.44
2383.17
2384.9
2386.63
2388.37
2390.11
2391.84
2393.57
2395.29
2397
2398.7
2400.34
2402.01
11676.1
10215.1
9366.55
8821.2
8437.04
8148.03
7919.9
7733.64
7577.86
7445.12
7330.33
7229.89
7141.14
7062.08
6991.16
6927.18
6869.17
6816.34
6768.04
6723.74
6682.99
6645.41
6610.67
6578.49
6548.64
6520.89
6495.07
6471.01
6448.56
6427.61
6408.04
6389.74
6372.63
6356.61
6341.62
6327.59
6314.46
6302.17
6290.67
6279.92
6269.86
6260.47
6251.71
6243.54
6235.94
6228.86
6222.3
6216.21
6210.59
6205.4
6200.63
6196.26
6192.27
6188.64
6185.36
6182.42
6179.79
6177.46
6175.43
6173.68
6172.2
6170.98
6170.01
6169.29
6168.79
6168.51
6168.45
6168.6
6168.94
6169.48
6170.2
6171.1
6172.18
6173.43
6174.84
6176.41
6178.13
6179.99
6182.01
6184.16
6186.44
6188.86
6191.41
6194.08
6196.86
6199.77
6202.78
6205.91
6209.14
6212.48
6215.92
6219.45
6223.08
6226.8
6230.6
6234.49
6238.46
6242.51
6246.63
6250.82
6255.08
6259.41
6263.79
6268.23
6272.72
6277.26
6281.84
6286.46
6291.11
6295.78
6300.48
6305.19
6309.92
6314.65
6319.37
6324.09
6328.8
6333.48
6338.14
6342.76
6347.22
6351.75
)
;

boundaryField
{
    lowerWall
    {
        type            epsilonWallFunction;
        value           nonuniform List<scalar> 
122
(
11607.3
10157.7
9314.43
8772.21
8390.2
8102.79
7875.93
7690.7
7535.77
7403.76
7289.61
7189.73
7101.46
7022.84
6952.31
6888.69
6831
6778.46
6730.43
6686.38
6645.85
6608.48
6573.93
6541.93
6512.24
6484.64
6458.96
6435.03
6412.72
6391.88
6372.42
6354.22
6337.2
6321.27
6306.36
6292.41
6279.35
6267.12
6255.68
6244.98
6234.98
6225.64
6216.93
6208.8
6201.23
6194.19
6187.66
6181.6
6176.01
6170.84
6166.09
6161.74
6157.76
6154.15
6150.88
6147.94
6145.32
6143
6140.97
6139.21
6137.73
6136.51
6135.53
6134.79
6134.28
6133.99
6133.91
6134.04
6134.36
6134.88
6135.58
6136.46
6137.51
6138.72
6140.1
6141.64
6143.32
6145.15
6147.13
6149.24
6151.49
6153.86
6156.36
6158.98
6161.72
6164.58
6167.55
6170.62
6173.8
6177.09
6180.47
6183.94
6187.51
6191.17
6194.92
6198.74
6202.65
6206.64
6210.69
6214.82
6219.02
6223.27
6227.59
6231.96
6236.38
6240.84
6245.35
6249.9
6254.47
6259.08
6263.7
6268.34
6272.99
6277.65
6282.3
6286.95
6291.58
6296.19
6300.77
6305.32
6309.7
6314.16
)
;
    }
    upperWall
    {
        type            epsilonWallFunction;
        value           nonuniform List<scalar> 
122
(
11676.1
10215.1
9366.55
8821.2
8437.04
8148.03
7919.9
7733.64
7577.86
7445.12
7330.33
7229.89
7141.14
7062.08
6991.16
6927.18
6869.17
6816.34
6768.04
6723.74
6682.99
6645.41
6610.67
6578.49
6548.64
6520.89
6495.07
6471.01
6448.56
6427.61
6408.04
6389.74
6372.63
6356.61
6341.62
6327.59
6314.46
6302.17
6290.67
6279.92
6269.86
6260.47
6251.71
6243.54
6235.94
6228.86
6222.3
6216.21
6210.59
6205.4
6200.63
6196.26
6192.27
6188.64
6185.36
6182.42
6179.79
6177.46
6175.43
6173.68
6172.2
6170.98
6170.01
6169.29
6168.79
6168.51
6168.45
6168.6
6168.94
6169.48
6170.2
6171.1
6172.18
6173.43
6174.84
6176.41
6178.13
6179.99
6182.01
6184.16
6186.44
6188.86
6191.41
6194.08
6196.86
6199.77
6202.78
6205.91
6209.14
6212.48
6215.92
6219.45
6223.08
6226.8
6230.6
6234.49
6238.46
6242.51
6246.63
6250.82
6255.08
6259.41
6263.79
6268.23
6272.72
6277.26
6281.84
6286.46
6291.11
6295.78
6300.48
6305.19
6309.92
6314.65
6319.37
6324.09
6328.8
6333.48
6338.14
6342.76
6347.22
6351.75
)
;
    }
    inlet
    {
        type            turbulentMixingLengthDissipationRateInlet;
        mixingLength    0.07;
        phi             phi;
        k               k;
        value           uniform 2.0504;
    }
    outlet
    {
        type            zeroGradient;
    }
    frontAndBack
    {
        type            empty;
    }
}


// ************************************************************************* //
