/*--------------------------------*- C++ -*----------------------------------*\
  =========                 |
  \\      /  F ield         | OpenFOAM: The Open Source CFD Toolbox
   \\    /   O peration     | Website:  https://openfoam.org
    \\  /    A nd           | Version:  8
     \\/     M anipulation  |
\*---------------------------------------------------------------------------*/
FoamFile
{
    version     2.0;
    format      ascii;
    class       volScalarField;
    location    "600";
    object      k;
}
// * * * * * * * * * * * * * * * * * * * * * * * * * * * * * * * * * * * * * //

dimensions      [0 2 -2 0 0 0 0];

internalField   nonuniform List<scalar> 
7320
(
6.07652
5.55942
5.24732
5.04165
4.8942
4.78178
4.69211
4.61825
4.55602
4.50265
4.45625
4.41545
4.37924
4.34686
4.31771
4.29132
4.26733
4.24542
4.22534
4.20689
4.18987
4.17415
4.15959
4.14608
4.13352
4.12184
4.11095
4.10079
4.0913
4.08244
4.07414
4.06638
4.05912
4.05231
4.04594
4.03997
4.03438
4.02914
4.02423
4.01964
4.01535
4.01134
4.00759
4.0041
4.00084
3.99782
3.995
3.9924
3.98999
3.98776
3.98571
3.98384
3.98212
3.98056
3.97915
3.97789
3.97675
3.97575
3.97488
3.97412
3.97348
3.97296
3.97253
3.97222
3.972
3.97187
3.97184
3.9719
3.97204
3.97226
3.97257
3.97295
3.97341
3.97393
3.97453
3.9752
3.97593
3.97672
3.97758
3.97849
3.97946
3.98049
3.98157
3.98271
3.98389
3.98513
3.98641
3.98774
3.98912
3.99054
3.992
3.9935
3.99505
3.99663
3.99824
3.9999
4.00159
4.00331
4.00506
4.00684
4.00865
4.01049
4.01235
4.01423
4.01614
4.01807
4.02001
4.02197
4.02394
4.02593
4.02792
4.02992
4.03192
4.03393
4.03593
4.03793
4.03993
4.04191
4.04388
4.04584
4.04773
4.04965
4.84215
5.67924
5.54001
5.36046
5.21715
5.10399
5.01225
4.93597
4.87129
4.81558
4.76697
4.72412
4.68601
4.65186
4.62109
4.59321
4.56782
4.54462
4.52335
4.50378
4.48573
4.46904
4.45358
4.43924
4.4259
4.41348
4.40191
4.39111
4.38103
4.3716
4.36278
4.35453
4.34681
4.33957
4.33279
4.32645
4.3205
4.31493
4.30972
4.30484
4.30028
4.29602
4.29204
4.28833
4.28488
4.28167
4.27869
4.27593
4.27337
4.27102
4.26886
4.26688
4.26508
4.26344
4.26196
4.26063
4.25945
4.25841
4.25751
4.25673
4.25608
4.25555
4.25514
4.25483
4.25463
4.25454
4.25454
4.25464
4.25483
4.25511
4.25547
4.25592
4.25645
4.25705
4.25773
4.25849
4.25932
4.26021
4.26117
4.2622
4.26328
4.26443
4.26564
4.2669
4.26822
4.2696
4.27102
4.2725
4.27403
4.2756
4.27722
4.27889
4.2806
4.28235
4.28414
4.28597
4.28784
4.28974
4.29168
4.29365
4.29565
4.29768
4.29974
4.30183
4.30394
4.30607
4.30821
4.31038
4.31256
4.31475
4.31696
4.31917
4.32138
4.3236
4.32581
4.32802
4.33022
4.33242
4.3346
4.33676
4.33887
4.34095
3.59581
5.0514
5.15997
5.06781
4.96411
4.87324
4.79598
4.72999
4.67307
4.62344
4.57977
4.541
4.50635
4.47517
4.44698
4.42135
4.39797
4.37656
4.35689
4.33877
4.32204
4.30655
4.29219
4.27885
4.26644
4.25488
4.2441
4.23404
4.22463
4.21584
4.20762
4.19993
4.19272
4.18597
4.17965
4.17373
4.16819
4.163
4.15814
4.1536
4.14935
4.14538
4.14169
4.13824
4.13504
4.13206
4.1293
4.12675
4.1244
4.12224
4.12026
4.11845
4.11681
4.11532
4.11399
4.11281
4.11176
4.11085
4.11007
4.10941
4.10887
4.10844
4.10813
4.10792
4.10782
4.10781
4.1079
4.10808
4.10835
4.1087
4.10914
4.10966
4.11025
4.11092
4.11167
4.11249
4.11337
4.11432
4.11534
4.11642
4.11756
4.11877
4.12002
4.12134
4.12271
4.12413
4.12561
4.12713
4.12871
4.13033
4.132
4.13371
4.13546
4.13726
4.1391
4.14097
4.14289
4.14484
4.14682
4.14884
4.15088
4.15296
4.15507
4.1572
4.15935
4.16153
4.16372
4.16593
4.16816
4.1704
4.17265
4.17491
4.17717
4.17943
4.18169
4.18394
4.18619
4.18843
4.19065
4.19286
4.19502
4.19712
2.74725
4.48339
4.83294
4.83938
4.78111
4.71517
4.65355
4.59832
4.54927
4.50567
4.46677
4.43188
4.40045
4.372
4.34614
4.32254
4.30093
4.28108
4.2628
4.24593
4.23032
4.21585
4.20241
4.18991
4.17828
4.16743
4.15731
4.14786
4.13902
4.13075
4.12302
4.11578
4.109
4.10265
4.0967
4.09113
4.08592
4.08104
4.07648
4.07221
4.06823
4.06451
4.06105
4.05782
4.05483
4.05206
4.04949
4.04713
4.04495
4.04296
4.04114
4.03948
4.03799
4.03665
4.03546
4.0344
4.03349
4.0327
4.03204
4.0315
4.03108
4.03077
4.03056
4.03046
4.03046
4.03056
4.03075
4.03103
4.0314
4.03185
4.03238
4.033
4.03369
4.03445
4.03529
4.03619
4.03717
4.03821
4.03932
4.04049
4.04172
4.04301
4.04436
4.04576
4.04722
4.04874
4.0503
4.05192
4.05358
4.0553
4.05706
4.05886
4.06071
4.0626
4.06454
4.06651
4.06852
4.07056
4.07265
4.07476
4.07691
4.07909
4.08129
4.08352
4.08578
4.08806
4.09036
4.09267
4.095
4.09734
4.0997
4.10205
4.10442
4.10678
4.10914
4.1115
4.11385
4.11619
4.11851
4.12082
4.12309
4.12525
2.10346
3.90602
4.48941
4.61127
4.60898
4.57387
4.53133
4.489
4.44924
4.41265
4.37922
4.34873
4.32092
4.29549
4.27219
4.2508
4.23111
4.21295
4.19616
4.18061
4.16619
4.15279
4.14032
4.12871
4.11788
4.10777
4.09833
4.08951
4.08125
4.07353
4.06629
4.05952
4.05318
4.04724
4.04168
4.03647
4.0316
4.02704
4.02278
4.0188
4.01509
4.01163
4.00841
4.00542
4.00265
4.00009
3.99772
3.99555
3.99356
3.99175
3.9901
3.98862
3.98729
3.9861
3.98506
3.98416
3.98339
3.98274
3.98222
3.98181
3.98152
3.98134
3.98126
3.98129
3.98141
3.98163
3.98195
3.98235
3.98283
3.9834
3.98405
3.98477
3.98558
3.98645
3.9874
3.98842
3.98951
3.99067
3.99189
3.99317
3.99452
3.99592
3.99738
3.9989
4.00048
4.00211
4.00379
4.00552
4.00731
4.00914
4.01102
4.01294
4.01492
4.01693
4.01898
4.02108
4.02322
4.02539
4.0276
4.02984
4.03212
4.03442
4.03676
4.03912
4.04151
4.04392
4.04635
4.0488
4.05126
4.05373
4.05622
4.05871
4.0612
4.0637
4.06619
4.06868
4.07115
4.07362
4.07607
4.07849
4.08089
4.08316
1.61624
3.30894
4.10161
4.35522
4.42201
4.42574
4.40724
4.38106
4.35281
4.32483
4.29808
4.27292
4.24944
4.22762
4.20738
4.18859
4.17115
4.15496
4.13991
4.1259
4.11285
4.10069
4.08934
4.07874
4.06884
4.05958
4.05091
4.0428
4.03521
4.0281
4.02144
4.0152
4.00935
4.00388
3.99875
3.99395
3.98946
3.98527
3.98135
3.9777
3.97429
3.97113
3.96819
3.96546
3.96295
3.96063
3.9585
3.95655
3.95477
3.95316
3.95172
3.95042
3.94928
3.94828
3.94741
3.94668
3.94608
3.94559
3.94523
3.94498
3.94484
3.94481
3.94488
3.94505
3.94532
3.94568
3.94614
3.94668
3.9473
3.948
3.94878
3.94965
3.95058
3.95159
3.95268
3.95383
3.95505
3.95634
3.95769
3.9591
3.96058
3.96212
3.96371
3.96537
3.96708
3.96884
3.97066
3.97253
3.97445
3.97642
3.97844
3.98051
3.98262
3.98477
3.98697
3.98921
3.99149
3.99381
3.99616
3.99855
4.00098
4.00343
4.00591
4.00843
4.01096
4.01352
4.0161
4.0187
4.02131
4.02393
4.02657
4.02921
4.03185
4.03449
4.03712
4.03975
4.04237
4.04498
4.04757
4.05013
4.05267
4.05505
1.26812
2.7064
3.65726
4.05358
4.20386
4.25636
4.26838
4.26267
4.24897
4.23181
4.21339
4.19484
4.17674
4.15936
4.14285
4.12725
4.11255
4.09875
4.0858
4.07365
4.06226
4.05158
4.04157
4.03219
4.02339
4.01514
4.0074
4.00014
3.99333
3.98695
3.98097
3.97536
3.9701
3.96518
3.96057
3.95625
3.95222
3.94846
3.94495
3.94168
3.93864
3.93582
3.93321
3.9308
3.92858
3.92655
3.92469
3.923
3.92148
3.92012
3.91891
3.91784
3.91691
3.91612
3.91547
3.91493
3.91452
3.91423
3.91406
3.91399
3.91403
3.91417
3.91442
3.91476
3.91519
3.91572
3.91633
3.91703
3.91781
3.91867
3.91961
3.92062
3.92171
3.92288
3.92411
3.92541
3.92678
3.92822
3.92972
3.93129
3.93291
3.9346
3.93635
3.93815
3.94001
3.94193
3.94389
3.94592
3.94799
3.95011
3.95229
3.95451
3.95677
3.95908
3.96144
3.96384
3.96627
3.96875
3.97126
3.97381
3.9764
3.97901
3.98166
3.98433
3.98702
3.98974
3.99248
3.99524
3.99801
4.0008
4.00359
4.00638
4.00918
4.01197
4.01476
4.01755
4.02031
4.02306
4.0258
4.0285
4.03118
4.03369
1.04443
2.13048
3.15609
3.69382
3.94125
4.05401
4.10457
4.12487
4.12967
4.12622
4.11833
4.10811
4.09673
4.0849
4.07304
4.06139
4.0501
4.03924
4.02888
4.01901
4.00966
4.0008
3.99243
3.98452
3.97707
3.97005
3.96343
3.95721
3.95136
3.94586
3.9407
3.93585
3.9313
3.92705
3.92306
3.91933
3.91585
3.91261
3.90959
3.90678
3.90418
3.90178
3.89956
3.89753
3.89567
3.89398
3.89246
3.89108
3.88987
3.88879
3.88786
3.88706
3.8864
3.88586
3.88545
3.88515
3.88497
3.8849
3.88494
3.88509
3.88534
3.88569
3.88613
3.88667
3.88729
3.88801
3.88881
3.88969
3.89065
3.89169
3.89281
3.894
3.89526
3.89659
3.898
3.89947
3.90101
3.90261
3.90428
3.90601
3.9078
3.90965
3.91157
3.91353
3.91556
3.91764
3.91977
3.92196
3.9242
3.92649
3.92883
3.93122
3.93365
3.93613
3.93865
3.94121
3.94382
3.94647
3.94915
3.95187
3.95462
3.9574
3.96022
3.96306
3.96592
3.96881
3.97172
3.97464
3.97758
3.98053
3.98348
3.98644
3.9894
3.99235
3.99529
3.99823
4.00115
4.00405
4.00692
4.00977
4.0126
4.01523
0.919762
1.62589
2.61278
3.26901
3.62244
3.80741
3.90596
3.95917
3.98746
4.00145
4.00694
4.00725
4.00438
3.99954
3.99352
3.98681
3.97977
3.97259
3.96544
3.95842
3.95158
3.94497
3.93862
3.93255
3.92675
3.92124
3.91601
3.91106
3.90638
3.90196
3.8978
3.89389
3.89022
3.88677
3.88354
3.88053
3.87772
3.87511
3.87269
3.87045
3.86838
3.86648
3.86475
3.86317
3.86175
3.86048
3.85935
3.85836
3.8575
3.85678
3.85618
3.85571
3.85535
3.85512
3.85499
3.85498
3.85507
3.85527
3.85557
3.85596
3.85645
3.85704
3.85771
3.85848
3.85933
3.86026
3.86127
3.86237
3.86354
3.86478
3.8661
3.86749
3.86894
3.87047
3.87206
3.87372
3.87545
3.87724
3.87909
3.88101
3.88298
3.88502
3.88711
3.88926
3.89146
3.89372
3.89603
3.8984
3.90082
3.90328
3.9058
3.90836
3.91098
3.91363
3.91633
3.91907
3.92186
3.92468
3.92754
3.93043
3.93336
3.93632
3.93931
3.94233
3.94536
3.94843
3.9515
3.9546
3.9577
3.96082
3.96394
3.96706
3.97018
3.97329
3.97639
3.97948
3.98255
3.9856
3.98862
3.9916
3.99457
3.99732
0.860369
1.23773
2.06198
2.78202
3.23846
3.50547
3.66218
3.75644
3.81442
3.85055
3.87304
3.88674
3.89464
3.89864
3.89999
3.89953
3.89781
3.89526
3.89213
3.88865
3.88496
3.88115
3.87732
3.87352
3.86978
3.86614
3.86263
3.85925
3.85601
3.85293
3.85001
3.84724
3.84464
3.84219
3.83991
3.83777
3.83578
3.83395
3.83226
3.8307
3.82929
3.82801
3.82687
3.82585
3.82496
3.82419
3.82354
3.82301
3.8226
3.82229
3.8221
3.82202
3.82204
3.82216
3.82238
3.8227
3.82312
3.82363
3.82423
3.82493
3.8257
3.82657
3.82751
3.82854
3.82965
3.83084
3.8321
3.83344
3.83485
3.83632
3.83787
3.83948
3.84116
3.84291
3.84471
3.84659
3.84852
3.85052
3.85258
3.85469
3.85687
3.8591
3.86139
3.86374
3.86614
3.86859
3.8711
3.87365
3.87626
3.87892
3.88163
3.88438
3.88718
3.89002
3.89291
3.89584
3.89881
3.90181
3.90486
3.90794
3.91105
3.91419
3.91735
3.92055
3.92377
3.927
3.93025
3.93352
3.9368
3.94008
3.94337
3.94665
3.94993
3.9532
3.95645
3.95969
3.96291
3.9661
3.96926
3.97238
3.97548
3.97836
0.836787
0.98815
1.55966
2.25312
2.7872
3.13869
3.36248
3.50657
3.60152
3.66555
3.70958
3.74028
3.76187
3.77709
3.78779
3.79521
3.80023
3.80349
3.80544
3.80641
3.80665
3.80636
3.80568
3.8047
3.80353
3.80223
3.80084
3.79942
3.79798
3.79655
3.79516
3.79382
3.79254
3.79133
3.7902
3.78914
3.78817
3.78729
3.7865
3.78579
3.78518
3.78466
3.78424
3.7839
3.78366
3.78351
3.78345
3.78348
3.7836
3.78381
3.78411
3.7845
3.78497
3.78553
3.78617
3.78689
3.7877
3.78858
3.78955
3.79059
3.79171
3.7929
3.79417
3.79551
3.79692
3.7984
3.79995
3.80157
3.80326
3.805
3.80681
3.80868
3.81062
3.81261
3.81466
3.81677
3.81894
3.82117
3.82346
3.8258
3.8282
3.83065
3.83316
3.83572
3.83833
3.841
3.84371
3.84648
3.84929
3.85216
3.85507
3.85802
3.86102
3.86406
3.86714
3.87027
3.87343
3.87663
3.87987
3.88313
3.88643
3.88976
3.89311
3.89649
3.89989
3.9033
3.90673
3.91017
3.91362
3.91707
3.92052
3.92397
3.9274
3.93083
3.93423
3.93762
3.94097
3.9443
3.94759
3.95084
3.95407
3.95707
0.830413
0.857509
1.16926
1.7285
2.28148
2.70333
2.99742
3.19899
3.33861
3.4372
3.50825
3.56042
3.59936
3.62883
3.65138
3.6688
3.68236
3.69298
3.70133
3.70792
3.71312
3.71725
3.72051
3.7231
3.72514
3.72675
3.72803
3.72904
3.72984
3.73048
3.731
3.73142
3.73179
3.73211
3.7324
3.73269
3.73298
3.73327
3.73359
3.73394
3.73431
3.73473
3.73519
3.73569
3.73625
3.73686
3.73752
3.73824
3.73901
3.73985
3.74075
3.74171
3.74273
3.74381
3.74496
3.74617
3.74744
3.74878
3.75018
3.75164
3.75317
3.75475
3.7564
3.75811
3.75988
3.76171
3.7636
3.76555
3.76755
3.76962
3.77173
3.7739
3.77613
3.77841
3.78074
3.78312
3.78556
3.78805
3.7906
3.79319
3.79584
3.79854
3.80129
3.80409
3.80694
3.80983
3.81278
3.81577
3.81881
3.82189
3.82502
3.82819
3.8314
3.83466
3.83795
3.84128
3.84465
3.84805
3.85149
3.85495
3.85845
3.86197
3.86551
3.86908
3.87266
3.87626
3.87986
3.88348
3.8871
3.89072
3.89433
3.89794
3.90153
3.9051
3.90866
3.91218
3.91568
3.91913
3.92255
3.92592
3.92926
3.93238
0.831632
0.801461
0.924682
1.27902
1.76057
2.20994
2.5635
2.82478
3.0153
3.15518
3.2594
3.33832
3.39906
3.44651
3.48408
3.51418
3.53856
3.5585
3.57496
3.58866
3.60014
3.60984
3.61808
3.62514
3.63123
3.63651
3.64113
3.64519
3.6488
3.65202
3.65492
3.65755
3.65997
3.6622
3.66427
3.66622
3.66807
3.66983
3.67153
3.67317
3.67477
3.67635
3.6779
3.67944
3.68098
3.68252
3.68408
3.68564
3.68722
3.68883
3.69046
3.69212
3.69381
3.69554
3.6973
3.69911
3.70095
3.70283
3.70476
3.70673
3.70874
3.7108
3.71291
3.71506
3.71726
3.7195
3.72179
3.72413
3.72652
3.72895
3.73143
3.73395
3.73651
3.73912
3.74178
3.74448
3.74723
3.75002
3.75286
3.75575
3.75868
3.76166
3.76468
3.76775
3.77086
3.77401
3.77721
3.78045
3.78374
3.78707
3.79043
3.79384
3.79728
3.80077
3.80429
3.80784
3.81143
3.81504
3.81869
3.82237
3.82607
3.82979
3.83353
3.83729
3.84106
3.84485
3.84864
3.85243
3.85622
3.86001
3.86379
3.86755
3.8713
3.87502
3.87872
3.88238
3.88601
3.88959
3.89312
3.89661
3.90005
3.90327
0.835915
0.782667
0.803403
0.968303
1.29566
1.69673
2.07275
2.38225
2.62383
2.80953
2.95259
3.06386
3.15146
3.22133
3.27774
3.32383
3.3619
3.39365
3.42038
3.44308
3.46251
3.47926
3.49381
3.50652
3.51771
3.52762
3.53645
3.54435
3.55148
3.55795
3.56384
3.56924
3.57422
3.57884
3.58314
3.58717
3.59096
3.59455
3.59796
3.60122
3.60435
3.60736
3.61028
3.61311
3.61586
3.61856
3.62121
3.62382
3.6264
3.62896
3.6315
3.63402
3.63654
3.63906
3.64158
3.64411
3.64665
3.6492
3.65177
3.65436
3.65697
3.6596
3.66226
3.66495
3.66766
3.6704
3.67318
3.67598
3.67882
3.6817
3.6846
3.68754
3.69051
3.69351
3.69655
3.69962
3.70273
3.70588
3.70906
3.71228
3.71554
3.71883
3.72217
3.72554
3.72895
3.7324
3.73589
3.73941
3.74298
3.74657
3.75021
3.75387
3.75758
3.76131
3.76508
3.76887
3.7727
3.77655
3.78042
3.78432
3.78824
3.79218
3.79613
3.8001
3.80407
3.80805
3.81203
3.816
3.81998
3.82394
3.82788
3.83181
3.83571
3.83958
3.84341
3.84721
3.85096
3.85466
3.85831
3.86189
3.86544
3.86876
0.841165
0.780282
0.755
0.801817
0.962762
1.23783
1.56799
1.88853
2.16639
2.39488
2.57903
2.72692
2.8462
2.94318
3.02278
3.08874
3.14394
3.19054
3.23023
3.26431
3.29379
3.31947
3.34199
3.36187
3.37951
3.39527
3.40942
3.42218
3.43376
3.44431
3.45397
3.46285
3.47106
3.47868
3.48577
3.49241
3.49864
3.50452
3.51008
3.51536
3.52039
3.52519
3.5298
3.53424
3.53852
3.54266
3.54668
3.55059
3.55441
3.55814
3.5618
3.5654
3.56894
3.57244
3.57589
3.57932
3.58272
3.58609
3.58945
3.5928
3.59614
3.59948
3.60281
3.60615
3.60949
3.61284
3.61621
3.61958
3.62297
3.62637
3.62979
3.63323
3.63668
3.64016
3.64365
3.64716
3.6507
3.65426
3.65785
3.66147
3.66511
3.66878
3.67248
3.67621
3.67997
3.68376
3.68758
3.69143
3.6953
3.69921
3.70315
3.70711
3.7111
3.71512
3.71916
3.72323
3.72731
3.73142
3.73555
3.7397
3.74386
3.74803
3.75221
3.75639
3.76058
3.76477
3.76895
3.77312
3.77728
3.78142
3.78554
3.78963
3.79368
3.7977
3.80168
3.80561
3.80948
3.8133
3.81705
3.82073
3.82436
3.82778
0.846372
0.784571
0.740866
0.731421
0.780818
0.913761
1.13036
1.39676
1.66969
1.92048
2.13792
2.32135
2.47447
2.60211
2.70889
2.79873
2.87484
2.93979
2.99561
3.04393
3.08604
3.12297
3.15556
3.18449
3.2103
3.23346
3.25433
3.27324
3.29044
3.30616
3.32058
3.33386
3.34615
3.35755
3.36816
3.37809
3.38739
3.39614
3.4044
3.41221
3.41963
3.42669
3.43343
3.43987
3.44605
3.452
3.45773
3.46326
3.46863
3.47383
3.47889
3.48382
3.48864
3.49336
3.49798
3.50252
3.50698
3.51138
3.51572
3.52001
3.52425
3.52846
3.53263
3.53677
3.54089
3.54498
3.54906
3.55313
3.55719
3.56124
3.56529
3.56933
3.57338
3.57742
3.58147
3.58552
3.58957
3.59364
3.59771
3.6018
3.6059
3.61002
3.61415
3.6183
3.62247
3.62666
3.63087
3.6351
3.63934
3.64361
3.6479
3.6522
3.65653
3.66087
3.66523
3.6696
3.67399
3.67839
3.68281
3.68723
3.69166
3.69609
3.70052
3.70495
3.70937
3.71379
3.71819
3.72257
3.72693
3.73127
3.73557
3.73983
3.74406
3.74823
3.75235
3.75642
3.76042
3.76435
3.7682
3.77198
3.77569
3.7792
0.851011
0.791143
0.741126
0.708367
0.70346
0.741579
0.838108
0.996907
1.20263
1.4285
1.65059
1.85477
2.03555
2.19259
2.3279
2.44426
2.54449
2.63115
2.70642
2.77214
2.82983
2.88074
2.9259
2.96617
3.00226
3.03473
3.0641
3.09077
3.11508
3.13733
3.15777
3.17661
3.19405
3.21023
3.2253
3.23937
3.25255
3.26493
3.27659
3.2876
3.29803
3.30792
3.31733
3.3263
3.33488
3.34309
3.35097
3.35855
3.36585
3.3729
3.37972
3.38632
3.39274
3.39898
3.40506
3.41099
3.41679
3.42246
3.42802
3.43349
3.43885
3.44414
3.44935
3.45449
3.45957
3.46459
3.46956
3.47449
3.47938
3.48423
3.48905
3.49384
3.49861
3.50335
3.50808
3.51278
3.51747
3.52215
3.52682
3.53148
3.53614
3.5408
3.54546
3.55011
3.55478
3.55945
3.56412
3.5688
3.57349
3.57818
3.58288
3.58759
3.59231
3.59704
3.60177
3.6065
3.61124
3.61598
3.62073
3.62547
3.6302
3.63494
3.63966
3.64437
3.64906
3.65373
3.65838
3.663
3.66759
3.67214
3.67664
3.6811
3.6855
3.68984
3.69412
3.69833
3.70246
3.70651
3.71047
3.71434
3.71814
3.72173
0.854799
0.797919
0.746862
0.705362
0.677885
0.670753
0.692779
0.753704
0.85933
1.00619
1.18133
1.368
1.55204
1.72458
1.88152
2.02185
2.14624
2.2561
2.35311
2.43889
2.51496
2.58264
2.64308
2.69726
2.74603
2.79009
2.83005
2.86643
2.89967
2.93014
2.95817
2.98403
3.00797
3.03019
3.05088
3.0702
3.08828
3.10525
3.12121
3.13626
3.15049
3.16396
3.17675
3.18891
3.20051
3.21158
3.22217
3.23232
3.24206
3.25144
3.26047
3.26919
3.27762
3.28577
3.29369
3.30137
3.30884
3.31612
3.32322
3.33015
3.33694
3.34358
3.35009
3.35648
3.36276
3.36894
3.37503
3.38103
3.38695
3.3928
3.39858
3.4043
3.40997
3.41558
3.42114
3.42666
3.43213
3.43757
3.44297
3.44834
3.45369
3.45901
3.46431
3.4696
3.47486
3.48012
3.48536
3.49059
3.49581
3.50103
3.50623
3.51143
3.51662
3.52181
3.52698
3.53215
3.53731
3.54245
3.54759
3.55271
3.55781
3.5629
3.56796
3.57299
3.578
3.58298
3.58791
3.59281
3.59766
3.60245
3.60719
3.61187
3.61648
3.62101
3.62546
3.62983
3.63411
3.63829
3.64237
3.64634
3.65023
3.65391
0.857613
0.803838
0.754023
0.710069
0.674015
0.648368
0.636594
0.64348
0.674826
0.73588
0.828724
0.950234
1.09243
1.24518
1.3992
1.54782
1.68713
1.81538
1.93217
2.03791
2.13338
2.21952
2.29731
2.36768
2.43146
2.48942
2.54224
2.59051
2.63474
2.67539
2.71286
2.74748
2.77957
2.80937
2.83713
2.86305
2.88731
2.91006
2.93145
2.95161
2.97064
2.98863
3.00569
3.02189
3.0373
3.05199
3.066
3.07941
3.09224
3.10456
3.11639
3.12777
3.13874
3.14932
3.15955
3.16945
3.17904
3.18834
3.19738
3.20617
3.21474
3.22309
3.23124
3.23921
3.24701
3.25464
3.26213
3.26948
3.2767
3.2838
3.29079
3.29768
3.30447
3.31117
3.31779
3.32432
3.33078
3.33716
3.34348
3.34974
3.35594
3.36209
3.36819
3.37425
3.38027
3.38625
3.39219
3.39811
3.40399
3.40984
3.41567
3.42147
3.42724
3.43299
3.43871
3.4444
3.45007
3.45571
3.46132
3.4669
3.47245
3.47796
3.48344
3.48887
3.49425
3.49959
3.50487
3.5101
3.51526
3.52035
3.52537
3.5303
3.53515
3.53991
3.54458
3.54913
3.55358
3.55792
3.56213
3.56622
3.57021
3.574
0.859482
0.808378
0.760626
0.716973
0.678334
0.645749
0.620512
0.604371
0.599722
0.609658
0.637654
0.686738
0.758296
0.851094
0.961178
1.08279
1.20982
1.33698
1.46042
1.57773
1.68766
1.78972
1.88396
1.9707
2.05043
2.12369
2.19105
2.25304
2.31019
2.36297
2.41179
2.45705
2.49909
2.53822
2.57472
2.60884
2.64079
2.67077
2.69896
2.72551
2.75057
2.77426
2.7967
2.81799
2.83821
2.85746
2.87581
2.89332
2.91007
2.9261
2.94147
2.95623
2.97041
2.98407
2.99723
3.00993
3.0222
3.03407
3.04557
3.05671
3.06754
3.07805
3.08829
3.09825
3.10797
3.11745
3.12671
3.13577
3.14464
3.15332
3.16184
3.1702
3.17841
3.18648
3.19442
3.20224
3.20993
3.21752
3.22499
3.23237
3.23965
3.24684
3.25395
3.26099
3.26795
3.27484
3.28167
3.28844
3.29515
3.3018
3.3084
3.31495
3.32145
3.3279
3.3343
3.34065
3.34695
3.3532
3.35941
3.36556
3.37165
3.37769
3.38368
3.38959
3.39545
3.40123
3.40694
3.41257
3.41811
3.42356
3.42892
3.43418
3.43933
3.44437
3.44929
3.45408
3.45874
3.46327
3.46765
3.47189
3.476
3.47992
0.860565
0.811411
0.765711
0.723439
0.684828
0.650242
0.620147
0.595142
0.57603
0.563904
0.56022
0.566795
0.585676
0.618805
0.66751
0.731993
0.81102
0.902008
1.00149
1.10577
1.21146
1.31586
1.41705
1.51381
1.60547
1.69173
1.77257
1.84814
1.91867
1.98447
2.04585
2.10314
2.15665
2.20669
2.25354
2.29746
2.33869
2.37746
2.41396
2.44838
2.48088
2.51163
2.54075
2.56838
2.59462
2.61958
2.64336
2.66604
2.6877
2.70841
2.72825
2.74726
2.76551
2.78305
2.79992
2.81617
2.83183
2.84696
2.86157
2.8757
2.88939
2.90266
2.91553
2.92803
2.94019
2.95201
2.96353
2.97476
2.98572
2.99641
3.00687
3.0171
3.02712
3.03693
3.04655
3.05599
3.06526
3.07436
3.08331
3.09211
3.10076
3.10928
3.11767
3.12594
3.1341
3.14215
3.1501
3.15795
3.1657
3.17337
3.18095
3.18845
3.19586
3.2032
3.21045
3.21763
3.22474
3.23176
3.23871
3.24558
3.25236
3.25907
3.26569
3.27222
3.27866
3.285
3.29125
3.29738
3.30341
3.30932
3.31511
3.32077
3.3263
3.33169
3.33693
3.34202
3.34695
3.35172
3.35633
3.36076
3.36504
3.36912
0.861099
0.813133
0.76901
0.728261
0.690673
0.656203
0.624916
0.596953
0.57254
0.551996
0.535764
0.524447
0.518835
0.519919
0.528854
0.546863
0.575059
0.614217
0.664541
0.725514
0.795886
0.873821
0.957145
1.04364
1.13129
1.21842
1.30375
1.3864
1.4658
1.54163
1.61374
1.68211
1.74682
1.80798
1.86575
1.92032
1.97186
2.02057
2.06662
2.11021
2.15149
2.19063
2.22777
2.26305
2.29661
2.32855
2.35899
2.38803
2.41577
2.44229
2.46768
2.492
2.51533
2.53773
2.55925
2.57996
2.5999
2.61912
2.63767
2.65558
2.67289
2.68964
2.70585
2.72157
2.73682
2.75162
2.766
2.77999
2.7936
2.80686
2.81979
2.8324
2.84471
2.85674
2.8685
2.88001
2.89128
2.90231
2.91313
2.92374
2.93415
2.94437
2.9544
2.96425
2.97394
2.98346
2.99284
3.00207
3.01117
3.02013
3.02896
3.03766
3.04624
3.05471
3.06306
3.07129
3.07941
3.08742
3.09532
3.1031
3.11077
3.11832
3.12575
3.13306
3.14025
3.14731
3.15423
3.16102
3.16766
3.17415
3.18049
3.18667
3.19269
3.19853
3.20419
3.20967
3.21496
3.22005
3.22494
3.22963
3.23415
3.23846
0.861317
0.813942
0.770775
0.731184
0.694718
0.661081
0.630095
0.601662
0.575754
0.552397
0.531673
0.513721
0.498751
0.487049
0.478999
0.475087
0.475905
0.482135
0.494504
0.513718
0.540366
0.574817
0.617121
0.666953
0.72361
0.786067
0.853079
0.923307
0.995441
1.06829
1.14087
1.21238
1.28223
1.35001
1.41546
1.47842
1.53881
1.59663
1.65191
1.7047
1.75509
1.80318
1.84906
1.89286
1.93467
1.9746
2.01277
2.04927
2.0842
2.11764
2.14969
2.18042
2.20991
2.23823
2.26546
2.29165
2.31687
2.34116
2.36459
2.3872
2.40903
2.43013
2.45054
2.47029
2.48943
2.50798
2.52598
2.54345
2.56042
2.57692
2.59298
2.60861
2.62384
2.63869
2.65317
2.66731
2.68112
2.69462
2.70782
2.72073
2.73338
2.74576
2.75789
2.76977
2.78141
2.79284
2.80405
2.81505
2.82586
2.83648
2.84691
2.85717
2.86725
2.87716
2.88691
2.8965
2.90593
2.9152
2.92431
2.93326
2.94206
2.95069
2.95917
2.96748
2.97562
2.9836
2.9914
2.99902
3.00645
3.0137
3.02075
3.0276
3.03424
3.04068
3.04689
3.05288
3.05864
3.06416
3.06945
3.07449
3.07933
3.08394
0.861389
0.814244
0.77153
0.732597
0.696917
0.664079
0.633769
0.605753
0.579862
0.555979
0.53403
0.513979
0.495828
0.479611
0.4654
0.453309
0.443493
0.436161
0.431574
0.430052
0.431968
0.437737
0.4478
0.462586
0.482477
0.507758
0.538578
0.574904
0.616512
0.66298
0.713718
0.768009
0.825062
0.88407
0.94426
1.00493
1.06548
1.12542
1.18435
1.242
1.29815
1.35267
1.40547
1.45651
1.50578
1.55328
1.59905
1.64312
1.68554
1.72636
1.76565
1.80347
1.83988
1.87494
1.90873
1.94129
1.97268
2.00297
2.03221
2.06044
2.08772
2.11409
2.13959
2.16428
2.18819
2.21135
2.23381
2.2556
2.27675
2.29729
2.31726
2.33667
2.35556
2.37394
2.39185
2.40931
2.42633
2.44293
2.45914
2.47497
2.49044
2.50556
2.52035
2.53481
2.54897
2.56282
2.57637
2.58965
2.60265
2.61539
2.62788
2.64013
2.65213
2.66391
2.67545
2.68678
2.69788
2.70877
2.71944
2.7299
2.74015
2.75018
2.75999
2.76959
2.77897
2.78812
2.79705
2.80574
2.8142
2.82242
2.83039
2.83811
2.84557
2.85277
2.8597
2.86636
2.87275
2.87885
2.88466
2.89019
2.89547
2.9005
0.861406
0.814329
0.771776
0.733121
0.697834
0.665476
0.635686
0.608168
0.582682
0.559037
0.53708
0.516692
0.497782
0.480288
0.464168
0.449403
0.435996
0.423969
0.413369
0.404262
0.396745
0.390937
0.38699
0.385084
0.385432
0.38827
0.393857
0.402461
0.414344
0.429749
0.448872
0.471851
0.498741
0.5295
0.563988
0.601962
0.643088
0.68696
0.73312
0.781085
0.830369
0.880509
0.931076
0.981694
1.03204
1.08185
1.13091
1.17907
1.2262
1.27222
1.31708
1.36073
1.40317
1.4444
1.48441
1.52322
1.56086
1.59735
1.63272
1.667
1.70022
1.73243
1.76366
1.79394
1.82332
1.85183
1.87949
1.90636
1.93246
1.95781
1.98246
2.00643
2.02975
2.05244
2.07454
2.09605
2.11702
2.13746
2.15739
2.17684
2.19581
2.21434
2.23244
2.25013
2.26741
2.28431
2.30083
2.31698
2.33277
2.34821
2.36331
2.37808
2.39254
2.40668
2.42051
2.43405
2.44729
2.46025
2.47291
2.48529
2.49739
2.5092
2.52072
2.53196
2.54292
2.55358
2.56395
2.57402
2.58379
2.59326
2.60241
2.61125
2.61977
2.62797
2.63583
2.64337
2.65057
2.65743
2.66395
2.67013
2.67601
2.68161
0.861407
0.814342
0.77183
0.73326
0.698113
0.665954
0.636417
0.609191
0.584014
0.560665
0.538959
0.518737
0.499869
0.482247
0.46578
0.450397
0.43604
0.422666
0.410246
0.398762
0.388209
0.378592
0.36993
0.362255
0.355609
0.350053
0.345657
0.342512
0.340722
0.340409
0.341709
0.344772
0.349759
0.356833
0.366159
0.377891
0.392166
0.409093
0.428747
0.451159
0.476312
0.504134
0.534503
0.567246
0.602145
0.638949
0.677381
0.717149
0.75796
0.799527
0.841579
0.883868
0.926172
0.9683
1.01009
1.0514
1.09214
1.13222
1.17157
1.21015
1.24793
1.28489
1.32102
1.35632
1.39077
1.4244
1.45721
1.48921
1.5204
1.55082
1.58048
1.60939
1.63757
1.66505
1.69184
1.71797
1.74345
1.76832
1.79258
1.81626
1.83938
1.86195
1.884
1.90553
1.92657
1.94714
1.96723
1.98687
2.00607
2.02483
2.04316
2.06106
2.07855
2.09563
2.11231
2.1286
2.14451
2.16004
2.17519
2.18997
2.20438
2.21842
2.2321
2.2454
2.25833
2.27089
2.28307
2.29487
2.30629
2.31733
2.32798
2.33824
2.3481
2.35757
2.36664
2.3753
2.38357
2.39143
2.39888
2.40594
2.41264
2.41902
0.861405
0.814337
0.771831
0.733277
0.698164
0.666062
0.636607
0.60949
0.584448
0.561253
0.53971
0.519653
0.500935
0.483431
0.467033
0.451647
0.437194
0.423603
0.410816
0.398785
0.387468
0.376832
0.366852
0.357508
0.348789
0.340687
0.333204
0.326348
0.32013
0.314572
0.309702
0.305553
0.30217
0.299604
0.297915
0.29717
0.297449
0.298836
0.301424
0.305311
0.3106
0.317392
0.325787
0.335882
0.34776
0.361492
0.377132
0.394713
0.414243
0.435703
0.459048
0.484206
0.511076
0.539538
0.569448
0.600647
0.632966
0.666227
0.700254
0.734872
0.769912
0.805217
0.840643
0.876059
0.911351
0.946421
0.981184
1.01557
1.04953
1.08301
1.11597
1.14841
1.18029
1.2116
1.24234
1.2725
1.30208
1.33108
1.3595
1.38735
1.41462
1.44134
1.46749
1.4931
1.51816
1.54268
1.56668
1.59015
1.61311
1.63557
1.65754
1.67901
1.7
1.72048
1.74048
1.76
1.77903
1.7976
1.81569
1.83332
1.85049
1.86719
1.88342
1.89919
1.9145
1.92934
1.94371
1.95762
1.97105
1.98401
1.9965
2.00851
2.02005
2.03111
2.0417
2.05181
2.06146
2.07063
2.07934
2.08758
2.09542
2.10289
0.861402
0.814329
0.77182
0.733266
0.698157
0.666065
0.636627
0.609537
0.584532
0.561385
0.539902
0.519913
0.50127
0.483846
0.467525
0.45221
0.437813
0.424257
0.411474
0.399403
0.387993
0.377196
0.366972
0.357284
0.348103
0.339402
0.331157
0.323351
0.315968
0.308997
0.302429
0.296259
0.290486
0.285112
0.280141
0.275581
0.271446
0.267749
0.264512
0.261758
0.259514
0.257813
0.256693
0.256195
0.256365
0.257255
0.258919
0.261417
0.264811
0.269163
0.274539
0.281001
0.288613
0.297431
0.307508
0.318889
0.33161
0.345696
0.361161
0.378004
0.396213
0.415758
0.436597
0.458674
0.48192
0.506254
0.531586
0.557818
0.584845
0.612561
0.640857
0.669623
0.698755
0.728152
0.757717
0.787361
0.817002
0.846568
0.875992
0.905217
0.934193
0.962878
0.991235
1.01923
1.04685
1.07407
1.10087
1.12723
1.15315
1.17863
1.20364
1.22819
1.25226
1.27587
1.299
1.32163
1.34375
1.36535
1.38643
1.40699
1.42702
1.44653
1.4655
1.48394
1.50184
1.51921
1.53604
1.55233
1.56807
1.58329
1.59796
1.6121
1.62571
1.63879
1.65134
1.66338
1.6749
1.68591
1.69642
1.70644
1.71601
1.72517
0.8614
0.814321
0.77181
0.733253
0.698143
0.66605
0.636614
0.609527
0.584528
0.561391
0.53992
0.519948
0.501326
0.483926
0.467634
0.45235
0.437986
0.424462
0.411709
0.399665
0.388273
0.377484
0.367254
0.35754
0.348309
0.339526
0.331164
0.323195
0.315596
0.308347
0.301429
0.294824
0.288519
0.282502
0.27676
0.271286
0.266072
0.261113
0.256403
0.251941
0.247725
0.243758
0.24004
0.236576
0.233372
0.230436
0.227778
0.225408
0.223341
0.221593
0.220181
0.219128
0.218455
0.218189
0.218357
0.218991
0.220124
0.221791
0.22403
0.226878
0.230377
0.234566
0.239486
0.245177
0.251678
0.259025
0.267251
0.276386
0.286455
0.297478
0.309468
0.322434
0.336373
0.351279
0.367137
0.383922
0.401604
0.420143
0.439496
0.459609
0.480425
0.501883
0.523916
0.546455
0.56943
0.59277
0.616403
0.64026
0.664271
0.688372
0.7125
0.736596
0.760606
0.78448
0.808172
0.831642
0.85486
0.877788
0.900387
0.922625
0.944477
0.965927
0.986957
1.00755
1.02771
1.04741
1.06665
1.08543
1.10374
1.12158
1.13895
1.15584
1.17226
1.1882
1.20367
1.21866
1.23318
1.24724
1.26082
1.27395
1.28663
1.29889
0.861399
0.814317
0.771804
0.733245
0.698133
0.666039
0.636602
0.609515
0.584516
0.561379
0.53991
0.51994
0.501322
0.483926
0.46764
0.452363
0.438006
0.424492
0.411749
0.399716
0.388335
0.377557
0.367336
0.357631
0.348405
0.339625
0.331258
0.323279
0.315662
0.308383
0.301421
0.294758
0.288376
0.282259
0.276392
0.270762
0.265357
0.260167
0.25518
0.250389
0.245786
0.241363
0.237113
0.233033
0.229117
0.225362
0.221765
0.218323
0.215035
0.211902
0.208922
0.206098
0.203431
0.200924
0.198581
0.196407
0.194407
0.192589
0.19096
0.18953
0.188308
0.187307
0.186538
0.186017
0.185758
0.185779
0.186099
0.186737
0.187716
0.189057
0.190785
0.192925
0.195505
0.19855
0.202089
0.206149
0.210759
0.215947
0.221739
0.228162
0.235239
0.242994
0.251446
0.260612
0.270506
0.281138
0.292513
0.304633
0.317495
0.331089
0.345404
0.36042
0.376115
0.392461
0.409426
0.426973
0.445065
0.463657
0.482708
0.502171
0.521995
0.542126
0.562509
0.583091
0.603816
0.624634
0.645491
0.666338
0.687128
0.707814
0.728355
0.748709
0.76884
0.788713
0.808295
0.827558
0.846476
0.865025
0.883184
0.900936
0.91827
0.935136
0.861399
0.814317
0.771804
0.733245
0.698133
0.666039
0.636602
0.609515
0.584516
0.561379
0.53991
0.51994
0.501322
0.483926
0.46764
0.452363
0.438006
0.424492
0.411749
0.399716
0.388335
0.377557
0.367336
0.357631
0.348405
0.339624
0.331258
0.323279
0.315662
0.308383
0.301421
0.294758
0.288376
0.282259
0.276392
0.270762
0.265358
0.260167
0.255181
0.25039
0.245786
0.241363
0.237114
0.233034
0.229119
0.225364
0.221767
0.218325
0.215038
0.211904
0.208925
0.206101
0.203435
0.200929
0.198586
0.196413
0.194414
0.192597
0.190969
0.18954
0.188319
0.187318
0.186551
0.18603
0.185773
0.185796
0.186118
0.186758
0.187738
0.189082
0.190812
0.192956
0.195538
0.198587
0.202129
0.206194
0.210809
0.216002
0.221801
0.22823
0.235315
0.243078
0.251539
0.260715
0.27062
0.281263
0.29265
0.304784
0.317659
0.331268
0.345598
0.36063
0.376342
0.392705
0.409688
0.427254
0.445364
0.463975
0.483046
0.50253
0.522373
0.542523
0.562925
0.583524
0.604266
0.6251
0.645973
0.666835
0.687639
0.70834
0.728893
0.74926
0.769403
0.789287
0.80888
0.828153
0.84708
0.865639
0.883807
0.901568
0.91891
0.935784
0.8614
0.814321
0.77181
0.733253
0.698143
0.66605
0.636614
0.609527
0.584528
0.561391
0.53992
0.519948
0.501326
0.483926
0.467634
0.45235
0.437985
0.424462
0.411709
0.399665
0.388273
0.377484
0.367253
0.35754
0.348309
0.339526
0.331164
0.323195
0.315596
0.308347
0.301429
0.294825
0.288521
0.282504
0.276763
0.27129
0.266077
0.261118
0.25641
0.251949
0.247736
0.24377
0.240055
0.236594
0.233393
0.230461
0.227806
0.225441
0.223379
0.221637
0.220232
0.219185
0.21852
0.218262
0.218441
0.219085
0.22023
0.22191
0.224162
0.227026
0.230541
0.234748
0.239688
0.245399
0.251922
0.259292
0.267542
0.276703
0.2868
0.297852
0.309872
0.322868
0.33684
0.35178
0.367671
0.384491
0.402208
0.420784
0.440173
0.460323
0.481176
0.502671
0.52474
0.547316
0.570328
0.593704
0.617372
0.641264
0.665309
0.689444
0.713605
0.737733
0.761774
0.785679
0.809402
0.832902
0.85615
0.879107
0.901731
0.923993
0.945869
0.967341
0.988394
1.00901
1.02919
1.04891
1.06818
1.08697
1.1053
1.12316
1.14055
1.15746
1.17389
1.18985
1.20534
1.22035
1.23489
1.24896
1.26257
1.27571
1.28841
1.30069
0.861402
0.814329
0.77182
0.733266
0.698157
0.666065
0.636627
0.609537
0.584532
0.561385
0.539902
0.519912
0.50127
0.483845
0.467524
0.452209
0.437812
0.424256
0.411472
0.399402
0.387991
0.377195
0.366971
0.357284
0.348103
0.339402
0.331159
0.323354
0.315973
0.309004
0.302438
0.296272
0.290503
0.285133
0.280167
0.275614
0.271485
0.267797
0.264569
0.261826
0.259595
0.257908
0.256804
0.256323
0.256514
0.257427
0.259117
0.261643
0.265067
0.269454
0.274866
0.281369
0.289024
0.297887
0.308013
0.319445
0.332219
0.34636
0.361881
0.378782
0.397048
0.416651
0.437547
0.459681
0.482982
0.50737
0.532753
0.559035
0.586109
0.61387
0.642206
0.671012
0.700179
0.729609
0.759203
0.788875
0.818541
0.848129
0.877573
0.906816
0.935808
0.964507
0.992878
1.02089
1.04852
1.07574
1.10255
1.12893
1.15486
1.18034
1.20536
1.22992
1.254
1.27762
1.30076
1.3234
1.34552
1.36713
1.38822
1.40879
1.42883
1.44835
1.46733
1.48578
1.5037
1.52108
1.53792
1.55422
1.56998
1.58521
1.5999
1.61406
1.62768
1.64078
1.65335
1.6654
1.67694
1.68797
1.6985
1.70854
1.71813
1.72732
0.861405
0.814337
0.771831
0.733277
0.698164
0.666062
0.636607
0.60949
0.584447
0.561251
0.539709
0.519651
0.500932
0.483428
0.467029
0.451643
0.437189
0.423599
0.410813
0.398782
0.387467
0.376833
0.366856
0.357515
0.3488
0.340705
0.333229
0.326381
0.320173
0.314628
0.309772
0.305641
0.302278
0.299735
0.298072
0.297359
0.297673
0.299101
0.301735
0.305674
0.31102
0.317875
0.32634
0.33651
0.348468
0.362285
0.378015
0.395688
0.415313
0.436868
0.460309
0.48556
0.512522
0.541071
0.571064
0.60234
0.63473
0.668056
0.702141
0.73681
0.771894
0.807237
0.842694
0.878136
0.913448
0.948533
0.983307
1.0177
1.05166
1.08514
1.11811
1.15054
1.18241
1.21372
1.24445
1.2746
1.30417
1.33316
1.36157
1.38941
1.41667
1.44338
1.46952
1.49512
1.52017
1.54468
1.56867
1.59213
1.61509
1.63754
1.6595
1.68097
1.70195
1.72243
1.74242
1.76193
1.78097
1.79953
1.81763
1.83526
1.85242
1.86912
1.88536
1.90114
1.91645
1.9313
1.94568
1.95959
1.97304
1.98601
1.99851
2.01053
2.02208
2.03316
2.04376
2.05389
2.06355
2.07274
2.08147
2.08974
2.09759
2.10508
0.861407
0.814342
0.77183
0.73326
0.698112
0.665953
0.636415
0.609187
0.584009
0.560659
0.538951
0.518729
0.49986
0.482238
0.465771
0.450389
0.436034
0.422664
0.410249
0.398772
0.388227
0.378622
0.369975
0.362317
0.355694
0.350164
0.3458
0.342693
0.340948
0.340687
0.342048
0.345182
0.350249
0.357415
0.366843
0.378687
0.393083
0.410141
0.429932
0.452487
0.477785
0.505753
0.536265
0.569146
0.604176
0.641101
0.679643
0.71951
0.760407
0.802047
0.84416
0.886498
0.92884
0.970995
1.0128
1.05413
1.09487
1.13494
1.17429
1.21286
1.25062
1.28757
1.32367
1.35895
1.39338
1.42698
1.45976
1.49173
1.5229
1.55329
1.58291
1.61179
1.63995
1.6674
1.69416
1.72026
1.74572
1.77056
1.7948
1.81845
1.84155
1.8641
1.88612
1.90764
1.92866
1.9492
1.96928
1.9889
2.00809
2.02684
2.04515
2.06303
2.08051
2.09758
2.11425
2.13053
2.14643
2.16196
2.1771
2.19188
2.20629
2.22033
2.234
2.2473
2.26024
2.2728
2.28499
2.2968
2.30823
2.31927
2.32993
2.3402
2.35008
2.35956
2.36865
2.37733
2.38561
2.39349
2.40096
2.40804
2.41476
2.42116
0.861405
0.814329
0.771776
0.733119
0.69783
0.66547
0.635677
0.608156
0.582668
0.559021
0.537062
0.516674
0.497766
0.480275
0.464162
0.449406
0.436013
0.424004
0.413427
0.40435
0.39687
0.391108
0.387218
0.385381
0.385811
0.388747
0.394449
0.403185
0.415218
0.430789
0.450096
0.47327
0.500364
0.531332
0.566028
0.604204
0.645522
0.689572
0.735891
0.783995
0.833398
0.883634
0.934277
0.984953
1.03534
1.08517
1.13425
1.18241
1.22953
1.27553
1.32037
1.364
1.4064
1.44759
1.48757
1.52634
1.56394
1.60038
1.6357
1.66994
1.70312
1.73528
1.76646
1.7967
1.82603
1.85449
1.88212
1.90894
1.93499
1.96031
1.98492
2.00885
2.03213
2.05478
2.07684
2.09832
2.11926
2.13966
2.15956
2.17898
2.19793
2.21643
2.23451
2.25217
2.26943
2.2863
2.3028
2.31893
2.3347
2.35012
2.3652
2.37996
2.3944
2.40852
2.42235
2.43587
2.44911
2.46205
2.47471
2.48708
2.49918
2.51098
2.52251
2.53375
2.54471
2.55537
2.56575
2.57582
2.5856
2.59507
2.60424
2.61309
2.62162
2.62983
2.63772
2.64527
2.65249
2.65937
2.66591
2.67211
2.67802
2.68364
0.861388
0.814243
0.771526
0.73259
0.696905
0.664061
0.633746
0.605726
0.579833
0.55595
0.534004
0.513962
0.495824
0.479627
0.465445
0.453393
0.443628
0.436361
0.431857
0.430439
0.432481
0.438405
0.448649
0.463646
0.483775
0.509319
0.540418
0.577033
0.618929
0.665675
0.716672
0.771196
0.828451
0.887626
0.947949
1.00872
1.06934
1.12932
1.18828
1.24593
1.30207
1.35657
1.40934
1.46034
1.50956
1.55701
1.60272
1.64674
1.68909
1.72986
1.76909
1.80684
1.84319
1.87819
1.91191
1.94441
1.97575
2.00598
2.03515
2.06332
2.09055
2.11686
2.14231
2.16694
2.1908
2.21391
2.23632
2.25806
2.27917
2.29967
2.31959
2.33896
2.3578
2.37615
2.39403
2.41144
2.42843
2.445
2.46118
2.47698
2.49241
2.50751
2.52227
2.53671
2.55084
2.56466
2.57819
2.59144
2.60442
2.61715
2.62962
2.64184
2.65384
2.66559
2.67713
2.68844
2.69953
2.71041
2.72108
2.73153
2.74177
2.7518
2.76161
2.77121
2.78059
2.78974
2.79868
2.80738
2.81584
2.82407
2.83205
2.83979
2.84726
2.85448
2.86143
2.86811
2.87451
2.88063
2.88647
2.89202
2.89732
2.90238
0.861316
0.813937
0.770764
0.731165
0.694689
0.661045
0.630052
0.601618
0.575716
0.552372
0.531671
0.513756
0.498837
0.487207
0.479253
0.475467
0.476448
0.482881
0.495498
0.515007
0.541992
0.576813
0.619504
0.669726
0.726758
0.789556
0.856864
0.927335
0.999657
1.07265
1.14531
1.21687
1.28674
1.35451
1.41993
1.48285
1.54319
1.60094
1.65615
1.70887
1.75918
1.80719
1.85299
1.8967
1.93843
1.97829
2.01638
2.0528
2.08765
2.12102
2.15299
2.18364
2.21306
2.24132
2.26848
2.2946
2.31975
2.34398
2.36735
2.38989
2.41167
2.43271
2.45306
2.47276
2.49185
2.51035
2.5283
2.54572
2.56265
2.57911
2.59512
2.61071
2.6259
2.64071
2.65516
2.66926
2.68304
2.6965
2.70967
2.72255
2.73516
2.74752
2.75962
2.77147
2.78309
2.79449
2.80568
2.81666
2.82744
2.83804
2.84846
2.85869
2.86876
2.87866
2.8884
2.89797
2.90739
2.91665
2.92575
2.9347
2.94349
2.95212
2.9606
2.96891
2.97705
2.98503
2.99284
3.00046
3.00791
3.01516
3.02223
3.02909
3.03575
3.0422
3.04843
3.05444
3.06022
3.06577
3.07108
3.07615
3.08101
3.08565
0.861096
0.813121
0.768984
0.72822
0.69062
0.656144
0.62486
0.596913
0.572531
0.55204
0.535888
0.524686
0.519235
0.520534
0.529752
0.548115
0.576736
0.616375
0.667214
0.728705
0.799565
0.877928
0.961604
1.04837
1.1362
1.22344
1.30883
1.39149
1.47086
1.54663
1.61866
1.68694
1.75155
1.81261
1.87027
1.92473
1.97617
2.02477
2.07072
2.11421
2.15539
2.19444
2.23148
2.26667
2.30014
2.33199
2.36235
2.39131
2.41897
2.44541
2.47072
2.49497
2.51823
2.54056
2.56202
2.58266
2.60254
2.6217
2.64018
2.65803
2.67529
2.69198
2.70814
2.72381
2.73901
2.75376
2.7681
2.78204
2.79561
2.80883
2.82171
2.83429
2.84656
2.85855
2.87028
2.88175
2.89299
2.90399
2.91478
2.92536
2.93574
2.94592
2.95592
2.96575
2.97541
2.98491
2.99427
3.00348
3.01255
3.02149
3.0303
3.03899
3.04756
3.05601
3.06434
3.07256
3.08067
3.08867
3.09656
3.10434
3.112
3.11955
3.12698
3.13429
3.14148
3.14854
3.15547
3.16226
3.16891
3.17542
3.18177
3.18796
3.19399
3.19985
3.20553
3.21103
3.21635
3.22146
3.22638
3.2311
3.23565
3.23998
0.860556
0.811383
0.765662
0.723372
0.684754
0.650177
0.620113
0.59517
0.576161
0.564196
0.560746
0.56765
0.586971
0.620647
0.66999
0.735154
0.814848
0.906433
1.0064
1.11104
1.21696
1.32148
1.42271
1.51944
1.61102
1.69718
1.7779
1.85333
1.92373
1.98938
2.05061
2.10776
2.16114
2.21105
2.25777
2.30157
2.34268
2.38134
2.41773
2.45205
2.48446
2.51511
2.54414
2.57167
2.59783
2.62271
2.6464
2.66901
2.69059
2.71123
2.731
2.74994
2.76812
2.78559
2.8024
2.81859
2.8342
2.84926
2.86382
2.8779
2.89154
2.90475
2.91758
2.93003
2.94214
2.95392
2.9654
2.97658
2.9875
2.99816
3.00858
3.01877
3.02875
3.03853
3.04811
3.05752
3.06676
3.07583
3.08475
3.09351
3.10214
3.11063
3.11899
3.12724
3.13537
3.1434
3.15132
3.15915
3.16688
3.17453
3.18209
3.18957
3.19697
3.20429
3.21153
3.2187
3.22579
3.23281
3.23975
3.24661
3.25339
3.2601
3.26671
3.27325
3.27969
3.28603
3.29228
3.29843
3.30446
3.31038
3.31619
3.32186
3.32741
3.33281
3.33808
3.34319
3.34814
3.35294
3.35757
3.36203
3.36634
3.37045
0.859464
0.80833
0.760551
0.716886
0.678261
0.645727
0.620595
0.604638
0.600284
0.610661
0.639266
0.689119
0.761548
0.855222
0.966084
1.08831
1.21574
1.34312
1.46664
1.58393
1.69375
1.79567
1.88974
1.9763
2.05583
2.1289
2.19607
2.25789
2.31487
2.36748
2.41615
2.46126
2.50316
2.54216
2.57854
2.61254
2.64438
2.67426
2.70235
2.72881
2.75378
2.77738
2.79973
2.82094
2.84108
2.86026
2.87853
2.89598
2.91265
2.92862
2.94392
2.95861
2.97274
2.98633
2.99944
3.01208
3.0243
3.03612
3.04756
3.05866
3.06944
3.07991
3.0901
3.10002
3.10969
3.11913
3.12835
3.13737
3.1462
3.15485
3.16333
3.17165
3.17983
3.18787
3.19578
3.20356
3.21123
3.21878
3.22623
3.23357
3.24082
3.24799
3.25508
3.26208
3.26902
3.27589
3.28269
3.28944
3.29613
3.30276
3.30934
3.31588
3.32236
3.32879
3.33518
3.34152
3.34781
3.35406
3.36025
3.3664
3.37249
3.37852
3.3845
3.39042
3.39628
3.40206
3.40778
3.41341
3.41897
3.42443
3.42981
3.43508
3.44024
3.4453
3.45024
3.45505
3.45974
3.46429
3.4687
3.47296
3.47711
3.48105
0.857582
0.803766
0.753927
0.709985
0.674001
0.648514
0.637038
0.644422
0.676518
0.738565
0.832541
0.955142
1.09823
1.25157
1.4059
1.55461
1.69386
1.82195
1.93853
2.04402
2.13923
2.22513
2.30268
2.37281
2.43637
2.49413
2.54676
2.59485
2.63892
2.67942
2.71674
2.75123
2.78318
2.81287
2.84052
2.86634
2.8905
2.91316
2.93446
2.95453
2.97348
2.9914
3.00838
3.02451
3.03985
3.05446
3.06842
3.08176
3.09453
3.10679
3.11856
3.12988
3.1408
3.15133
3.1615
3.17135
3.18089
3.19015
3.19914
3.20789
3.21641
3.22472
3.23283
3.24075
3.24851
3.25611
3.26356
3.27087
3.27806
3.28513
3.29208
3.29893
3.30569
3.31236
3.31895
3.32545
3.33188
3.33823
3.34452
3.35075
3.35692
3.36305
3.36912
3.37516
3.38115
3.38711
3.39303
3.39892
3.40479
3.41062
3.41643
3.42221
3.42797
3.4337
3.43941
3.44509
3.45075
3.45638
3.46199
3.46756
3.4731
3.47861
3.48408
3.48951
3.4949
3.50024
3.50553
3.51076
3.51593
3.52103
3.52606
3.53101
3.53588
3.54066
3.54534
3.54992
3.55439
3.55875
3.56299
3.56711
3.57113
3.57494
0.854751
0.797826
0.746765
0.70534
0.678073
0.671377
0.694174
0.756253
0.863298
1.01155
1.18777
1.37509
1.55938
1.7319
1.88865
2.0287
2.15276
2.2623
2.35898
2.44445
2.52023
2.58765
2.64784
2.7018
2.75036
2.79423
2.83402
2.87025
2.90334
2.93367
2.96157
2.98732
3.01115
3.03327
3.05387
3.07309
3.09109
3.10797
3.12386
3.13884
3.15299
3.1664
3.17912
3.19122
3.20275
3.21376
3.22429
3.23439
3.24408
3.2534
3.26238
3.27105
3.27942
3.28753
3.2954
3.30304
3.31047
3.3177
3.32476
3.33165
3.33839
3.345
3.35147
3.35782
3.36407
3.37021
3.37626
3.38223
3.38811
3.39393
3.39968
3.40537
3.41101
3.41659
3.42212
3.42761
3.43305
3.43846
3.44384
3.44918
3.4545
3.4598
3.46507
3.47033
3.47558
3.48081
3.48603
3.49124
3.49644
3.50164
3.50682
3.51201
3.51718
3.52235
3.52751
3.53267
3.53782
3.54296
3.54808
3.5532
3.5583
3.56338
3.56844
3.57348
3.57848
3.58346
3.5884
3.59331
3.59816
3.60297
3.60772
3.61241
3.61703
3.62159
3.62606
3.63045
3.63475
3.63895
3.64306
3.64705
3.65097
3.65468
0.850946
0.791039
0.741074
0.708546
0.704202
0.7434
0.841547
1.00216
1.20938
1.43613
1.65851
1.86259
2.04306
2.1997
2.33458
2.45052
2.55036
2.63665
2.71159
2.77702
2.83444
2.8851
2.93005
2.97012
3.00602
3.03834
3.06755
3.09408
3.11827
3.1404
3.16073
3.17948
3.19682
3.21292
3.2279
3.2419
3.25501
3.26732
3.27891
3.28986
3.30022
3.31006
3.31941
3.32833
3.33685
3.34501
3.35283
3.36036
3.36761
3.37462
3.38139
3.38795
3.39432
3.40052
3.40656
3.41245
3.4182
3.42384
3.42936
3.43479
3.44012
3.44537
3.45054
3.45565
3.46069
3.46568
3.47062
3.47552
3.48037
3.48519
3.48998
3.49475
3.49948
3.5042
3.50889
3.51357
3.51823
3.52288
3.52752
3.53216
3.53679
3.54143
3.54606
3.5507
3.55534
3.55999
3.56464
3.5693
3.57397
3.57864
3.58333
3.58802
3.59273
3.59744
3.60215
3.60688
3.61161
3.61634
3.62108
3.62581
3.63054
3.63527
3.63999
3.6447
3.6494
3.65407
3.65873
3.66335
3.66795
3.67251
3.67702
3.68149
3.68591
3.69027
3.69457
3.69879
3.70295
3.70702
3.711
3.7149
3.71872
3.72234
0.846292
0.784482
0.740966
0.732137
0.78289
0.917939
1.13673
1.40461
1.67813
1.92885
2.1459
2.3288
2.48137
2.6085
2.7148
2.80421
2.87994
2.94455
3.00007
3.04813
3.09
3.12673
3.15913
3.18789
3.21355
3.23657
3.25731
3.27611
3.2932
3.30882
3.32315
3.33635
3.34856
3.35989
3.37043
3.38029
3.38953
3.39823
3.40643
3.41419
3.42155
3.42856
3.43524
3.44164
3.44778
3.45367
3.45936
3.46485
3.47017
3.47533
3.48035
3.48525
3.49003
3.4947
3.49929
3.50379
3.50821
3.51258
3.51688
3.52114
3.52535
3.52952
3.53365
3.53776
3.54185
3.54592
3.54997
3.554
3.55803
3.56205
3.56607
3.57009
3.57411
3.57812
3.58214
3.58616
3.59019
3.59423
3.59828
3.60234
3.60642
3.61052
3.61463
3.61876
3.6229
3.62707
3.63126
3.63547
3.6397
3.64395
3.64822
3.65251
3.65682
3.66115
3.66549
3.66986
3.67424
3.67863
3.68304
3.68745
3.69187
3.6963
3.70073
3.70516
3.70959
3.71401
3.71841
3.7228
3.72717
3.73151
3.73583
3.7401
3.74434
3.74853
3.75267
3.75675
3.76077
3.76472
3.7686
3.7724
3.77614
3.77967
0.841078
0.780264
0.755504
0.803802
0.967329
1.24502
1.57667
1.89752
2.175
2.40285
2.5863
2.73353
2.85223
2.94869
3.02784
3.09342
3.14828
3.1946
3.23403
3.26789
3.29717
3.32267
3.34504
3.36478
3.3823
3.39794
3.41198
3.42465
3.43614
3.44661
3.45619
3.46501
3.47315
3.48071
3.48774
3.49433
3.50051
3.50634
3.51185
3.51708
3.52206
3.52683
3.53139
3.53579
3.54002
3.54412
3.5481
3.55198
3.55576
3.55945
3.56308
3.56664
3.57015
3.57361
3.57703
3.58042
3.58379
3.58713
3.59046
3.59377
3.59708
3.60039
3.60369
3.607
3.61032
3.61364
3.61697
3.62032
3.62368
3.62705
3.63045
3.63386
3.63728
3.64073
3.6442
3.64769
3.6512
3.65474
3.6583
3.6619
3.66552
3.66917
3.67285
3.67655
3.68029
3.68406
3.68786
3.69169
3.69555
3.69944
3.70336
3.70731
3.71129
3.7153
3.71933
3.72338
3.72746
3.73156
3.73568
3.73982
3.74398
3.74815
3.75232
3.75651
3.7607
3.76489
3.76907
3.77325
3.77742
3.78157
3.78569
3.7898
3.79387
3.7979
3.80189
3.80584
3.80973
3.81357
3.81734
3.82104
3.8247
3.82814
0.835835
0.782846
0.804872
0.972689
1.30328
1.70602
2.08215
2.39101
2.63171
2.81657
2.95888
3.0695
3.15657
3.22598
3.28202
3.32778
3.36557
3.39708
3.4236
3.44611
3.46538
3.48199
3.4964
3.509
3.52009
3.5299
3.53864
3.54647
3.55353
3.55993
3.56576
3.5711
3.57603
3.58059
3.58485
3.58883
3.59258
3.59613
3.5995
3.60272
3.60581
3.60878
3.61166
3.61445
3.61717
3.61984
3.62246
3.62503
3.62758
3.6301
3.63261
3.6351
3.63759
3.64007
3.64256
3.64506
3.64757
3.6501
3.65264
3.65519
3.65778
3.66038
3.66301
3.66567
3.66836
3.67107
3.67382
3.6766
3.67942
3.68226
3.68514
3.68806
3.691
3.69398
3.69699
3.70004
3.70313
3.70625
3.70941
3.71261
3.71585
3.71913
3.72244
3.7258
3.72919
3.73262
3.73609
3.7396
3.74315
3.74673
3.75035
3.754
3.75769
3.76141
3.76517
3.76896
3.77277
3.77662
3.78049
3.78438
3.7883
3.79223
3.79618
3.80015
3.80412
3.8081
3.81208
3.81607
3.82005
3.82401
3.82797
3.8319
3.83582
3.8397
3.84355
3.84736
3.85113
3.85485
3.85852
3.86212
3.86569
3.86903
0.831589
0.802127
0.9281
1.28649
1.77028
2.21974
2.57241
2.8326
3.02211
3.16116
3.26468
3.34305
3.40333
3.4504
3.48765
3.51748
3.54164
3.56139
3.57767
3.59122
3.60257
3.61215
3.62029
3.62725
3.63325
3.63846
3.64301
3.64701
3.65055
3.65372
3.65657
3.65915
3.66152
3.66371
3.66575
3.66766
3.66947
3.6712
3.67286
3.67447
3.67604
3.67758
3.6791
3.68061
3.68212
3.68363
3.68515
3.68669
3.68824
3.68982
3.69142
3.69306
3.69472
3.69642
3.69816
3.69993
3.70175
3.7036
3.70551
3.70745
3.70944
3.71147
3.71355
3.71568
3.71785
3.72007
3.72234
3.72465
3.72702
3.72942
3.73188
3.73438
3.73692
3.73951
3.74214
3.74482
3.74755
3.75032
3.75314
3.75601
3.75892
3.76188
3.76488
3.76793
3.77103
3.77417
3.77735
3.78058
3.78385
3.78716
3.79052
3.79391
3.79735
3.80082
3.80433
3.80788
3.81146
3.81507
3.81871
3.82238
3.82608
3.8298
3.83354
3.8373
3.84107
3.84486
3.84865
3.85245
3.85625
3.86004
3.86383
3.86761
3.87137
3.8751
3.87881
3.88249
3.88613
3.88973
3.89328
3.89678
3.90025
3.90349
0.83047
0.859252
1.17557
1.73833
2.29171
2.71247
3.00523
3.20563
3.34431
3.44216
3.51263
3.56434
3.6029
3.63205
3.65435
3.67155
3.68493
3.69539
3.7036
3.71007
3.71517
3.7192
3.72238
3.72488
3.72686
3.72841
3.72963
3.73058
3.73134
3.73193
3.73241
3.7328
3.73312
3.73341
3.73367
3.73393
3.73418
3.73445
3.73474
3.73506
3.73541
3.7358
3.73623
3.73671
3.73724
3.73782
3.73845
3.73915
3.7399
3.74071
3.74158
3.74252
3.74351
3.74457
3.7457
3.74688
3.74813
3.74944
3.75082
3.75226
3.75376
3.75533
3.75695
3.75864
3.76039
3.76219
3.76406
3.76599
3.76797
3.77001
3.77211
3.77426
3.77646
3.77872
3.78103
3.7834
3.78582
3.7883
3.79082
3.7934
3.79603
3.79872
3.80145
3.80423
3.80707
3.80995
3.81288
3.81586
3.81889
3.82196
3.82508
3.82824
3.83144
3.83469
3.83797
3.8413
3.84466
3.84805
3.85149
3.85495
3.85844
3.86196
3.8655
3.86907
3.87265
3.87625
3.87986
3.88348
3.88711
3.89074
3.89436
3.89797
3.90158
3.90516
3.90873
3.91227
3.91578
3.91925
3.92269
3.92608
3.92944
3.93257
0.837083
0.991886
1.56879
2.26379
2.79675
3.14662
3.36902
3.51204
3.60619
3.66961
3.71316
3.74348
3.76477
3.77975
3.79024
3.79749
3.80237
3.8055
3.80733
3.80821
3.80837
3.808
3.80724
3.80621
3.80498
3.80363
3.8022
3.80073
3.79925
3.79779
3.79637
3.79499
3.79368
3.79244
3.79128
3.7902
3.78921
3.7883
3.78748
3.78676
3.78612
3.78558
3.78513
3.78478
3.78451
3.78434
3.78426
3.78427
3.78437
3.78456
3.78483
3.7852
3.78565
3.78618
3.7868
3.78751
3.78829
3.78916
3.7901
3.79112
3.79222
3.79339
3.79464
3.79596
3.79735
3.79881
3.80035
3.80195
3.80361
3.80534
3.80713
3.80899
3.8109
3.81288
3.81491
3.81701
3.81916
3.82138
3.82365
3.82598
3.82836
3.8308
3.83329
3.83584
3.83844
3.84109
3.8438
3.84655
3.84936
3.85221
3.85511
3.85806
3.86105
3.86408
3.86716
3.87028
3.87344
3.87664
3.87987
3.88313
3.88643
3.88976
3.89311
3.89649
3.89989
3.90331
3.90674
3.91019
3.91364
3.9171
3.92056
3.92401
3.92746
3.9309
3.93432
3.93772
3.94109
3.94443
3.94774
3.95101
3.95425
3.95727
0.861181
1.2442
2.07273
2.79223
3.24675
3.51205
3.66751
3.76086
3.81819
3.85383
3.87594
3.88935
3.89701
3.90082
3.90201
3.9014
3.89958
3.89692
3.89371
3.89015
3.88639
3.88252
3.87863
3.87478
3.871
3.86732
3.86377
3.86035
3.85709
3.85398
3.85103
3.84824
3.84561
3.84314
3.84083
3.83867
3.83667
3.83481
3.8331
3.83153
3.8301
3.8288
3.82764
3.8266
3.82569
3.8249
3.82424
3.82369
3.82326
3.82293
3.82272
3.82262
3.82262
3.82273
3.82293
3.82324
3.82363
3.82413
3.82471
3.82538
3.82615
3.82699
3.82792
3.82893
3.83002
3.83119
3.83244
3.83376
3.83515
3.83662
3.83815
3.83974
3.84141
3.84314
3.84493
3.84679
3.84872
3.8507
3.85274
3.85485
3.85701
3.85924
3.86151
3.86385
3.86624
3.86868
3.87118
3.87373
3.87633
3.87898
3.88168
3.88443
3.88722
3.89006
3.89295
3.89587
3.89884
3.90184
3.90488
3.90796
3.91107
3.91421
3.91738
3.92058
3.9238
3.92704
3.9303
3.93357
3.93686
3.94015
3.94344
3.94674
3.95002
3.95331
3.95657
3.95983
3.96306
3.96626
3.96944
3.97257
3.97569
3.97859
0.921567
1.63494
2.62374
3.27799
3.62928
3.8127
3.91021
3.96269
3.99047
4.00408
4.00927
4.00936
4.0063
4.0013
3.99516
3.98835
3.98121
3.97396
3.96674
3.95965
3.95276
3.9461
3.93971
3.9336
3.92777
3.92222
3.91696
3.91199
3.90728
3.90284
3.89866
3.89473
3.89103
3.88757
3.88433
3.8813
3.87847
3.87584
3.8734
3.87115
3.86907
3.86715
3.86541
3.86382
3.86238
3.86109
3.85994
3.85894
3.85807
3.85733
3.85672
3.85623
3.85586
3.85561
3.85547
3.85544
3.85551
3.8557
3.85598
3.85636
3.85684
3.85741
3.85807
3.85882
3.85965
3.86057
3.86157
3.86265
3.86381
3.86504
3.86635
3.86772
3.86917
3.87068
3.87227
3.87392
3.87563
3.87741
3.87925
3.88116
3.88313
3.88515
3.88724
3.88938
3.89157
3.89383
3.89613
3.89849
3.90091
3.90337
3.90588
3.90844
3.91105
3.91371
3.9164
3.91914
3.92193
3.92475
3.92761
3.93051
3.93344
3.9364
3.93939
3.94241
3.94545
3.94852
3.95161
3.95471
3.95782
3.96094
3.96407
3.96721
3.97034
3.97346
3.97657
3.97968
3.98276
3.98582
3.98886
3.99186
3.99484
3.99762
1.04783
2.14113
3.16618
3.70126
3.94668
4.05816
4.10789
4.12764
4.13203
4.12829
4.12018
4.10978
4.09826
4.08632
4.07436
4.06263
4.05126
4.04035
4.02993
4.02002
4.01062
4.00173
3.99332
3.98539
3.97791
3.97086
3.96422
3.95798
3.95211
3.94659
3.94141
3.93654
3.93198
3.92771
3.92371
3.91997
3.91648
3.91322
3.91019
3.90737
3.90476
3.90234
3.90012
3.89807
3.8962
3.8945
3.89296
3.89158
3.89035
3.88926
3.88832
3.88751
3.88683
3.88628
3.88585
3.88555
3.88536
3.88528
3.8853
3.88544
3.88567
3.88601
3.88644
3.88697
3.88758
3.88829
3.88908
3.88995
3.8909
3.89193
3.89304
3.89422
3.89547
3.8968
3.89819
3.89966
3.90119
3.90278
3.90445
3.90617
3.90796
3.9098
3.91171
3.91368
3.9157
3.91777
3.9199
3.92209
3.92433
3.92661
3.92895
3.93134
3.93377
3.93625
3.93877
3.94134
3.94395
3.94659
3.94928
3.952
3.95476
3.95755
3.96036
3.96321
3.96608
3.96898
3.97189
3.97483
3.97777
3.98073
3.98369
3.98666
3.98963
3.9926
3.99556
3.99851
4.00144
4.00436
4.00725
4.01011
4.01296
4.0156
1.27351
2.71741
3.66587
4.05945
4.20804
4.25954
4.27093
4.26479
4.2508
4.23342
4.21483
4.19615
4.17794
4.16048
4.14389
4.12823
4.11348
4.09963
4.08664
4.07446
4.06303
4.05233
4.04229
4.03289
4.02406
4.01579
4.00804
4.00076
3.99394
3.98754
3.98155
3.97592
3.97066
3.96572
3.9611
3.95678
3.95274
3.94896
3.94544
3.94217
3.93912
3.93629
3.93367
3.93125
3.92902
3.92698
3.92512
3.92342
3.92189
3.92052
3.91929
3.91822
3.91728
3.91648
3.91582
3.91527
3.91486
3.91455
3.91437
3.91429
3.91432
3.91446
3.91469
3.91502
3.91545
3.91597
3.91658
3.91727
3.91804
3.9189
3.91983
3.92084
3.92192
3.92308
3.92431
3.9256
3.92697
3.9284
3.9299
3.93146
3.93309
3.93477
3.93652
3.93832
3.94018
3.94209
3.94406
3.94609
3.94816
3.95028
3.95246
3.95468
3.95695
3.95926
3.96162
3.96402
3.96646
3.96895
3.97146
3.97402
3.97661
3.97923
3.98188
3.98456
3.98727
3.99
3.99275
3.99552
3.9983
4.00109
4.0039
4.0067
4.00951
4.01232
4.01513
4.01792
4.02071
4.02347
4.02622
4.02894
4.03164
4.03416
1.62357
3.31924
4.10848
4.35964
4.4251
4.42809
4.40914
4.38265
4.35419
4.32605
4.29917
4.27392
4.25037
4.22848
4.20818
4.18935
4.17187
4.15565
4.14056
4.12653
4.11346
4.10127
4.08991
4.07929
4.06937
4.0601
4.05142
4.0433
4.03569
4.02857
4.0219
4.01565
4.00979
4.00431
3.99918
3.99437
3.98988
3.98568
3.98175
3.97809
3.97468
3.97151
3.96856
3.96583
3.96331
3.96098
3.95885
3.95689
3.95511
3.95349
3.95204
3.95074
3.94959
3.94858
3.94771
3.94697
3.94636
3.94587
3.9455
3.94524
3.9451
3.94506
3.94513
3.94529
3.94556
3.94591
3.94636
3.9469
3.94752
3.94822
3.949
3.94985
3.95079
3.9518
3.95288
3.95403
3.95525
3.95654
3.95789
3.9593
3.96078
3.96232
3.96392
3.96557
3.96728
3.96905
3.97087
3.97275
3.97467
3.97664
3.97867
3.98074
3.98286
3.98502
3.98722
3.98947
3.99175
3.99408
3.99644
3.99884
4.00127
4.00374
4.00623
4.00875
4.0113
4.01387
4.01646
4.01907
4.0217
4.02433
4.02698
4.02963
4.03229
4.03495
4.0376
4.04024
4.04288
4.0455
4.04811
4.05069
4.05324
4.05564
2.11223
3.91483
4.49453
4.61442
4.61117
4.57553
4.53268
4.49014
4.45023
4.41353
4.38001
4.34947
4.32159
4.29612
4.27279
4.25136
4.23164
4.21346
4.19665
4.18108
4.16664
4.15323
4.14075
4.12912
4.11828
4.10817
4.09871
4.08988
4.08162
4.07388
4.06664
4.05987
4.05352
4.04757
4.04201
4.03679
4.03192
4.02735
4.02309
4.0191
4.01539
4.01192
4.0087
4.00571
4.00293
4.00037
3.998
3.99582
3.99383
3.99201
3.99036
3.98887
3.98754
3.98635
3.9853
3.9844
3.98362
3.98297
3.98245
3.98204
3.98174
3.98156
3.98148
3.9815
3.98162
3.98184
3.98215
3.98255
3.98303
3.9836
3.98425
3.98498
3.98578
3.98666
3.98761
3.98863
3.98972
3.99088
3.9921
3.99339
3.99474
3.99615
3.99762
3.99914
4.00072
4.00236
4.00404
4.00578
4.00758
4.00941
4.0113
4.01324
4.01521
4.01724
4.0193
4.02141
4.02355
4.02574
4.02796
4.03021
4.0325
4.03482
4.03717
4.03954
4.04194
4.04437
4.04681
4.04927
4.05175
4.05424
4.05674
4.05925
4.06176
4.06427
4.06678
4.06928
4.07178
4.07426
4.07673
4.07917
4.08159
4.08388
2.75671
4.49025
4.83644
4.84145
4.78254
4.71626
4.65444
4.59908
4.54993
4.50626
4.4673
4.43237
4.40091
4.37243
4.34654
4.32292
4.30129
4.28143
4.26313
4.24625
4.23063
4.21615
4.2027
4.1902
4.17855
4.1677
4.15757
4.14811
4.13927
4.131
4.12326
4.11602
4.10923
4.10288
4.09693
4.09136
4.08614
4.08126
4.07669
4.07243
4.06844
4.06472
4.06126
4.05803
4.05504
4.05226
4.04969
4.04732
4.04515
4.04315
4.04133
4.03967
4.03818
4.03684
4.03564
4.03459
4.03367
4.03288
4.03222
4.03168
4.03126
4.03094
4.03074
4.03064
4.03064
4.03074
4.03094
4.03122
4.03159
4.03204
4.03257
4.03319
4.03388
4.03465
4.03549
4.0364
4.03738
4.03843
4.03955
4.04072
4.04196
4.04326
4.04461
4.04603
4.0475
4.04902
4.05059
4.05222
4.05389
4.05562
4.05739
4.0592
4.06107
4.06297
4.06491
4.0669
4.06892
4.07098
4.07308
4.07521
4.07737
4.07956
4.08178
4.08403
4.0863
4.08859
4.09091
4.09324
4.09559
4.09795
4.10032
4.1027
4.10508
4.10746
4.10984
4.11222
4.11459
4.11695
4.11929
4.12161
4.12391
4.12609
3.60496
5.05607
5.16201
5.06896
4.96489
4.87383
4.79645
4.7304
4.67342
4.62376
4.58005
4.54126
4.50659
4.4754
4.44719
4.42155
4.39816
4.37674
4.35706
4.33894
4.3222
4.3067
4.29233
4.27899
4.26658
4.25501
4.24423
4.23416
4.22476
4.21597
4.20774
4.20004
4.19284
4.18609
4.17976
4.17384
4.1683
4.16311
4.15825
4.1537
4.14946
4.14549
4.14179
4.13835
4.13514
4.13217
4.12941
4.12686
4.12451
4.12235
4.12036
4.11856
4.11691
4.11543
4.1141
4.11291
4.11187
4.11096
4.11018
4.10952
4.10898
4.10856
4.10825
4.10804
4.10794
4.10794
4.10803
4.10822
4.10849
4.10885
4.10929
4.10982
4.11042
4.1111
4.11185
4.11268
4.11357
4.11453
4.11556
4.11665
4.1178
4.11901
4.12028
4.12161
4.12299
4.12442
4.12591
4.12745
4.12904
4.13067
4.13235
4.13408
4.13585
4.13766
4.13951
4.1414
4.14333
4.1453
4.1473
4.14933
4.1514
4.15349
4.15562
4.15776
4.15994
4.16213
4.16435
4.16658
4.16883
4.17109
4.17335
4.17563
4.17791
4.18019
4.18248
4.18475
4.18702
4.18928
4.19153
4.19376
4.19594
4.19806
4.84955
5.68154
5.54072
5.36077
5.21733
5.1041
5.01232
4.93602
4.87132
4.8156
4.76698
4.72412
4.686
4.65185
4.62107
4.59318
4.5678
4.5446
4.52332
4.50375
4.48569
4.46901
4.45355
4.4392
4.42586
4.41344
4.40187
4.39107
4.38098
4.37155
4.36274
4.35449
4.34676
4.33952
4.33275
4.3264
4.32046
4.31489
4.30968
4.3048
4.30024
4.29598
4.292
4.28829
4.28484
4.28163
4.27865
4.27589
4.27334
4.27099
4.26883
4.26685
4.26505
4.26342
4.26194
4.26062
4.25944
4.2584
4.2575
4.25673
4.25609
4.25556
4.25515
4.25485
4.25466
4.25457
4.25458
4.25468
4.25488
4.25516
4.25554
4.25599
4.25653
4.25715
4.25784
4.2586
4.25944
4.26034
4.26132
4.26235
4.26345
4.26462
4.26584
4.26711
4.26845
4.26984
4.27128
4.27277
4.27431
4.2759
4.27754
4.27922
4.28095
4.28271
4.28452
4.28637
4.28826
4.29018
4.29214
4.29413
4.29615
4.2982
4.30028
4.30239
4.30451
4.30666
4.30883
4.31102
4.31322
4.31544
4.31766
4.3199
4.32213
4.32437
4.32661
4.32884
4.33107
4.33328
4.33548
4.33767
4.3398
4.3419
6.07794
5.55972
5.2474
5.04169
4.89423
4.78182
4.69214
4.61828
4.55605
4.50269
4.45629
4.41549
4.37928
4.3469
4.31775
4.29137
4.26737
4.24546
4.22539
4.20693
4.18991
4.17419
4.15963
4.14612
4.13357
4.12188
4.11099
4.10084
4.09135
4.08248
4.07419
4.06643
4.05917
4.05236
4.04599
4.04002
4.03443
4.02919
4.02429
4.0197
4.01541
4.0114
4.00765
4.00416
4.00091
3.99788
3.99507
3.99246
3.99006
3.98783
3.98579
3.98391
3.9822
3.98065
3.97924
3.97798
3.97685
3.97585
3.97498
3.97423
3.9736
3.97307
3.97266
3.97235
3.97213
3.97202
3.97199
3.97205
3.9722
3.97244
3.97275
3.97314
3.9736
3.97414
3.97475
3.97542
3.97617
3.97697
3.97784
3.97876
3.97975
3.98079
3.98188
3.98303
3.98423
3.98548
3.98678
3.98812
3.98951
3.99095
3.99242
3.99394
3.9955
3.9971
3.99873
4.0004
4.00211
4.00385
4.00561
4.00741
4.00924
4.0111
4.01298
4.01488
4.01681
4.01875
4.02072
4.0227
4.02469
4.02669
4.02871
4.03073
4.03275
4.03478
4.0368
4.03882
4.04083
4.04284
4.04483
4.04681
4.04872
4.05065
)
;

boundaryField
{
    lowerWall
    {
        type            kqRWallFunction;
        value           nonuniform List<scalar> 
122
(
6.07652
5.55942
5.24732
5.04165
4.8942
4.78178
4.69211
4.61825
4.55602
4.50265
4.45625
4.41545
4.37924
4.34686
4.31771
4.29132
4.26733
4.24542
4.22534
4.20689
4.18987
4.17415
4.15959
4.14608
4.13352
4.12184
4.11095
4.10079
4.0913
4.08244
4.07414
4.06638
4.05912
4.05231
4.04594
4.03997
4.03438
4.02914
4.02423
4.01964
4.01535
4.01134
4.00759
4.0041
4.00084
3.99782
3.995
3.9924
3.98999
3.98776
3.98571
3.98384
3.98212
3.98056
3.97915
3.97789
3.97675
3.97575
3.97488
3.97412
3.97348
3.97296
3.97253
3.97222
3.972
3.97187
3.97184
3.9719
3.97204
3.97226
3.97257
3.97295
3.97341
3.97393
3.97453
3.9752
3.97593
3.97672
3.97758
3.97849
3.97946
3.98049
3.98157
3.98271
3.98389
3.98513
3.98641
3.98774
3.98912
3.99054
3.992
3.9935
3.99505
3.99663
3.99824
3.9999
4.00159
4.00331
4.00506
4.00684
4.00865
4.01049
4.01235
4.01423
4.01614
4.01807
4.02001
4.02197
4.02394
4.02593
4.02792
4.02992
4.03192
4.03393
4.03593
4.03793
4.03993
4.04191
4.04388
4.04584
4.04773
4.04965
)
;
    }
    upperWall
    {
        type            kqRWallFunction;
        value           nonuniform List<scalar> 
122
(
6.07794
5.55972
5.2474
5.04169
4.89423
4.78182
4.69214
4.61828
4.55605
4.50269
4.45629
4.41549
4.37928
4.3469
4.31775
4.29137
4.26737
4.24546
4.22539
4.20693
4.18991
4.17419
4.15963
4.14612
4.13357
4.12188
4.11099
4.10084
4.09135
4.08248
4.07419
4.06643
4.05917
4.05236
4.04599
4.04002
4.03443
4.02919
4.02429
4.0197
4.01541
4.0114
4.00765
4.00416
4.00091
3.99788
3.99507
3.99246
3.99006
3.98783
3.98579
3.98391
3.9822
3.98065
3.97924
3.97798
3.97685
3.97585
3.97498
3.97423
3.9736
3.97307
3.97266
3.97235
3.97213
3.97202
3.97199
3.97205
3.9722
3.97244
3.97275
3.97314
3.9736
3.97414
3.97475
3.97542
3.97617
3.97697
3.97784
3.97876
3.97975
3.98079
3.98188
3.98303
3.98423
3.98548
3.98678
3.98812
3.98951
3.99095
3.99242
3.99394
3.9955
3.9971
3.99873
4.0004
4.00211
4.00385
4.00561
4.00741
4.00924
4.0111
4.01298
4.01488
4.01681
4.01875
4.02072
4.0227
4.02469
4.02669
4.02871
4.03073
4.03275
4.03478
4.0368
4.03882
4.04083
4.04284
4.04483
4.04681
4.04872
4.05065
)
;
    }
    inlet
    {
        type            turbulentIntensityKineticEnergyInlet;
        intensity       0.0223;
        value           uniform 0.91377;
    }
    outlet
    {
        type            zeroGradient;
    }
    frontAndBack
    {
        type            empty;
    }
}


// ************************************************************************* //
