/*--------------------------------*- C++ -*----------------------------------*\
  =========                 |
  \\      /  F ield         | OpenFOAM: The Open Source CFD Toolbox
   \\    /   O peration     | Website:  https://openfoam.org
    \\  /    A nd           | Version:  8
     \\/     M anipulation  |
\*---------------------------------------------------------------------------*/
FoamFile
{
    version     2.0;
    format      ascii;
    class       volScalarField;
    location    "850";
    object      epsilon;
}
// * * * * * * * * * * * * * * * * * * * * * * * * * * * * * * * * * * * * * //

dimensions      [0 2 -3 0 0 0 0];

internalField   nonuniform List<scalar> 
7320
(
11607.3
10157.7
9314.43
8772.21
8390.2
8102.79
7875.93
7690.7
7535.77
7403.76
7289.61
7189.73
7101.46
7022.84
6952.31
6888.69
6831
6778.46
6730.43
6686.38
6645.85
6608.48
6573.93
6541.93
6512.24
6484.64
6458.97
6435.04
6412.73
6391.9
6372.44
6354.26
6337.25
6321.34
6306.45
6292.52
6279.48
6267.29
6255.88
6245.21
6235.24
6225.92
6217.24
6209.14
6201.59
6194.58
6188.07
6182.04
6176.46
6171.31
6166.58
6162.24
6158.28
6154.67
6151.41
6148.47
6145.85
6143.52
6141.49
6139.73
6138.23
6136.99
6135.99
6135.23
6134.7
6134.39
6134.29
6134.41
6134.73
6135.24
6135.96
6136.87
6137.97
6139.27
6140.74
6142.4
6144.23
6146.24
6148.42
6150.76
6153.26
6155.92
6158.72
6161.66
6164.74
6167.94
6171.26
6174.68
6178.21
6181.83
6185.53
6189.3
6193.14
6197.03
6200.97
6204.94
6208.94
6212.97
6217
6221.05
6225.08
6229.11
6233.13
6237.12
6241.08
6245.01
6248.9
6252.74
6256.54
6260.28
6263.97
6267.59
6271.16
6274.66
6278.09
6281.45
6284.74
6287.96
6291.1
6294.17
6297.05
6299.96
3749.32
3919.37
3598.69
3368.86
3210.19
3093.2
3002.11
2928.43
2867.18
2815.25
2770.5
2731.45
2697.02
2666.41
2638.99
2614.29
2591.92
2571.56
2552.97
2535.93
2520.26
2505.82
2492.48
2480.12
2468.66
2458.02
2448.11
2438.89
2430.29
2422.26
2414.76
2407.75
2401.19
2395.06
2389.33
2383.96
2378.93
2374.23
2369.83
2365.72
2361.88
2358.29
2354.93
2351.81
2348.9
2346.19
2343.67
2341.34
2339.18
2337.19
2335.36
2333.68
2332.14
2330.74
2329.47
2328.33
2327.3
2326.39
2325.6
2324.9
2324.31
2323.82
2323.42
2323.12
2322.89
2322.76
2322.7
2322.73
2322.83
2323.01
2323.26
2323.59
2323.98
2324.45
2324.98
2325.58
2326.25
2326.98
2327.77
2328.63
2329.54
2330.51
2331.53
2332.61
2333.73
2334.91
2336.13
2337.39
2338.69
2340.02
2341.39
2342.8
2344.22
2345.68
2347.15
2348.65
2350.16
2351.68
2353.22
2354.76
2356.31
2357.86
2359.42
2360.97
2362.52
2364.06
2365.59
2367.12
2368.63
2370.13
2371.62
2373.09
2374.54
2375.97
2377.39
2378.78
2380.15
2381.49
2382.82
2384.11
2385.34
2386.57
1528.99
1989.05
1884.98
1770.23
1685.89
1623.05
1574.14
1534.67
1501.95
1474.25
1450.43
1429.67
1411.39
1395.16
1380.63
1367.55
1355.71
1344.94
1335.11
1326.11
1317.83
1310.2
1303.16
1296.64
1290.59
1284.98
1279.75
1274.89
1270.35
1266.11
1262.16
1258.47
1255.01
1251.78
1248.75
1245.92
1243.27
1240.79
1238.47
1236.31
1234.28
1232.38
1230.62
1228.97
1227.43
1226
1224.67
1223.44
1222.3
1221.25
1220.28
1219.39
1218.57
1217.83
1217.16
1216.55
1216.01
1215.52
1215.1
1214.73
1214.41
1214.15
1213.93
1213.76
1213.64
1213.56
1213.52
1213.52
1213.56
1213.65
1213.77
1213.93
1214.12
1214.35
1214.62
1214.93
1215.27
1215.64
1216.05
1216.49
1216.96
1217.46
1218
1218.57
1219.16
1219.78
1220.43
1221.1
1221.79
1222.51
1223.24
1224
1224.77
1225.55
1226.35
1227.16
1227.98
1228.81
1229.64
1230.48
1231.31
1232.16
1232.99
1233.83
1234.67
1235.5
1236.32
1237.13
1237.94
1238.73
1239.51
1240.28
1241.04
1241.78
1242.5
1243.21
1243.9
1244.57
1245.22
1245.86
1246.45
1247.03
720.941
1168.15
1165.72
1105.65
1054.38
1014.75
983.61
958.429
937.557
919.91
904.751
891.558
879.953
869.656
860.45
852.168
844.676
837.868
831.656
825.967
820.741
815.927
811.482
807.369
803.556
800.014
796.721
793.654
790.795
788.127
785.635
783.306
781.129
779.092
777.187
775.403
773.734
772.172
770.71
769.343
768.065
766.87
765.755
764.714
763.745
762.842
762.003
761.225
760.504
759.839
759.225
758.661
758.145
757.674
757.247
756.861
756.514
756.206
755.933
755.695
755.491
755.318
755.175
755.062
754.976
754.918
754.887
754.88
754.898
754.941
755.008
755.099
755.213
755.351
755.512
755.696
755.903
756.133
756.385
756.66
756.957
757.275
757.615
757.975
758.355
758.754
759.171
759.605
760.055
760.521
761
761.491
761.994
762.506
763.027
763.555
764.088
764.625
765.166
765.707
766.248
766.788
767.325
767.858
768.386
768.907
769.419
769.923
770.417
770.901
771.371
771.829
772.273
772.703
773.117
773.515
773.897
774.262
774.609
774.939
775.241
775.524
358.82
725.629
779.829
754.392
722.982
696.536
675.147
657.664
643.11
630.786
620.195
610.98
602.879
595.694
589.274
583.502
578.284
573.544
569.221
565.264
561.63
558.284
555.195
552.337
549.689
547.229
544.943
542.813
540.829
538.977
537.247
535.631
534.12
532.707
531.384
530.146
528.987
527.903
526.888
525.938
525.05
524.22
523.445
522.722
522.048
521.42
520.836
520.294
519.792
519.327
518.899
518.505
518.145
517.815
517.515
517.244
517
516.782
516.589
516.42
516.273
516.149
516.044
515.96
515.895
515.849
515.82
515.809
515.815
515.838
515.877
515.934
516.007
516.097
516.204
516.327
516.468
516.625
516.799
516.99
517.197
517.421
517.66
517.915
518.185
518.47
518.768
519.079
519.402
519.736
520.079
520.432
520.792
521.159
521.532
521.908
522.287
522.668
523.049
523.429
523.808
524.183
524.553
524.918
525.276
525.627
525.969
526.301
526.623
526.933
527.231
527.516
527.788
528.045
528.288
528.516
528.728
528.924
529.105
529.269
529.412
529.535
180.95
454.606
539.365
539.228
522.289
504.944
489.985
477.422
466.83
457.801
450.016
443.23
437.258
431.96
427.226
422.969
419.121
415.626
412.44
409.523
406.846
404.381
402.106
400.001
398.051
396.241
394.557
392.99
391.529
390.166
388.893
387.704
386.592
385.551
384.577
383.666
382.813
382.014
381.267
380.567
379.913
379.301
378.729
378.196
377.698
377.234
376.803
376.403
376.031
375.687
375.37
375.078
374.81
374.565
374.341
374.139
373.956
373.793
373.647
373.519
373.407
373.311
373.23
373.164
373.111
373.072
373.046
373.033
373.032
373.044
373.068
373.105
373.155
373.217
373.293
373.381
373.483
373.597
373.725
373.866
374.02
374.187
374.366
374.558
374.761
374.975
375.2
375.435
375.679
375.932
376.191
376.457
376.728
377.003
377.282
377.563
377.844
378.126
378.406
378.685
378.96
379.23
379.495
379.755
380.006
380.25
380.485
380.71
380.925
381.128
381.32
381.5
381.667
381.821
381.961
382.087
382.2
382.298
382.382
382.451
382.505
382.539
91.0616
278.177
374.321
393.387
388.302
378.207
368.135
359.167
351.387
344.653
338.793
333.658
329.123
325.091
321.482
318.234
315.297
312.628
310.193
307.964
305.918
304.034
302.295
300.686
299.195
297.811
296.524
295.326
294.209
293.167
292.194
291.284
290.434
289.638
288.893
288.195
287.542
286.931
286.359
285.823
285.321
284.853
284.414
284.005
283.623
283.267
282.936
282.628
282.342
282.077
281.833
281.607
281.4
281.21
281.037
280.88
280.737
280.61
280.495
280.394
280.305
280.229
280.163
280.109
280.065
280.031
280.007
279.993
279.989
279.994
280.009
280.034
280.068
280.113
280.169
280.234
280.311
280.397
280.495
280.602
280.721
280.849
280.988
281.137
281.294
281.461
281.636
281.818
282.008
282.203
282.404
282.61
282.819
283.031
283.244
283.458
283.673
283.886
284.097
284.305
284.509
284.708
284.902
285.09
285.27
285.443
285.607
285.762
285.907
286.042
286.166
286.279
286.381
286.47
286.548
286.614
286.667
286.708
286.737
286.753
286.757
286.744
46.0967
162.189
254.261
286.985
292.083
288.344
282.427
276.399
270.841
265.871
261.463
257.553
254.072
250.96
248.165
245.642
243.355
241.274
239.374
237.632
236.033
234.559
233.197
231.938
230.77
229.686
228.677
227.738
226.862
226.045
225.281
224.567
223.9
223.275
222.69
222.142
221.629
221.149
220.699
220.277
219.883
219.514
219.169
218.846
218.545
218.265
218.003
217.76
217.534
217.324
217.13
216.952
216.787
216.636
216.498
216.372
216.258
216.155
216.063
215.981
215.909
215.845
215.791
215.745
215.708
215.678
215.657
215.643
215.636
215.637
215.646
215.663
215.688
215.721
215.762
215.812
215.871
215.937
216.013
216.097
216.19
216.291
216.4
216.517
216.641
216.772
216.91
217.054
217.203
217.357
217.514
217.675
217.838
218.003
218.169
218.335
218.5
218.663
218.824
218.982
219.135
219.285
219.428
219.566
219.697
219.821
219.937
220.045
220.144
220.234
220.315
220.386
220.447
220.497
220.537
220.567
220.587
220.596
220.594
220.583
220.561
220.526
24.139
88.6484
164.986
205.253
218.887
220.976
218.885
215.492
211.862
208.378
205.161
202.236
199.59
197.197
195.031
193.064
191.273
189.637
188.14
186.765
185.499
184.331
183.251
182.251
181.323
180.461
179.658
178.91
178.212
177.561
176.952
176.382
175.849
175.35
174.883
174.445
174.035
173.65
173.29
172.953
172.637
172.341
172.064
171.805
171.563
171.338
171.127
170.931
170.749
170.58
170.424
170.279
170.146
170.024
169.911
169.809
169.716
169.632
169.556
169.488
169.428
169.375
169.329
169.29
169.258
169.232
169.212
169.199
169.191
169.19
169.195
169.206
169.224
169.248
169.279
169.318
169.363
169.415
169.474
169.54
169.613
169.693
169.779
169.872
169.971
170.075
170.184
170.298
170.416
170.538
170.662
170.789
170.917
171.047
171.177
171.306
171.434
171.56
171.684
171.805
171.922
172.035
172.143
172.246
172.343
172.433
172.516
172.592
172.661
172.722
172.775
172.819
172.855
172.882
172.901
172.91
172.911
172.904
172.888
172.863
172.831
172.788
13.5084
45.5623
99.8141
140.768
160.687
168.047
169.612
168.74
166.918
164.789
162.633
160.564
158.629
156.839
155.192
153.678
152.288
151.01
149.834
148.749
147.746
146.819
145.959
145.161
144.42
143.729
143.086
142.486
141.925
141.401
140.911
140.452
140.022
139.62
139.242
138.889
138.557
138.246
137.955
137.681
137.425
137.185
136.961
136.75
136.554
136.37
136.199
136.039
135.891
135.753
135.625
135.507
135.397
135.297
135.204
135.12
135.043
134.973
134.91
134.854
134.803
134.759
134.72
134.686
134.658
134.635
134.617
134.604
134.597
134.594
134.596
134.603
134.616
134.634
134.657
134.687
134.722
134.762
134.809
134.861
134.919
134.982
135.05
135.124
135.202
135.285
135.372
135.463
135.556
135.653
135.752
135.852
135.954
136.056
136.158
136.259
136.36
136.458
136.555
136.648
136.738
136.825
136.907
136.985
137.057
137.124
137.185
137.24
137.289
137.331
137.366
137.394
137.415
137.429
137.435
137.435
137.427
137.412
137.39
137.361
137.327
137.283
8.23297
22.8776
55.2867
90.2281
113.178
124.85
129.856
131.463
131.425
130.618
129.473
128.204
126.919
125.67
124.481
123.362
122.317
121.343
120.436
119.594
118.81
118.08
117.401
116.769
116.178
115.627
115.113
114.631
114.181
113.759
113.364
112.994
112.647
112.321
112.015
111.729
111.459
111.207
110.97
110.747
110.539
110.343
110.16
109.988
109.827
109.677
109.537
109.406
109.284
109.17
109.065
108.968
108.877
108.794
108.718
108.648
108.584
108.525
108.473
108.425
108.383
108.345
108.312
108.283
108.259
108.239
108.223
108.211
108.203
108.199
108.199
108.204
108.213
108.226
108.244
108.266
108.293
108.325
108.361
108.403
108.448
108.498
108.552
108.611
108.673
108.739
108.808
108.88
108.955
109.032
109.11
109.19
109.27
109.351
109.432
109.512
109.592
109.669
109.745
109.818
109.888
109.956
110.019
110.079
110.134
110.185
110.23
110.271
110.306
110.336
110.36
110.379
110.391
110.398
110.399
110.393
110.382
110.365
110.343
110.315
110.282
110.243
5.47937
11.9932
28.2309
52.6649
74.495
88.7635
96.7042
100.69
102.44
102.969
102.841
102.365
101.714
100.983
100.226
99.4734
98.7429
98.0428
97.3776
96.7488
96.1563
95.5991
95.0758
94.5845
94.1235
93.6908
93.2848
92.9036
92.5457
92.2096
91.8938
91.5971
91.3182
91.0561
90.8097
90.578
90.3603
90.1556
89.9633
89.7826
89.6128
89.4535
89.304
89.1639
89.0326
88.9097
88.7947
88.6874
88.5873
88.4941
88.4074
88.3271
88.2526
88.1839
88.1206
88.0624
88.0092
87.9606
87.9166
87.8768
87.841
87.8092
87.7811
87.7567
87.7358
87.7183
87.7042
87.6934
87.686
87.6819
87.6811
87.6838
87.6899
87.6997
87.7131
87.7303
87.7512
87.776
87.8045
87.8368
87.8728
87.9124
87.9554
88.0018
88.0513
88.1037
88.1588
88.2162
88.2757
88.3369
88.3994
88.463
88.5272
88.5916
88.6559
88.7197
88.7825
88.8441
88.904
88.9619
89.0175
89.0704
89.1202
89.1668
89.2099
89.2492
89.2844
89.3154
89.3421
89.3642
89.3817
89.3944
89.4023
89.4053
89.4035
89.3969
89.3855
89.3694
89.3487
89.3236
89.2948
89.2609
3.95841
6.92866
14.0447
27.7128
44.4801
58.7408
68.535
74.555
78.0226
79.9011
80.8188
81.1603
81.1575
80.9504
80.6246
80.2329
79.8081
79.3708
78.9339
78.5054
78.0901
77.6909
77.3093
76.9458
76.6006
76.2734
75.9636
75.6707
75.3939
75.1325
74.8857
74.6529
74.4331
74.2259
74.0304
73.8462
73.6725
73.5089
73.3548
73.2098
73.0732
72.9449
72.8242
72.7109
72.6046
72.5049
72.4116
72.3243
72.2428
72.1668
72.0961
72.0304
71.9694
71.9131
71.8611
71.8132
71.7694
71.7293
71.6929
71.6599
71.6302
71.6037
71.5802
71.5597
71.5421
71.5272
71.5151
71.5058
71.4992
71.4953
71.494
71.4955
71.4999
71.5071
71.5173
71.5305
71.5468
71.5661
71.5885
71.614
71.6424
71.6738
71.708
71.7448
71.7842
71.826
71.8699
71.9157
71.9632
72.0121
72.0621
72.113
72.1644
72.2159
72.2674
72.3185
72.3688
72.4181
72.466
72.5124
72.5568
72.599
72.6388
72.676
72.7102
72.7414
72.7692
72.7937
72.8146
72.8317
72.8451
72.8546
72.8601
72.8617
72.8594
72.8531
72.8428
72.8288
72.811
72.7896
72.7653
72.7371
3.07723
4.48267
7.4297
13.6627
23.6765
35.0257
44.8492
52.0825
56.9685
60.1185
62.0853
63.271
63.946
64.2875
64.4108
64.3915
64.2795
64.1082
63.8999
63.6698
63.4282
63.1824
62.937
62.6954
62.4598
62.2316
62.0117
61.8006
61.5987
61.4058
61.2221
61.0472
60.8811
60.7234
60.5738
60.4321
60.2979
60.1709
60.0509
59.9376
59.8306
59.7297
59.6346
59.5451
59.4609
59.3818
59.3076
59.2381
59.1731
59.1124
59.0558
59.0031
58.9542
58.9089
58.8671
58.8285
58.7932
58.7608
58.7314
58.7047
58.6807
58.6592
58.6401
58.6235
58.6091
58.597
58.5871
58.5794
58.574
58.5707
58.5696
58.5707
58.574
58.5796
58.5876
58.598
58.6108
58.6261
58.6439
58.6641
58.6867
58.7117
58.7389
58.7684
58.7999
58.8333
58.8684
58.9051
58.9432
58.9825
59.0227
59.0636
59.1049
59.1465
59.188
59.2292
59.2698
59.3096
59.3484
59.3859
59.4219
59.4561
59.4884
59.5185
59.5463
59.5716
59.5943
59.6142
59.6311
59.6451
59.6559
59.6636
59.6681
59.6693
59.6673
59.6621
59.6536
59.642
59.6273
59.6097
59.5896
59.5668
2.55068
3.21778
4.43832
6.94254
11.6103
18.4647
26.1707
33.1843
38.7612
42.8701
45.7762
47.7853
49.1524
50.0674
50.6656
51.0415
51.2609
51.37
51.4011
51.3772
51.3148
51.2258
51.1186
50.9996
50.8734
50.7433
50.6119
50.4808
50.3516
50.225
50.1018
49.9824
49.8673
49.7565
49.6503
49.5486
49.4515
49.3589
49.2707
49.1869
49.1073
49.0319
48.9605
48.8931
48.8294
48.7694
48.7129
48.6599
48.6102
48.5636
48.5201
48.4796
48.4419
48.407
48.3747
48.345
48.3177
48.2927
48.2699
48.2493
48.2308
48.2143
48.1997
48.1869
48.176
48.1668
48.1594
48.1538
48.1499
48.1477
48.1473
48.1486
48.1516
48.1564
48.1631
48.1717
48.1822
48.1946
48.2091
48.2254
48.2437
48.2639
48.2859
48.3096
48.335
48.3619
48.3903
48.42
48.4508
48.4825
48.515
48.5482
48.5817
48.6155
48.6492
48.6828
48.7159
48.7484
48.7801
48.8109
48.8404
48.8685
48.8951
48.92
48.943
48.964
48.9829
48.9995
49.0138
49.0256
49.0349
49.0416
49.0456
49.047
49.0457
49.0417
49.0351
49.0258
49.014
48.9998
48.9835
48.9652
2.23299
2.5213
3.02004
3.97831
5.81132
8.95327
13.4245
18.6064
23.6547
28.0086
31.4918
34.1618
36.1611
37.6393
38.7238
39.5144
40.0864
40.4959
40.7841
40.9815
41.1107
41.1886
41.2279
41.238
41.2264
41.1984
41.1584
41.1096
41.0547
40.9954
40.9335
40.87
40.806
40.7421
40.6789
40.6168
40.5563
40.4974
40.4405
40.3856
40.3328
40.2823
40.234
40.188
40.1443
40.1028
40.0635
40.0265
39.9916
39.9588
39.9281
39.8995
39.8728
39.848
39.8252
39.8041
39.7848
39.7671
39.7511
39.7367
39.7238
39.7124
39.7025
39.6939
39.6867
39.6808
39.6763
39.6731
39.6712
39.6707
39.6715
39.6737
39.6771
39.682
39.6882
39.6959
39.705
39.7157
39.7279
39.7416
39.7569
39.7736
39.7917
39.8112
39.8321
39.8542
39.8774
39.9017
39.9269
39.9529
39.9796
40.0068
40.0343
40.062
40.0898
40.1174
40.1448
40.1717
40.1979
40.2234
40.248
40.2715
40.2938
40.3147
40.3341
40.3519
40.3679
40.3822
40.3945
40.4048
40.4131
40.4192
40.4232
40.4249
40.4244
40.4217
40.4167
40.4096
40.4003
40.3889
40.3758
40.3613
2.04415
2.12289
2.29752
2.64296
3.30166
4.4877
6.42603
9.18516
12.5445
16.0848
19.4152
22.3108
24.7067
26.6315
28.1526
29.344
30.2729
30.9955
31.5567
31.9918
32.3282
32.5874
32.7857
32.936
33.0484
33.1307
33.1891
33.2286
33.2529
33.2653
33.2683
33.2638
33.2534
33.2386
33.2203
33.1994
33.1767
33.1528
33.128
33.1029
33.0776
33.0526
33.0279
33.0038
32.9803
32.9577
32.936
32.9153
32.8955
32.8768
32.8592
32.8427
32.8273
32.813
32.7999
32.7878
32.7768
32.7669
32.758
32.7501
32.7433
32.7374
32.7325
32.7286
32.7255
32.7235
32.7223
32.7221
32.7228
32.7245
32.7272
32.7308
32.7355
32.7411
32.7478
32.7555
32.7642
32.7741
32.7852
32.7973
32.8106
32.8251
32.8406
32.8573
32.8749
32.8935
32.9131
32.9334
32.9545
32.9762
32.9985
33.0212
33.0442
33.0673
33.0905
33.1137
33.1366
33.1592
33.1813
33.2028
33.2236
33.2436
33.2625
33.2804
33.2971
33.3125
33.3265
33.339
33.3499
33.3591
33.3667
33.3725
33.3765
33.3786
33.3789
33.3773
33.3738
33.3684
33.3612
33.3522
33.3417
33.3303
1.93662
1.89378
1.9091
1.99887
2.20581
2.60135
3.28857
4.38475
5.96585
7.99812
10.3235
12.7231
15.0051
17.0512
18.8156
20.3
21.5307
22.5425
23.3709
24.0479
24.6009
25.053
25.4228
25.7255
25.9736
26.1769
26.3435
26.4799
26.5915
26.6825
26.7565
26.8165
26.8647
26.9033
26.9338
26.9576
26.9758
26.9895
26.9994
27.0062
27.0105
27.0127
27.0133
27.0126
27.0109
27.0084
27.0054
27.0021
26.9985
26.9949
26.9913
26.9878
26.9845
26.9815
26.9788
26.9765
26.9745
26.973
26.9719
26.9713
26.9712
26.9715
26.9723
26.9737
26.9755
26.9779
26.9808
26.9843
26.9883
26.9929
26.9982
27.004
27.0106
27.0179
27.0258
27.0343
27.0436
27.0537
27.0646
27.0762
27.0887
27.102
27.1161
27.131
27.1466
27.163
27.1801
27.1977
27.216
27.2347
27.2538
27.2733
27.293
27.3128
27.3327
27.3525
27.3722
27.3916
27.4106
27.4291
27.4471
27.4644
27.4809
27.4965
27.5111
27.5247
27.5372
27.5484
27.5583
27.5668
27.5739
27.5796
27.5837
27.5862
27.5871
27.5865
27.5842
27.5803
27.5748
27.5677
27.5594
27.5504
1.87971
1.76618
1.6969
1.6702
1.69599
1.79455
1.99808
2.35263
2.91532
3.74022
4.85282
6.22679
7.78258
9.41177
11.0108
12.5043
13.8504
15.0348
16.0607
16.9406
17.6911
18.3291
18.8711
19.3314
19.7227
20.0558
20.3398
20.5824
20.79
20.968
21.121
21.2527
21.3662
21.4643
21.5492
21.6228
21.6867
21.7424
21.7908
21.8332
21.8703
21.9028
21.9315
21.9567
21.9791
21.999
22.0168
22.0327
22.0471
22.0602
22.0722
22.0832
22.0935
22.1031
22.1121
22.1208
22.129
22.137
22.1449
22.1525
22.1601
22.1676
22.1751
22.1827
22.1903
22.198
22.2058
22.2138
22.222
22.2304
22.2391
22.248
22.2573
22.267
22.277
22.2875
22.2983
22.3095
22.3212
22.3334
22.346
22.3593
22.373
22.3872
22.402
22.4173
22.433
22.4491
22.4656
22.4825
22.4996
22.517
22.5345
22.5521
22.5697
22.5872
22.6046
22.6218
22.6386
22.6551
22.671
22.6864
22.7012
22.7152
22.7284
22.7407
22.7521
22.7624
22.7716
22.7797
22.7866
22.7922
22.7964
22.7994
22.801
22.8011
22.7999
22.7972
22.7931
22.7877
22.7811
22.774
1.85262
1.70013
1.58443
1.50014
1.44691
1.42874
1.45383
1.53512
1.69135
1.94726
2.33147
2.87025
3.57781
4.44717
5.44734
6.52935
7.63811
8.72432
9.75159
10.698
11.554
12.3183
12.995
13.5909
14.114
14.5724
14.974
15.3259
15.6346
15.9057
16.1442
16.3544
16.5401
16.7043
16.85
16.9795
17.0948
17.1977
17.2898
17.3725
17.4468
17.5137
17.5742
17.6291
17.6789
17.7243
17.7658
17.8038
17.8387
17.871
17.9008
17.9285
17.9543
17.9784
18.001
18.0224
18.0425
18.0616
18.0798
18.0972
18.1139
18.1299
18.1453
18.1603
18.1748
18.189
18.2029
18.2165
18.2299
18.2431
18.2562
18.2693
18.2824
18.2954
18.3086
18.3218
18.3352
18.3486
18.3622
18.3759
18.3899
18.4041
18.4185
18.4332
18.4482
18.4634
18.4789
18.4946
18.5105
18.5265
18.5427
18.5591
18.5754
18.5918
18.6081
18.6243
18.6403
18.6561
18.6717
18.6868
18.7015
18.7157
18.7294
18.7424
18.7547
18.7662
18.7769
18.7868
18.7957
18.8035
18.8104
18.8161
18.8207
18.8241
18.8263
18.8272
18.8269
18.8253
18.8225
18.8184
18.8132
18.8077
1.84139
1.6697
1.52946
1.4157
1.32537
1.25752
1.21298
1.19428
1.2059
1.25453
1.3495
1.50277
1.72823
2.03963
2.44734
2.95456
3.55469
4.23102
4.95936
5.71237
6.46405
7.19312
7.88439
8.52868
9.1217
9.66264
10.153
10.5957
10.9943
11.3526
11.6744
11.9636
12.2235
12.4574
12.668
12.858
13.0296
13.1848
13.3256
13.4534
13.5697
13.6757
13.7725
13.8612
13.9425
14.0172
14.086
14.1495
14.2082
14.2627
14.3133
14.3605
14.4045
14.4456
14.4842
14.5205
14.5547
14.5869
14.6175
14.6464
14.6739
14.7002
14.7252
14.7492
14.7722
14.7943
14.8156
14.8362
14.8561
14.8755
14.8943
14.9127
14.9307
14.9483
14.9657
14.9828
14.9997
15.0165
15.0332
15.0496
15.066
15.0823
15.0986
15.1149
15.1312
15.1475
15.1638
15.1801
15.1965
15.2129
15.2292
15.2455
15.2617
15.2778
15.2938
15.3096
15.3252
15.3405
15.3555
15.3701
15.3843
15.398
15.4112
15.4238
15.4358
15.4471
15.4576
15.4674
15.4763
15.4842
15.4913
15.4973
15.5024
15.5063
15.5092
15.5109
15.5115
15.511
15.5093
15.5064
15.5026
15.4984
1.83747
1.65774
1.50597
1.37779
1.26982
1.17973
1.10613
1.0485
1.0071
0.982967
0.978021
0.995182
1.03851
1.11327
1.22579
1.383
1.59157
1.8566
2.1803
2.56083
2.992
3.4637
3.96324
4.47698
4.99198
5.49723
5.98422
6.44713
6.88244
7.28853
7.66513
8.01289
8.33305
8.6272
8.89711
9.14461
9.37152
9.57962
9.77057
9.94592
10.1071
10.2554
10.392
10.5181
10.6345
10.7422
10.842
10.9346
11.0206
11.1007
11.1754
11.2452
11.3104
11.3715
11.4289
11.4828
11.5336
11.5815
11.6268
11.6696
11.7102
11.7487
11.7854
11.8203
11.8536
11.8854
11.9159
11.9451
11.9732
12.0002
12.0263
12.0514
12.0758
12.0994
12.1223
12.1447
12.1665
12.1878
12.2087
12.2291
12.2492
12.2689
12.2883
12.3073
12.3261
12.3447
12.363
12.3812
12.3991
12.4169
12.4344
12.4518
12.4689
12.4858
12.5024
12.5188
12.5348
12.5505
12.5658
12.5807
12.5952
12.6091
12.6225
12.6354
12.6476
12.6592
12.67
12.6801
12.6894
12.6979
12.7054
12.7121
12.7178
12.7225
12.7262
12.7288
12.7304
12.7309
12.7303
12.7286
12.726
12.7231
1.83635
1.65389
1.49762
1.36332
1.24761
1.14783
1.062
0.988661
0.926848
0.875995
0.835924
0.806832
0.789309
0.784375
0.793528
0.818789
0.862716
0.928351
1.01906
1.13827
1.28904
1.47355
1.69265
1.94546
2.22922
2.53944
2.87029
3.21516
3.56728
3.92031
4.26872
4.60806
4.93501
5.24734
5.54367
5.8234
6.08641
6.33298
6.56365
6.7791
6.98012
7.16758
7.34232
7.50523
7.65714
7.79886
7.93117
8.05477
8.17033
8.27849
8.3798
8.4748
8.56397
8.64777
8.72661
8.80087
8.8709
8.93702
8.99952
9.05868
9.11474
9.16792
9.21845
9.2665
9.31225
9.35587
9.3975
9.43729
9.47537
9.51186
9.54688
9.58052
9.61289
9.64408
9.67418
9.70327
9.73143
9.75873
9.78524
9.81101
9.8361
9.86056
9.88438
9.90759
9.93023
9.95236
9.974
9.99518
10.0159
10.0363
10.0562
10.0757
10.0948
10.1136
10.1319
10.1498
10.1673
10.1843
10.2008
10.2169
10.2324
10.2474
10.2618
10.2755
10.2887
10.3011
10.3128
10.3238
10.334
10.3433
10.3518
10.3594
10.3661
10.3718
10.3765
10.3802
10.3829
10.3846
10.3852
10.3847
10.3834
10.3818
1.8361
1.6529
1.49526
1.35888
1.24033
1.13688
1.04634
0.966998
0.8975
0.836801
0.784121
0.738903
0.700795
0.66963
0.645428
0.628393
0.618928
0.617651
0.625408
0.643286
0.672608
0.714903
0.771843
0.845141
0.936407
1.04697
1.17771
1.32885
1.49987
1.68946
1.89555
2.11545
2.34602
2.58391
2.82575
3.06842
3.30912
3.54551
3.77573
3.99839
4.21253
4.41758
4.61322
4.79937
4.97614
5.1437
5.30237
5.45246
5.59437
5.72848
5.8552
5.97494
6.08812
6.19512
6.29632
6.3921
6.4828
6.56874
6.65023
6.72756
6.80099
6.87078
6.93715
7.00032
7.0605
7.11787
7.17263
7.22492
7.27492
7.32276
7.36859
7.41253
7.4547
7.49522
7.53418
7.5717
7.60785
7.64274
7.67644
7.70903
7.74058
7.77115
7.80081
7.8296
7.85756
7.88467
7.91099
7.93656
7.96144
7.98565
8.00921
8.03215
8.05448
8.07621
8.09735
8.1179
8.13786
8.15722
8.17597
8.19411
8.21161
8.22846
8.24464
8.26012
8.27488
8.28889
8.30213
8.31457
8.32618
8.33693
8.34679
8.35574
8.36375
8.3708
8.37686
8.38191
8.38594
8.38894
8.39088
8.3918
8.39185
8.39146
1.83605
1.6527
1.49473
1.35782
1.23848
1.13393
1.04192
0.960651
0.888632
0.82467
0.767793
0.717216
0.672311
0.632587
0.597667
0.567277
0.541239
0.519467
0.501959
0.488804
0.480185
0.476377
0.477764
0.484832
0.498176
0.518492
0.546563
0.583231
0.629359
0.685782
0.75324
0.832318
0.923369
1.02647
1.14136
1.26745
1.40383
1.54927
1.70234
1.86143
2.02486
2.19096
2.35813
2.52491
2.69004
2.85242
3.01119
3.1657
3.31544
3.4601
3.59948
3.7335
3.86215
3.98548
4.10359
4.21661
4.3247
4.42802
4.52676
4.62109
4.71122
4.79733
4.8796
4.95824
5.03343
5.10534
5.17415
5.24003
5.30313
5.36359
5.42157
5.4772
5.5306
5.5819
5.6312
5.67863
5.72428
5.76824
5.81062
5.85151
5.89098
5.92911
5.96598
6.00165
6.03619
6.06966
6.1021
6.1335
6.16388
6.19332
6.22184
6.24947
6.27626
6.30222
6.32737
6.35172
6.37528
6.39806
6.42007
6.44129
6.46172
6.48136
6.50019
6.5182
6.53537
6.55169
6.56714
6.5817
6.59534
6.60805
6.61981
6.63059
6.64038
6.64915
6.6569
6.6636
6.66924
6.67382
6.67733
6.67979
6.68134
6.68237
1.83603
1.65264
1.49462
1.3576
1.23811
1.13332
1.04098
0.959246
0.886595
0.821781
0.76377
0.711705
0.664871
0.622675
0.584622
0.550304
0.519386
0.491594
0.466712
0.444572
0.425055
0.408081
0.393614
0.381659
0.372259
0.365503
0.36152
0.360489
0.362632
0.368221
0.377575
0.391057
0.409065
0.432026
0.460379
0.49456
0.534977
0.581988
0.635877
0.696829
0.764907
0.840041
0.922013
1.01047
1.1049
1.2047
1.30914
1.41744
1.52877
1.64228
1.75715
1.87259
1.98788
2.10237
2.21551
2.32682
2.43592
2.54252
2.64639
2.74738
2.84538
2.94034
3.03226
3.12113
3.207
3.28991
3.36992
3.44711
3.52155
3.59332
3.6625
3.72919
3.79347
3.85542
3.91515
3.97274
4.02828
4.08185
4.13356
4.18347
4.23168
4.27825
4.32327
4.36681
4.40892
4.44968
4.48913
4.52734
4.56435
4.60018
4.63482
4.66831
4.70068
4.73197
4.76221
4.79142
4.81962
4.84683
4.87306
4.8983
4.92257
4.94587
4.96818
4.98952
5.00986
5.0292
5.04753
5.06484
5.08111
5.09633
5.11049
5.12357
5.13556
5.14645
5.15624
5.16491
5.17246
5.1789
5.18421
5.18843
5.19169
5.1943
1.83602
1.65261
1.49457
1.35754
1.23801
1.13319
1.0408
0.958995
0.886239
0.821274
0.763051
0.710688
0.663449
0.620708
0.581938
0.54669
0.514581
0.485287
0.45853
0.434076
0.411723
0.391305
0.372681
0.355736
0.340378
0.326535
0.314157
0.30321
0.293681
0.285572
0.278905
0.273723
0.270083
0.268068
0.267776
0.26933
0.272873
0.278569
0.2866
0.297167
0.310483
0.326773
0.346263
0.369175
0.395724
0.426099
0.460463
0.498941
0.541608
0.58849
0.639551
0.694692
0.753756
0.816523
0.882716
0.952013
1.02405
1.09843
1.17474
1.25255
1.33146
1.41104
1.49093
1.57074
1.65017
1.72892
1.80674
1.88341
1.95877
2.03267
2.10501
2.1757
2.2447
2.31197
2.37749
2.44126
2.5033
2.56361
2.62223
2.67918
2.73449
2.78819
2.84033
2.89093
2.94002
2.98765
3.03386
3.07867
3.12212
3.16425
3.20509
3.24467
3.28298
3.32002
3.35579
3.39033
3.42365
3.45578
3.48673
3.51652
3.54513
3.57259
3.59889
3.62403
3.648
3.67081
3.69245
3.71291
3.73219
3.75029
3.76719
3.78289
3.79739
3.8107
3.82281
3.83372
3.84344
3.85199
3.85937
3.8656
3.87083
3.87529
1.83602
1.65258
1.49453
1.35749
1.23795
1.13313
1.04073
0.958918
0.886153
0.821175
0.76293
0.710534
0.663244
0.620428
0.581551
0.546153
0.513841
0.484276
0.457165
0.432255
0.409327
0.388188
0.368672
0.350636
0.333951
0.31851
0.304216
0.290989
0.278758
0.267465
0.25706
0.247503
0.238763
0.230816
0.223648
0.217252
0.211627
0.206783
0.202736
0.199511
0.19714
0.195665
0.195138
0.195619
0.197177
0.199891
0.203849
0.209148
0.215891
0.224188
0.234154
0.245906
0.259562
0.275238
0.293042
0.313075
0.335427
0.360171
0.387361
0.417031
0.44919
0.483823
0.520887
0.560312
0.602004
0.645839
0.691675
0.739346
0.788669
0.839449
0.891479
0.944546
0.998438
1.05294
1.10785
1.16297
1.2181
1.27308
1.32775
1.38197
1.4356
1.48854
1.5407
1.59198
1.64234
1.69171
1.74005
1.78733
1.83352
1.87861
1.92257
1.96541
2.00712
2.0477
2.08714
2.12541
2.16247
2.1983
2.23291
2.26629
2.29844
2.32935
2.35901
2.38742
2.41457
2.44045
2.46508
2.48843
2.51052
2.53135
2.55091
2.56922
2.58627
2.6021
2.6167
2.63009
2.64229
2.65332
2.66321
2.67198
2.67974
2.68669
1.83601
1.65256
1.4945
1.35744
1.2379
1.13307
1.04068
0.958862
0.886097
0.821119
0.762874
0.710479
0.663188
0.620369
0.581486
0.546077
0.513746
0.484154
0.457003
0.432037
0.409031
0.387791
0.368143
0.349936
0.333036
0.317326
0.302702
0.28907
0.276348
0.264464
0.253353
0.242957
0.233225
0.224112
0.215578
0.207589
0.200113
0.193125
0.186603
0.180527
0.174883
0.169658
0.164845
0.160438
0.156435
0.152837
0.149649
0.146879
0.144537
0.142639
0.141203
0.140252
0.139811
0.139911
0.140587
0.141877
0.143823
0.146472
0.149874
0.154082
0.159152
0.165144
0.172117
0.180131
0.189247
0.199525
0.211021
0.223788
0.237875
0.253323
0.270168
0.288434
0.308138
0.329287
0.351873
0.375879
0.401276
0.428021
0.456059
0.485326
0.515744
0.547227
0.579678
0.612994
0.647065
0.681777
0.717012
0.752649
0.78857
0.824656
0.860789
0.896859
0.932756
0.968381
1.00364
1.03844
1.07273
1.10641
1.13941
1.17164
1.20305
1.23359
1.26322
1.29191
1.31962
1.34634
1.37205
1.39674
1.4204
1.44304
1.46465
1.48523
1.50479
1.52335
1.54092
1.5575
1.57312
1.58778
1.60152
1.61434
1.62632
1.63752
1.83601
1.65254
1.49448
1.35742
1.23787
1.13304
1.04064
0.958826
0.886061
0.821083
0.762838
0.710444
0.663153
0.620336
0.581454
0.546046
0.513716
0.484124
0.456972
0.432004
0.408994
0.387747
0.368088
0.349865
0.332945
0.317207
0.302545
0.288866
0.276084
0.264125
0.25292
0.24241
0.232539
0.223258
0.214524
0.206295
0.198537
0.191216
0.184303
0.177772
0.171597
0.165758
0.160235
0.155011
0.150069
0.145397
0.140981
0.136812
0.132879
0.129176
0.125696
0.122433
0.119385
0.116549
0.113924
0.11151
0.109309
0.107324
0.105559
0.104021
0.102717
0.101657
0.10085
0.100309
0.100049
0.100085
0.100436
0.10112
0.10216
0.103578
0.105401
0.107653
0.110364
0.113563
0.11728
0.121546
0.126394
0.131854
0.137959
0.144739
0.152222
0.160437
0.169408
0.179158
0.189705
0.201063
0.213243
0.22625
0.240082
0.254735
0.270196
0.286448
0.303467
0.321225
0.339685
0.358808
0.37855
0.398862
0.419699
0.441007
0.462724
0.484785
0.507123
0.529671
0.552361
0.575125
0.5979
0.62062
0.643224
0.665653
0.687851
0.709764
0.731344
0.752543
0.773321
0.793638
0.81346
0.832755
0.851497
0.869661
0.887233
0.904173
1.83601
1.65254
1.49448
1.35742
1.23787
1.13304
1.04064
0.958826
0.886061
0.821083
0.762838
0.710444
0.663153
0.620336
0.581454
0.546046
0.513716
0.484124
0.456972
0.432004
0.408994
0.387747
0.368088
0.349865
0.332945
0.317207
0.302545
0.288866
0.276084
0.264125
0.25292
0.24241
0.232539
0.223258
0.214524
0.206296
0.198538
0.191217
0.184304
0.177773
0.171599
0.16576
0.160237
0.155013
0.150072
0.1454
0.140984
0.136815
0.132883
0.129181
0.125701
0.122439
0.119392
0.116557
0.113932
0.11152
0.10932
0.107336
0.105573
0.104037
0.102735
0.101676
0.100871
0.100333
0.100075
0.100114
0.100468
0.101155
0.102198
0.10362
0.105446
0.107703
0.110418
0.113621
0.117343
0.121614
0.126467
0.131933
0.138043
0.144827
0.152316
0.160536
0.169513
0.179267
0.189819
0.201182
0.213366
0.226377
0.240213
0.25487
0.270336
0.286593
0.303617
0.32138
0.339847
0.358978
0.37873
0.399052
0.419901
0.441224
0.462958
0.485038
0.507397
0.529968
0.552683
0.575474
0.598276
0.621025
0.643657
0.666114
0.688338
0.710277
0.731879
0.753098
0.773892
0.79422
0.814049
0.833345
0.852081
0.870233
0.887787
0.904701
1.83601
1.65256
1.4945
1.35744
1.2379
1.13307
1.04068
0.958862
0.886097
0.821119
0.762874
0.710479
0.663188
0.62037
0.581486
0.546077
0.513746
0.484154
0.457003
0.432037
0.409032
0.387791
0.368143
0.349936
0.333037
0.317327
0.302703
0.289071
0.27635
0.264467
0.253356
0.242961
0.23323
0.224118
0.215585
0.207597
0.200123
0.193138
0.186617
0.180544
0.174903
0.169682
0.164872
0.16047
0.156472
0.152879
0.149698
0.146934
0.144601
0.142712
0.141286
0.140346
0.139918
0.140032
0.140723
0.14203
0.143995
0.146665
0.150089
0.154323
0.159421
0.165442
0.172446
0.180495
0.189648
0.199964
0.211501
0.224312
0.238444
0.253939
0.270832
0.289149
0.308904
0.330104
0.352743
0.376802
0.402251
0.429047
0.457137
0.486455
0.516922
0.548453
0.580951
0.614313
0.648429
0.683185
0.718464
0.754145
0.79011
0.82624
0.86242
0.898536
0.934483
0.97016
1.00547
1.04033
1.07468
1.10843
1.14149
1.17379
1.20527
1.23588
1.26558
1.29434
1.32212
1.3489
1.37468
1.39942
1.42314
1.44582
1.46746
1.48806
1.50764
1.5262
1.54375
1.56031
1.57588
1.59049
1.60415
1.61688
1.62874
1.63982
1.83602
1.65258
1.49453
1.35749
1.23795
1.13313
1.04073
0.958918
0.886153
0.821175
0.76293
0.710535
0.663244
0.620429
0.581551
0.546154
0.513842
0.484277
0.457167
0.432258
0.40933
0.388192
0.368678
0.350643
0.33396
0.318521
0.30423
0.291006
0.27878
0.267491
0.257092
0.247542
0.238809
0.230871
0.223714
0.217329
0.211719
0.206891
0.202862
0.199657
0.197309
0.195862
0.195365
0.19588
0.197476
0.200234
0.204241
0.209594
0.216397
0.224761
0.2348
0.246632
0.260375
0.276144
0.294048
0.314188
0.336653
0.361515
0.388828
0.418625
0.450915
0.48568
0.522877
0.562436
0.604259
0.648225
0.694188
0.741982
0.791423
0.842314
0.894449
0.947615
1.0016
1.05618
1.11117
1.16635
1.22155
1.27659
1.3313
1.38556
1.43923
1.49221
1.54439
1.59571
1.64609
1.69549
1.74386
1.79117
1.8374
1.88252
1.92653
1.96942
2.01118
2.05182
2.09132
2.12966
2.16679
2.20271
2.2374
2.27086
2.30309
2.33408
2.36382
2.3923
2.41952
2.44547
2.47015
2.49355
2.51567
2.53651
2.55607
2.57436
2.59139
2.60715
2.62167
2.63496
2.64703
2.65791
2.66762
2.67618
2.68371
2.69041
1.83602
1.65261
1.49457
1.35754
1.23801
1.13319
1.0408
0.958996
0.88624
0.821275
0.763052
0.71069
0.663451
0.620712
0.581943
0.546697
0.514591
0.4853
0.458547
0.434097
0.411751
0.39134
0.372725
0.355791
0.340446
0.32662
0.31426
0.303335
0.293831
0.285752
0.279121
0.273979
0.270387
0.268426
0.268197
0.269824
0.27345
0.27924
0.287378
0.298066
0.311518
0.327959
0.347615
0.370711
0.397458
0.428047
0.462639
0.501357
0.544276
0.591416
0.642741
0.69815
0.757481
0.82051
0.88696
0.956504
1.02878
1.10338
1.17989
1.2579
1.33698
1.41672
1.49674
1.57668
1.65621
1.73505
1.81294
1.88968
1.96508
2.03902
2.11138
2.18209
2.2511
2.31837
2.38389
2.44765
2.50968
2.56998
2.62858
2.68552
2.74081
2.7945
2.84663
2.89722
2.94632
2.99396
3.04018
3.08501
3.1285
3.17066
3.21155
3.25119
3.28958
3.32668
3.36254
3.39716
3.43058
3.46281
3.49386
3.52374
3.55246
3.58001
3.6064
3.63162
3.65567
3.67854
3.70022
3.72071
3.74
3.75807
3.77493
3.79057
3.80497
3.81815
3.8301
3.84081
3.85031
3.85858
3.86566
3.87155
3.87639
3.88045
1.83603
1.65264
1.49462
1.35761
1.23811
1.13332
1.04099
0.95925
0.8866
0.821788
0.763781
0.71172
0.664891
0.622702
0.584658
0.550352
0.519448
0.491674
0.466814
0.444702
0.425217
0.408283
0.393863
0.381964
0.372631
0.365954
0.362065
0.361143
0.363415
0.369155
0.378685
0.392369
0.41061
0.433835
0.462486
0.496998
0.53778
0.585189
0.639504
0.700907
0.769454
0.845069
0.927529
1.01646
1.11137
1.21162
1.3165
1.4252
1.5369
1.65074
1.7659
1.8816
1.99711
2.11179
2.22508
2.33651
2.44571
2.55238
2.6563
2.75732
2.85534
2.95031
3.04222
3.13108
3.21692
3.2998
3.37977
3.45692
3.53131
3.60303
3.67216
3.73879
3.803
3.8649
3.92456
3.98209
4.03757
4.09109
4.14275
4.19262
4.24078
4.28733
4.33233
4.37585
4.41796
4.45873
4.49821
4.53646
4.57352
4.60942
4.64414
4.67772
4.71019
4.7416
4.77196
4.8013
4.82964
4.85698
4.88334
4.90872
4.93312
4.95654
4.97897
5.0004
5.02082
5.04022
5.05859
5.0759
5.09214
5.1073
5.12136
5.13431
5.14612
5.15679
5.16631
5.17466
5.18184
5.18786
5.1927
5.19639
5.19908
5.20106
1.83605
1.6527
1.49473
1.35782
1.23849
1.13394
1.04194
0.960672
0.888663
0.824713
0.767852
0.717295
0.672418
0.632727
0.597848
0.567509
0.541536
0.519841
0.502429
0.48939
0.480911
0.477274
0.478865
0.486178
0.499814
0.520476
0.548952
0.58609
0.632756
0.689785
0.757917
0.837727
0.929561
1.03348
1.14921
1.27614
1.41334
1.55958
1.71338
1.87315
2.03718
2.20381
2.37143
2.53859
2.70401
2.86663
3.02559
3.18022
3.33005
3.47476
3.61416
3.74817
3.87679
4.00008
4.11813
4.23109
4.33911
4.44235
4.541
4.63524
4.72527
4.81128
4.89346
4.972
5.04709
5.1189
5.18761
5.25338
5.31638
5.37674
5.43462
5.49015
5.54346
5.59466
5.64387
5.69121
5.73678
5.78068
5.823
5.86383
5.90326
5.94137
5.97823
6.01392
6.04848
6.082
6.11449
6.14597
6.17646
6.20601
6.23467
6.26246
6.28941
6.31554
6.34087
6.36542
6.38918
6.41216
6.43435
6.45576
6.47637
6.49616
6.51514
6.53326
6.55052
6.5669
6.58236
6.59689
6.61046
6.62305
6.63463
6.64518
6.65467
6.66308
6.6704
6.67661
6.68169
6.68563
6.68844
6.69012
6.69083
6.69094
1.8361
1.65291
1.49527
1.3589
1.24036
1.13692
1.04641
0.967098
0.897637
0.836986
0.784367
0.739227
0.701217
0.670177
0.646129
0.629287
0.620063
0.619085
0.627212
0.645545
0.675421
0.718384
0.776119
0.850345
0.942674
1.05443
1.18646
1.33896
1.51139
1.70238
1.90983
2.131
2.36272
2.60162
2.84433
3.08771
3.32897
3.56578
3.7963
4.01916
4.23343
4.43852
4.63416
4.82026
4.99694
5.1644
5.32293
5.47288
5.61463
5.74857
5.87513
5.9947
6.1077
6.21453
6.31557
6.41119
6.50172
6.58751
6.66885
6.74603
6.81932
6.88896
6.95519
7.01822
7.07827
7.13551
7.19013
7.2423
7.29217
7.33989
7.38559
7.42941
7.47147
7.51188
7.55074
7.58816
7.62424
7.65906
7.69271
7.72526
7.75679
7.78737
7.81705
7.8459
7.87393
7.90113
7.92758
7.95331
7.97836
8.00276
8.02654
8.04972
8.0723
8.0943
8.11572
8.13655
8.15679
8.17643
8.19546
8.21385
8.23158
8.24864
8.26498
8.2806
8.29545
8.3095
8.32272
8.33507
8.34653
8.35706
8.36662
8.37519
8.38273
8.38922
8.39463
8.39894
8.40213
8.40419
8.40511
8.4049
8.40373
8.40203
1.83636
1.65391
1.49766
1.3634
1.24773
1.14801
1.06225
0.989009
0.927316
0.876617
0.836745
0.807909
0.790715
0.786204
0.795899
0.821852
0.866653
0.933377
1.02542
1.14622
1.29883
1.48541
1.70674
1.96185
2.24789
2.56029
2.89312
3.23972
3.59328
3.94745
4.29671
4.63665
4.964
5.27653
5.57294
5.85263
6.11551
6.36191
6.59234
6.80753
7.00828
7.19544
7.36989
7.5325
7.68411
7.82554
7.95756
8.08088
8.19618
8.30407
8.40514
8.4999
8.58884
8.67243
8.75106
8.82512
8.89495
8.96089
9.02322
9.08221
9.13811
9.19113
9.2415
9.2894
9.33501
9.37848
9.41997
9.45962
9.49756
9.53391
9.56879
9.6023
9.63455
9.66563
9.69563
9.72464
9.75273
9.77998
9.80645
9.83222
9.85733
9.88184
9.90574
9.92906
9.95185
9.97416
9.99602
10.0174
10.0385
10.0591
10.0794
10.0993
10.1188
10.1379
10.1566
10.1749
10.1928
10.2102
10.2271
10.2435
10.2593
10.2745
10.2891
10.303
10.3162
10.3287
10.3403
10.3511
10.361
10.37
10.378
10.385
10.3909
10.3958
10.3996
10.4022
10.4037
10.404
10.4031
10.4011
10.398
10.3945
1.8375
1.65781
1.50612
1.37805
1.2702
1.18027
1.10687
1.04951
1.00845
0.984782
0.980453
0.998438
1.04286
1.11906
1.23344
1.39298
1.60436
1.87266
2.19993
2.58419
3.019
3.49408
3.99655
4.51268
5.02952
5.53606
6.02388
6.48724
6.9227
7.32872
7.70509
8.0525
8.37224
8.66591
8.93532
9.1823
9.4087
9.6163
9.80675
9.98162
10.1423
10.2902
10.4264
10.5521
10.6681
10.7755
10.8749
10.9672
11.0529
11.1327
11.2071
11.2766
11.3416
11.4025
11.4597
11.5134
11.564
11.6117
11.6568
11.6995
11.7399
11.7783
11.8148
11.8495
11.8827
11.9144
11.9447
11.9738
12.0017
12.0285
12.0544
12.0795
12.1037
12.1272
12.15
12.1723
12.1941
12.2154
12.2362
12.2568
12.2769
12.2967
12.3162
12.3355
12.3546
12.3734
12.3921
12.4107
12.429
12.4472
12.4653
12.4831
12.5008
12.5182
12.5354
12.5523
12.5689
12.5851
12.6009
12.6162
12.631
12.6453
12.6589
12.6719
12.6842
12.6957
12.7063
12.7161
12.7249
12.7328
12.7396
12.7454
12.75
12.7535
12.7558
12.7568
12.7567
12.7553
12.7526
12.7487
12.7437
12.7383
1.84147
1.66992
1.52989
1.41637
1.32636
1.2589
1.21488
1.19691
1.20954
1.25958
1.35651
1.51247
1.74146
2.05731
2.47028
2.98331
3.58935
4.27125
5.00441
5.76123
6.51568
7.24653
7.93878
8.58342
9.17633
9.71685
10.2066
10.6485
11.0463
11.4037
11.7247
12.013
12.2721
12.5051
12.715
12.9043
13.0752
13.2299
13.3701
13.4973
13.6131
13.7186
13.815
13.9032
13.9841
14.0585
14.1269
14.1901
14.2486
14.3028
14.3531
14.4
14.4438
14.4847
14.5231
14.5592
14.5932
14.6252
14.6556
14.6844
14.7118
14.7378
14.7627
14.7865
14.8094
14.8313
14.8525
14.8729
14.8927
14.9119
14.9306
14.9488
14.9667
14.9842
15.0015
15.0186
15.0355
15.0523
15.069
15.0855
15.1021
15.1186
15.1352
15.1518
15.1685
15.1852
15.2021
15.219
15.236
15.253
15.27
15.287
15.304
15.3209
15.3376
15.3541
15.3704
15.3864
15.402
15.4171
15.4318
15.4458
15.4593
15.472
15.4839
15.495
15.5051
15.5143
15.5225
15.5296
15.5355
15.5402
15.5437
15.5459
15.5468
15.5463
15.5445
15.5413
15.5367
15.5308
15.5237
15.5161
1.85285
1.70072
1.58546
1.5017
1.44916
1.43197
1.45847
1.54185
1.70114
1.96146
2.3517
2.89816
3.61465
4.49336
5.50231
6.59165
7.70585
8.79557
9.82472
10.7718
11.6275
12.391
13.0665
13.6611
14.1827
14.6397
15.0399
15.3905
15.6979
15.9679
16.2053
16.4145
16.5991
16.7625
16.9074
17.0361
17.1507
17.253
17.3445
17.4266
17.5004
17.5669
17.627
17.6814
17.7309
17.7759
17.817
17.8547
17.8894
17.9214
17.9509
17.9784
18.004
18.0279
18.0503
18.0715
18.0914
18.1104
18.1284
18.1456
18.1621
18.178
18.1933
18.2081
18.2225
18.2365
18.2502
18.2636
18.2768
18.2899
18.3029
18.3158
18.3287
18.3417
18.3548
18.368
18.3813
18.3949
18.4086
18.4225
18.4367
18.4513
18.4662
18.4814
18.4969
18.5128
18.529
18.5455
18.5623
18.5793
18.5965
18.6138
18.6311
18.6485
18.6658
18.683
18.6999
18.7165
18.7328
18.7486
18.7638
18.7784
18.7922
18.8053
18.8174
18.8286
18.8387
18.8476
18.8554
18.8619
18.8671
18.8709
18.8733
18.8742
18.8737
18.8716
18.8679
18.8627
18.856
18.8478
18.8382
18.8281
1.88026
1.76748
1.69908
1.67351
1.70095
1.80207
2.00961
2.37039
2.94219
3.77923
4.90608
6.29451
7.86286
9.50137
11.1062
12.6024
13.9491
15.1326
16.1567
17.0345
17.7826
18.4184
18.9581
19.4163
19.8056
20.1369
20.4192
20.6603
20.8665
21.0433
21.1951
21.3257
21.4383
21.5355
21.6196
21.6925
21.7558
21.8108
21.8587
21.9005
21.9371
21.9692
21.9974
22.0223
22.0443
22.0639
22.0813
22.097
22.1111
22.124
22.1357
22.1465
22.1565
22.1659
22.1748
22.1833
22.1914
22.1992
22.2069
22.2144
22.2218
22.2291
22.2365
22.2439
22.2513
22.2588
22.2664
22.2742
22.2822
22.2905
22.299
22.3078
22.317
22.3265
22.3366
22.347
22.3579
22.3693
22.3812
22.3937
22.4068
22.4205
22.4349
22.4499
22.4655
22.4817
22.4984
22.5157
22.5334
22.5515
22.57
22.5887
22.6075
22.6264
22.6453
22.6641
22.6826
22.7008
22.7185
22.7357
22.7523
22.768
22.7829
22.7968
22.8097
22.8213
22.8317
22.8407
22.8483
22.8545
22.859
22.8619
22.8632
22.8627
22.8605
22.8565
22.8508
22.8433
22.834
22.823
22.8106
22.7974
1.9378
1.89636
1.91341
2.00574
2.21689
2.61955
3.31844
4.43183
6.03458
8.0893
10.4335
12.8459
15.1344
17.1824
18.9456
20.4273
21.6544
22.6625
23.4872
24.1607
24.7106
25.1597
25.5269
25.8273
26.0733
26.2747
26.4396
26.5745
26.6847
26.7745
26.8474
26.9063
26.9536
26.9913
27.0211
27.0442
27.0618
27.0749
27.0842
27.0905
27.0943
27.0961
27.0963
27.0952
27.0932
27.0904
27.0871
27.0834
27.0796
27.0757
27.0719
27.0682
27.0647
27.0615
27.0586
27.0561
27.054
27.0524
27.0511
27.0504
27.05
27.0502
27.0509
27.052
27.0537
27.0558
27.0585
27.0618
27.0656
27.07
27.075
27.0808
27.0872
27.0944
27.1023
27.111
27.1204
27.1308
27.142
27.1542
27.1673
27.1813
27.1963
27.2123
27.2291
27.2468
27.2652
27.2844
27.3042
27.3246
27.3455
27.3667
27.3881
27.4097
27.4312
27.4526
27.4737
27.4943
27.5144
27.5338
27.5524
27.5701
27.5866
27.6019
27.6159
27.6284
27.6394
27.6488
27.6564
27.6622
27.666
27.668
27.668
27.6659
27.6618
27.6556
27.6473
27.637
27.6246
27.6103
27.5943
27.5773
2.04645
2.12773
2.30595
2.65758
3.32772
4.53374
6.5018
9.29579
12.6862
16.2471
19.587
22.4842
24.877
26.7966
28.3117
29.4973
30.4207
31.1383
31.6951
32.1263
32.4594
32.7155
32.9112
33.0592
33.1695
33.25
33.3068
33.3447
33.3678
33.379
33.3808
33.3753
33.3641
33.3484
33.3294
33.3078
33.2845
33.26
33.2347
33.209
33.1834
33.1579
33.1328
33.1083
33.0846
33.0616
33.0396
33.0186
32.9986
32.9797
32.9618
32.9451
32.9295
32.9151
32.9017
32.8895
32.8783
32.8682
32.8592
32.8511
32.8441
32.8381
32.833
32.8288
32.8256
32.8232
32.8218
32.8214
32.8219
32.8233
32.8258
32.8293
32.8338
32.8394
32.8461
32.8539
32.863
32.8733
32.8849
32.8978
32.912
32.9275
32.9443
32.9624
32.9816
33.002
33.0234
33.0458
33.069
33.0929
33.1174
33.1424
33.1676
33.193
33.2183
33.2434
33.2681
33.2922
33.3156
33.3381
33.3596
33.3798
33.3987
33.416
33.4316
33.4454
33.4573
33.4672
33.4749
33.4804
33.4837
33.4845
33.483
33.479
33.4725
33.4636
33.4522
33.4384
33.4223
33.4039
33.3835
33.3617
2.23713
2.53016
3.03691
4.01133
5.87533
9.06502
13.589
18.8108
23.879
28.2371
31.7155
34.377
36.3669
37.8362
38.9126
39.6962
40.2622
40.6664
40.9501
41.1436
41.2695
41.3445
41.3812
41.3891
41.3754
41.3456
41.304
41.2538
41.1976
41.1372
41.0742
41.0097
40.9448
40.8801
40.8162
40.7534
40.6922
40.6328
40.5753
40.5199
40.4667
40.4158
40.3671
40.3207
40.2766
40.2348
40.1953
40.1579
40.1228
40.0898
40.0589
40.03
40.0031
39.9782
39.9551
39.9339
39.9144
39.8966
39.8804
39.8658
39.8527
39.8411
39.8309
39.8221
39.8146
39.8085
39.8036
39.8001
39.798
39.7972
39.7977
39.7997
39.8031
39.8079
39.8143
39.8222
39.8318
39.8431
39.8561
39.8709
39.8873
39.9055
39.9253
39.9468
39.9698
39.9942
40.02
40.0469
40.0749
40.1038
40.1333
40.1634
40.1938
40.2243
40.2547
40.2848
40.3143
40.3431
40.3709
40.3976
40.4229
40.4465
40.4685
40.4884
40.5063
40.5219
40.5351
40.5458
40.5538
40.5591
40.5616
40.5612
40.5579
40.5516
40.5423
40.5301
40.515
40.4969
40.4761
40.4526
40.4268
40.3992
2.55791
3.23424
4.47415
7.02087
11.7607
18.6935
26.4515
33.4836
39.0574
43.1541
46.0457
48.041
49.396
50.3008
50.8904
51.259
51.4724
51.5763
51.603
51.5754
51.5097
51.4178
51.3082
51.187
51.0588
50.927
50.7939
50.6615
50.5309
50.4031
50.2788
50.1585
50.0425
49.9309
49.8239
49.7215
49.6237
49.5305
49.4417
49.3574
49.2774
49.2015
49.1297
49.0619
48.9979
48.9375
48.8807
48.8274
48.7774
48.7306
48.6869
48.6461
48.6083
48.5731
48.5407
48.5107
48.4832
48.4581
48.4351
48.4143
48.3956
48.3788
48.3639
48.3509
48.3396
48.3301
48.3224
48.3163
48.3121
48.3096
48.3089
48.31
48.313
48.3178
48.3247
48.3337
48.3448
48.3581
48.3737
48.3914
48.4114
48.4335
48.4577
48.484
48.5122
48.5422
48.5739
48.607
48.6414
48.6768
48.7131
48.75
48.7872
48.8244
48.8615
48.8981
48.9339
48.9688
49.0023
49.0344
49.0646
49.0929
49.1189
49.1424
49.1633
49.1813
49.1964
49.2082
49.2169
49.2221
49.2238
49.2221
49.2167
49.2077
49.1952
49.179
49.1594
49.1362
49.1097
49.08
49.0476
49.0127
3.0897
4.51457
7.5105
13.8436
23.9762
35.3993
45.2416
52.4633
57.3279
60.4562
62.4041
63.5741
64.2364
64.5675
64.6822
64.6559
64.538
64.3617
64.1491
63.9153
63.6705
63.4218
63.1739
62.9301
62.6925
62.4625
62.241
62.0284
61.8251
61.631
61.4461
61.2703
61.1031
60.9445
60.7942
60.6517
60.5168
60.3892
60.2686
60.1546
60.0471
59.9457
59.8502
59.7602
59.6757
59.5962
59.5217
59.4519
59.3866
59.3256
59.2687
59.2158
59.1667
59.1212
59.0791
59.0404
59.0048
58.9723
58.9426
58.9157
58.8914
58.8696
58.8503
58.8332
58.8185
58.8059
58.7956
58.7875
58.7816
58.778
58.7766
58.7774
58.7806
58.7864
58.7947
58.8056
58.8193
58.8358
58.855
58.8771
58.9019
58.9295
58.9597
58.9925
59.0276
59.065
59.1043
59.1455
59.1882
59.2322
59.2771
59.3228
59.3687
59.4147
59.4604
59.5054
59.5494
59.5921
59.6331
59.6722
59.709
59.7433
59.7747
59.803
59.8279
59.8494
59.8671
59.8808
59.8905
59.8961
59.8973
59.8942
59.8867
59.8748
59.8585
59.8378
59.8129
59.7837
59.7505
59.7134
59.6731
59.6293
3.9802
6.99437
14.2291
28.0769
44.9651
59.2527
69.0256
75.0123
78.4486
80.3017
81.1992
81.5248
81.5093
81.2921
80.9579
80.5593
80.1286
79.6864
79.2452
78.8129
78.3944
77.9922
77.6079
77.2421
76.8948
76.5656
76.2541
75.9596
75.6814
75.4186
75.1706
74.9366
74.7158
74.5076
74.3112
74.1261
73.9517
73.7873
73.6325
73.4868
73.3497
73.2208
73.0996
72.9858
72.8791
72.779
72.6853
72.5976
72.5158
72.4395
72.3684
72.3024
72.2413
72.1847
72.1324
72.0844
72.0403
72
71.9633
71.9301
71.9001
71.8732
71.8494
71.8284
71.8103
71.7949
71.7823
71.7724
71.7653
71.761
71.7593
71.7606
71.7649
71.7723
71.7829
71.7969
71.8143
71.8352
71.8595
71.8874
71.9187
71.9534
71.9913
72.0324
72.0765
72.1233
72.1726
72.2241
72.2775
72.3324
72.3884
72.4452
72.5024
72.5596
72.6163
72.6722
72.7268
72.7796
72.8304
72.8787
72.9242
72.9664
73.0051
73.0399
73.0706
73.0968
73.1185
73.1352
73.147
73.1536
73.1549
73.1509
73.1415
73.1267
73.1064
73.0809
73.0501
73.0141
72.9733
72.9276
72.8779
72.8237
5.51862
12.1358
28.618
53.2721
75.163
89.4015
97.2921
101.233
102.948
103.451
103.303
102.812
102.148
101.406
100.641
99.882
99.1454
98.4402
97.7705
97.1377
96.5417
95.9813
95.4551
94.9613
94.4979
94.0631
93.6551
93.2721
92.9125
92.5749
92.2577
91.9596
91.6795
91.4163
91.1688
90.9362
90.7175
90.512
90.3188
90.1374
89.967
89.807
89.6569
89.5162
89.3843
89.261
89.1456
89.0378
88.9373
88.8438
88.7568
88.6761
88.6014
88.5323
88.4688
88.4104
88.3569
88.3081
88.2637
88.2236
88.1875
88.1553
88.1267
88.1018
88.0802
88.0621
88.0474
88.036
88.0279
88.0233
88.022
88.0244
88.0305
88.0405
88.0545
88.0726
88.095
88.1217
88.1527
88.188
88.2276
88.2714
88.3193
88.371
88.4264
88.4852
88.547
88.6116
88.6784
88.7472
88.8173
88.8884
88.96
89.0314
89.1024
89.1722
89.2404
89.3066
89.3701
89.4306
89.4875
89.5405
89.5891
89.633
89.6717
89.705
89.7327
89.7544
89.7699
89.779
89.7817
89.7779
89.7673
89.7502
89.7264
89.6961
89.6593
89.6163
89.5671
89.5122
89.4521
89.3861
8.30684
23.1874
55.9835
91.0944
114.02
125.618
130.558
132.117
132.044
131.21
130.045
128.76
127.463
126.203
125.006
123.88
122.828
121.848
120.937
120.09
119.302
118.569
117.887
117.251
116.658
116.105
115.588
115.104
114.652
114.228
113.832
113.46
113.111
112.784
112.477
112.189
111.919
111.665
111.427
111.204
110.994
110.798
110.614
110.441
110.28
110.129
109.988
109.857
109.734
109.621
109.515
109.417
109.326
109.243
109.166
109.096
109.032
108.973
108.92
108.872
108.829
108.791
108.757
108.728
108.703
108.682
108.665
108.652
108.644
108.639
108.639
108.643
108.652
108.665
108.684
108.708
108.737
108.771
108.81
108.855
108.905
108.96
109.021
109.086
109.155
109.229
109.307
109.388
109.471
109.558
109.645
109.735
109.824
109.914
110.003
110.091
110.177
110.261
110.341
110.418
110.49
110.558
110.62
110.677
110.727
110.771
110.808
110.837
110.859
110.874
110.88
110.879
110.869
110.851
110.825
110.791
110.749
110.7
110.643
110.578
110.508
110.429
13.6539
46.1866
100.89
141.893
161.711
168.972
170.465
169.543
167.685
165.531
163.354
161.269
159.321
157.52
155.863
154.341
152.944
151.66
150.477
149.387
148.38
147.449
146.585
145.784
145.039
144.345
143.699
143.096
142.533
142.007
141.515
141.054
140.623
140.218
139.84
139.484
139.151
138.839
138.547
138.272
138.015
137.774
137.549
137.337
137.14
136.956
136.784
136.624
136.475
136.336
136.208
136.089
135.979
135.878
135.786
135.701
135.623
135.553
135.49
135.433
135.382
135.337
135.297
135.263
135.234
135.21
135.191
135.177
135.168
135.165
135.166
135.173
135.185
135.204
135.228
135.259
135.296
135.34
135.39
135.446
135.509
135.579
135.655
135.736
135.824
135.916
136.013
136.115
136.22
136.328
136.439
136.551
136.664
136.777
136.889
137.001
137.11
137.216
137.319
137.417
137.51
137.598
137.68
137.754
137.821
137.881
137.932
137.974
138.007
138.031
138.046
138.05
138.045
138.03
138.005
137.97
137.926
137.872
137.809
137.736
137.656
137.566
24.4338
89.7616
166.479
206.652
220.133
222.111
219.946
216.502
212.836
209.324
206.086
203.143
200.483
198.078
195.9
193.923
192.124
190.481
188.976
187.595
186.324
185.151
184.066
183.062
182.13
181.264
180.457
179.706
179.005
178.351
177.739
177.168
176.632
176.131
175.662
175.222
174.81
174.424
174.063
173.724
173.406
173.109
172.831
172.572
172.329
172.102
171.891
171.694
171.511
171.342
171.185
171.04
170.906
170.783
170.67
170.567
170.474
170.389
170.313
170.245
170.184
170.131
170.084
170.044
170.011
169.984
169.963
169.948
169.939
169.937
169.941
169.951
169.969
169.994
170.026
170.065
170.113
170.168
170.232
170.303
170.383
170.47
170.565
170.667
170.776
170.892
171.014
171.141
171.273
171.408
171.547
171.689
171.831
171.974
172.117
172.259
172.398
172.534
172.667
172.794
172.916
173.031
173.139
173.239
173.331
173.413
173.486
173.548
173.6
173.64
173.669
173.687
173.693
173.687
173.669
173.639
173.597
173.544
173.479
173.403
173.317
173.218
46.6901
163.957
256.213
288.718
293.63
289.774
283.781
277.7
272.104
267.103
262.671
258.74
255.242
252.116
249.307
246.772
244.475
242.384
240.476
238.727
237.12
235.639
234.272
233.007
231.834
230.745
229.732
228.789
227.909
227.088
226.321
225.604
224.934
224.306
223.719
223.169
222.654
222.171
221.719
221.296
220.9
220.529
220.183
219.859
219.556
219.274
219.012
218.767
218.54
218.33
218.136
217.956
217.791
217.639
217.501
217.374
217.26
217.157
217.064
216.981
216.908
216.844
216.789
216.742
216.703
216.673
216.649
216.634
216.626
216.626
216.634
216.65
216.674
216.707
216.749
216.801
216.862
216.932
217.013
217.103
217.203
217.312
217.431
217.559
217.696
217.841
217.994
218.153
218.318
218.489
218.664
218.842
219.022
219.204
219.386
219.567
219.746
219.922
220.094
220.26
220.421
220.574
220.72
220.856
220.983
221.099
221.204
221.298
221.379
221.447
221.501
221.543
221.57
221.583
221.582
221.567
221.538
221.494
221.437
221.366
221.283
221.183
92.208
280.768
376.825
395.574
390.283
380.065
369.912
360.886
353.062
346.293
340.404
335.243
330.687
326.636
323.011
319.748
316.797
314.116
311.67
309.431
307.376
305.483
303.736
302.12
300.623
299.232
297.94
296.736
295.614
294.567
293.59
292.676
291.822
291.022
290.274
289.573
288.918
288.303
287.728
287.19
286.687
286.216
285.776
285.365
284.981
284.623
284.291
283.981
283.694
283.428
283.183
282.956
282.748
282.558
282.384
282.226
282.083
281.955
281.84
281.738
281.648
281.571
281.504
281.448
281.403
281.368
281.342
281.327
281.32
281.324
281.337
281.361
281.395
281.44
281.496
281.563
281.642
281.733
281.835
281.95
282.076
282.215
282.364
282.526
282.698
282.88
283.072
283.272
283.48
283.696
283.917
284.143
284.372
284.604
284.837
285.07
285.301
285.53
285.755
285.975
286.189
286.395
286.593
286.781
286.958
287.124
287.278
287.418
287.545
287.657
287.754
287.835
287.9
287.949
287.982
287.998
287.997
287.98
287.947
287.897
287.83
287.745
183.056
458.245
542.617
542.087
524.925
507.445
492.394
479.763
469.116
460.043
452.22
445.402
439.403
434.08
429.323
425.046
421.181
417.67
414.468
411.538
408.848
406.372
404.086
401.972
400.013
398.194
396.503
394.928
393.46
392.091
390.812
389.617
388.5
387.454
386.476
385.561
384.703
383.901
383.15
382.447
381.79
381.175
380.601
380.065
379.565
379.099
378.666
378.264
377.89
377.545
377.226
376.933
376.664
376.418
376.194
375.99
375.807
375.643
375.496
375.367
375.255
375.158
375.076
375.008
374.954
374.913
374.885
374.87
374.867
374.877
374.9
374.935
374.984
375.046
375.122
375.212
375.316
375.434
375.568
375.716
375.878
376.056
376.247
376.453
376.672
376.904
377.148
377.403
377.668
377.943
378.225
378.515
378.809
379.108
379.409
379.712
380.015
380.315
380.613
380.906
381.194
381.474
381.746
382.007
382.258
382.497
382.723
382.934
383.131
383.311
383.475
383.622
383.751
383.862
383.954
384.027
384.082
384.117
384.133
384.131
384.108
384.062
362.553
730.72
784.22
758.32
726.657
700.051
678.548
660.977
646.352
633.968
623.326
614.067
605.927
598.708
592.258
586.458
581.215
576.452
572.108
568.132
564.48
561.118
558.014
555.143
552.481
550.01
547.712
545.573
543.578
541.717
539.98
538.356
536.837
535.417
534.088
532.844
531.68
530.59
529.57
528.616
527.724
526.89
526.111
525.384
524.706
524.076
523.489
522.944
522.44
521.973
521.543
521.148
520.785
520.454
520.153
519.881
519.636
519.417
519.223
519.053
518.905
518.779
518.674
518.588
518.521
518.473
518.443
518.429
518.433
518.454
518.492
518.546
518.619
518.708
518.815
518.94
519.083
519.245
519.425
519.623
519.839
520.074
520.327
520.597
520.884
521.188
521.506
521.839
522.186
522.544
522.914
523.292
523.679
524.072
524.47
524.872
525.275
525.678
526.079
526.477
526.87
527.257
527.636
528.006
528.365
528.713
529.046
529.366
529.67
529.957
530.227
530.478
530.711
530.924
531.116
531.288
531.44
531.569
531.678
531.766
531.827
531.865
727.535
1175.53
1172.05
1111.42
1059.84
1020
988.702
963.396
942.421
924.688
909.454
896.195
884.534
874.185
864.934
856.61
849.082
842.239
835.996
830.279
825.027
820.189
815.721
811.587
807.755
804.196
800.886
797.803
794.93
792.248
789.744
787.404
785.215
783.168
781.253
779.46
777.783
776.213
774.744
773.37
772.085
770.884
769.763
768.718
767.743
766.836
765.993
765.211
764.487
763.818
763.201
762.635
762.116
761.643
761.214
760.826
760.478
760.168
759.894
759.655
759.449
759.275
759.131
759.016
758.929
758.869
758.835
758.826
758.842
758.883
758.948
759.037
759.151
759.288
759.45
759.636
759.846
760.081
760.34
760.623
760.931
761.262
761.616
761.992
762.391
762.811
763.25
763.709
764.185
764.677
765.184
765.703
766.234
766.775
767.324
767.878
768.437
768.998
769.56
770.12
770.678
771.23
771.776
772.314
772.842
773.359
773.863
774.353
774.828
775.286
775.726
776.148
776.55
776.931
777.292
777.63
777.947
778.241
778.512
778.76
778.976
779.167
1541.16
2000.71
1895.11
1779.62
1694.82
1631.66
1582.51
1542.85
1509.96
1482.12
1458.17
1437.31
1418.94
1402.62
1388.01
1374.87
1362.96
1352.14
1342.26
1333.21
1324.89
1317.22
1310.14
1303.59
1297.51
1291.86
1286.61
1281.72
1277.16
1272.91
1268.93
1265.22
1261.74
1258.49
1255.45
1252.61
1249.94
1247.45
1245.12
1242.94
1240.9
1239
1237.22
1235.56
1234.02
1232.58
1231.25
1230.01
1228.86
1227.8
1226.83
1225.94
1225.12
1224.37
1223.69
1223.08
1222.54
1222.05
1221.62
1221.25
1220.93
1220.67
1220.45
1220.28
1220.15
1220.07
1220.03
1220.03
1220.07
1220.15
1220.27
1220.43
1220.62
1220.86
1221.13
1221.44
1221.78
1222.16
1222.58
1223.03
1223.52
1224.04
1224.59
1225.18
1225.8
1226.44
1227.11
1227.81
1228.54
1229.28
1230.05
1230.84
1231.64
1232.45
1233.28
1234.12
1234.96
1235.81
1236.67
1237.52
1238.37
1239.22
1240.06
1240.9
1241.73
1242.54
1243.35
1244.14
1244.91
1245.67
1246.41
1247.13
1247.83
1248.51
1249.17
1249.8
1250.41
1251
1251.56
1252.1
1252.6
1253.07
3775.04
3941.35
3618.18
3387.09
3227.6
3110.01
3018.46
2944.39
2882.83
2830.61
2785.63
2746.37
2711.76
2680.99
2653.43
2628.59
2606.1
2585.64
2566.94
2549.81
2534.06
2519.54
2506.12
2493.7
2482.18
2471.48
2461.52
2452.25
2443.6
2435.53
2427.99
2420.94
2414.35
2408.19
2402.42
2397.02
2391.97
2387.24
2382.82
2378.69
2374.82
2371.21
2367.84
2364.7
2361.77
2359.05
2356.52
2354.18
2352.01
2350
2348.16
2346.47
2344.92
2343.52
2342.24
2341.09
2340.06
2339.15
2338.35
2337.65
2337.06
2336.56
2336.16
2335.85
2335.62
2335.48
2335.43
2335.45
2335.55
2335.72
2335.98
2336.3
2336.7
2337.18
2337.72
2338.33
2339.01
2339.76
2340.57
2341.45
2342.39
2343.39
2344.44
2345.56
2346.72
2347.93
2349.2
2350.5
2351.84
2353.23
2354.64
2356.08
2357.55
2359.04
2360.55
2362.08
2363.61
2365.16
2366.7
2368.25
2369.8
2371.35
2372.88
2374.41
2375.93
2377.43
2378.91
2380.38
2381.82
2383.24
2384.64
2386.02
2387.36
2388.68
2389.98
2391.24
2392.47
2393.68
2394.85
2396
2397.07
2398.14
11676.1
10215.1
9366.55
8821.2
8437.04
8148.03
7919.9
7733.64
7577.86
7445.12
7330.33
7229.89
7141.14
7062.08
6991.16
6927.18
6869.17
6816.34
6768.04
6723.74
6682.99
6645.41
6610.67
6578.49
6548.64
6520.89
6495.07
6471.01
6448.58
6427.63
6408.07
6389.78
6372.68
6356.68
6341.71
6327.7
6314.59
6302.32
6290.85
6280.12
6270.09
6260.73
6251.99
6243.85
6236.27
6229.21
6222.67
6216.6
6210.99
6205.82
6201.06
6196.69
6192.71
6189.08
6185.8
6182.85
6180.21
6177.87
6175.82
6174.05
6172.54
6171.29
6170.28
6169.51
6168.96
6168.64
6168.53
6168.64
6168.95
6169.46
6170.18
6171.1
6172.21
6173.52
6175.02
6176.72
6178.6
6180.66
6182.91
6185.33
6187.93
6190.68
6193.6
6196.66
6199.87
6203.2
6206.66
6210.23
6213.91
6217.67
6221.51
6225.42
6229.38
6233.39
6237.43
6241.5
6245.58
6249.65
6253.72
6257.77
6261.8
6265.78
6269.73
6273.62
6277.45
6281.22
6284.92
6288.54
6292.08
6295.54
6298.91
6302.19
6305.39
6308.48
6311.49
6314.4
6317.21
6319.94
6322.57
6325.12
6327.46
6329.82
)
;

boundaryField
{
    lowerWall
    {
        type            epsilonWallFunction;
        value           nonuniform List<scalar> 
122
(
11607.3
10157.7
9314.43
8772.21
8390.2
8102.79
7875.93
7690.7
7535.77
7403.76
7289.61
7189.73
7101.46
7022.84
6952.31
6888.69
6831
6778.46
6730.43
6686.38
6645.85
6608.48
6573.93
6541.93
6512.24
6484.64
6458.97
6435.04
6412.73
6391.9
6372.44
6354.26
6337.25
6321.34
6306.45
6292.52
6279.48
6267.29
6255.88
6245.21
6235.24
6225.92
6217.24
6209.14
6201.59
6194.58
6188.07
6182.04
6176.46
6171.31
6166.58
6162.24
6158.28
6154.67
6151.41
6148.47
6145.85
6143.52
6141.49
6139.73
6138.23
6136.99
6135.99
6135.23
6134.7
6134.39
6134.29
6134.41
6134.73
6135.24
6135.96
6136.87
6137.97
6139.27
6140.74
6142.4
6144.23
6146.24
6148.42
6150.76
6153.26
6155.92
6158.72
6161.66
6164.74
6167.94
6171.26
6174.68
6178.21
6181.83
6185.53
6189.3
6193.14
6197.03
6200.97
6204.94
6208.94
6212.97
6217
6221.05
6225.08
6229.11
6233.13
6237.12
6241.08
6245.01
6248.9
6252.74
6256.54
6260.28
6263.97
6267.59
6271.16
6274.66
6278.09
6281.45
6284.74
6287.96
6291.1
6294.17
6297.05
6299.96
)
;
    }
    upperWall
    {
        type            epsilonWallFunction;
        value           nonuniform List<scalar> 
122
(
11676.1
10215.1
9366.55
8821.2
8437.04
8148.03
7919.9
7733.64
7577.86
7445.12
7330.33
7229.89
7141.14
7062.08
6991.16
6927.18
6869.17
6816.34
6768.04
6723.74
6682.99
6645.41
6610.67
6578.49
6548.64
6520.89
6495.07
6471.01
6448.58
6427.63
6408.07
6389.78
6372.68
6356.68
6341.71
6327.7
6314.59
6302.32
6290.85
6280.12
6270.09
6260.73
6251.99
6243.85
6236.27
6229.21
6222.67
6216.6
6210.99
6205.82
6201.06
6196.69
6192.71
6189.08
6185.8
6182.85
6180.21
6177.87
6175.82
6174.05
6172.54
6171.29
6170.28
6169.51
6168.96
6168.64
6168.53
6168.64
6168.95
6169.46
6170.18
6171.1
6172.21
6173.52
6175.02
6176.72
6178.6
6180.66
6182.91
6185.33
6187.93
6190.68
6193.6
6196.66
6199.87
6203.2
6206.66
6210.23
6213.91
6217.67
6221.51
6225.42
6229.38
6233.39
6237.43
6241.5
6245.58
6249.65
6253.72
6257.77
6261.8
6265.78
6269.73
6273.62
6277.45
6281.22
6284.92
6288.54
6292.08
6295.54
6298.91
6302.19
6305.39
6308.48
6311.49
6314.4
6317.21
6319.94
6322.57
6325.12
6327.46
6329.82
)
;
    }
    inlet
    {
        type            turbulentMixingLengthDissipationRateInlet;
        mixingLength    0.07;
        phi             phi;
        k               k;
        value           uniform 2.0504;
    }
    outlet
    {
        type            zeroGradient;
    }
    frontAndBack
    {
        type            empty;
    }
}


// ************************************************************************* //
