/*--------------------------------*- C++ -*----------------------------------*\
  =========                 |
  \\      /  F ield         | OpenFOAM: The Open Source CFD Toolbox
   \\    /   O peration     | Website:  https://openfoam.org
    \\  /    A nd           | Version:  8
     \\/     M anipulation  |
\*---------------------------------------------------------------------------*/
FoamFile
{
    version     2.0;
    format      ascii;
    class       volScalarField;
    location    "850";
    object      k;
}
// * * * * * * * * * * * * * * * * * * * * * * * * * * * * * * * * * * * * * //

dimensions      [0 2 -2 0 0 0 0];

internalField   nonuniform List<scalar> 
7320
(
6.07652
5.55942
5.24732
5.04165
4.8942
4.78178
4.69211
4.61825
4.55602
4.50265
4.45625
4.41545
4.37924
4.34686
4.31771
4.29132
4.26733
4.24542
4.22534
4.20688
4.18987
4.17415
4.15959
4.14608
4.13352
4.12184
4.11095
4.10079
4.09131
4.08244
4.07415
4.0664
4.05914
4.05234
4.04598
4.04002
4.03444
4.02921
4.02432
4.01974
4.01546
4.01146
4.00773
4.00425
4.001
3.99799
3.99519
3.99259
3.99019
3.98797
3.98593
3.98406
3.98235
3.9808
3.97939
3.97812
3.97699
3.97599
3.97511
3.97435
3.97371
3.97317
3.97274
3.97241
3.97218
3.97205
3.97201
3.97205
3.97219
3.97241
3.97272
3.97311
3.97358
3.97413
3.97477
3.97548
3.97626
3.97713
3.97807
3.97907
3.98015
3.9813
3.98251
3.98378
3.98511
3.98649
3.98793
3.98941
3.99094
3.99251
3.99411
3.99575
3.99742
3.99911
4.00082
4.00255
4.00429
4.00604
4.0078
4.00956
4.01131
4.01306
4.01481
4.01654
4.01826
4.01997
4.02165
4.02332
4.02496
4.02658
4.02817
4.02973
4.03126
4.03277
4.03424
4.03567
4.03707
4.03844
4.03977
4.04107
4.04228
4.0435
4.84215
5.67924
5.54001
5.36046
5.21715
5.10399
5.01225
4.93597
4.87129
4.81558
4.76697
4.72412
4.68601
4.65186
4.62109
4.59321
4.56782
4.54462
4.52335
4.50378
4.48573
4.46904
4.45358
4.43924
4.4259
4.41348
4.40191
4.39111
4.38103
4.37161
4.3628
4.35455
4.34683
4.3396
4.33284
4.3265
4.32057
4.31501
4.30982
4.30495
4.30041
4.29616
4.2922
4.28851
4.28507
4.28187
4.2789
4.27615
4.27361
4.27127
4.26911
4.26714
4.26534
4.2637
4.26223
4.2609
4.25972
4.25867
4.25776
4.25698
4.25631
4.25576
4.25533
4.255
4.25477
4.25465
4.25462
4.25469
4.25484
4.25509
4.25543
4.25586
4.25638
4.25698
4.25768
4.25846
4.25932
4.26027
4.2613
4.26242
4.26362
4.26489
4.26624
4.26767
4.26917
4.27073
4.27236
4.27405
4.2758
4.27759
4.27943
4.28131
4.28323
4.28517
4.28715
4.28914
4.29114
4.29316
4.29518
4.29719
4.2992
4.3012
4.30318
4.30514
4.30707
4.30898
4.31085
4.31268
4.31448
4.31622
4.31792
4.31957
4.32117
4.32272
4.3242
4.32563
4.327
4.3283
4.32955
4.33073
4.33181
4.33281
3.59581
5.0514
5.15997
5.06781
4.96411
4.87324
4.79598
4.72999
4.67307
4.62344
4.57977
4.541
4.50635
4.47517
4.44698
4.42135
4.39797
4.37656
4.35689
4.33877
4.32204
4.30655
4.29219
4.27885
4.26644
4.25488
4.2441
4.23404
4.22464
4.21585
4.20763
4.19994
4.19274
4.186
4.17969
4.17378
4.16824
4.16307
4.15822
4.15369
4.14946
4.14551
4.14182
4.13839
4.1352
4.13223
4.12948
4.12694
4.12459
4.12243
4.12045
4.11863
4.11698
4.11549
4.11415
4.11294
4.11188
4.11094
4.11013
4.10944
4.10885
4.10838
4.10801
4.10774
4.10757
4.10749
4.1075
4.1076
4.10778
4.10805
4.10841
4.10885
4.10938
4.10999
4.1107
4.11149
4.11237
4.11335
4.11441
4.11556
4.1168
4.11813
4.11954
4.12104
4.12262
4.12427
4.126
4.12779
4.12965
4.13156
4.13352
4.13553
4.13757
4.13964
4.14174
4.14385
4.14596
4.14808
4.15019
4.15228
4.15435
4.1564
4.1584
4.16036
4.16228
4.16414
4.16594
4.16767
4.16933
4.17091
4.17242
4.17384
4.17517
4.17642
4.17757
4.17863
4.17959
4.18045
4.18121
4.18188
4.18242
4.18282
2.74725
4.48339
4.83294
4.83938
4.78111
4.71517
4.65355
4.59832
4.54927
4.50567
4.46677
4.43188
4.40045
4.372
4.34614
4.32254
4.30093
4.28108
4.2628
4.24593
4.23032
4.21585
4.20241
4.18991
4.17828
4.16743
4.15731
4.14786
4.13902
4.13076
4.12302
4.11579
4.10901
4.10267
4.09673
4.09117
4.08597
4.0811
4.07654
4.07229
4.06832
4.06461
4.06116
4.05794
4.05495
4.05218
4.04962
4.04725
4.04507
4.04307
4.04123
4.03956
4.03805
4.03668
4.03546
4.03437
4.03341
4.03258
4.03186
4.03125
4.03076
4.03036
4.03006
4.02986
4.02974
4.02972
4.02978
4.02992
4.03014
4.03044
4.03083
4.03131
4.03187
4.03252
4.03326
4.0341
4.03503
4.03605
4.03718
4.0384
4.03972
4.04113
4.04264
4.04425
4.04594
4.04772
4.04958
4.05151
4.05351
4.05558
4.05769
4.05985
4.06205
4.06428
4.06652
4.06877
4.07102
4.07326
4.07548
4.07767
4.07981
4.08192
4.08396
4.08594
4.08784
4.08966
4.09139
4.09303
4.09456
4.09599
4.0973
4.0985
4.09957
4.10052
4.10134
4.10203
4.10258
4.10301
4.1033
4.10346
4.10347
4.10328
2.10346
3.90602
4.48941
4.61127
4.60898
4.57387
4.53133
4.489
4.44924
4.41265
4.37922
4.34873
4.32092
4.29549
4.27219
4.2508
4.23111
4.21295
4.19616
4.18061
4.16619
4.15279
4.14032
4.12871
4.11788
4.10777
4.09833
4.08951
4.08125
4.07353
4.0663
4.05953
4.05319
4.04725
4.04169
4.03649
4.03163
4.02708
4.02282
4.01885
4.01515
4.01169
4.00848
4.00549
4.00272
4.00015
3.99778
3.9956
3.99359
3.99175
3.99008
3.98856
3.98719
3.98596
3.98487
3.98391
3.98307
3.98235
3.98173
3.98123
3.98083
3.98052
3.98031
3.98018
3.98014
3.98018
3.9803
3.9805
3.98078
3.98114
3.98159
3.98211
3.98273
3.98344
3.98424
3.98513
3.98613
3.98723
3.98844
3.98975
3.99116
3.99268
3.99431
3.99603
3.99786
3.99977
4.00178
4.00386
4.00602
4.00824
4.01051
4.01283
4.01518
4.01756
4.01995
4.02234
4.02472
4.02708
4.0294
4.03168
4.0339
4.03605
4.03812
4.0401
4.04199
4.04377
4.04543
4.04696
4.04837
4.04963
4.05075
4.05172
4.05254
4.0532
4.05369
4.05403
4.0542
4.0542
4.05404
4.05372
4.05323
4.05248
1.61624
3.30894
4.10161
4.35522
4.42201
4.42574
4.40724
4.38106
4.35281
4.32483
4.29808
4.27292
4.24944
4.22762
4.20738
4.18859
4.17115
4.15496
4.13991
4.1259
4.11285
4.10069
4.08934
4.07874
4.06884
4.05958
4.05091
4.0428
4.03521
4.02809
4.02143
4.01519
4.00935
4.00388
3.99875
3.99396
3.98947
3.98528
3.98137
3.97772
3.97432
3.97115
3.96821
3.96548
3.96295
3.96062
3.95847
3.95649
3.95469
3.95304
3.95155
3.95021
3.94901
3.94794
3.947
3.94618
3.94548
3.94489
3.94441
3.94402
3.94374
3.94354
3.94343
3.9434
3.94345
3.94358
3.94379
3.94407
3.94442
3.94486
3.94537
3.94597
3.94666
3.94744
3.94832
3.9493
3.95038
3.95157
3.95287
3.95428
3.9558
3.95744
3.95919
3.96104
3.963
3.96505
3.9672
3.96943
3.97174
3.97411
3.97654
3.97901
3.98151
3.98403
3.98656
3.98908
3.99157
3.99404
3.99645
3.99881
4.00109
4.00329
4.00538
4.00737
4.00923
4.01097
4.01256
4.014
4.01528
4.0164
4.01734
4.0181
4.01868
4.01908
4.01928
4.01929
4.01911
4.01873
4.01817
4.01741
4.01647
4.01523
1.26812
2.7064
3.65726
4.05358
4.20386
4.25636
4.26838
4.26267
4.24897
4.23181
4.21339
4.19484
4.17674
4.15936
4.14285
4.12725
4.11255
4.09875
4.0858
4.07365
4.06226
4.05158
4.04157
4.03219
4.02339
4.01514
4.0074
4.00014
3.99333
3.98695
3.98096
3.97535
3.97009
3.96516
3.96055
3.95624
3.95221
3.94844
3.94493
3.94166
3.93862
3.93579
3.93317
3.93074
3.92851
3.92645
3.92456
3.92284
3.92128
3.91986
3.91859
3.91745
3.91645
3.91557
3.91482
3.91417
3.91364
3.91321
3.91288
3.91264
3.9125
3.91243
3.91245
3.91254
3.91271
3.91295
3.91326
3.91365
3.91411
3.91464
3.91525
3.91594
3.91672
3.9176
3.91857
3.91964
3.92082
3.92212
3.92352
3.92504
3.92668
3.92844
3.93031
3.93229
3.93438
3.93657
3.93886
3.94123
3.94368
3.9462
3.94877
3.95138
3.95402
3.95667
3.95932
3.96196
3.96457
3.96713
3.96963
3.97206
3.9744
3.97664
3.97876
3.98075
3.98261
3.9843
3.98584
3.9872
3.98839
3.98938
3.99017
3.99076
3.99115
3.99132
3.99128
3.99101
3.99054
3.98984
3.98894
3.98781
3.98649
3.98483
1.04443
2.13048
3.15609
3.69382
3.94125
4.05401
4.10457
4.12487
4.12967
4.12622
4.11833
4.10811
4.09673
4.0849
4.07304
4.06139
4.0501
4.03924
4.02888
4.01901
4.00966
4.0008
3.99243
3.98452
3.97707
3.97005
3.96343
3.95721
3.95135
3.94585
3.94068
3.93583
3.93129
3.92702
3.92303
3.9193
3.91582
3.91257
3.90954
3.90672
3.90411
3.9017
3.89946
3.89741
3.89552
3.8938
3.89223
3.89081
3.88953
3.88839
3.88738
3.8865
3.88574
3.88509
3.88456
3.88413
3.8838
3.88357
3.88342
3.88337
3.88339
3.88349
3.88367
3.88391
3.88423
3.88461
3.88506
3.88557
3.88616
3.88681
3.88754
3.88835
3.88925
3.89023
3.89132
3.89251
3.8938
3.89521
3.89673
3.89837
3.90013
3.90201
3.90401
3.90612
3.90834
3.91067
3.91309
3.91559
3.91818
3.92083
3.92353
3.92628
3.92904
3.93182
3.93459
3.93734
3.94005
3.94271
3.9453
3.9478
3.9502
3.95249
3.95465
3.95666
3.95852
3.96021
3.96171
3.96303
3.96414
3.96505
3.96573
3.9662
3.96643
3.96644
3.96621
3.96574
3.96503
3.96409
3.96291
3.9615
3.95988
3.95789
0.919762
1.62589
2.61278
3.26902
3.62244
3.80741
3.90596
3.95917
3.98747
4.00145
4.00694
4.00725
4.00438
3.99954
3.99352
3.98681
3.97977
3.97259
3.96544
3.95842
3.95158
3.94497
3.93862
3.93255
3.92675
3.92124
3.91601
3.91105
3.90637
3.90195
3.89779
3.89387
3.89019
3.88673
3.8835
3.88048
3.87766
3.87504
3.8726
3.87035
3.86826
3.86635
3.86459
3.86298
3.86152
3.8602
3.85902
3.85797
3.85705
3.85624
3.85555
3.85498
3.85451
3.85415
3.85388
3.85371
3.85363
3.85364
3.85372
3.85389
3.85412
3.85443
3.8548
3.85523
3.85573
3.85629
3.85691
3.85759
3.85833
3.85913
3.86001
3.86097
3.862
3.86313
3.86435
3.86567
3.8671
3.86863
3.87029
3.87206
3.87394
3.87595
3.87808
3.88032
3.88267
3.88513
3.88768
3.89032
3.89303
3.89581
3.89864
3.90151
3.9044
3.9073
3.91019
3.91305
3.91587
3.91862
3.9213
3.92389
3.92637
3.92872
3.93093
3.93298
3.93487
3.93657
3.93808
3.93939
3.94048
3.94134
3.94197
3.94236
3.94251
3.94241
3.94205
3.94144
3.94058
3.93947
3.9381
3.93649
3.93465
3.93243
0.860369
1.23773
2.06198
2.78202
3.23846
3.50547
3.66218
3.75644
3.81442
3.85055
3.87304
3.88674
3.89464
3.89864
3.89999
3.89953
3.89781
3.89526
3.89213
3.88865
3.88496
3.88115
3.87732
3.87351
3.86978
3.86614
3.86262
3.85924
3.856
3.85292
3.84999
3.84722
3.8446
3.84215
3.83985
3.8377
3.8357
3.83385
3.83214
3.83056
3.82913
3.82782
3.82664
3.82559
3.82465
3.82383
3.82312
3.82252
3.82203
3.82163
3.82134
3.82114
3.82103
3.82101
3.82108
3.82123
3.82145
3.82175
3.82212
3.82255
3.82305
3.8236
3.82422
3.82489
3.82561
3.82638
3.82721
3.82809
3.82903
3.83003
3.83109
3.83222
3.83343
3.83472
3.8361
3.83757
3.83915
3.84084
3.84264
3.84455
3.84658
3.84873
3.85099
3.85337
3.85586
3.85845
3.86113
3.8639
3.86675
3.86966
3.87262
3.87561
3.87863
3.88164
3.88465
3.88763
3.89056
3.89342
3.8962
3.89889
3.90146
3.90389
3.90618
3.90831
3.91025
3.91201
3.91356
3.91489
3.916
3.91688
3.9175
3.91788
3.918
3.91785
3.91745
3.91677
3.91583
3.91462
3.91314
3.91141
3.90944
3.90706
0.836787
0.98815
1.55966
2.25312
2.7872
3.13869
3.36248
3.50657
3.60152
3.66555
3.70958
3.74028
3.76187
3.77709
3.78779
3.79521
3.80023
3.80349
3.80544
3.80641
3.80665
3.80636
3.80567
3.8047
3.80353
3.80223
3.80084
3.79941
3.79796
3.79653
3.79514
3.79379
3.7925
3.79127
3.79012
3.78905
3.78807
3.78716
3.78635
3.78562
3.78498
3.78443
3.78396
3.78358
3.78329
3.78308
3.78295
3.78291
3.78294
3.78305
3.78324
3.7835
3.78383
3.78424
3.78471
3.78524
3.78584
3.7865
3.78721
3.78798
3.7888
3.78966
3.79057
3.79153
3.79253
3.79357
3.79466
3.79579
3.79697
3.7982
3.79949
3.80083
3.80225
3.80374
3.80532
3.80698
3.80874
3.8106
3.81257
3.81465
3.81684
3.81914
3.82156
3.82408
3.82671
3.82944
3.83227
3.83518
3.83816
3.8412
3.8443
3.84742
3.85057
3.85372
3.85685
3.85995
3.863
3.86599
3.86889
3.8717
3.87438
3.87692
3.87932
3.88154
3.88358
3.88543
3.88706
3.88848
3.88965
3.89059
3.89127
3.89169
3.89184
3.89172
3.89132
3.89065
3.8897
3.88846
3.88696
3.88518
3.88315
3.88071
0.830413
0.857509
1.16926
1.7285
2.28148
2.70333
2.99742
3.19899
3.33861
3.4372
3.50825
3.56042
3.59936
3.62883
3.65138
3.6688
3.68236
3.69298
3.70133
3.70792
3.71312
3.71725
3.72051
3.72309
3.72514
3.72675
3.72802
3.72903
3.72983
3.73046
3.73097
3.73139
3.73174
3.73204
3.73232
3.73259
3.73285
3.73312
3.73342
3.73373
3.73407
3.73445
3.73487
3.73532
3.73582
3.73637
3.73696
3.73759
3.73828
3.73901
3.73979
3.74062
3.74149
3.74242
3.74339
3.7444
3.74546
3.74656
3.7477
3.74887
3.75008
3.75133
3.75261
3.75392
3.75526
3.75663
3.75804
3.75948
3.76096
3.76247
3.76404
3.76565
3.76732
3.76906
3.77087
3.77276
3.77474
3.77681
3.77898
3.78125
3.78362
3.7861
3.78869
3.79139
3.79418
3.79707
3.80005
3.80311
3.80624
3.80943
3.81267
3.81594
3.81923
3.82252
3.8258
3.82904
3.83224
3.83536
3.83841
3.84135
3.84417
3.84685
3.84938
3.85174
3.85392
3.85589
3.85765
3.85919
3.86048
3.86153
3.86231
3.86283
3.86308
3.86304
3.86273
3.86212
3.86123
3.86004
3.85858
3.85682
3.85482
3.85238
0.831632
0.801461
0.924682
1.27902
1.76057
2.20994
2.5635
2.82478
3.0153
3.15518
3.2594
3.33832
3.39906
3.44651
3.48408
3.51418
3.53856
3.5585
3.57496
3.58866
3.60014
3.60984
3.61808
3.62514
3.63123
3.63651
3.64112
3.64518
3.64878
3.652
3.65489
3.65751
3.65991
3.66212
3.66418
3.66611
3.66793
3.66967
3.67133
3.67294
3.67451
3.67604
3.67755
3.67904
3.68052
3.68199
3.68347
3.68495
3.68643
3.68793
3.68945
3.69097
3.69252
3.69409
3.69567
3.69727
3.6989
3.70054
3.7022
3.70388
3.70558
3.70729
3.70902
3.71077
3.71253
3.71431
3.71611
3.71793
3.71977
3.72164
3.72354
3.72549
3.72747
3.72951
3.73161
3.73378
3.73602
3.73834
3.74076
3.74326
3.74586
3.74855
3.75135
3.75424
3.75722
3.76029
3.76345
3.76669
3.76999
3.77335
3.77675
3.78019
3.78364
3.78709
3.79053
3.79394
3.7973
3.80059
3.8038
3.80691
3.8099
3.81275
3.81545
3.81798
3.82032
3.82247
3.8244
3.8261
3.82756
3.82877
3.82972
3.83039
3.83079
3.8309
3.83072
3.83024
3.82947
3.82841
3.82705
3.82539
3.82347
3.82111
0.835915
0.782667
0.803403
0.968303
1.29566
1.69673
2.07275
2.38225
2.62383
2.80953
2.95259
3.06386
3.15146
3.22133
3.27774
3.32383
3.3619
3.39365
3.42038
3.44308
3.46251
3.47926
3.4938
3.50652
3.51771
3.52762
3.53644
3.54435
3.55147
3.55793
3.56381
3.5692
3.57417
3.57877
3.58305
3.58705
3.59082
3.59438
3.59776
3.60098
3.60407
3.60704
3.6099
3.61268
3.61537
3.61801
3.62058
3.62311
3.62559
3.62804
3.63046
3.63285
3.63523
3.63759
3.63993
3.64226
3.64459
3.6469
3.64921
3.65151
3.65381
3.6561
3.65839
3.66067
3.66295
3.66523
3.66751
3.6698
3.67209
3.6744
3.67672
3.67907
3.68144
3.68385
3.68631
3.68882
3.69139
3.69402
3.69673
3.69952
3.70239
3.70535
3.70839
3.71152
3.71473
3.71803
3.7214
3.72484
3.72835
3.7319
3.7355
3.73913
3.74277
3.74642
3.75004
3.75364
3.75719
3.76068
3.76409
3.76739
3.77058
3.77364
3.77654
3.77928
3.78184
3.78419
3.78633
3.78825
3.78992
3.79134
3.7925
3.79338
3.79398
3.79429
3.79431
3.79403
3.79344
3.79255
3.79136
3.78986
3.78809
3.78588
0.841165
0.780282
0.755
0.801817
0.962762
1.23783
1.56799
1.88853
2.16639
2.39488
2.57903
2.72692
2.8462
2.94319
3.02278
3.08874
3.14394
3.19054
3.23023
3.26431
3.29379
3.31947
3.34199
3.36186
3.37951
3.39527
3.40941
3.42217
3.43374
3.44429
3.45394
3.46281
3.47101
3.47861
3.48568
3.4923
3.4985
3.50435
3.50988
3.51512
3.5201
3.52487
3.52943
3.53381
3.53802
3.5421
3.54604
3.54987
3.55359
3.55722
3.56077
3.56424
3.56765
3.57099
3.57428
3.57751
3.5807
3.58385
3.58696
3.59003
3.59307
3.59607
3.59905
3.602
3.60492
3.60782
3.6107
3.61356
3.61641
3.61926
3.6221
3.62495
3.6278
3.63067
3.63357
3.6365
3.63948
3.6425
3.64558
3.64872
3.65193
3.65521
3.65856
3.66198
3.66548
3.66905
3.67268
3.67638
3.68013
3.68393
3.68776
3.69162
3.69549
3.69936
3.70322
3.70704
3.71082
3.71454
3.71818
3.72172
3.72514
3.72844
3.73159
3.73457
3.73738
3.73999
3.74238
3.74456
3.74649
3.74817
3.74959
3.75073
3.75159
3.75215
3.75242
3.75238
3.75204
3.75138
3.75042
3.74914
3.74757
3.74558
0.846372
0.784571
0.740866
0.731421
0.780818
0.913761
1.13036
1.39676
1.66969
1.92048
2.13792
2.32135
2.47447
2.60211
2.70889
2.79873
2.87484
2.93979
2.99561
3.04393
3.08604
3.12297
3.15556
3.18449
3.2103
3.23346
3.25433
3.27323
3.29043
3.30614
3.32056
3.33383
3.3461
3.35748
3.36808
3.37798
3.38726
3.39598
3.40421
3.41198
3.41936
3.42637
3.43306
3.43945
3.44557
3.45145
3.4571
3.46256
3.46784
3.47294
3.4779
3.48271
3.4874
3.49197
3.49643
3.50079
3.50506
3.50925
3.51335
3.51738
3.52134
3.52523
3.52906
3.53283
3.53655
3.54021
3.54383
3.54741
3.55095
3.55446
3.55795
3.56142
3.56487
3.56832
3.57177
3.57523
3.57871
3.58222
3.58576
3.58934
3.59297
3.59666
3.60039
3.60419
3.60804
3.61195
3.61591
3.61992
3.62398
3.62807
3.6322
3.63634
3.64049
3.64464
3.64877
3.65287
3.65692
3.66091
3.66482
3.66864
3.67235
3.67593
3.67936
3.68264
3.68574
3.68865
3.69134
3.69382
3.69606
3.69805
3.69977
3.70123
3.70239
3.70327
3.70384
3.7041
3.70405
3.70369
3.703
3.702
3.7007
3.69897
0.851011
0.791143
0.741126
0.708367
0.70346
0.741579
0.838108
0.996907
1.20263
1.4285
1.65059
1.85477
2.03555
2.19259
2.3279
2.44426
2.54449
2.63115
2.70642
2.77214
2.82983
2.88074
2.9259
2.96617
3.00225
3.03473
3.0641
3.09076
3.11507
3.13731
3.15775
3.17659
3.19401
3.21018
3.22523
3.23928
3.25243
3.26479
3.27641
3.28739
3.29777
3.30762
3.31699
3.32591
3.33442
3.34257
3.35038
3.35788
3.3651
3.37206
3.37878
3.38528
3.39157
3.39768
3.40361
3.40938
3.415
3.42047
3.42582
3.43104
3.43615
3.44115
3.44604
3.45084
3.45555
3.46017
3.46471
3.46917
3.47357
3.47792
3.4822
3.48644
3.49064
3.4948
3.49894
3.50307
3.50718
3.5113
3.51542
3.51956
3.52373
3.52792
3.53215
3.53641
3.54071
3.54505
3.54943
3.55384
3.55828
3.56275
3.56723
3.57173
3.57623
3.58071
3.58518
3.58961
3.59399
3.59831
3.60255
3.6067
3.61075
3.61466
3.61844
3.62206
3.6255
3.62876
3.63181
3.63464
3.63723
3.63958
3.64167
3.64348
3.64501
3.64624
3.64717
3.64779
3.64809
3.64806
3.64772
3.64704
3.64606
3.64465
0.854799
0.797919
0.746862
0.705362
0.677885
0.670753
0.692779
0.753704
0.859331
1.00619
1.18133
1.368
1.55204
1.72458
1.88152
2.02185
2.14624
2.2561
2.35311
2.43889
2.51496
2.58264
2.64307
2.69726
2.74602
2.79009
2.83005
2.86643
2.89966
2.93013
2.95815
2.98401
3.00794
3.03015
3.05083
3.07013
3.08819
3.10513
3.12106
3.13608
3.15027
3.1637
3.17644
3.18856
3.20009
3.2111
3.22163
3.23171
3.24138
3.25067
3.25961
3.26823
3.27654
3.28458
3.29236
3.2999
3.30721
3.31431
3.32122
3.32794
3.33448
3.34086
3.34709
3.35317
3.35911
3.36492
3.37062
3.37619
3.38167
3.38704
3.39232
3.39753
3.40266
3.40772
3.41273
3.41768
3.42259
3.42748
3.43234
3.43719
3.44203
3.44687
3.45172
3.45657
3.46145
3.46633
3.47124
3.47615
3.48109
3.48603
3.49097
3.49591
3.50084
3.50576
3.51064
3.51548
3.52027
3.52499
3.52964
3.53419
3.53863
3.54294
3.54712
3.55114
3.55499
3.55865
3.56211
3.56536
3.56837
3.57113
3.57363
3.57586
3.5778
3.57945
3.58079
3.58182
3.58252
3.5829
3.58294
3.58264
3.58204
3.58101
0.857613
0.803838
0.754023
0.710069
0.674015
0.648368
0.636594
0.64348
0.674826
0.73588
0.828724
0.950234
1.09243
1.24518
1.3992
1.54782
1.68713
1.81538
1.93217
2.03791
2.13338
2.21952
2.29731
2.36767
2.43146
2.48942
2.54224
2.59051
2.63474
2.67539
2.71285
2.74747
2.77954
2.80934
2.83709
2.863
2.88724
2.90997
2.93134
2.95146
2.97045
2.98842
3.00543
3.02158
3.03694
3.05157
3.06553
3.07887
3.09164
3.10387
3.11562
3.12691
3.13778
3.14825
3.15836
3.16813
3.17758
3.18672
3.19559
3.20419
3.21255
3.22067
3.22857
3.23626
3.24376
3.25107
3.2582
3.26517
3.27199
3.27866
3.2852
3.29161
3.29791
3.3041
3.31019
3.31619
3.32212
3.32797
3.33376
3.33951
3.34521
3.35087
3.35651
3.36213
3.36774
3.37332
3.3789
3.38447
3.39003
3.39557
3.4011
3.40661
3.4121
3.41755
3.42295
3.42831
3.43361
3.43883
3.44396
3.449
3.45392
3.45872
3.46338
3.46788
3.47221
3.47635
3.48029
3.48401
3.4875
3.49074
3.49372
3.49643
3.49885
3.50097
3.50279
3.50428
3.50544
3.50627
3.50676
3.50691
3.50673
3.50615
0.859482
0.808378
0.760626
0.716973
0.678334
0.645749
0.620512
0.604371
0.599722
0.609658
0.637654
0.686738
0.758296
0.851094
0.961178
1.08279
1.20982
1.33698
1.46042
1.57773
1.68765
1.78972
1.88396
1.9707
2.05043
2.12369
2.19105
2.25304
2.31019
2.36296
2.41178
2.45704
2.49907
2.5382
2.57469
2.6088
2.64074
2.6707
2.69887
2.7254
2.75044
2.7741
2.7965
2.81774
2.83792
2.85712
2.87541
2.89287
2.90955
2.92551
2.9408
2.95548
2.96957
2.98313
2.99619
3.00877
3.02092
3.03265
3.04399
3.05498
3.06562
3.07593
3.08595
3.09567
3.10513
3.11432
3.12327
3.132
3.14051
3.14881
3.15692
3.16486
3.17262
3.18023
3.1877
3.19503
3.20223
3.20932
3.21629
3.22318
3.22997
3.23669
3.24335
3.24994
3.25648
3.26297
3.26941
3.27582
3.28218
3.2885
3.29478
3.30102
3.30721
3.31334
3.31942
3.32542
3.33135
3.3372
3.34295
3.34859
3.35411
3.35949
3.36473
3.36981
3.37471
3.37942
3.38393
3.38821
3.39226
3.39606
3.3996
3.40286
3.40583
3.4085
3.41085
3.41288
3.41457
3.41592
3.41691
3.41756
3.41787
3.41779
0.860565
0.811411
0.765711
0.723439
0.684828
0.650242
0.620147
0.595142
0.57603
0.563904
0.56022
0.566795
0.585676
0.618805
0.66751
0.731993
0.81102
0.902008
1.00149
1.10577
1.21146
1.31586
1.41705
1.51381
1.60547
1.69173
1.77257
1.84814
1.91867
1.98447
2.04585
2.10313
2.15664
2.20668
2.25353
2.29744
2.33866
2.37742
2.4139
2.44831
2.48079
2.51151
2.54061
2.5682
2.5944
2.61932
2.64305
2.66568
2.68728
2.70793
2.72769
2.74663
2.7648
2.78225
2.79903
2.81517
2.83073
2.84573
2.86021
2.8742
2.88773
2.90083
2.91351
2.92581
2.93773
2.94931
2.96056
2.9715
2.98215
2.99252
3.00262
3.01248
3.0221
3.0315
3.0407
3.0497
3.05852
3.06717
3.07566
3.084
3.0922
3.10027
3.10822
3.11606
3.1238
3.13145
3.13902
3.1465
3.1539
3.16122
3.16847
3.17564
3.18273
3.18975
3.19667
3.20351
3.21025
3.21688
3.2234
3.22979
3.23605
3.24216
3.24812
3.2539
3.2595
3.2649
3.27008
3.27504
3.27975
3.28421
3.2884
3.29231
3.29591
3.29921
3.30218
3.30482
3.30711
3.30905
3.31063
3.31185
3.31272
3.31321
0.861099
0.813133
0.76901
0.728261
0.690673
0.656203
0.624916
0.596953
0.57254
0.551996
0.535764
0.524447
0.518835
0.519919
0.528854
0.546863
0.575059
0.614217
0.664541
0.725514
0.795886
0.873821
0.957145
1.04364
1.13129
1.21842
1.30375
1.3864
1.4658
1.54163
1.61374
1.68211
1.74682
1.80798
1.86575
1.92031
1.97184
2.02055
2.0666
2.11017
2.15144
2.19056
2.22768
2.26294
2.29646
2.32837
2.35877
2.38777
2.41546
2.44192
2.46725
2.4915
2.51476
2.53708
2.55852
2.57914
2.59898
2.61809
2.63652
2.6543
2.67148
2.68807
2.70413
2.71967
2.73472
2.74931
2.76347
2.77721
2.79056
2.80353
2.81616
2.82844
2.84042
2.85209
2.86348
2.8746
2.88547
2.8961
2.90651
2.91671
2.9267
2.93649
2.94611
2.95556
2.96485
2.97399
2.98299
2.99186
3.0006
3.00922
3.01772
3.02609
3.03436
3.0425
3.05052
3.05842
3.06619
3.07383
3.08133
3.08867
3.09586
3.10289
3.10973
3.11639
3.12284
3.12908
3.13509
3.14086
3.14637
3.15162
3.15658
3.16124
3.16559
3.16962
3.17332
3.17667
3.17966
3.18228
3.18453
3.18639
3.18791
3.18904
0.861317
0.813942
0.770775
0.731184
0.694718
0.661081
0.630095
0.601662
0.575754
0.552397
0.531673
0.513721
0.498751
0.487049
0.478999
0.475087
0.475905
0.482135
0.494503
0.513718
0.540366
0.574817
0.617121
0.666952
0.72361
0.786067
0.853079
0.923307
0.99544
1.06829
1.14087
1.21238
1.28223
1.35001
1.41546
1.47841
1.53881
1.59663
1.6519
1.70469
1.75507
1.80315
1.84902
1.8928
1.93459
1.9745
2.01264
2.0491
2.08399
2.11739
2.14938
2.18005
2.20948
2.23774
2.26489
2.291
2.31613
2.34033
2.36365
2.38614
2.40785
2.42882
2.44909
2.46869
2.48766
2.50603
2.52383
2.5411
2.55784
2.57411
2.5899
2.60526
2.6202
2.63474
2.6489
2.6627
2.67617
2.68931
2.70215
2.71469
2.72696
2.73896
2.75072
2.76222
2.7735
2.78456
2.79542
2.80607
2.81654
2.82683
2.83694
2.84688
2.85664
2.86625
2.87568
2.88495
2.89405
2.90297
2.91172
2.92028
2.92865
2.93682
2.94479
2.95254
2.96005
2.96733
2.97436
2.98112
2.9876
2.9938
2.99969
3.00526
3.0105
3.0154
3.01995
3.02413
3.02793
3.03135
3.03437
3.03699
3.03924
3.04112
0.861389
0.814244
0.77153
0.732597
0.696917
0.664079
0.633769
0.605753
0.579862
0.555979
0.53403
0.513979
0.495828
0.479611
0.4654
0.453309
0.443493
0.436161
0.431574
0.430052
0.431968
0.437737
0.4478
0.462586
0.482476
0.507758
0.538578
0.574904
0.616512
0.66298
0.713718
0.768009
0.825062
0.88407
0.94426
1.00493
1.06548
1.12542
1.18436
1.242
1.29815
1.35266
1.40546
1.45649
1.50575
1.55324
1.59899
1.64303
1.68542
1.72622
1.76547
1.80324
1.8396
1.87461
1.90832
1.94081
1.97213
2.00234
2.03148
2.05961
2.08678
2.11304
2.13842
2.16297
2.18673
2.20974
2.23203
2.25364
2.2746
2.29493
2.31467
2.33385
2.35249
2.37061
2.38825
2.40541
2.42213
2.43843
2.45432
2.46983
2.48496
2.49975
2.5142
2.52833
2.54215
2.55566
2.56889
2.58184
2.59452
2.60695
2.61913
2.63107
2.64278
2.65426
2.66551
2.67654
2.68734
2.69791
2.70825
2.71836
2.72824
2.73787
2.74725
2.75637
2.76523
2.7738
2.78209
2.79008
2.79776
2.80511
2.81213
2.8188
2.82511
2.83105
2.83661
2.84178
2.84654
2.85089
2.85481
2.85832
2.86143
2.86416
0.861406
0.814329
0.771776
0.733121
0.697834
0.665476
0.635686
0.608168
0.582682
0.559037
0.53708
0.516692
0.497782
0.480288
0.464168
0.449403
0.435996
0.423969
0.413369
0.404262
0.396745
0.390937
0.38699
0.385084
0.385432
0.38827
0.393857
0.402461
0.414344
0.429748
0.448872
0.471851
0.49874
0.5295
0.563987
0.601961
0.643088
0.68696
0.733122
0.781088
0.830373
0.880513
0.93108
0.981697
1.03204
1.08185
1.1309
1.17905
1.22616
1.27217
1.317
1.36062
1.40303
1.44421
1.48417
1.52293
1.56051
1.59692
1.63222
1.66641
1.69954
1.73165
1.76277
1.79293
1.82218
1.85055
1.87807
1.90478
1.93071
1.95589
1.98034
2.00411
2.02721
2.04968
2.07153
2.0928
2.1135
2.13367
2.15333
2.17248
2.19117
2.2094
2.2272
2.24458
2.26157
2.27816
2.29438
2.31023
2.32572
2.34087
2.35568
2.37017
2.38435
2.39821
2.41177
2.42504
2.438
2.45067
2.46304
2.47512
2.4869
2.49837
2.50954
2.52038
2.53091
2.54111
2.55096
2.56047
2.56962
2.5784
2.5868
2.59481
2.60241
2.60961
2.61638
2.62273
2.62863
2.63408
2.63909
2.64363
2.64776
2.65148
0.861407
0.814342
0.77183
0.73326
0.698113
0.665954
0.636417
0.609191
0.584014
0.560665
0.538959
0.518737
0.499869
0.482247
0.46578
0.450397
0.43604
0.422666
0.410246
0.398762
0.388209
0.378592
0.36993
0.362255
0.355609
0.350053
0.345657
0.342512
0.340722
0.340409
0.341709
0.344772
0.349758
0.356833
0.366159
0.377891
0.392165
0.409092
0.428747
0.45116
0.476313
0.504137
0.534507
0.567251
0.602152
0.638957
0.677388
0.717155
0.757962
0.799524
0.841567
0.883842
0.926129
0.968233
1.00999
1.05127
1.09197
1.13199
1.17129
1.20981
1.24751
1.28439
1.32043
1.35563
1.38998
1.42349
1.45617
1.48803
1.51908
1.54934
1.57883
1.60756
1.63555
1.66283
1.68942
1.71532
1.74058
1.76521
1.78922
1.81265
1.8355
1.85781
1.87959
1.90085
1.92161
1.94189
1.96171
1.98108
2
2.01849
2.03655
2.05419
2.07141
2.08823
2.10466
2.1207
2.13635
2.15163
2.16653
2.18104
2.19518
2.20894
2.22232
2.2353
2.24789
2.26008
2.27187
2.28324
2.29419
2.3047
2.31478
2.32441
2.33358
2.34229
2.35052
2.35828
2.36555
2.37233
2.37862
2.3844
2.38974
2.39466
0.861405
0.814337
0.771831
0.733277
0.698164
0.666062
0.636607
0.60949
0.584448
0.561253
0.53971
0.519653
0.500935
0.483431
0.467033
0.451647
0.437194
0.423603
0.410816
0.398785
0.387468
0.376832
0.366852
0.357508
0.348789
0.340687
0.333204
0.326348
0.32013
0.314572
0.309702
0.305553
0.30217
0.299604
0.297914
0.29717
0.297449
0.298836
0.301424
0.305311
0.3106
0.317392
0.325788
0.335883
0.347762
0.361495
0.377137
0.394719
0.41425
0.435711
0.459056
0.484212
0.511079
0.539535
0.569436
0.600623
0.632924
0.666162
0.70016
0.734741
0.769736
0.804989
0.840354
0.8757
0.910913
0.945893
0.980557
1.01483
1.04867
1.08202
1.11485
1.14713
1.17885
1.20999
1.24055
1.27052
1.29989
1.32868
1.35688
1.3845
1.41154
1.43801
1.46392
1.48927
1.51407
1.53834
1.56207
1.58528
1.60799
1.63019
1.65189
1.67311
1.69385
1.71409
1.73384
1.75312
1.77192
1.79025
1.80812
1.82551
1.84244
1.8589
1.8749
1.89041
1.90546
1.92002
1.93409
1.94767
1.96076
1.97334
1.98541
1.99697
2.00802
2.01853
2.02852
2.03798
2.04691
2.0553
2.06316
2.07048
2.07732
2.08371
0.861402
0.814329
0.77182
0.733266
0.698157
0.666065
0.636627
0.609537
0.584532
0.561385
0.539902
0.519913
0.50127
0.483846
0.467525
0.45221
0.437813
0.424257
0.411474
0.399403
0.387993
0.377196
0.366972
0.357284
0.348103
0.339402
0.331157
0.323351
0.315968
0.308997
0.302429
0.296259
0.290486
0.285112
0.28014
0.275581
0.271445
0.267749
0.264512
0.261758
0.259514
0.257813
0.256693
0.256195
0.256365
0.257255
0.25892
0.261418
0.264812
0.269165
0.274542
0.281005
0.288617
0.297436
0.307512
0.318892
0.331611
0.345693
0.361152
0.377986
0.396181
0.415708
0.436524
0.458571
0.48178
0.50607
0.531348
0.557516
0.58447
0.612102
0.640302
0.668961
0.697974
0.727239
0.75666
0.786149
0.815624
0.845012
0.874247
0.903273
0.93204
0.960506
0.988637
1.0164
1.04378
1.07075
1.0973
1.12342
1.14909
1.1743
1.19906
1.22336
1.24719
1.27055
1.29343
1.31583
1.33771
1.35908
1.37994
1.40028
1.4201
1.43939
1.45815
1.47637
1.49406
1.5112
1.5278
1.54385
1.55934
1.57428
1.58867
1.6025
1.61576
1.62847
1.64062
1.65222
1.66325
1.67373
1.68366
1.69305
1.70193
1.71035
0.8614
0.814321
0.77181
0.733253
0.698143
0.66605
0.636614
0.609527
0.584528
0.561391
0.53992
0.519948
0.501326
0.483926
0.467634
0.45235
0.437986
0.424462
0.411709
0.399665
0.388273
0.377484
0.367254
0.35754
0.348309
0.339526
0.331164
0.323195
0.315596
0.308347
0.301429
0.294824
0.288519
0.282502
0.27676
0.271286
0.266072
0.261112
0.256403
0.251941
0.247725
0.243758
0.24004
0.236576
0.233372
0.230436
0.227777
0.225408
0.223341
0.221593
0.220182
0.219128
0.218455
0.218189
0.218358
0.218993
0.220126
0.221793
0.224031
0.226879
0.230376
0.234563
0.239479
0.245165
0.251659
0.258996
0.267209
0.276327
0.286374
0.29737
0.309327
0.322251
0.336141
0.350989
0.366777
0.383482
0.401072
0.419507
0.438741
0.458723
0.479394
0.500693
0.522554
0.544907
0.567685
0.590815
0.614227
0.637854
0.661627
0.685483
0.70936
0.733202
0.756955
0.780572
0.804007
0.82722
0.850186
0.872864
0.895217
0.917212
0.938828
0.960044
0.980844
1.00121
1.02114
1.04062
1.05964
1.07819
1.09627
1.11388
1.131
1.14764
1.16379
1.17945
1.19461
1.20929
1.22346
1.23715
1.25033
1.26303
1.27524
1.287
0.861399
0.814317
0.771804
0.733245
0.698133
0.666039
0.636602
0.609515
0.584516
0.561379
0.53991
0.51994
0.501322
0.483926
0.46764
0.452363
0.438006
0.424492
0.411749
0.399716
0.388335
0.377557
0.367336
0.357631
0.348405
0.339624
0.331258
0.323279
0.315662
0.308383
0.301421
0.294758
0.288376
0.282259
0.276392
0.270762
0.265357
0.260167
0.25518
0.250389
0.245786
0.241362
0.237113
0.233033
0.229117
0.225362
0.221764
0.218323
0.215035
0.211901
0.208922
0.206097
0.20343
0.200923
0.198581
0.196407
0.194407
0.192589
0.19096
0.18953
0.188308
0.187306
0.186537
0.186016
0.185756
0.185776
0.186095
0.186731
0.187706
0.189043
0.190766
0.192899
0.195469
0.198502
0.202026
0.206067
0.210654
0.215813
0.22157
0.227951
0.234978
0.242674
0.251056
0.260141
0.269942
0.280467
0.291721
0.303705
0.316414
0.32984
0.34397
0.358784
0.37426
0.39037
0.407084
0.424365
0.442176
0.460474
0.47922
0.498368
0.517868
0.537668
0.557715
0.577958
0.598342
0.618818
0.639335
0.659844
0.680298
0.700652
0.720864
0.740892
0.760699
0.780249
0.799509
0.818448
0.837038
0.855254
0.873072
0.890471
0.907437
0.923919
0.861399
0.814317
0.771804
0.733245
0.698133
0.666039
0.636602
0.609515
0.584516
0.561379
0.53991
0.51994
0.501322
0.483926
0.46764
0.452363
0.438006
0.424492
0.411749
0.399716
0.388335
0.377557
0.367336
0.357631
0.348405
0.339624
0.331258
0.323279
0.315662
0.308383
0.301421
0.294758
0.288376
0.282259
0.276392
0.270762
0.265358
0.260167
0.255181
0.25039
0.245786
0.241363
0.237114
0.233034
0.229119
0.225364
0.221766
0.218325
0.215038
0.211904
0.208925
0.206101
0.203435
0.200929
0.198586
0.196413
0.194415
0.192597
0.19097
0.18954
0.188319
0.187319
0.186551
0.186031
0.185773
0.185795
0.186115
0.186753
0.187731
0.18907
0.190795
0.192931
0.195503
0.198539
0.202065
0.206109
0.210699
0.21586
0.22162
0.228003
0.235033
0.24273
0.251114
0.260201
0.270003
0.280529
0.291783
0.303767
0.316476
0.329902
0.344031
0.358845
0.374321
0.390432
0.407148
0.424432
0.442247
0.460551
0.479305
0.498465
0.517979
0.537796
0.557864
0.57813
0.598541
0.619047
0.639597
0.660142
0.680634
0.701028
0.721281
0.741352
0.761201
0.780793
0.800094
0.819073
0.8377
0.855949
0.873796
0.89122
0.908204
0.924699
0.8614
0.814321
0.77181
0.733253
0.698143
0.66605
0.636614
0.609527
0.584528
0.561391
0.53992
0.519948
0.501326
0.483926
0.467634
0.45235
0.437985
0.424462
0.411709
0.399665
0.388273
0.377484
0.367253
0.35754
0.348309
0.339526
0.331164
0.323195
0.315596
0.308347
0.301429
0.294825
0.288521
0.282504
0.276763
0.27129
0.266077
0.261118
0.25641
0.251949
0.247736
0.24377
0.240055
0.236594
0.233393
0.230461
0.227806
0.225441
0.223379
0.221637
0.220232
0.219186
0.218522
0.218265
0.218443
0.219089
0.220234
0.221915
0.224167
0.227031
0.230545
0.23475
0.239687
0.245394
0.25191
0.25927
0.267508
0.276651
0.286725
0.297748
0.309733
0.322685
0.336603
0.351479
0.367295
0.384027
0.401643
0.420103
0.439362
0.459367
0.48006
0.501379
0.523259
0.54563
0.568423
0.591568
0.614995
0.638636
0.662423
0.686292
0.710185
0.734043
0.757814
0.781451
0.804909
0.82815
0.851146
0.87386
0.896254
0.918296
0.939962
0.961235
0.982097
1.00253
1.02253
1.04209
1.06119
1.07982
1.09799
1.11567
1.13288
1.1496
1.16584
1.18157
1.19681
1.21155
1.22579
1.23952
1.25275
1.26547
1.2777
1.28945
0.861402
0.814329
0.77182
0.733266
0.698157
0.666065
0.636627
0.609537
0.584532
0.561385
0.539902
0.519912
0.50127
0.483845
0.467524
0.452209
0.437812
0.424256
0.411472
0.399402
0.387991
0.377195
0.366971
0.357284
0.348103
0.339402
0.331159
0.323354
0.315973
0.309004
0.302438
0.296272
0.290503
0.285133
0.280167
0.275614
0.271485
0.267797
0.264569
0.261826
0.259595
0.257908
0.256804
0.256324
0.256515
0.257428
0.259118
0.261646
0.265071
0.269459
0.274873
0.281377
0.289033
0.297899
0.308025
0.319457
0.33223
0.346369
0.361885
0.378778
0.397032
0.416618
0.437492
0.459596
0.48286
0.507203
0.532531
0.558747
0.585745
0.613417
0.641654
0.670346
0.699388
0.728679
0.758122
0.787628
0.817117
0.846516
0.875759
0.904789
0.933559
0.962026
0.990156
1.01792
1.0453
1.07227
1.09881
1.12493
1.1506
1.17583
1.2006
1.22491
1.24875
1.27214
1.29506
1.31749
1.33942
1.36085
1.38177
1.40218
1.42207
1.44144
1.46029
1.47861
1.49639
1.51364
1.53034
1.5465
1.5621
1.57715
1.59164
1.60556
1.61893
1.63172
1.64395
1.6556
1.66669
1.6772
1.68715
1.69653
1.70539
1.71376
0.861405
0.814337
0.771831
0.733277
0.698164
0.666062
0.636607
0.60949
0.584447
0.561251
0.539709
0.519651
0.500932
0.483428
0.467029
0.451643
0.437189
0.423599
0.410813
0.398782
0.387467
0.376833
0.366856
0.357515
0.3488
0.340704
0.333229
0.326381
0.320173
0.314628
0.309772
0.305641
0.302278
0.299735
0.298072
0.297359
0.297673
0.299101
0.301735
0.305674
0.31102
0.317876
0.326342
0.336513
0.348473
0.362292
0.378024
0.3957
0.415327
0.436885
0.460327
0.485579
0.51254
0.541086
0.571072
0.602338
0.634712
0.668018
0.702076
0.736709
0.771751
0.807043
0.842441
0.877814
0.913048
0.948044
0.982719
1.017
1.05084
1.08419
1.11702
1.14929
1.181
1.21213
1.24267
1.27263
1.30199
1.33076
1.35894
1.38653
1.41356
1.44001
1.46589
1.49123
1.51602
1.54027
1.56399
1.58721
1.60991
1.63212
1.65384
1.67509
1.69586
1.71614
1.73594
1.75527
1.77414
1.79255
1.8105
1.82799
1.84502
1.86159
1.8777
1.89334
1.9085
1.92319
1.93739
1.9511
1.96431
1.97701
1.9892
2.00086
2.012
2.0226
2.03265
2.04216
2.05111
2.05951
2.06734
2.07462
2.08137
2.08766
0.861407
0.814342
0.77183
0.73326
0.698112
0.665953
0.636415
0.609187
0.584009
0.560659
0.538951
0.518729
0.49986
0.482238
0.465771
0.450389
0.436034
0.422664
0.410249
0.398772
0.388227
0.378622
0.369975
0.362317
0.355694
0.350164
0.3458
0.342693
0.340947
0.340687
0.342048
0.345182
0.350249
0.357414
0.366842
0.378686
0.393083
0.410141
0.429933
0.452489
0.477789
0.505759
0.536273
0.569156
0.604189
0.641117
0.679662
0.719529
0.760425
0.802062
0.844169
0.886497
0.928825
0.97096
1.01274
1.05404
1.09474
1.13477
1.17406
1.21257
1.25027
1.28713
1.32316
1.35833
1.39266
1.42615
1.45881
1.49064
1.52167
1.5519
1.58136
1.61006
1.63802
1.66527
1.69182
1.71769
1.74292
1.76751
1.79149
1.81488
1.83771
1.85999
1.88174
1.90298
1.92373
1.94401
1.96382
1.98319
2.00213
2.02064
2.03873
2.05641
2.07368
2.09057
2.10707
2.12319
2.13894
2.15432
2.16933
2.18397
2.19825
2.21214
2.22566
2.23879
2.25153
2.26387
2.2758
2.28732
2.2984
2.30904
2.31923
2.32896
2.33821
2.34699
2.35526
2.36304
2.37029
2.37703
2.38325
2.38893
2.39412
2.39886
0.861405
0.814329
0.771776
0.733119
0.69783
0.66547
0.635677
0.608156
0.582668
0.559021
0.537062
0.516674
0.497766
0.480275
0.464162
0.449406
0.436013
0.424004
0.413427
0.40435
0.39687
0.391108
0.387218
0.385381
0.385811
0.388747
0.394449
0.403184
0.415218
0.430789
0.450095
0.47327
0.500363
0.531332
0.566028
0.604204
0.645523
0.689574
0.735895
0.784001
0.833406
0.883644
0.93429
0.984966
1.03535
1.08519
1.13426
1.18241
1.22952
1.27551
1.32032
1.36393
1.4063
1.44746
1.48739
1.52611
1.56365
1.60004
1.63529
1.66945
1.70254
1.73461
1.76569
1.79582
1.82503
1.85336
1.88084
1.90751
1.9334
1.95853
1.98295
2.00668
2.02974
2.05216
2.07397
2.0952
2.11587
2.136
2.15561
2.17474
2.19339
2.2116
2.22938
2.24674
2.26372
2.28031
2.29654
2.31241
2.32793
2.34312
2.35799
2.37254
2.38679
2.40075
2.41441
2.42779
2.44088
2.45369
2.46621
2.47844
2.49038
2.50202
2.51336
2.52438
2.53507
2.54544
2.55545
2.56511
2.5744
2.5833
2.59181
2.59991
2.60757
2.61481
2.62159
2.6279
2.63374
2.6391
2.64396
2.64832
2.65223
2.65568
0.861388
0.814243
0.771526
0.73259
0.696905
0.664061
0.633746
0.605726
0.579833
0.55595
0.534004
0.513962
0.495824
0.479627
0.465445
0.453393
0.443628
0.436361
0.431857
0.430439
0.432481
0.438404
0.448649
0.463646
0.483775
0.509319
0.540418
0.577033
0.618928
0.665674
0.716672
0.771195
0.82845
0.887626
0.947949
1.00872
1.06934
1.12933
1.18829
1.24594
1.30208
1.35657
1.40934
1.46034
1.50955
1.55699
1.60269
1.64669
1.68902
1.72976
1.76896
1.80667
1.84298
1.87793
1.9116
1.94404
1.9753
2.00546
2.03455
2.06264
2.08976
2.11597
2.14131
2.16582
2.18953
2.2125
2.23474
2.25631
2.27722
2.29751
2.31721
2.33634
2.35494
2.37302
2.39061
2.40773
2.42441
2.44066
2.45652
2.47199
2.4871
2.50187
2.5163
2.53043
2.54425
2.55778
2.57103
2.58402
2.59676
2.60925
2.62151
2.63355
2.64536
2.65696
2.66835
2.67952
2.69048
2.70123
2.71175
2.72205
2.73212
2.74194
2.75152
2.76083
2.76987
2.77863
2.78708
2.79522
2.80304
2.81051
2.81761
2.82435
2.83069
2.83663
2.84214
2.84723
2.85186
2.85604
2.85975
2.86299
2.86579
2.86814
0.861316
0.813937
0.770764
0.731165
0.694689
0.661045
0.630052
0.601618
0.575716
0.552372
0.531671
0.513756
0.498837
0.487207
0.479253
0.475467
0.476448
0.482881
0.495498
0.515007
0.541992
0.576812
0.619504
0.669726
0.726757
0.789555
0.856863
0.927334
0.999656
1.07265
1.14531
1.21687
1.28674
1.35451
1.41993
1.48285
1.54319
1.60094
1.65615
1.70886
1.75917
1.80717
1.85297
1.89667
1.93838
1.97822
2.01629
2.05268
2.0875
2.12083
2.15276
2.18337
2.21274
2.24093
2.26803
2.29408
2.31916
2.3433
2.36658
2.38902
2.41069
2.43161
2.45183
2.47139
2.49032
2.50864
2.5264
2.54362
2.56032
2.57654
2.59229
2.6076
2.62249
2.63699
2.65111
2.66487
2.67829
2.6914
2.7042
2.71672
2.72897
2.74096
2.75271
2.76422
2.77552
2.78661
2.79752
2.80823
2.81878
2.82916
2.83938
2.84944
2.85935
2.86911
2.87871
2.88816
2.89746
2.90658
2.91554
2.92432
2.93291
2.9413
2.94948
2.95744
2.96515
2.97262
2.97981
2.98672
2.99333
2.99961
3.00557
3.01116
3.0164
3.02124
3.02569
3.02972
3.03332
3.03649
3.0392
3.04146
3.04329
3.04468
0.861096
0.813121
0.768984
0.72822
0.69062
0.656144
0.62486
0.596913
0.572531
0.55204
0.535888
0.524686
0.519235
0.520534
0.529752
0.548115
0.576736
0.616375
0.667213
0.728704
0.799565
0.877928
0.961604
1.04837
1.1362
1.22344
1.30883
1.39149
1.47085
1.54662
1.61866
1.68694
1.75155
1.81261
1.87027
1.92473
1.97616
2.02476
2.07071
2.11419
2.15536
2.19439
2.23142
2.26659
2.30003
2.33186
2.36218
2.39111
2.41873
2.44513
2.47039
2.49459
2.51779
2.54005
2.56143
2.582
2.60179
2.62086
2.63924
2.65698
2.67411
2.69066
2.70667
2.72217
2.73718
2.75173
2.76584
2.77954
2.79285
2.80578
2.81835
2.8306
2.84252
2.85415
2.8655
2.87658
2.88741
2.89801
2.90839
2.91857
2.92855
2.93834
2.94797
2.95744
2.96677
2.97597
2.98504
2.994
3.00284
3.01158
3.02022
3.02876
3.03719
3.04553
3.05375
3.06187
3.06987
3.07774
3.08548
3.09307
3.1005
3.10776
3.11484
3.12171
3.12837
3.13479
3.14096
3.14686
3.15247
3.15778
3.16277
3.16741
3.1717
3.17562
3.17915
3.18227
3.18498
3.18726
3.18911
3.1905
3.19149
3.19202
0.860556
0.811383
0.765662
0.723372
0.684754
0.650177
0.620113
0.59517
0.576161
0.564196
0.560746
0.56765
0.586971
0.620647
0.669989
0.735154
0.814847
0.906433
1.0064
1.11104
1.21695
1.32148
1.42271
1.51944
1.61102
1.69718
1.7779
1.85333
1.92372
1.98938
2.05061
2.10776
2.16113
2.21104
2.25776
2.30155
2.34266
2.38131
2.41769
2.45199
2.48439
2.51502
2.54403
2.57154
2.59766
2.62251
2.64617
2.66873
2.69027
2.71086
2.73056
2.74945
2.76756
2.78496
2.80169
2.81779
2.8333
2.84826
2.8627
2.87665
2.89014
2.9032
2.91584
2.9281
2.93999
2.95153
2.96274
2.97363
2.98424
2.99456
3.00462
3.01443
3.02401
3.03337
3.04252
3.05149
3.06028
3.0689
3.07737
3.08569
3.09389
3.10197
3.10995
3.11783
3.12564
3.13336
3.14102
3.14862
3.15615
3.16363
3.17105
3.17842
3.18572
3.19295
3.20012
3.2072
3.2142
3.2211
3.22788
3.23454
3.24106
3.24742
3.25362
3.25962
3.26542
3.27099
3.27632
3.28139
3.28617
3.29066
3.29483
3.29866
3.30214
3.30525
3.30798
3.31032
3.31224
3.31374
3.31481
3.31545
3.31567
3.31543
0.859464
0.80833
0.760551
0.716886
0.678261
0.645727
0.620595
0.604638
0.600284
0.610661
0.639266
0.689119
0.761547
0.855222
0.966084
1.08831
1.21574
1.34312
1.46664
1.58393
1.69375
1.79567
1.88974
1.97629
2.05583
2.1289
2.19607
2.25789
2.31487
2.36747
2.41614
2.46125
2.50315
2.54215
2.57852
2.61251
2.64434
2.6742
2.70228
2.72872
2.75367
2.77725
2.79957
2.82074
2.84086
2.85999
2.87822
2.89562
2.91224
2.92815
2.94339
2.95802
2.97207
2.98558
2.9986
3.01114
3.02325
3.03494
3.04625
3.0572
3.0678
3.07808
3.08806
3.09775
3.10717
3.11633
3.12524
3.13392
3.14239
3.15065
3.15872
3.16661
3.17433
3.1819
3.18932
3.19662
3.20379
3.21086
3.21782
3.2247
3.23151
3.23826
3.24496
3.25161
3.25823
3.26482
3.27139
3.27794
3.28447
3.29098
3.29746
3.30392
3.31035
3.31674
3.32309
3.32937
3.33559
3.34172
3.34776
3.35368
3.35947
3.36512
3.3706
3.37589
3.38099
3.38585
3.39048
3.39485
3.39893
3.40271
3.40618
3.40931
3.41209
3.41449
3.41652
3.41815
3.41938
3.42019
3.42057
3.42052
3.42007
3.41914
0.857582
0.803766
0.753927
0.709985
0.674001
0.648514
0.637038
0.644422
0.676518
0.738565
0.832541
0.955142
1.09823
1.25157
1.4059
1.55461
1.69386
1.82195
1.93853
2.04402
2.13923
2.22513
2.30268
2.37281
2.43637
2.49413
2.54676
2.59485
2.63891
2.67941
2.71673
2.75121
2.78317
2.81285
2.84049
2.86629
2.89044
2.91308
2.93436
2.95441
2.97333
2.99122
3.00817
3.02426
3.03956
3.05414
3.06804
3.08133
3.09405
3.10624
3.11794
3.12919
3.14002
3.15046
3.16053
3.17026
3.17967
3.18879
3.19762
3.2062
3.21452
3.22261
3.23048
3.23814
3.2456
3.25287
3.25997
3.2669
3.27367
3.2803
3.28679
3.29316
3.29942
3.30557
3.31162
3.3176
3.3235
3.32933
3.33512
3.34088
3.3466
3.35231
3.35802
3.36372
3.36942
3.37514
3.38087
3.38661
3.39236
3.39812
3.40389
3.40966
3.41541
3.42115
3.42686
3.43252
3.43812
3.44365
3.44909
3.45442
3.45963
3.46469
3.46958
3.47429
3.47879
3.48307
3.4871
3.49086
3.49434
3.49752
3.50037
3.50288
3.50504
3.50682
3.50823
3.50923
3.50984
3.51002
3.50979
3.50913
3.50807
3.50653
0.854751
0.797826
0.746765
0.70534
0.678073
0.671377
0.694174
0.756253
0.863298
1.01155
1.18777
1.37509
1.55938
1.7319
1.88865
2.0287
2.15276
2.2623
2.35898
2.44445
2.52023
2.58765
2.64784
2.7018
2.75036
2.79423
2.83402
2.87024
2.90333
2.93366
2.96156
2.9873
3.01112
3.03323
3.05382
3.07303
3.09101
3.10787
3.12373
3.13868
3.15281
3.16618
3.17887
3.19093
3.20242
3.21338
3.22386
3.2339
3.24353
3.25278
3.26168
3.27026
3.27855
3.28655
3.2943
3.30181
3.30909
3.31616
3.32304
3.32973
3.33625
3.3426
3.3488
3.35485
3.36076
3.36654
3.37219
3.37773
3.38316
3.38849
3.39373
3.39889
3.40398
3.40901
3.41398
3.4189
3.4238
3.42868
3.43354
3.43841
3.44329
3.4482
3.45312
3.45809
3.46309
3.46812
3.4732
3.47832
3.48348
3.48867
3.49388
3.49911
3.50434
3.50957
3.51477
3.51994
3.52506
3.53011
3.53507
3.53992
3.54464
3.54922
3.55362
3.55784
3.56184
3.56561
3.56912
3.57237
3.57532
3.57796
3.58027
3.58223
3.58384
3.58507
3.58592
3.58637
3.58641
3.58604
3.58526
3.58405
3.58245
3.58036
0.850946
0.791039
0.741074
0.708546
0.704202
0.7434
0.841547
1.00216
1.20938
1.43613
1.65851
1.86259
2.04306
2.1997
2.33458
2.45052
2.55036
2.63665
2.71159
2.77701
2.83443
2.8851
2.93005
2.97012
3.00602
3.03833
3.06755
3.09407
3.11826
3.14039
3.16072
3.17945
3.19679
3.21287
3.22784
3.24182
3.25491
3.26719
3.27876
3.28968
3.30001
3.30981
3.31913
3.328
3.33648
3.34458
3.35236
3.35982
3.36701
3.37393
3.38062
3.38709
3.39335
3.39943
3.40534
3.41108
3.41668
3.42213
3.42745
3.43265
3.43773
3.4427
3.44757
3.45234
3.45701
3.4616
3.4661
3.47053
3.47489
3.47919
3.48343
3.48763
3.49179
3.49591
3.50002
3.50412
3.50823
3.51234
3.51649
3.52066
3.52488
3.52915
3.53348
3.53787
3.54232
3.54683
3.55141
3.55605
3.56074
3.56549
3.57027
3.57508
3.5799
3.58472
3.58953
3.59431
3.59904
3.60369
3.60826
3.61271
3.61703
3.6212
3.62519
3.62898
3.63255
3.63588
3.63895
3.64174
3.64422
3.64639
3.64822
3.64971
3.65082
3.65156
3.65191
3.65187
3.65142
3.65056
3.64928
3.64759
3.64552
3.64294
0.846292
0.784482
0.740966
0.732137
0.78289
0.917939
1.13673
1.40461
1.67813
1.92885
2.1459
2.3288
2.48137
2.6085
2.7148
2.80421
2.87994
2.94455
3.00007
3.04813
3.09
3.12672
3.15913
3.18788
3.21355
3.23656
3.25731
3.2761
3.29319
3.30881
3.32313
3.33632
3.34852
3.35983
3.37036
3.3802
3.38942
3.39809
3.40626
3.41399
3.42132
3.42829
3.43494
3.44129
3.44738
3.45322
3.45885
3.46427
3.46952
3.4746
3.47953
3.48432
3.48898
3.49353
3.49797
3.50231
3.50656
3.51072
3.5148
3.51881
3.52274
3.52661
3.53042
3.53416
3.53784
3.54148
3.54506
3.5486
3.5521
3.55557
3.55901
3.56244
3.56585
3.56926
3.57269
3.57613
3.57961
3.58313
3.5867
3.59033
3.59403
3.59781
3.60166
3.6056
3.60963
3.61373
3.61792
3.62219
3.62652
3.63091
3.63536
3.63984
3.64433
3.64884
3.65333
3.65779
3.66219
3.66652
3.67076
3.67488
3.67886
3.68268
3.68631
3.68974
3.69294
3.69588
3.69856
3.70095
3.70303
3.70478
3.70619
3.70725
3.70793
3.70824
3.70816
3.70768
3.70679
3.7055
3.7038
3.7017
3.69921
3.69621
0.841078
0.780264
0.755504
0.803802
0.967329
1.24502
1.57667
1.89752
2.175
2.40285
2.5863
2.73353
2.85223
2.94869
3.02784
3.09342
3.14828
3.1946
3.23403
3.26789
3.29717
3.32267
3.34504
3.36477
3.38229
3.39793
3.41197
3.42464
3.43612
3.44659
3.45617
3.46497
3.4731
3.48064
3.48767
3.49423
3.50039
3.50619
3.51167
3.51687
3.52182
3.52655
3.53108
3.53543
3.53961
3.54366
3.54758
3.55138
3.55508
3.55869
3.56221
3.56566
3.56905
3.57237
3.57564
3.57886
3.58203
3.58516
3.58825
3.5913
3.59432
3.5973
3.60025
3.60317
3.60606
3.60893
3.61177
3.61459
3.61741
3.62021
3.62301
3.62581
3.62863
3.63147
3.63435
3.63727
3.64025
3.64329
3.64641
3.64961
3.6529
3.65629
3.65977
3.66336
3.66705
3.67084
3.67472
3.6787
3.68275
3.68686
3.69104
3.69525
3.69949
3.70373
3.70796
3.71215
3.71629
3.72035
3.72431
3.72815
3.73184
3.73536
3.73868
3.74179
3.74467
3.74728
3.74962
3.75166
3.75338
3.75477
3.75582
3.7565
3.75682
3.75675
3.75629
3.75544
3.75419
3.75253
3.75047
3.74801
3.74518
3.74184
0.835835
0.782846
0.804872
0.972689
1.30328
1.70602
2.08215
2.39101
2.63171
2.81657
2.95888
3.0695
3.15657
3.22598
3.28202
3.32778
3.36557
3.39708
3.4236
3.44611
3.46538
3.48198
3.4964
3.509
3.52009
3.5299
3.53864
3.54646
3.55352
3.55991
3.56573
3.57106
3.57598
3.58053
3.58477
3.58873
3.59246
3.59598
3.59933
3.60251
3.60557
3.60851
3.61135
3.61409
3.61677
3.61938
3.62193
3.62443
3.6269
3.62933
3.63173
3.63411
3.63646
3.6388
3.64113
3.64345
3.64576
3.64806
3.65035
3.65264
3.65491
3.65718
3.65945
3.6617
3.66395
3.6662
3.66844
3.67069
3.67294
3.67521
3.67749
3.6798
3.68213
3.68452
3.68695
3.68946
3.69204
3.6947
3.69746
3.70032
3.70328
3.70636
3.70956
3.71287
3.71629
3.71983
3.72347
3.7272
3.73102
3.73492
3.73887
3.74287
3.74689
3.75092
3.75493
3.7589
3.76281
3.76664
3.77037
3.77396
3.7774
3.78066
3.78372
3.78656
3.78916
3.79149
3.79353
3.79527
3.79669
3.79778
3.79851
3.79889
3.79889
3.79851
3.79774
3.79658
3.79502
3.79307
3.79072
3.78798
3.78488
3.78127
0.831589
0.802127
0.9281
1.28649
1.77028
2.21974
2.57241
2.8326
3.02211
3.16115
3.26468
3.34305
3.40333
3.4504
3.48765
3.51748
3.54164
3.56138
3.57767
3.59122
3.60257
3.61214
3.62029
3.62725
3.63325
3.63846
3.643
3.647
3.65054
3.6537
3.65654
3.65912
3.66147
3.66365
3.66567
3.66756
3.66935
3.67105
3.67269
3.67427
3.67581
3.67732
3.67881
3.68027
3.68173
3.68319
3.68465
3.68611
3.68758
3.68906
3.69056
3.69207
3.69361
3.69516
3.69673
3.69832
3.69993
3.70156
3.70321
3.70487
3.70655
3.70825
3.70995
3.71167
3.71341
3.71515
3.71691
3.71869
3.72049
3.72232
3.72418
3.72609
3.72804
3.73005
3.73214
3.7343
3.73656
3.73892
3.74139
3.74397
3.74668
3.74951
3.75247
3.75555
3.75876
3.76209
3.76553
3.76908
3.77271
3.77642
3.78019
3.78401
3.78784
3.79169
3.79551
3.7993
3.80302
3.80665
3.81017
3.81355
3.81678
3.81982
3.82266
3.82527
3.82763
3.82971
3.83152
3.83301
3.83418
3.83502
3.8355
3.83562
3.83538
3.83475
3.83374
3.83234
3.83055
3.82837
3.82581
3.82287
3.81957
3.81577
0.83047
0.859252
1.17557
1.73833
2.29171
2.71247
3.00523
3.20563
3.34431
3.44216
3.51263
3.56434
3.6029
3.63205
3.65435
3.67155
3.68493
3.69539
3.7036
3.71007
3.71517
3.7192
3.72237
3.72488
3.72685
3.72841
3.72962
3.73058
3.73132
3.73191
3.73238
3.73276
3.73308
3.73335
3.7336
3.73384
3.73407
3.73432
3.73459
3.73488
3.73521
3.73556
3.73596
3.7364
3.73688
3.73741
3.73798
3.7386
3.73927
3.73999
3.74076
3.74158
3.74244
3.74336
3.74431
3.74532
3.74637
3.74745
3.74858
3.74974
3.75094
3.75217
3.75342
3.75471
3.75602
3.75736
3.75873
3.76013
3.76156
3.76304
3.76456
3.76614
3.76778
3.76949
3.77129
3.77319
3.77518
3.7773
3.77953
3.78189
3.78438
3.78701
3.78977
3.79267
3.7957
3.79885
3.80213
3.8055
3.80898
3.81253
3.81614
3.8198
3.82348
3.82716
3.83082
3.83444
3.83799
3.84145
3.8448
3.84801
3.85105
3.85391
3.85656
3.85898
3.86114
3.86304
3.86465
3.86595
3.86693
3.86757
3.86787
3.8678
3.86737
3.86657
3.86539
3.86383
3.86188
3.85956
3.85687
3.8538
3.85039
3.84649
0.837083
0.991886
1.56879
2.26379
2.79675
3.14662
3.36902
3.51204
3.60619
3.66961
3.71316
3.74348
3.76477
3.77975
3.79024
3.79749
3.80237
3.8055
3.80733
3.80821
3.80837
3.808
3.80724
3.80621
3.80498
3.80363
3.80219
3.80072
3.79924
3.79777
3.79634
3.79496
3.79364
3.79239
3.79122
3.79012
3.78911
3.78819
3.78736
3.78661
3.78595
3.78538
3.7849
3.78451
3.7842
3.78398
3.78384
3.78378
3.7838
3.7839
3.78408
3.78433
3.78466
3.78505
3.78552
3.78604
3.78663
3.78728
3.78798
3.78874
3.78954
3.79039
3.79128
3.79221
3.79318
3.79419
3.79524
3.79634
3.79748
3.79867
3.79991
3.80122
3.80261
3.80408
3.80565
3.80732
3.8091
3.81101
3.81305
3.81522
3.81753
3.81999
3.82258
3.82532
3.82819
3.83119
3.83432
3.83755
3.84087
3.84428
3.84775
3.85126
3.8548
3.85834
3.86185
3.86532
3.86873
3.87204
3.87524
3.87829
3.88119
3.88389
3.88639
3.88866
3.89068
3.89243
3.8939
3.89506
3.8959
3.89641
3.89659
3.89641
3.89587
3.89497
3.89369
3.89205
3.89004
3.88766
3.88492
3.88182
3.8784
3.87448
0.861181
1.2442
2.07273
2.79223
3.24675
3.51205
3.66751
3.76086
3.81819
3.85383
3.87594
3.88935
3.89701
3.90082
3.90201
3.9014
3.89958
3.89692
3.89371
3.89015
3.88638
3.88252
3.87863
3.87478
3.871
3.86732
3.86376
3.86034
3.85708
3.85396
3.85101
3.84821
3.84558
3.8431
3.84078
3.83861
3.83659
3.83472
3.833
3.83141
3.82996
3.82864
3.82745
3.82638
3.82544
3.82461
3.82389
3.82328
3.82277
3.82237
3.82207
3.82186
3.82175
3.82172
3.82178
3.82192
3.82214
3.82243
3.82279
3.82321
3.82369
3.82423
3.82483
3.82547
3.82617
3.82691
3.8277
3.82855
3.82944
3.8304
3.83142
3.83252
3.8337
3.83497
3.83635
3.83783
3.83944
3.84118
3.84305
3.84506
3.84721
3.84951
3.85196
3.85455
3.85728
3.86014
3.86312
3.86621
3.8694
3.87267
3.876
3.87938
3.88277
3.88618
3.88956
3.89289
3.89617
3.89935
3.90241
3.90534
3.90811
3.9107
3.91308
3.91524
3.91715
3.91881
3.92018
3.92126
3.92203
3.92248
3.9226
3.92237
3.9218
3.92088
3.91961
3.91797
3.91598
3.91364
3.91094
3.90791
3.90456
3.90074
0.921567
1.63494
2.62374
3.27799
3.62928
3.8127
3.91021
3.96269
3.99047
4.00408
4.00927
4.00936
4.0063
4.0013
3.99516
3.98835
3.98121
3.97396
3.96674
3.95965
3.95276
3.9461
3.93971
3.93359
3.92776
3.92222
3.91696
3.91198
3.90727
3.90283
3.89864
3.8947
3.891
3.88754
3.88429
3.88125
3.87842
3.87578
3.87333
3.87107
3.86897
3.86704
3.86527
3.86366
3.86219
3.86086
3.85967
3.85862
3.85768
3.85687
3.85618
3.8556
3.85512
3.85475
3.85448
3.85431
3.85422
3.85422
3.8543
3.85445
3.85468
3.85497
3.85532
3.85573
3.8562
3.85673
3.85732
3.85796
3.85866
3.85943
3.86027
3.86119
3.8622
3.86331
3.86453
3.86586
3.86731
3.8689
3.87062
3.87249
3.8745
3.87666
3.87897
3.88142
3.88401
3.88673
3.88957
3.89252
3.89557
3.8987
3.9019
3.90513
3.9084
3.91166
3.91491
3.91812
3.92127
3.92433
3.92728
3.93011
3.93277
3.93527
3.93757
3.93965
3.9415
3.9431
3.94444
3.94549
3.94625
3.9467
3.94683
3.94664
3.94612
3.94527
3.94407
3.94253
3.94066
3.93845
3.93591
3.93304
3.92988
3.92626
1.04783
2.14113
3.16618
3.70126
3.94668
4.05816
4.10789
4.12764
4.13203
4.12829
4.12018
4.10978
4.09826
4.08632
4.07436
4.06263
4.05126
4.04035
4.02993
4.02002
4.01062
4.00173
3.99332
3.98539
3.9779
3.97086
3.96422
3.95797
3.9521
3.94658
3.9414
3.93653
3.93197
3.92769
3.92369
3.91994
3.91645
3.91319
3.91015
3.90733
3.90471
3.90228
3.90004
3.89798
3.89609
3.89435
3.89278
3.89135
3.89007
3.88893
3.88791
3.88703
3.88626
3.88561
3.88507
3.88464
3.8843
3.88406
3.88391
3.88385
3.88386
3.88395
3.88411
3.88433
3.88462
3.88498
3.8854
3.88588
3.88642
3.88704
3.88774
3.88852
3.88939
3.89036
3.89144
3.89264
3.89396
3.89541
3.897
3.89874
3.90061
3.90264
3.90481
3.90712
3.90956
3.91214
3.91484
3.91765
3.92055
3.92353
3.92658
3.92968
3.9328
3.93593
3.93904
3.94213
3.94515
3.9481
3.95095
3.95367
3.95626
3.95868
3.96093
3.96297
3.96479
3.96638
3.96773
3.96881
3.96961
3.97013
3.97035
3.97026
3.96987
3.96916
3.96814
3.9668
3.96514
3.96316
3.96088
3.95829
3.95542
3.95212
1.27351
2.71741
3.66587
4.05945
4.20804
4.25954
4.27093
4.26479
4.2508
4.23342
4.21483
4.19615
4.17794
4.16048
4.14389
4.12823
4.11348
4.09963
4.08664
4.07446
4.06303
4.05233
4.04229
4.03288
4.02406
4.01579
4.00803
4.00076
3.99394
3.98754
3.98154
3.97592
3.97065
3.96571
3.96109
3.95677
3.95273
3.94896
3.94544
3.94216
3.93911
3.93627
3.93365
3.93122
3.92897
3.92691
3.92502
3.92329
3.92172
3.9203
3.91903
3.91789
3.91688
3.916
3.91524
3.9146
3.91406
3.91363
3.91329
3.91305
3.91289
3.91282
3.91282
3.91289
3.91304
3.91326
3.91354
3.91389
3.91432
3.91481
3.91539
3.91605
3.91681
3.91767
3.91864
3.91972
3.92093
3.92226
3.92373
3.92534
3.92708
3.92897
3.931
3.93317
3.93547
3.93789
3.94044
3.94309
3.94583
3.94866
3.95155
3.95449
3.95745
3.96044
3.96341
3.96636
3.96926
3.97209
3.97483
3.97747
3.97999
3.98235
3.98456
3.98659
3.98841
3.99003
3.99142
3.99257
3.99348
3.99412
3.99449
3.99458
3.99439
3.99391
3.99315
3.99209
3.99074
3.9891
3.98718
3.98498
3.98251
3.97965
1.62357
3.31924
4.10848
4.35964
4.4251
4.42809
4.40914
4.38265
4.35419
4.32605
4.29917
4.27392
4.25037
4.22848
4.20818
4.18935
4.17187
4.15565
4.14056
4.12653
4.11346
4.10127
4.08991
4.07929
4.06937
4.06009
4.05142
4.04329
4.03569
4.02857
4.0219
4.01565
4.00979
4.00431
3.99918
3.99438
3.98989
3.98569
3.98177
3.97812
3.97471
3.97154
3.96859
3.96586
3.96333
3.96099
3.95884
3.95686
3.95505
3.9534
3.95191
3.95056
3.94936
3.94829
3.94735
3.94653
3.94583
3.94523
3.94475
3.94436
3.94406
3.94385
3.94373
3.94368
3.94372
3.94382
3.944
3.94426
3.94458
3.94499
3.94547
3.94605
3.94671
3.94748
3.94835
3.94934
3.95044
3.95167
3.95302
3.95451
3.95613
3.95788
3.95977
3.96178
3.96393
3.96619
3.96857
3.97105
3.97362
3.97627
3.97898
3.98175
3.98455
3.98736
3.99018
3.99298
3.99574
3.99845
4.00109
4.00364
4.00608
4.00839
4.01057
4.01259
4.01445
4.01611
4.01758
4.01884
4.01988
4.02069
4.02127
4.0216
4.02168
4.0215
4.02107
4.02038
4.01943
4.01822
4.01676
4.01504
4.01309
4.01078
2.11223
3.91483
4.49453
4.61442
4.61117
4.57553
4.53268
4.49014
4.45023
4.41353
4.38001
4.34947
4.32159
4.29612
4.27279
4.25136
4.23164
4.21346
4.19665
4.18108
4.16664
4.15323
4.14075
4.12912
4.11828
4.10816
4.09871
4.08988
4.08162
4.07388
4.06665
4.05987
4.05353
4.04758
4.04202
4.03682
4.03195
4.02739
4.02313
4.01916
4.01545
4.01199
4.00877
4.00578
4.00301
4.00044
3.99806
3.99588
3.99387
3.99203
3.99036
3.98884
3.98746
3.98623
3.98514
3.98418
3.98334
3.98261
3.982
3.98149
3.98108
3.98077
3.98054
3.9804
3.98035
3.98037
3.98047
3.98065
3.9809
3.98123
3.98165
3.98216
3.98275
3.98345
3.98424
3.98514
3.98616
3.98729
3.98854
3.98991
3.99141
3.99303
3.99477
3.99664
3.99862
4.00071
4.00291
4.00521
4.00759
4.01005
4.01257
4.01514
4.01775
4.02038
4.02302
4.02565
4.02826
4.03083
4.03335
4.03579
4.03816
4.04042
4.04256
4.04458
4.04646
4.04819
4.04975
4.05114
4.05235
4.05336
4.05417
4.05478
4.05517
4.05535
4.05532
4.05506
4.05458
4.05388
4.05296
4.05182
4.05048
4.04882
2.75671
4.49025
4.83644
4.84145
4.78254
4.71626
4.65444
4.59908
4.54993
4.50626
4.4673
4.43237
4.40091
4.37243
4.34654
4.32292
4.30129
4.28143
4.26313
4.24625
4.23063
4.21615
4.2027
4.1902
4.17855
4.1677
4.15757
4.14811
4.13927
4.131
4.12327
4.11602
4.10925
4.1029
4.09696
4.09139
4.08619
4.08131
4.07676
4.0725
4.06853
4.06482
4.06136
4.05814
4.05516
4.05238
4.04982
4.04745
4.04526
4.04326
4.04142
4.03975
4.03824
4.03687
4.03565
4.03456
4.0336
4.03276
4.03204
4.03144
4.03093
4.03053
4.03023
4.03001
4.02988
4.02984
4.02988
4.03001
4.03021
4.03049
4.03086
4.03132
4.03186
4.03251
4.03324
4.03408
4.03502
4.03607
4.03723
4.0385
4.03989
4.04138
4.04299
4.0447
4.04653
4.04845
4.05046
4.05257
4.05475
4.05701
4.05932
4.06169
4.06409
4.06652
4.06897
4.07141
4.07385
4.07626
4.07864
4.08096
4.08323
4.08542
4.08752
4.08953
4.09143
4.09321
4.09487
4.09638
4.09776
4.09898
4.10005
4.10095
4.10169
4.10225
4.10264
4.10285
4.10289
4.10275
4.10243
4.10194
4.10127
4.10035
3.60496
5.05607
5.16201
5.06896
4.96489
4.87383
4.79645
4.7304
4.67342
4.62376
4.58005
4.54126
4.50659
4.4754
4.44719
4.42155
4.39816
4.37674
4.35706
4.33894
4.3222
4.3067
4.29233
4.27899
4.26658
4.25501
4.24423
4.23417
4.22476
4.21597
4.20775
4.20006
4.19285
4.18611
4.1798
4.17389
4.16835
4.16317
4.15833
4.1538
4.14956
4.14561
4.14192
4.13849
4.13529
4.13233
4.12958
4.12703
4.12468
4.12252
4.12054
4.11873
4.11708
4.11558
4.11424
4.11304
4.11197
4.11103
4.11022
4.10952
4.10894
4.10846
4.10809
4.10781
4.10763
4.10754
4.10754
4.10762
4.10779
4.10804
4.10838
4.10881
4.10933
4.10994
4.11064
4.11144
4.11233
4.11332
4.11441
4.11561
4.1169
4.11829
4.11977
4.12135
4.12303
4.12479
4.12663
4.12855
4.13055
4.1326
4.13471
4.13687
4.13906
4.14128
4.14352
4.14577
4.14802
4.15026
4.15248
4.15467
4.15682
4.15893
4.16097
4.16295
4.16485
4.16667
4.1684
4.17004
4.17157
4.173
4.17431
4.1755
4.17658
4.17753
4.17835
4.17905
4.17961
4.18005
4.18036
4.18053
4.18056
4.18042
4.84955
5.68154
5.54072
5.36077
5.21733
5.1041
5.01232
4.93602
4.87132
4.8156
4.76698
4.72412
4.686
4.65185
4.62107
4.59319
4.5678
4.5446
4.52332
4.50375
4.48569
4.46901
4.45355
4.4392
4.42586
4.41344
4.40187
4.39107
4.38099
4.37156
4.36275
4.3545
4.34678
4.33956
4.33279
4.32645
4.32052
4.31496
4.30976
4.3049
4.30036
4.29611
4.29215
4.28845
4.28501
4.28181
4.27885
4.2761
4.27355
4.27121
4.26906
4.26708
4.26528
4.26365
4.26217
4.26085
4.25966
4.25862
4.25771
4.25692
4.25625
4.2557
4.25526
4.25493
4.2547
4.25456
4.25453
4.25459
4.25474
4.25498
4.25531
4.25573
4.25625
4.25685
4.25754
4.25833
4.25921
4.26017
4.26123
4.26238
4.26361
4.26493
4.26634
4.26782
4.26939
4.27103
4.27274
4.27451
4.27634
4.27823
4.28016
4.28214
4.28414
4.28618
4.28824
4.29031
4.29239
4.29447
4.29655
4.29861
4.30065
4.30267
4.30465
4.30659
4.3085
4.31035
4.31215
4.3139
4.31558
4.31719
4.31874
4.32022
4.32162
4.32294
4.32419
4.32536
4.32645
4.32745
4.32838
4.32923
4.32996
4.3306
6.07794
5.55972
5.2474
5.04169
4.89423
4.78182
4.69214
4.61828
4.55605
4.50269
4.45629
4.41549
4.37928
4.3469
4.31775
4.29137
4.26737
4.24547
4.22539
4.20693
4.18991
4.17419
4.15963
4.14612
4.13357
4.12188
4.111
4.10084
4.09135
4.08249
4.0742
4.06645
4.05919
4.05239
4.04602
4.04006
4.03448
4.02926
4.02436
4.01979
4.01551
4.01151
4.00778
4.00429
4.00105
3.99803
3.99523
3.99264
3.99023
3.98802
3.98598
3.98411
3.9824
3.98085
3.97944
3.97817
3.97704
3.97604
3.97516
3.9744
3.97375
3.97321
3.97278
3.97245
3.97222
3.97208
3.97203
3.97207
3.9722
3.97242
3.97273
3.97312
3.97359
3.97415
3.97479
3.97551
3.97631
3.97719
3.97815
3.97919
3.9803
3.98148
3.98273
3.98405
3.98542
3.98686
3.98835
3.98989
3.99148
3.9931
3.99476
3.99646
3.99817
3.99991
4.00166
4.00343
4.0052
4.00697
4.00874
4.0105
4.01225
4.01398
4.01569
4.01738
4.01904
4.02068
4.02228
4.02385
4.02538
4.02687
4.02832
4.02973
4.0311
4.03242
4.0337
4.03494
4.03613
4.03728
4.03838
4.03944
4.0404
4.04137
)
;

boundaryField
{
    lowerWall
    {
        type            kqRWallFunction;
        value           nonuniform List<scalar> 
122
(
6.07652
5.55942
5.24732
5.04165
4.8942
4.78178
4.69211
4.61825
4.55602
4.50265
4.45625
4.41545
4.37924
4.34686
4.31771
4.29132
4.26733
4.24542
4.22534
4.20688
4.18987
4.17415
4.15959
4.14608
4.13352
4.12184
4.11095
4.10079
4.09131
4.08244
4.07415
4.0664
4.05914
4.05234
4.04598
4.04002
4.03444
4.02921
4.02432
4.01974
4.01546
4.01146
4.00773
4.00425
4.001
3.99799
3.99519
3.99259
3.99019
3.98797
3.98593
3.98406
3.98235
3.9808
3.97939
3.97812
3.97699
3.97599
3.97511
3.97435
3.97371
3.97317
3.97274
3.97241
3.97218
3.97205
3.97201
3.97205
3.97219
3.97241
3.97272
3.97311
3.97358
3.97413
3.97477
3.97548
3.97626
3.97713
3.97807
3.97907
3.98015
3.9813
3.98251
3.98378
3.98511
3.98649
3.98793
3.98941
3.99094
3.99251
3.99411
3.99575
3.99742
3.99911
4.00082
4.00255
4.00429
4.00604
4.0078
4.00956
4.01131
4.01306
4.01481
4.01654
4.01826
4.01997
4.02165
4.02332
4.02496
4.02658
4.02817
4.02973
4.03126
4.03277
4.03424
4.03567
4.03707
4.03844
4.03977
4.04107
4.04228
4.0435
)
;
    }
    upperWall
    {
        type            kqRWallFunction;
        value           nonuniform List<scalar> 
122
(
6.07794
5.55972
5.2474
5.04169
4.89423
4.78182
4.69214
4.61828
4.55605
4.50269
4.45629
4.41549
4.37928
4.3469
4.31775
4.29137
4.26737
4.24547
4.22539
4.20693
4.18991
4.17419
4.15963
4.14612
4.13357
4.12188
4.111
4.10084
4.09135
4.08249
4.0742
4.06645
4.05919
4.05239
4.04602
4.04006
4.03448
4.02926
4.02436
4.01979
4.01551
4.01151
4.00778
4.00429
4.00105
3.99803
3.99523
3.99264
3.99023
3.98802
3.98598
3.98411
3.9824
3.98085
3.97944
3.97817
3.97704
3.97604
3.97516
3.9744
3.97375
3.97321
3.97278
3.97245
3.97222
3.97208
3.97203
3.97207
3.9722
3.97242
3.97273
3.97312
3.97359
3.97415
3.97479
3.97551
3.97631
3.97719
3.97815
3.97919
3.9803
3.98148
3.98273
3.98405
3.98542
3.98686
3.98835
3.98989
3.99148
3.9931
3.99476
3.99646
3.99817
3.99991
4.00166
4.00343
4.0052
4.00697
4.00874
4.0105
4.01225
4.01398
4.01569
4.01738
4.01904
4.02068
4.02228
4.02385
4.02538
4.02687
4.02832
4.02973
4.0311
4.03242
4.0337
4.03494
4.03613
4.03728
4.03838
4.03944
4.0404
4.04137
)
;
    }
    inlet
    {
        type            turbulentIntensityKineticEnergyInlet;
        intensity       0.0223;
        value           uniform 0.91377;
    }
    outlet
    {
        type            zeroGradient;
    }
    frontAndBack
    {
        type            empty;
    }
}


// ************************************************************************* //
