/*--------------------------------*- C++ -*----------------------------------*\
  =========                 |
  \\      /  F ield         | OpenFOAM: The Open Source CFD Toolbox
   \\    /   O peration     | Website:  https://openfoam.org
    \\  /    A nd           | Version:  8
     \\/     M anipulation  |
\*---------------------------------------------------------------------------*/
FoamFile
{
    version     2.0;
    format      ascii;
    class       volScalarField;
    location    "700";
    object      epsilon;
}
// * * * * * * * * * * * * * * * * * * * * * * * * * * * * * * * * * * * * * //

dimensions      [0 2 -3 0 0 0 0];

internalField   nonuniform List<scalar> 
7320
(
11607.3
10157.7
9314.43
8772.21
8390.2
8102.79
7875.93
7690.7
7535.77
7403.76
7289.61
7189.73
7101.46
7022.84
6952.31
6888.69
6831
6778.46
6730.43
6686.38
6645.85
6608.48
6573.93
6541.93
6512.24
6484.64
6458.97
6435.04
6412.73
6391.9
6372.44
6354.26
6337.25
6321.34
6306.45
6292.51
6279.47
6267.27
6255.85
6245.18
6235.2
6225.88
6217.18
6209.06
6201.5
6194.47
6187.94
6181.88
6176.27
6171.09
6166.33
6161.95
6157.95
6154.32
6151.02
6148.06
6145.42
6143.09
6141.05
6139.3
6137.82
6136.61
6135.66
6134.96
6134.51
6134.28
6134.28
6134.51
6134.94
6135.58
6136.41
6137.44
6138.66
6140.06
6141.63
6143.37
6145.27
6147.33
6149.54
6151.9
6154.4
6157.04
6159.81
6162.7
6165.72
6168.86
6172.11
6175.46
6178.93
6182.49
6186.14
6189.89
6193.72
6197.64
6201.63
6205.69
6209.83
6214.03
6218.28
6222.59
6226.95
6231.35
6235.8
6240.27
6244.77
6249.3
6253.83
6258.38
6262.93
6267.48
6272.01
6276.53
6281.02
6285.47
6289.89
6294.26
6298.57
6302.82
6307
6311.1
6314.99
6318.93
3749.32
3919.37
3598.69
3368.86
3210.19
3093.2
3002.11
2928.43
2867.18
2815.25
2770.5
2731.45
2697.02
2666.41
2638.99
2614.29
2591.92
2571.56
2552.97
2535.93
2520.26
2505.82
2492.48
2480.12
2468.66
2458.02
2448.11
2438.89
2430.29
2422.26
2414.76
2407.75
2401.19
2395.06
2389.32
2383.95
2378.93
2374.22
2369.82
2365.71
2361.86
2358.26
2354.91
2351.78
2348.86
2346.15
2343.62
2341.28
2339.12
2337.12
2335.27
2333.58
2332.04
2330.63
2329.35
2328.2
2327.18
2326.27
2325.47
2324.79
2324.21
2323.73
2323.35
2323.07
2322.88
2322.77
2322.75
2322.82
2322.96
2323.18
2323.47
2323.84
2324.28
2324.78
2325.35
2325.99
2326.68
2327.43
2328.24
2329.1
2330.02
2330.98
2332
2333.06
2334.17
2335.32
2336.51
2337.74
2339.02
2340.32
2341.67
2343.05
2344.46
2345.9
2347.36
2348.86
2350.38
2351.93
2353.5
2355.08
2356.69
2358.31
2359.95
2361.6
2363.26
2364.94
2366.61
2368.29
2369.98
2371.66
2373.34
2375.01
2376.67
2378.33
2379.97
2381.59
2383.2
2384.78
2386.34
2387.87
2389.33
2390.8
1528.99
1989.05
1884.98
1770.23
1685.89
1623.05
1574.14
1534.67
1501.95
1474.25
1450.43
1429.67
1411.39
1395.16
1380.63
1367.55
1355.71
1344.94
1335.11
1326.11
1317.83
1310.2
1303.16
1296.64
1290.59
1284.98
1279.75
1274.89
1270.35
1266.11
1262.16
1258.46
1255.01
1251.78
1248.75
1245.92
1243.27
1240.79
1238.47
1236.3
1234.27
1232.37
1230.6
1228.95
1227.41
1225.98
1224.65
1223.41
1222.27
1221.21
1220.23
1219.34
1218.52
1217.77
1217.09
1216.47
1215.93
1215.44
1215.01
1214.64
1214.32
1214.06
1213.85
1213.68
1213.57
1213.5
1213.47
1213.49
1213.55
1213.65
1213.79
1213.97
1214.19
1214.44
1214.72
1215.04
1215.39
1215.78
1216.19
1216.63
1217.1
1217.6
1218.12
1218.67
1219.24
1219.84
1220.46
1221.1
1221.76
1222.45
1223.15
1223.87
1224.61
1225.37
1226.14
1226.93
1227.73
1228.55
1229.38
1230.22
1231.07
1231.93
1232.8
1233.68
1234.57
1235.46
1236.35
1237.25
1238.15
1239.06
1239.96
1240.86
1241.76
1242.65
1243.54
1244.42
1245.29
1246.15
1247
1247.83
1248.64
1249.44
720.941
1168.15
1165.72
1105.65
1054.38
1014.75
983.61
958.429
937.557
919.91
904.751
891.558
879.953
869.656
860.45
852.168
844.676
837.868
831.656
825.967
820.741
815.927
811.482
807.369
803.556
800.014
796.721
793.654
790.795
788.127
785.635
783.306
781.129
779.092
777.186
775.402
773.733
772.17
770.708
769.34
768.061
766.865
765.749
764.707
763.735
762.83
761.988
761.207
760.482
759.812
759.193
758.624
758.101
757.624
757.19
756.796
756.443
756.128
755.849
755.606
755.397
755.221
755.078
754.965
754.882
754.828
754.801
754.802
754.829
754.882
754.96
755.062
755.187
755.336
755.506
755.698
755.911
756.143
756.396
756.667
756.957
757.264
757.589
757.93
758.287
758.66
759.048
759.451
759.868
760.298
760.741
761.197
761.665
762.144
762.635
763.135
763.646
764.166
764.695
765.232
765.777
766.329
766.888
767.452
768.021
768.595
769.172
769.753
770.335
770.919
771.504
772.088
772.67
773.251
773.829
774.402
774.971
775.534
776.089
776.637
777.167
777.689
358.82
725.629
779.829
754.392
722.982
696.536
675.147
657.664
643.11
630.786
620.195
610.98
602.879
595.694
589.274
583.502
578.284
573.544
569.221
565.264
561.63
558.284
555.195
552.337
549.689
547.229
544.943
542.813
540.829
538.977
537.247
535.631
534.12
532.707
531.384
530.146
528.987
527.902
526.887
525.937
525.049
524.218
523.442
522.717
522.041
521.412
520.825
520.28
519.774
519.306
518.873
518.473
518.106
517.77
517.463
517.185
516.933
516.708
516.508
516.332
516.18
516.051
515.943
515.857
515.792
515.747
515.722
515.715
515.726
515.756
515.803
515.868
515.949
516.046
516.159
516.287
516.43
516.587
516.759
516.944
517.142
517.353
517.577
517.812
518.06
518.318
518.588
518.868
519.159
519.459
519.769
520.088
520.416
520.752
521.097
521.449
521.809
522.176
522.549
522.928
523.313
523.704
524.099
524.499
524.903
525.31
525.72
526.133
526.547
526.963
527.379
527.795
528.211
528.625
529.038
529.448
529.854
530.257
530.654
531.047
531.428
531.8
180.95
454.606
539.365
539.228
522.289
504.944
489.985
477.422
466.83
457.801
450.016
443.23
437.258
431.96
427.226
422.969
419.121
415.626
412.44
409.523
406.846
404.381
402.106
400.001
398.051
396.241
394.557
392.99
391.529
390.166
388.893
387.704
386.592
385.551
384.578
383.666
382.813
382.014
381.266
380.567
379.912
379.3
378.727
378.193
377.694
377.228
376.795
376.391
376.016
375.669
375.347
375.049
374.775
374.524
374.294
374.084
373.894
373.724
373.571
373.437
373.32
373.219
373.135
373.066
373.013
372.975
372.951
372.941
372.945
372.962
372.993
373.036
373.092
373.16
373.24
373.332
373.435
373.548
373.673
373.808
373.953
374.107
374.271
374.445
374.627
374.818
375.018
375.225
375.441
375.664
375.894
376.132
376.376
376.627
376.884
377.146
377.415
377.689
377.968
378.252
378.54
378.832
379.128
379.428
379.73
380.035
380.342
380.652
380.962
381.274
381.586
381.898
382.209
382.52
382.829
383.136
383.441
383.742
384.04
384.334
384.621
384.897
91.0616
278.177
374.321
393.387
388.302
378.207
368.135
359.167
351.387
344.653
338.793
333.658
329.123
325.091
321.482
318.234
315.297
312.628
310.193
307.964
305.918
304.034
302.295
300.686
299.195
297.811
296.524
295.326
294.209
293.167
292.194
291.284
290.434
289.638
288.893
288.196
287.543
286.931
286.359
285.823
285.321
284.852
284.413
284.003
283.62
283.263
282.929
282.619
282.33
282.061
281.812
281.582
281.37
281.174
280.995
280.831
280.682
280.548
280.428
280.321
280.227
280.147
280.078
280.022
279.978
279.945
279.924
279.913
279.913
279.923
279.944
279.974
280.015
280.065
280.124
280.193
280.27
280.356
280.45
280.553
280.663
280.781
280.907
281.04
281.18
281.327
281.48
281.64
281.806
281.978
282.156
282.339
282.527
282.721
282.92
283.123
283.33
283.542
283.758
283.977
284.2
284.426
284.655
284.886
285.12
285.356
285.593
285.832
286.072
286.312
286.553
286.793
287.033
287.272
287.51
287.746
287.979
288.211
288.439
288.664
288.884
289.094
46.0967
162.189
254.261
286.985
292.083
288.344
282.427
276.399
270.841
265.871
261.463
257.553
254.072
250.96
248.165
245.642
243.355
241.274
239.374
237.632
236.033
234.559
233.198
231.938
230.77
229.686
228.677
227.738
226.862
226.045
225.281
224.568
223.9
223.275
222.691
222.143
221.63
221.15
220.7
220.278
219.884
219.514
219.169
218.845
218.543
218.261
217.998
217.752
217.524
217.311
217.113
216.93
216.761
216.605
216.462
216.33
216.211
216.103
216.006
215.919
215.843
215.777
215.721
215.674
215.637
215.608
215.589
215.579
215.577
215.583
215.597
215.619
215.65
215.688
215.733
215.786
215.845
215.912
215.986
216.066
216.152
216.245
216.343
216.448
216.558
216.673
216.794
216.92
217.051
217.187
217.327
217.471
217.62
217.773
217.93
218.09
218.254
218.421
218.591
218.764
218.94
219.118
219.298
219.481
219.664
219.85
220.036
220.224
220.412
220.6
220.789
220.977
221.164
221.351
221.536
221.72
221.902
222.081
222.258
222.432
222.603
222.764
24.139
88.6484
164.986
205.253
218.887
220.976
218.885
215.492
211.862
208.378
205.161
202.236
199.59
197.197
195.031
193.064
191.273
189.637
188.14
186.765
185.499
184.331
183.252
182.251
181.323
180.461
179.658
178.91
178.212
177.561
176.952
176.382
175.849
175.351
174.883
174.446
174.035
173.651
173.291
172.954
172.637
172.341
172.064
171.805
171.562
171.336
171.124
170.926
170.742
170.57
170.41
170.262
170.125
169.998
169.882
169.775
169.677
169.589
169.509
169.438
169.375
169.32
169.273
169.234
169.203
169.178
169.162
169.152
169.148
169.152
169.162
169.179
169.202
169.231
169.266
169.308
169.355
169.408
169.466
169.529
169.598
169.672
169.75
169.834
169.921
170.014
170.11
170.211
170.316
170.424
170.536
170.652
170.771
170.893
171.019
171.147
171.278
171.411
171.547
171.685
171.825
171.967
172.111
172.256
172.402
172.549
172.697
172.846
172.995
173.144
173.293
173.441
173.589
173.736
173.881
174.026
174.168
174.308
174.446
174.581
174.714
174.839
13.5084
45.5623
99.8141
140.768
160.687
168.047
169.612
168.74
166.918
164.789
162.633
160.564
158.629
156.839
155.192
153.678
152.288
151.01
149.834
148.749
147.746
146.819
145.959
145.161
144.42
143.729
143.086
142.486
141.925
141.401
140.911
140.452
140.023
139.62
139.243
138.889
138.558
138.247
137.956
137.682
137.426
137.186
136.961
136.751
136.554
136.369
136.197
136.036
135.885
135.745
135.615
135.494
135.381
135.277
135.182
135.094
135.013
134.94
134.874
134.815
134.763
134.717
134.678
134.645
134.618
134.597
134.582
134.573
134.569
134.571
134.578
134.591
134.609
134.632
134.659
134.692
134.73
134.772
134.818
134.869
134.924
134.983
135.047
135.114
135.185
135.259
135.337
135.418
135.503
135.59
135.681
135.774
135.87
135.968
136.069
136.173
136.278
136.385
136.495
136.606
136.718
136.832
136.947
137.063
137.18
137.298
137.416
137.535
137.654
137.772
137.89
138.008
138.125
138.241
138.356
138.47
138.581
138.691
138.799
138.905
139.008
139.105
8.23297
22.8776
55.2867
90.2281
113.178
124.85
129.856
131.463
131.425
130.618
129.473
128.204
126.919
125.67
124.481
123.362
122.317
121.343
120.436
119.594
118.81
118.08
117.401
116.769
116.178
115.627
115.113
114.631
114.181
113.76
113.365
112.994
112.647
112.322
112.016
111.729
111.46
111.208
110.971
110.748
110.54
110.344
110.161
109.989
109.828
109.677
109.536
109.404
109.28
109.165
109.058
108.958
108.866
108.78
108.701
108.628
108.561
108.501
108.446
108.397
108.353
108.315
108.282
108.254
108.231
108.213
108.2
108.192
108.188
108.189
108.194
108.204
108.218
108.236
108.258
108.284
108.314
108.348
108.385
108.426
108.471
108.519
108.57
108.624
108.681
108.742
108.805
108.871
108.939
109.01
109.083
109.159
109.237
109.317
109.398
109.482
109.567
109.654
109.742
109.832
109.923
110.015
110.107
110.201
110.295
110.389
110.484
110.579
110.674
110.769
110.863
110.957
111.05
111.142
111.233
111.322
111.41
111.497
111.581
111.664
111.744
111.819
5.47937
11.9932
28.2309
52.6649
74.495
88.7635
96.7042
100.69
102.44
102.969
102.841
102.365
101.714
100.983
100.226
99.4735
98.7429
98.0428
97.3776
96.7488
96.1563
95.5992
95.0758
94.5846
94.1235
93.6909
93.2848
92.9037
92.5458
92.2097
91.894
91.5973
91.3185
91.0565
90.8102
90.5787
90.3611
90.1566
89.9644
89.7838
89.6142
89.455
89.3055
89.1652
89.0337
88.9103
88.7948
88.6867
88.5856
88.4911
88.403
88.321
88.2448
88.1741
88.1088
88.0488
87.9937
87.9435
87.898
87.8572
87.8208
87.7889
87.7613
87.7379
87.7187
87.7035
87.6924
87.6851
87.6817
87.6819
87.6856
87.693
87.7038
87.7181
87.7357
87.7567
87.7808
87.8081
87.8384
87.8716
87.9077
87.9466
87.9881
88.0323
88.0789
88.1279
88.1793
88.2329
88.2886
88.3463
88.406
88.4675
88.5307
88.5957
88.6621
88.73
88.7992
88.8697
88.9413
89.0139
89.0874
89.1617
89.2367
89.3121
89.388
89.4642
89.5405
89.6168
89.6929
89.7688
89.8442
89.919
89.993
90.0662
90.1382
90.209
90.2785
90.3464
90.4126
90.4769
90.5398
90.5985
3.95841
6.92866
14.0447
27.7128
44.4801
58.7408
68.535
74.555
78.0226
79.9011
80.8188
81.1603
81.1575
80.9504
80.6246
80.2329
79.8081
79.3708
78.9339
78.5054
78.0901
77.6909
77.3093
76.9458
76.6006
76.2734
75.9637
75.6708
75.394
75.1326
74.8859
74.6531
74.4334
74.2262
74.0309
73.8468
73.6733
73.5098
73.3559
73.211
73.0747
72.9464
72.8258
72.7125
72.606
72.5061
72.4124
72.3246
72.2424
72.1656
72.0938
72.0269
71.9647
71.907
71.8536
71.8044
71.7593
71.7181
71.6808
71.6472
71.6174
71.5911
71.5683
71.549
71.5331
71.5205
71.5112
71.5051
71.5021
71.5021
71.5051
71.5109
71.5196
71.5311
71.5453
71.5623
71.5819
71.604
71.6287
71.6557
71.6851
71.7168
71.7507
71.7867
71.8248
71.8648
71.9067
71.9505
71.9959
72.0431
72.0918
72.142
72.1936
72.2465
72.3007
72.3561
72.4125
72.4698
72.5281
72.5871
72.6468
72.7071
72.7679
72.829
72.8904
72.9519
73.0135
73.075
73.1362
73.1971
73.2576
73.3174
73.3765
73.4348
73.492
73.5481
73.6029
73.6564
73.7083
73.7587
73.8076
73.8535
3.07723
4.48267
7.4297
13.6627
23.6765
35.0257
44.8492
52.0825
56.9685
60.1185
62.0853
63.271
63.946
64.2875
64.4108
64.3915
64.2795
64.1082
63.8999
63.6698
63.4282
63.1824
62.937
62.6954
62.4598
62.2316
62.0117
61.8007
61.5987
61.4059
61.2222
61.0474
60.8813
60.7237
60.5742
60.4326
60.2986
60.1718
60.0519
59.9387
59.8319
59.7311
59.6362
59.5467
59.4625
59.3833
59.309
59.2391
59.1737
59.1124
59.0551
59.0016
58.9519
58.9057
58.8629
58.8235
58.7873
58.7543
58.7243
58.6974
58.6734
58.6524
58.6341
58.6187
58.606
58.596
58.5887
58.5839
58.5817
58.582
58.5847
58.5896
58.5969
58.6065
58.6183
58.6322
58.6484
58.6666
58.6868
58.7091
58.7332
58.7592
58.787
58.8166
58.8478
58.8807
58.9151
58.9509
58.9882
59.0269
59.0668
59.1079
59.1502
59.1935
59.2379
59.2831
59.3292
59.3761
59.4237
59.4718
59.5205
59.5696
59.619
59.6687
59.7185
59.7684
59.8182
59.8679
59.9173
59.9664
60.0149
60.0629
60.1102
60.1567
60.2022
60.2467
60.2901
60.3322
60.373
60.4123
60.4504
60.4863
2.55068
3.21778
4.43832
6.94254
11.6103
18.4647
26.1707
33.1843
38.7612
42.8701
45.7762
47.7853
49.1524
50.0674
50.6656
51.0415
51.2609
51.37
51.4011
51.3772
51.3148
51.2258
51.1186
50.9996
50.8734
50.7434
50.6119
50.4809
50.3516
50.225
50.1019
49.9826
49.8675
49.7568
49.6506
49.5491
49.452
49.3596
49.2715
49.1879
49.1085
49.0333
48.962
48.8947
48.8311
48.771
48.7145
48.6613
48.6113
48.5644
48.5205
48.4795
48.4413
48.4058
48.3729
48.3426
48.3148
48.2894
48.2665
48.2459
48.2276
48.2116
48.1979
48.1863
48.1769
48.1697
48.1645
48.1615
48.1604
48.1614
48.1643
48.1691
48.1757
48.1841
48.1942
48.2061
48.2198
48.2351
48.2521
48.2706
48.2908
48.3124
48.3355
48.36
48.3859
48.4131
48.4415
48.4712
48.502
48.5339
48.5668
48.6007
48.6355
48.6712
48.7077
48.7449
48.7827
48.8212
48.8602
48.8996
48.9395
48.9796
49.02
49.0605
49.1011
49.1417
49.1822
49.2225
49.2625
49.3021
49.3412
49.3798
49.4178
49.4549
49.4912
49.5266
49.5609
49.594
49.626
49.6567
49.6864
49.7144
2.23299
2.5213
3.02004
3.97831
5.81132
8.95327
13.4245
18.6064
23.6547
28.0086
31.4918
34.1618
36.1611
37.6393
38.7238
39.5144
40.0865
40.4959
40.7841
40.9815
41.1107
41.1886
41.2279
41.2381
41.2264
41.1984
41.1584
41.1097
41.0547
40.9955
40.9335
40.8701
40.8061
40.7423
40.6792
40.6172
40.5567
40.498
40.4412
40.3865
40.3339
40.2835
40.2354
40.1895
40.1458
40.1044
40.0651
40.028
39.993
39.9601
39.9292
39.9002
39.8732
39.8481
39.8249
39.8035
39.784
39.7662
39.7502
39.7359
39.7234
39.7125
39.7034
39.6959
39.6901
39.6859
39.6834
39.6824
39.6831
39.6852
39.6889
39.6941
39.7007
39.7087
39.7181
39.7288
39.7409
39.7543
39.769
39.7849
39.8021
39.8205
39.8401
39.8608
39.8826
39.9054
39.9293
39.9541
39.9798
40.0064
40.0338
40.062
40.091
40.1206
40.1508
40.1817
40.213
40.2448
40.277
40.3095
40.3423
40.3754
40.4085
40.4418
40.475
40.5082
40.5413
40.5741
40.6066
40.6387
40.6704
40.7015
40.732
40.7618
40.7908
40.8189
40.8461
40.8722
40.8972
40.9211
40.9441
40.966
2.04415
2.12289
2.29752
2.64296
3.30166
4.4877
6.42603
9.18516
12.5445
16.0848
19.4152
22.3108
24.7067
26.6315
28.1526
29.344
30.2729
30.9955
31.5567
31.9918
32.3282
32.5874
32.7857
32.936
33.0484
33.1307
33.1892
33.2286
33.253
33.2654
33.2683
33.2638
33.2535
33.2387
33.2205
33.1997
33.1771
33.1532
33.1286
33.1036
33.0785
33.0535
33.029
33.005
32.9817
32.9592
32.9375
32.9168
32.897
32.8782
32.8605
32.8439
32.8283
32.8139
32.8005
32.7883
32.7772
32.7673
32.7585
32.7509
32.7444
32.7391
32.735
32.732
32.7303
32.7296
32.7302
32.7319
32.7348
32.7388
32.7439
32.7502
32.7575
32.7659
32.7753
32.7857
32.7971
32.8094
32.8228
32.8372
32.8524
32.8687
32.8858
32.9038
32.9226
32.9423
32.9627
32.9839
33.0058
33.0284
33.0516
33.0754
33.0998
33.1248
33.1502
33.176
33.2022
33.2288
33.2557
33.2828
33.3101
33.3375
33.365
33.3924
33.4199
33.4472
33.4744
33.5013
33.5279
33.5541
33.5798
33.605
33.6297
33.6536
33.6768
33.6992
33.7207
33.7413
33.7609
33.7795
33.7972
33.8142
1.93662
1.89378
1.9091
1.99887
2.20581
2.60135
3.28857
4.38475
5.96585
7.99812
10.3235
12.7231
15.0051
17.0512
18.8156
20.3
21.5307
22.5425
23.3709
24.0479
24.6009
25.053
25.4228
25.7255
25.9736
26.1769
26.3435
26.4799
26.5915
26.6825
26.7566
26.8165
26.8648
26.9034
26.9339
26.9578
26.9761
26.9899
26.9999
27.0068
27.0111
27.0135
27.0142
27.0136
27.012
27.0096
27.0067
27.0034
26.9999
26.9962
26.9926
26.9891
26.9857
26.9826
26.9799
26.9775
26.9756
26.9741
26.9732
26.9729
26.9731
26.974
26.9755
26.9777
26.9806
26.9842
26.9886
26.9937
26.9995
27.0061
27.0134
27.0215
27.0303
27.0399
27.0502
27.0611
27.0727
27.085
27.098
27.1117
27.1261
27.1411
27.1568
27.1731
27.19
27.2075
27.2257
27.2443
27.2635
27.2832
27.3034
27.324
27.3451
27.3665
27.3883
27.4103
27.4327
27.4553
27.4781
27.501
27.524
27.5471
27.5701
27.5932
27.6161
27.6389
27.6614
27.6837
27.7056
27.7272
27.7483
27.7689
27.7889
27.8083
27.8269
27.8448
27.8619
27.8781
27.8934
27.9078
27.9214
27.9345
1.87971
1.76618
1.6969
1.6702
1.69599
1.79455
1.99808
2.35263
2.91532
3.74022
4.85282
6.2268
7.78258
9.41177
11.0108
12.5043
13.8504
15.0348
16.0607
16.9406
17.6911
18.3292
18.8711
19.3314
19.7227
20.0558
20.3398
20.5824
20.79
20.9681
21.121
21.2527
21.3663
21.4644
21.5493
21.6229
21.6869
21.7426
21.7911
21.8336
21.8707
21.9034
21.9321
21.9575
21.9799
21.9999
22.0178
22.0338
22.0483
22.0614
22.0734
22.0844
22.0946
22.1042
22.1133
22.1219
22.1303
22.1384
22.1464
22.1543
22.1622
22.1702
22.1783
22.1866
22.1951
22.2039
22.2129
22.2222
22.2319
22.2419
22.2523
22.2631
22.2743
22.286
22.298
22.3105
22.3233
22.3365
22.3501
22.3641
22.3785
22.3933
22.4085
22.4242
22.4402
22.4567
22.4735
22.4907
22.5082
22.5261
22.5443
22.5628
22.5815
22.6005
22.6197
22.6391
22.6587
22.6784
22.6982
22.718
22.7378
22.7577
22.7774
22.7971
22.8166
22.8359
22.855
22.8737
22.8921
22.9101
22.9276
22.9446
22.9611
22.9769
22.9921
23.0065
23.0201
23.033
23.0449
23.056
23.0663
23.0765
1.85262
1.70013
1.58443
1.50014
1.44691
1.42874
1.45383
1.53512
1.69135
1.94726
2.33147
2.87025
3.57781
4.44717
5.44734
6.52935
7.63811
8.72432
9.75159
10.698
11.554
12.3183
12.995
13.5909
14.114
14.5724
14.974
15.3259
15.6346
15.9057
16.1443
16.3545
16.5401
16.7044
16.8501
16.9795
17.0949
17.1979
17.29
17.3727
17.4471
17.5141
17.5747
17.6296
17.6795
17.725
17.7665
17.8046
17.8396
17.8718
17.9017
17.9294
17.9552
17.9794
18.002
18.0234
18.0436
18.0628
18.0812
18.0988
18.1158
18.1322
18.1482
18.1637
18.179
18.194
18.2089
18.2236
18.2382
18.2527
18.2673
18.2819
18.2965
18.3112
18.326
18.341
18.356
18.3712
18.3864
18.4017
18.4172
18.4329
18.4487
18.4647
18.4809
18.4973
18.5138
18.5306
18.5475
18.5645
18.5818
18.5991
18.6166
18.6342
18.6518
18.6696
18.6873
18.7051
18.7229
18.7407
18.7584
18.7759
18.7934
18.8107
18.8277
18.8445
18.861
18.8772
18.893
18.9084
18.9232
18.9376
18.9514
18.9646
18.9771
18.9889
18.9999
19.0101
19.0196
19.0281
19.0361
19.0438
1.84139
1.6697
1.52946
1.4157
1.32537
1.25752
1.21298
1.19428
1.2059
1.25453
1.3495
1.50277
1.72823
2.03963
2.44734
2.95456
3.55469
4.23102
4.95936
5.71237
6.46405
7.19312
7.8844
8.52869
9.1217
9.66265
10.153
10.5957
10.9943
11.3526
11.6744
11.9636
12.2235
12.4574
12.668
12.858
13.0296
13.1849
13.3257
13.4536
13.5699
13.6759
13.7728
13.8615
13.9428
14.0176
14.0865
14.15
14.2088
14.2633
14.314
14.3611
14.4051
14.4463
14.4849
14.5213
14.5555
14.5878
14.6185
14.6476
14.6754
14.702
14.7274
14.7519
14.7754
14.7982
14.8203
14.8417
14.8626
14.883
14.903
14.9226
14.9419
14.9609
14.9797
14.9982
15.0166
15.0348
15.0529
15.0707
15.0885
15.1061
15.1236
15.1411
15.1585
15.1759
15.1932
15.2105
15.2278
15.2451
15.2624
15.2796
15.2968
15.314
15.3311
15.3481
15.3651
15.382
15.3987
15.4154
15.4318
15.4481
15.4641
15.4799
15.4954
15.5106
15.5255
15.54
15.554
15.5676
15.5806
15.5931
15.6051
15.6164
15.627
15.6369
15.6461
15.6545
15.662
15.6688
15.6749
15.6809
1.83747
1.65774
1.50597
1.37779
1.26982
1.17973
1.10613
1.0485
1.0071
0.982967
0.978021
0.995182
1.03851
1.11327
1.22579
1.383
1.59157
1.8566
2.1803
2.56083
2.992
3.4637
3.96324
4.47698
4.99199
5.49723
5.98423
6.44713
6.88245
7.28854
7.66514
8.0129
8.33307
8.62722
8.89713
9.14464
9.37156
9.57968
9.77064
9.94601
10.1072
10.2555
10.3922
10.5183
10.6347
10.7425
10.8423
10.9349
11.021
11.1011
11.1758
11.2456
11.3108
11.3719
11.4293
11.4833
11.5341
11.5821
11.6274
11.6703
11.7111
11.7499
11.7868
11.8221
11.8558
11.8882
11.9192
11.9491
11.9779
12.0058
12.0327
12.0589
12.0843
12.109
12.1331
12.1566
12.1796
12.2021
12.2242
12.2458
12.2671
12.2879
12.3083
12.3285
12.3483
12.3678
12.3871
12.4061
12.4249
12.4435
12.4619
12.4801
12.4981
12.5158
12.5334
12.5508
12.5679
12.5849
12.6015
12.618
12.6341
12.65
12.6655
12.6807
12.6956
12.71
12.7241
12.7376
12.7507
12.7633
12.7753
12.7867
12.7976
12.8077
12.8172
12.8259
12.8339
12.841
12.8474
12.853
12.8579
12.8627
1.83635
1.65389
1.49762
1.36332
1.24761
1.14783
1.062
0.988661
0.926848
0.875995
0.835924
0.806832
0.789309
0.784375
0.793528
0.818789
0.862716
0.928351
1.01906
1.13827
1.28904
1.47355
1.69265
1.94546
2.22922
2.53944
2.87029
3.21516
3.56729
3.92031
4.26872
4.60806
4.93502
5.24734
5.54369
5.82341
6.08643
6.33301
6.56368
6.77914
6.98018
7.16765
7.34241
7.50534
7.65726
7.79901
7.93133
8.05494
8.17052
8.27869
8.38
8.475
8.56418
8.64797
8.72681
8.80107
8.8711
8.93724
8.99979
9.05901
9.11516
9.16848
9.21919
9.26747
9.31351
9.35748
9.39953
9.43981
9.47845
9.51557
9.55127
9.58567
9.61885
9.65091
9.68192
9.71195
9.74109
9.76937
9.79687
9.82364
9.84972
9.87515
9.89993
9.92407
9.94761
9.9706
9.99308
10.0151
10.0366
10.0577
10.0783
10.0986
10.1185
10.138
10.1571
10.1758
10.1942
10.2121
10.2297
10.247
10.2638
10.2801
10.2961
10.3116
10.3267
10.3412
10.3553
10.3688
10.3817
10.3941
10.4058
10.4169
10.4273
10.437
10.4459
10.4541
10.4615
10.4681
10.4739
10.4788
10.4831
10.4871
1.8361
1.6529
1.49526
1.35888
1.24033
1.13688
1.04634
0.966998
0.8975
0.836801
0.784121
0.738903
0.700795
0.66963
0.645428
0.628393
0.618928
0.617651
0.625408
0.643286
0.672608
0.714903
0.771843
0.845141
0.936407
1.04698
1.17771
1.32885
1.49987
1.68946
1.89556
2.11546
2.34603
2.58391
2.82576
3.06843
3.30913
3.54552
3.77574
3.99841
4.21256
4.41761
4.61326
4.79943
4.97619
5.14377
5.30244
5.45255
5.59446
5.72857
5.85529
5.97502
6.08819
6.19517
6.29637
6.39213
6.48281
6.56874
6.65024
6.72758
6.80104
6.87089
6.93734
7.00064
7.06098
7.11857
7.17359
7.22621
7.27658
7.32486
7.37117
7.41566
7.45843
7.4996
7.53926
7.57751
7.61444
7.65012
7.68463
7.71803
7.75041
7.7818
7.81227
7.84187
7.87061
7.89848
7.92555
7.95185
7.97742
8.00231
8.02653
8.05012
8.07309
8.09548
8.11728
8.13851
8.15919
8.17931
8.19888
8.21789
8.23635
8.25425
8.27158
8.28832
8.30447
8.32001
8.33491
8.34918
8.36277
8.37567
8.38786
8.39932
8.41002
8.41994
8.42905
8.43734
8.44479
8.45137
8.45707
8.4619
8.46601
8.46981
1.83605
1.6527
1.49473
1.35782
1.23848
1.13393
1.04192
0.960651
0.888632
0.82467
0.767793
0.717216
0.672311
0.632587
0.597667
0.567277
0.541239
0.519467
0.501959
0.488805
0.480185
0.476377
0.477764
0.484832
0.498176
0.518492
0.546563
0.583231
0.629359
0.685782
0.753241
0.832319
0.923371
1.02647
1.14136
1.26746
1.40383
1.54928
1.70235
1.86144
2.02487
2.19097
2.35815
2.52494
2.69006
2.85245
3.01123
3.16573
3.31548
3.46013
3.59951
3.73352
3.86216
3.98547
4.10356
4.21657
4.32463
4.42793
4.52664
4.62096
4.71107
4.79718
4.87948
4.95816
5.03341
5.10542
5.17436
5.24041
5.30372
5.36444
5.42273
5.47871
5.53252
5.58426
5.63406
5.68202
5.72824
5.77281
5.81582
5.85735
5.89749
5.93629
5.97384
6.01019
6.04539
6.07952
6.1126
6.14465
6.17566
6.2057
6.23481
6.26303
6.29038
6.31691
6.34262
6.36754
6.39169
6.41508
6.43772
6.45962
6.48078
6.50119
6.52086
6.53979
6.55796
6.57537
6.592
6.60785
6.62289
6.63712
6.65052
6.66307
6.67475
6.68555
6.69545
6.70445
6.71251
6.71964
6.72583
6.73108
6.73554
6.73957
1.83603
1.65264
1.49462
1.3576
1.23811
1.13332
1.04098
0.959246
0.886595
0.821781
0.76377
0.711705
0.664871
0.622675
0.584622
0.550304
0.519386
0.491594
0.466712
0.444572
0.425055
0.408081
0.393614
0.381659
0.372259
0.365503
0.36152
0.360489
0.362632
0.368221
0.377575
0.391057
0.409065
0.432026
0.46038
0.494561
0.534978
0.58199
0.63588
0.696832
0.764912
0.840046
0.92202
1.01047
1.10491
1.20471
1.30915
1.41746
1.52878
1.64229
1.75716
1.87259
1.98787
2.10236
2.21548
2.32677
2.43586
2.54243
2.64627
2.74723
2.8452
2.94014
3.03203
3.12089
3.20675
3.28968
3.36973
3.44697
3.5215
3.59338
3.66272
3.72959
3.79409
3.85631
3.91634
3.97426
4.03018
4.08417
4.13632
4.1867
4.23541
4.2825
4.32805
4.37212
4.41478
4.45609
4.49609
4.53484
4.57239
4.60875
4.64392
4.67792
4.7108
4.74259
4.77333
4.80303
4.83173
4.85944
4.88618
4.91195
4.93678
4.96066
4.9836
5.0056
5.02665
5.04677
5.06593
5.08413
5.10137
5.11764
5.13292
5.14721
5.16051
5.17279
5.18406
5.19431
5.20353
5.21172
5.21888
5.22503
5.23031
5.235
1.83602
1.65261
1.49457
1.35754
1.23801
1.13319
1.0408
0.958995
0.886239
0.821274
0.763051
0.710688
0.663449
0.620708
0.581938
0.54669
0.514581
0.485287
0.45853
0.434076
0.411723
0.391305
0.372681
0.355736
0.340378
0.326535
0.314157
0.30321
0.293681
0.285572
0.278905
0.273723
0.270083
0.268068
0.267776
0.26933
0.272873
0.278569
0.2866
0.297168
0.310484
0.326774
0.346264
0.369178
0.395727
0.426102
0.460467
0.498945
0.541614
0.588495
0.639555
0.694696
0.753758
0.816521
0.882708
0.951997
1.02402
1.09839
1.17468
1.25247
1.33136
1.41092
1.49077
1.57056
1.64996
1.72868
1.80648
1.88314
1.9585
2.03242
2.10479
2.17554
2.24462
2.31199
2.37764
2.44158
2.50381
2.56436
2.62323
2.68047
2.73609
2.79014
2.84263
2.89362
2.94312
2.99117
3.0378
3.08305
3.12694
3.16951
3.21079
3.2508
3.28956
3.32704
3.36324
3.39821
3.43197
3.46453
3.49591
3.52612
3.55518
3.5831
3.60986
3.63549
3.65999
3.68334
3.70556
3.72664
3.74658
3.76538
3.78303
3.79954
3.8149
3.82913
3.84221
3.85416
3.86499
3.87469
3.88329
3.8908
3.89736
3.9032
1.83602
1.65258
1.49453
1.35749
1.23795
1.13313
1.04073
0.958918
0.886153
0.821175
0.76293
0.710534
0.663244
0.620428
0.581551
0.546153
0.513841
0.484276
0.457165
0.432255
0.409327
0.388188
0.368672
0.350636
0.333951
0.31851
0.304216
0.290989
0.278758
0.267465
0.25706
0.247503
0.238763
0.230816
0.223648
0.217252
0.211627
0.206783
0.202736
0.199511
0.19714
0.195665
0.195138
0.195619
0.197177
0.199892
0.20385
0.209149
0.215892
0.224189
0.234155
0.245908
0.259564
0.275238
0.293041
0.313073
0.335423
0.360163
0.387349
0.417012
0.449163
0.483786
0.520837
0.560247
0.601921
0.645736
0.691551
0.739199
0.7885
0.839259
0.891271
0.944326
0.998213
1.05272
1.10765
1.1628
1.21798
1.27303
1.32779
1.38212
1.43589
1.48899
1.54133
1.59283
1.64342
1.69304
1.74166
1.78923
1.83573
1.88113
1.92543
1.96861
2.01066
2.05159
2.09138
2.13002
2.16744
2.20363
2.23861
2.27235
2.30486
2.33614
2.36617
2.39495
2.42249
2.44877
2.47381
2.49759
2.52013
2.54142
2.56147
2.58029
2.5979
2.6143
2.62951
2.64355
2.65643
2.66818
2.67882
2.68838
2.69697
2.70477
1.83601
1.65256
1.4945
1.35744
1.2379
1.13307
1.04068
0.958862
0.886097
0.821119
0.762874
0.710479
0.663188
0.620369
0.581486
0.546077
0.513746
0.484154
0.457003
0.432037
0.409031
0.387791
0.368143
0.349936
0.333036
0.317326
0.302702
0.28907
0.276348
0.264464
0.253353
0.242957
0.233225
0.224112
0.215578
0.207589
0.200113
0.193125
0.186603
0.180527
0.174883
0.169658
0.164845
0.160438
0.156435
0.152837
0.149649
0.146879
0.144537
0.142639
0.141204
0.140252
0.139811
0.139912
0.140587
0.141877
0.143823
0.146471
0.149873
0.15408
0.15915
0.16514
0.17211
0.180121
0.189234
0.199507
0.210997
0.223758
0.237836
0.253275
0.270109
0.288364
0.308056
0.329192
0.351766
0.375762
0.401151
0.427892
0.455933
0.485208
0.515642
0.547151
0.57964
0.613008
0.647145
0.681939
0.717273
0.753027
0.789082
0.825319
0.861622
0.897878
0.933977
0.969817
1.0053
1.04034
1.07488
1.10882
1.14209
1.17459
1.20628
1.23711
1.26702
1.296
1.324
1.35102
1.37703
1.40203
1.426
1.44896
1.47089
1.49181
1.51172
1.53064
1.54858
1.56556
1.58158
1.59668
1.61086
1.62416
1.63662
1.64833
1.83601
1.65254
1.49448
1.35742
1.23787
1.13304
1.04064
0.958826
0.886061
0.821083
0.762838
0.710444
0.663153
0.620336
0.581454
0.546046
0.513716
0.484124
0.456972
0.432004
0.408994
0.387747
0.368088
0.349865
0.332945
0.317207
0.302545
0.288866
0.276084
0.264125
0.25292
0.24241
0.232539
0.223258
0.214524
0.206295
0.198537
0.191216
0.184303
0.177772
0.171597
0.165758
0.160235
0.155011
0.150069
0.145397
0.140981
0.136812
0.132879
0.129176
0.125696
0.122433
0.119385
0.116549
0.113924
0.11151
0.109309
0.107324
0.105559
0.104021
0.102717
0.101657
0.10085
0.100309
0.100048
0.100084
0.100434
0.101117
0.102156
0.103573
0.105394
0.107644
0.110353
0.113549
0.117263
0.121526
0.12637
0.131826
0.137927
0.144702
0.152182
0.160394
0.169364
0.179114
0.189663
0.201027
0.213217
0.226238
0.24009
0.254769
0.270265
0.286559
0.30363
0.321449
0.339981
0.359188
0.379025
0.399443
0.420396
0.441834
0.463694
0.485909
0.508413
0.531137
0.554015
0.576978
0.599961
0.622899
0.64573
0.668394
0.690836
0.713002
0.734843
0.756313
0.77737
0.797977
0.818098
0.837704
0.856767
0.875266
0.893185
0.910484
1.83601
1.65254
1.49448
1.35742
1.23787
1.13304
1.04064
0.958826
0.886061
0.821083
0.762838
0.710444
0.663153
0.620336
0.581454
0.546046
0.513716
0.484124
0.456972
0.432004
0.408994
0.387747
0.368088
0.349865
0.332945
0.317207
0.302545
0.288866
0.276084
0.264125
0.25292
0.24241
0.232539
0.223258
0.214524
0.206296
0.198538
0.191217
0.184304
0.177773
0.171599
0.16576
0.160237
0.155013
0.150072
0.1454
0.140985
0.136815
0.132884
0.129181
0.125701
0.12244
0.119392
0.116557
0.113933
0.11152
0.10932
0.107336
0.105573
0.104037
0.102734
0.101676
0.10087
0.100332
0.100074
0.100112
0.100464
0.101151
0.102192
0.103612
0.105436
0.10769
0.110402
0.113602
0.117319
0.121586
0.126433
0.131893
0.137997
0.144776
0.152259
0.160475
0.169448
0.179202
0.189755
0.201122
0.213316
0.226341
0.240198
0.254883
0.270385
0.286687
0.303766
0.321595
0.340138
0.359357
0.379209
0.399644
0.420615
0.442073
0.463954
0.486192
0.508721
0.531471
0.554376
0.577367
0.600377
0.623344
0.646203
0.668896
0.691366
0.713559
0.735426
0.756921
0.778002
0.79863
0.818771
0.838394
0.857473
0.875984
0.893913
0.91122
1.83601
1.65256
1.4945
1.35744
1.2379
1.13307
1.04068
0.958862
0.886097
0.821119
0.762874
0.710479
0.663188
0.62037
0.581486
0.546077
0.513746
0.484154
0.457003
0.432037
0.409032
0.387791
0.368143
0.349936
0.333037
0.317327
0.302703
0.289071
0.27635
0.264467
0.253356
0.242961
0.23323
0.224118
0.215585
0.207597
0.200123
0.193138
0.186617
0.180544
0.174903
0.169682
0.164872
0.16047
0.156472
0.15288
0.149698
0.146934
0.144601
0.142712
0.141286
0.140346
0.139918
0.140032
0.140723
0.142029
0.143994
0.146663
0.150087
0.154319
0.159415
0.165433
0.172435
0.180479
0.189627
0.199937
0.211466
0.224266
0.238387
0.253869
0.270747
0.289048
0.308786
0.329969
0.352591
0.376635
0.402072
0.428861
0.45695
0.486273
0.516757
0.548315
0.580855
0.614273
0.648463
0.683311
0.718699
0.75451
0.790623
0.82692
0.863285
0.899603
0.935767
0.971675
1.00723
1.04234
1.07694
1.11096
1.14429
1.17687
1.20863
1.23952
1.2695
1.29854
1.3266
1.35368
1.37974
1.40479
1.42881
1.45181
1.47378
1.49473
1.51468
1.53362
1.55158
1.56857
1.5846
1.5997
1.61388
1.62716
1.63961
1.6513
1.83602
1.65258
1.49453
1.35749
1.23795
1.13313
1.04073
0.958918
0.886153
0.821175
0.76293
0.710535
0.663244
0.620429
0.581551
0.546154
0.513842
0.484277
0.457167
0.432258
0.40933
0.388192
0.368678
0.350643
0.33396
0.318521
0.30423
0.291006
0.27878
0.267491
0.257092
0.247542
0.238809
0.230871
0.223714
0.21733
0.211719
0.206891
0.202862
0.199657
0.19731
0.195862
0.195365
0.19588
0.197477
0.200235
0.204242
0.209595
0.216398
0.224761
0.2348
0.246632
0.260374
0.276142
0.294045
0.314182
0.336643
0.3615
0.388806
0.418594
0.450871
0.485622
0.522802
0.562339
0.604139
0.648077
0.694011
0.741774
0.791184
0.842047
0.894157
0.947304
1.00128
1.05587
1.11087
1.16608
1.22133
1.27645
1.33127
1.38565
1.43947
1.49263
1.54502
1.59656
1.6472
1.69687
1.74554
1.79316
1.83971
1.88517
1.92952
1.97275
2.01485
2.05584
2.09568
2.13437
2.17184
2.20809
2.24312
2.27692
2.30948
2.3408
2.37088
2.39972
2.4273
2.45363
2.4787
2.50252
2.52508
2.5464
2.56648
2.58532
2.60293
2.61934
2.63455
2.64857
2.66144
2.67316
2.68376
2.69328
2.70181
2.70956
1.83602
1.65261
1.49457
1.35754
1.23801
1.13319
1.0408
0.958996
0.88624
0.821275
0.763052
0.71069
0.663451
0.620712
0.581943
0.546697
0.514591
0.4853
0.458547
0.434097
0.411751
0.39134
0.372725
0.355791
0.340446
0.32662
0.31426
0.303335
0.293831
0.285752
0.279121
0.273979
0.270387
0.268426
0.268197
0.269824
0.27345
0.27924
0.287379
0.298067
0.311519
0.32796
0.347617
0.370713
0.39746
0.42805
0.462642
0.50136
0.544279
0.591419
0.642742
0.698148
0.757475
0.820498
0.886939
0.956471
1.02873
1.10331
1.1798
1.25778
1.33683
1.41653
1.49651
1.57641
1.6559
1.73471
1.81257
1.88929
1.96469
2.03864
2.11103
2.1818
2.25089
2.31827
2.38393
2.44788
2.51011
2.57066
2.62953
2.68677
2.74241
2.79646
2.84897
2.89996
2.94948
2.99755
3.0442
3.08947
3.13339
3.17598
3.21729
3.25734
3.29613
3.33364
3.36988
3.40489
3.43868
3.47128
3.5027
3.53296
3.56206
3.59001
3.61682
3.64249
3.66702
3.69041
3.71266
3.73377
3.75373
3.77255
3.79022
3.80673
3.8221
3.83632
3.84939
3.86131
3.8721
3.88176
3.8903
3.89775
3.90422
3.90998
1.83603
1.65264
1.49462
1.35761
1.23811
1.13332
1.04099
0.95925
0.8866
0.821788
0.763781
0.71172
0.664891
0.622702
0.584658
0.550352
0.519448
0.491674
0.466814
0.444702
0.425217
0.408283
0.393863
0.381964
0.372631
0.365954
0.362065
0.361143
0.363415
0.369155
0.378685
0.392369
0.41061
0.433835
0.462487
0.496999
0.537781
0.58519
0.639507
0.70091
0.769458
0.845075
0.927535
1.01647
1.11138
1.21163
1.31651
1.42521
1.53691
1.65075
1.7659
1.88159
1.99709
2.11175
2.22502
2.33642
2.44559
2.55222
2.65611
2.75708
2.85506
2.94999
3.04187
3.1307
3.21653
3.29941
3.37941
3.45661
3.53108
3.60291
3.6722
3.73902
3.80346
3.86564
3.92562
3.9835
4.03938
4.09333
4.14545
4.19581
4.24449
4.29156
4.3371
4.38116
4.42382
4.46513
4.50514
4.5439
4.58147
4.61785
4.65304
4.68707
4.71998
4.75181
4.78258
4.81232
4.84106
4.86882
4.8956
4.92142
4.9463
4.97023
4.99321
5.01526
5.03636
5.05651
5.07571
5.09395
5.11121
5.1275
5.1428
5.1571
5.1704
5.18267
5.19392
5.20414
5.21332
5.22146
5.22855
5.23461
5.23979
5.24438
1.83605
1.6527
1.49473
1.35782
1.23849
1.13394
1.04194
0.960672
0.888663
0.824713
0.767852
0.717295
0.672418
0.632727
0.597848
0.567509
0.541536
0.519841
0.502429
0.489391
0.480911
0.477274
0.478865
0.486178
0.499814
0.520476
0.548952
0.58609
0.632756
0.689786
0.757918
0.837728
0.929563
1.03348
1.14921
1.27615
1.41335
1.55958
1.71339
1.87316
2.03719
2.20382
2.37144
2.53861
2.70403
2.86666
3.02561
3.18024
3.33007
3.47477
3.61416
3.74816
3.87676
4.00002
4.11805
4.23097
4.33894
4.44214
4.54075
4.63496
4.72496
4.81095
4.89314
4.9717
5.04684
5.11873
5.18757
5.2535
5.31671
5.37734
5.43553
5.49142
5.54514
5.59681
5.64654
5.69444
5.7406
5.78512
5.82808
5.86958
5.90968
5.94846
5.986
6.02234
6.05755
6.09169
6.12478
6.15684
6.18788
6.21795
6.2471
6.27536
6.30276
6.32933
6.3551
6.38009
6.4043
6.42776
6.45046
6.47243
6.49365
6.51413
6.53387
6.55286
6.57109
6.58856
6.60525
6.62114
6.63623
6.65049
6.66391
6.67648
6.68817
6.69896
6.70885
6.71782
6.72584
6.73291
6.73902
6.74418
6.74854
6.75244
1.8361
1.65291
1.49527
1.3589
1.24036
1.13692
1.04641
0.967098
0.897637
0.836986
0.784367
0.739227
0.701217
0.670177
0.646129
0.629287
0.620063
0.619085
0.627212
0.645545
0.675421
0.718385
0.776119
0.850346
0.942675
1.05443
1.18646
1.33896
1.51139
1.70239
1.90984
2.13101
2.36273
2.60163
2.84434
3.08772
3.32898
3.56579
3.79631
4.01918
4.23345
4.43855
4.63419
4.82031
4.99699
5.16445
5.32299
5.47294
5.61468
5.74862
5.87516
5.99472
6.1077
6.2145
6.3155
6.41108
6.50158
6.58734
6.66865
6.74582
6.81911
6.88878
6.95508
7.01822
7.07841
7.13585
7.19073
7.24321
7.29345
7.34161
7.38782
7.4322
7.47488
7.51596
7.55554
7.59373
7.63059
7.66623
7.7007
7.73408
7.76644
7.79783
7.8283
7.8579
7.88666
7.91456
7.94166
7.968
7.99363
8.01857
8.04286
8.06652
8.08958
8.11204
8.13393
8.15526
8.17603
8.19625
8.21591
8.23503
8.25359
8.27158
8.28901
8.30584
8.32208
8.3377
8.35269
8.36702
8.38068
8.39364
8.40588
8.41737
8.42809
8.43802
8.44713
8.4554
8.46281
8.46934
8.47497
8.4797
8.4837
8.48737
1.83636
1.65391
1.49766
1.3634
1.24773
1.14801
1.06225
0.989009
0.927316
0.876617
0.836745
0.807909
0.790716
0.786204
0.795899
0.821852
0.866653
0.933377
1.02542
1.14622
1.29883
1.48541
1.70674
1.96185
2.2479
2.56029
2.89313
3.23972
3.59328
3.94745
4.29672
4.63666
4.96401
5.27654
5.57295
5.85264
6.11554
6.36193
6.59238
6.80757
7.00833
7.1955
7.36997
7.53259
7.68421
7.82566
7.95769
8.08102
8.19632
8.30421
8.40526
8.5
8.58892
8.67248
8.75108
8.8251
8.89492
8.96084
9.02317
9.08219
9.13815
9.19128
9.24179
9.2899
9.33577
9.37958
9.42148
9.46162
9.50012
9.53711
9.5727
9.607
9.64009
9.67207
9.70301
9.73299
9.76208
9.79034
9.81782
9.84459
9.87067
9.89612
9.92093
9.9451
9.96869
9.99174
10.0143
10.0364
10.058
10.0792
10.0999
10.1203
10.1403
10.1599
10.1792
10.198
10.2165
10.2346
10.2524
10.2697
10.2867
10.3032
10.3193
10.335
10.3501
10.3648
10.379
10.3926
10.4056
10.4181
10.4299
10.441
10.4515
10.4612
10.4702
10.4784
10.4857
10.4923
10.498
10.5028
10.507
10.5109
1.8375
1.65781
1.50612
1.37805
1.2702
1.18027
1.10687
1.04951
1.00845
0.984782
0.980453
0.998438
1.04286
1.11906
1.23344
1.39298
1.60436
1.87266
2.19993
2.58419
3.019
3.49408
3.99655
4.51268
5.02952
5.53606
6.02389
6.48724
6.92271
7.32873
7.7051
8.05251
8.37225
8.66593
8.93534
9.18233
9.40874
9.61635
9.80681
9.9817
10.1424
10.2903
10.4266
10.5522
10.6683
10.7757
10.8751
10.9674
11.0532
11.133
11.2074
11.2769
11.3419
11.4027
11.4599
11.5136
11.5641
11.6119
11.657
11.6997
11.7403
11.7788
11.8156
11.8507
11.8842
11.9164
11.9473
11.977
12.0057
12.0335
12.0603
12.0864
12.1117
12.1363
12.1604
12.1839
12.2068
12.2293
12.2514
12.2731
12.2944
12.3153
12.3358
12.356
12.3759
12.3955
12.4149
12.4341
12.4531
12.4718
12.4903
12.5087
12.5269
12.5448
12.5626
12.5801
12.5975
12.6146
12.6315
12.6481
12.6645
12.6805
12.6963
12.7117
12.7267
12.7413
12.7555
12.7692
12.7825
12.7952
12.8073
12.8189
12.8297
12.84
12.8495
12.8582
12.8662
12.8733
12.8797
12.8851
12.8899
12.8946
1.84147
1.66992
1.52989
1.41637
1.32636
1.2589
1.21488
1.19691
1.20954
1.25958
1.35651
1.51247
1.74146
2.05731
2.47028
2.98331
3.58935
4.27125
5.00441
5.76123
6.51568
7.24654
7.93879
8.58343
9.17633
9.71686
10.2066
10.6486
11.0463
11.4037
11.7247
12.013
12.2721
12.5052
12.7151
12.9043
13.0753
13.23
13.3702
13.4975
13.6133
13.7188
13.8153
13.9035
13.9845
14.0588
14.1273
14.1906
14.249
14.3032
14.3536
14.4004
14.4442
14.4851
14.5234
14.5595
14.5935
14.6256
14.656
14.6849
14.7125
14.7388
14.7641
14.7883
14.8117
14.8344
14.8563
14.8776
14.8984
14.9187
14.9386
14.9581
14.9774
14.9963
15.0151
15.0336
15.052
15.0702
15.0883
15.1063
15.1241
15.1418
15.1594
15.177
15.1946
15.2121
15.2297
15.2472
15.2647
15.2822
15.2997
15.3171
15.3346
15.352
15.3694
15.3867
15.404
15.4211
15.4381
15.455
15.4718
15.4883
15.5046
15.5207
15.5364
15.5519
15.567
15.5817
15.5959
15.6097
15.6229
15.6356
15.6476
15.659
15.6697
15.6797
15.6889
15.6973
15.7049
15.7116
15.7176
15.7234
1.85285
1.70072
1.58546
1.5017
1.44916
1.43197
1.45847
1.54185
1.70114
1.96146
2.3517
2.89816
3.61465
4.49337
5.50231
6.59165
7.70585
8.79557
9.82472
10.7718
11.6275
12.391
13.0665
13.6611
14.1827
14.6397
15.0399
15.3905
15.6979
15.9679
16.2053
16.4145
16.5992
16.7626
16.9074
17.0362
17.1508
17.2531
17.3447
17.4268
17.5007
17.5672
17.6274
17.6819
17.7314
17.7765
17.8176
17.8554
17.89
17.922
17.9516
17.979
18.0045
18.0284
18.0508
18.0719
18.0919
18.1108
18.129
18.1463
18.1631
18.1793
18.1951
18.2105
18.2256
18.2404
18.2551
18.2697
18.2842
18.2987
18.3132
18.3277
18.3423
18.357
18.3718
18.3868
18.4019
18.4171
18.4324
18.4479
18.4636
18.4794
18.4954
18.5116
18.528
18.5446
18.5614
18.5784
18.5956
18.613
18.6305
18.6482
18.666
18.6839
18.702
18.7201
18.7382
18.7564
18.7745
18.7927
18.8107
18.8287
18.8465
18.8641
18.8815
18.8987
18.9155
18.932
18.948
18.9637
18.9788
18.9934
19.0074
19.0207
19.0333
19.0452
19.0564
19.0666
19.0761
19.0846
19.0924
19.1
1.88026
1.76748
1.69908
1.67351
1.70095
1.80207
2.00961
2.37039
2.94219
3.77923
4.90608
6.29451
7.86286
9.50137
11.1062
12.6024
13.9491
15.1326
16.1567
17.0345
17.7826
18.4184
18.9581
19.4163
19.8056
20.1369
20.4192
20.6603
20.8665
21.0433
21.1952
21.3258
21.4384
21.5356
21.6197
21.6926
21.7559
21.811
21.8589
21.9008
21.9375
21.9697
21.998
22.0229
22.045
22.0646
22.0821
22.0978
22.112
22.1248
22.1365
22.1472
22.1572
22.1665
22.1753
22.1837
22.1917
22.1996
22.2074
22.215
22.2228
22.2305
22.2385
22.2465
22.2549
22.2635
22.2723
22.2816
22.2911
22.3011
22.3115
22.3222
22.3335
22.3451
22.3573
22.3698
22.3827
22.396
22.4097
22.4239
22.4385
22.4536
22.4691
22.485
22.5014
22.5182
22.5354
22.5529
22.5709
22.5891
22.6078
22.6267
22.6459
22.6653
22.685
22.7049
22.725
22.7452
22.7654
22.7858
22.8061
22.8264
22.8467
22.8668
22.8868
22.9065
22.926
22.9452
22.964
22.9823
23.0002
23.0175
23.0343
23.0503
23.0657
23.0803
23.0941
23.107
23.119
23.13
23.1403
23.1503
1.9378
1.89636
1.91341
2.00574
2.21689
2.61955
3.31844
4.43183
6.03458
8.0893
10.4335
12.8459
15.1344
17.1824
18.9456
20.4273
21.6544
22.6625
23.4872
24.1607
24.7106
25.1597
25.5269
25.8273
26.0733
26.2747
26.4396
26.5745
26.6847
26.7745
26.8474
26.9064
26.9537
26.9914
27.0212
27.0443
27.062
27.0752
27.0846
27.091
27.0949
27.0968
27.0971
27.0961
27.0941
27.0914
27.0881
27.0845
27.0806
27.0767
27.0727
27.0689
27.0653
27.0619
27.0589
27.0562
27.054
27.0523
27.0512
27.0506
27.0506
27.0513
27.0526
27.0546
27.0573
27.0608
27.065
27.07
27.0757
27.0823
27.0896
27.0977
27.1066
27.1162
27.1266
27.1377
27.1494
27.1619
27.1752
27.1891
27.2038
27.2191
27.2352
27.2519
27.2692
27.2872
27.3058
27.325
27.3447
27.365
27.3857
27.4069
27.4286
27.4506
27.473
27.4957
27.5187
27.542
27.5654
27.5889
27.6126
27.6363
27.66
27.6837
27.7072
27.7306
27.7537
27.7766
27.799
27.8211
27.8427
27.8637
27.8841
27.9038
27.9228
27.9409
27.9582
27.9746
27.9899
28.0043
28.0179
28.0309
2.04645
2.12773
2.30595
2.65758
3.32772
4.53374
6.5018
9.29579
12.6862
16.2471
19.587
22.4842
24.877
26.7966
28.3117
29.4973
30.4207
31.1383
31.6951
32.1263
32.4594
32.7155
32.9112
33.0592
33.1695
33.25
33.3068
33.3448
33.3678
33.379
33.3809
33.3754
33.3642
33.3486
33.3296
33.3081
33.2849
33.2604
33.2352
33.2097
33.1841
33.1587
33.1338
33.1094
33.0857
33.0628
33.0408
33.0197
32.9996
32.9806
32.9625
32.9456
32.9297
32.915
32.9013
32.8888
32.8775
32.8673
32.8582
32.8503
32.8436
32.8381
32.8338
32.8306
32.8287
32.8279
32.8284
32.83
32.8328
32.8368
32.8419
32.8482
32.8557
32.8642
32.8737
32.8843
32.8959
32.9086
32.9223
32.937
32.9527
32.9694
32.987
33.0055
33.0249
33.0451
33.0662
33.0881
33.1106
33.134
33.1579
33.1825
33.2077
33.2334
33.2597
33.2863
33.3134
33.3408
33.3685
33.3965
33.4246
33.4529
33.4812
33.5095
33.5377
33.5659
33.5938
33.6214
33.6487
33.6755
33.7019
33.7277
33.7528
33.7773
33.8009
33.8237
33.8455
33.8663
33.886
33.9047
33.9224
33.9393
2.23713
2.53016
3.03691
4.01133
5.87533
9.06502
13.589
18.8108
23.8791
28.2371
31.7155
34.377
36.3669
37.8362
38.9126
39.6962
40.2622
40.6664
40.9501
41.1436
41.2695
41.3445
41.3812
41.3891
41.3754
41.3457
41.3041
41.2539
41.1976
41.1372
41.0742
41.0098
40.9449
40.8803
40.8164
40.7538
40.6927
40.6333
40.576
40.5207
40.4677
40.4168
40.3683
40.322
40.2779
40.2361
40.1965
40.159
40.1237
40.0904
40.0592
40.0299
40.0026
39.9772
39.9537
39.932
39.9121
39.894
39.8777
39.8632
39.8504
39.8393
39.83
39.8223
39.8163
39.812
39.8093
39.8083
39.8089
39.8111
39.8149
39.8202
39.8269
39.835
39.8446
39.8556
39.868
39.8818
39.897
39.9134
39.9312
39.9502
39.9704
39.9918
40.0143
40.0379
40.0626
40.0882
40.1148
40.1424
40.1708
40.2
40.2299
40.2606
40.2919
40.3237
40.3562
40.389
40.4223
40.456
40.4899
40.524
40.5582
40.5925
40.6268
40.661
40.695
40.7288
40.7622
40.7952
40.8277
40.8595
40.8907
40.9212
40.9507
40.9793
41.0069
41.0334
41.0587
41.0828
41.1059
41.1277
2.55791
3.23424
4.47415
7.02087
11.7607
18.6935
26.4515
33.4836
39.0574
43.1541
46.0457
48.041
49.396
50.3008
50.8904
51.2591
51.4724
51.5763
51.603
51.5754
51.5098
51.4178
51.3082
51.187
51.0588
50.927
50.794
50.6615
50.5309
50.4032
50.2789
50.1586
50.0426
49.9311
49.8242
49.7219
49.6242
49.5311
49.4425
49.3584
49.2785
49.2027
49.131
49.0633
48.9992
48.9388
48.8819
48.8283
48.778
48.7307
48.6865
48.6451
48.6065
48.5707
48.5375
48.5068
48.4787
48.453
48.4298
48.4089
48.3903
48.374
48.36
48.3483
48.3387
48.3313
48.3261
48.323
48.3219
48.3229
48.3259
48.3309
48.3376
48.3463
48.3568
48.3691
48.3831
48.399
48.4165
48.4357
48.4566
48.479
48.5029
48.5283
48.5551
48.5833
48.6128
48.6435
48.6754
48.7085
48.7426
48.7778
48.8139
48.8509
48.8887
48.9273
48.9665
49.0064
49.0467
49.0876
49.1288
49.1703
49.2121
49.2539
49.2959
49.3377
49.3795
49.421
49.4621
49.5029
49.5431
49.5827
49.6215
49.6596
49.6966
49.7327
49.7676
49.8013
49.8337
49.8647
49.8946
49.9226
3.0897
4.51457
7.5105
13.8436
23.9762
35.3993
45.2416
52.4633
57.3279
60.4562
62.4041
63.5741
64.2364
64.5675
64.6822
64.6559
64.538
64.3617
64.1491
63.9153
63.6705
63.4218
63.1739
62.9301
62.6925
62.4625
62.241
62.0285
61.8252
61.6311
61.4463
61.2704
61.1034
60.9448
60.7945
60.6522
60.5174
60.3899
60.2695
60.1557
60.0483
59.947
59.8516
59.7616
59.677
59.5974
59.5226
59.4524
59.3865
59.3248
59.2671
59.2133
59.1632
59.1166
59.0734
59.0336
58.9971
58.9637
58.9334
58.9061
58.8819
58.8605
58.842
58.8264
58.8135
58.8033
58.7959
58.7911
58.7889
58.7892
58.7921
58.7972
58.8048
58.8147
58.8269
58.8414
58.8581
58.8769
58.8979
58.921
58.946
58.973
59.0019
59.0325
59.0649
59.099
59.1347
59.172
59.2107
59.2508
59.2923
59.335
59.3789
59.4239
59.4699
59.5168
59.5647
59.6133
59.6625
59.7124
59.7629
59.8137
59.8649
59.9162
59.9677
60.0193
60.0707
60.1219
60.1728
60.2233
60.2733
60.3226
60.3711
60.4187
60.4653
60.5107
60.5549
60.5978
60.6392
60.679
60.7175
60.7535
3.9802
6.99437
14.2291
28.0769
44.9651
59.2527
69.0256
75.0123
78.4486
80.3017
81.1992
81.5248
81.5093
81.2921
80.9579
80.5593
80.1287
79.6864
79.2452
78.8129
78.3944
77.9922
77.608
77.2421
76.8948
76.5657
76.2542
75.9597
75.6815
75.4187
75.1708
74.9368
74.716
74.5079
74.3116
74.1267
73.9524
73.7882
73.6335
73.488
73.351
73.2221
73.101
72.9871
72.8802
72.7798
72.6857
72.5974
72.5148
72.4375
72.3653
72.2979
72.2353
72.1772
72.1233
72.0737
72.0282
71.9866
71.9489
71.915
71.8847
71.8581
71.8351
71.8155
71.7994
71.7866
71.7772
71.771
71.7681
71.7682
71.7714
71.7775
71.7865
71.7984
71.8132
71.8308
71.8511
71.8741
71.8997
71.9277
71.9583
71.9911
72.0263
72.0637
72.1032
72.1448
72.1884
72.2338
72.281
72.33
72.3806
72.4328
72.4864
72.5414
72.5976
72.6551
72.7136
72.7732
72.8336
72.8948
72.9567
73.0191
73.0821
73.1453
73.2088
73.2724
73.336
73.3995
73.4626
73.5254
73.5876
73.6491
73.7098
73.7695
73.8281
73.8855
73.9415
73.996
74.0488
74.0999
74.1495
74.1957
5.51862
12.1358
28.618
53.2721
75.163
89.4015
97.2921
101.233
102.948
103.451
103.303
102.812
102.148
101.406
100.641
99.882
99.1454
98.4402
97.7705
97.1377
96.5417
95.9814
95.4552
94.9613
94.4979
94.0632
93.6551
93.2722
92.9126
92.575
92.2578
91.9598
91.6798
91.4167
91.1693
90.9368
90.7183
90.5129
90.3199
90.1385
89.9682
89.8083
89.6582
89.5173
89.3851
89.2613
89.1452
89.0366
88.935
88.84
88.7514
88.6689
88.5922
88.5211
88.4553
88.3947
88.3392
88.2885
88.2426
88.2013
88.1646
88.1322
88.1043
88.0806
88.0612
88.0459
88.0346
88.0273
88.0239
88.0242
88.0282
88.0359
88.0472
88.062
88.0803
88.102
88.127
88.1553
88.1867
88.2212
88.2587
88.299
88.3421
88.3879
88.4364
88.4873
88.5406
88.5963
88.6542
88.7141
88.7761
88.84
88.9058
88.9732
89.0422
89.1127
89.1846
89.2577
89.332
89.4073
89.4835
89.5604
89.6381
89.7162
89.7947
89.8735
89.9523
90.031
90.1096
90.1878
90.2654
90.3424
90.4184
90.4935
90.5674
90.6399
90.7108
90.7801
90.8476
90.9131
90.9768
91.0362
8.30684
23.1874
55.9835
91.0944
114.02
125.618
130.558
132.117
132.044
131.21
130.045
128.76
127.463
126.203
125.006
123.88
122.828
121.848
120.937
120.09
119.302
118.569
117.887
117.251
116.658
116.105
115.588
115.104
114.652
114.228
113.832
113.46
113.111
112.784
112.478
112.19
111.92
111.666
111.428
111.205
110.995
110.799
110.615
110.442
110.28
110.129
109.987
109.854
109.73
109.615
109.507
109.407
109.313
109.227
109.148
109.074
109.007
108.946
108.89
108.841
108.797
108.758
108.724
108.696
108.673
108.655
108.642
108.634
108.63
108.631
108.637
108.646
108.661
108.679
108.702
108.729
108.76
108.795
108.834
108.877
108.923
108.973
109.026
109.082
109.142
109.204
109.27
109.338
109.409
109.483
109.559
109.637
109.718
109.801
109.886
109.973
110.061
110.151
110.243
110.336
110.43
110.525
110.621
110.718
110.815
110.913
111.011
111.109
111.207
111.304
111.401
111.498
111.593
111.688
111.781
111.873
111.963
112.051
112.137
112.221
112.303
112.379
13.6539
46.1866
100.89
141.893
161.711
168.972
170.465
169.543
167.686
165.531
163.354
161.269
159.321
157.52
155.863
154.341
152.944
151.66
150.477
149.387
148.38
147.449
146.585
145.784
145.039
144.345
143.699
143.096
142.533
142.007
141.515
141.054
140.623
140.219
139.84
139.485
139.152
138.84
138.548
138.273
138.016
137.775
137.549
137.338
137.14
136.955
136.781
136.62
136.469
136.328
136.197
136.075
135.962
135.857
135.761
135.672
135.591
135.517
135.451
135.391
135.338
135.292
135.252
135.219
135.191
135.17
135.155
135.146
135.143
135.145
135.152
135.165
135.184
135.207
135.236
135.27
135.309
135.352
135.4
135.453
135.51
135.571
135.637
135.706
135.78
135.857
135.938
136.022
136.109
136.2
136.294
136.391
136.49
136.592
136.697
136.804
136.913
137.025
137.138
137.253
137.369
137.487
137.606
137.726
137.847
137.969
138.091
138.213
138.336
138.458
138.58
138.701
138.821
138.94
139.058
139.174
139.289
139.401
139.511
139.619
139.724
139.822
24.4338
89.7616
166.479
206.652
220.133
222.111
219.946
216.502
212.836
209.324
206.086
203.143
200.483
198.078
195.9
193.923
192.124
190.481
188.976
187.595
186.324
185.151
184.066
183.062
182.13
181.264
180.458
179.706
179.006
178.351
177.74
177.168
176.633
176.132
175.662
175.223
174.811
174.425
174.063
173.725
173.407
173.11
172.832
172.571
172.328
172.1
171.887
171.689
171.503
171.331
171.171
171.022
170.884
170.756
170.639
170.531
170.433
170.344
170.263
170.191
170.128
170.072
170.025
169.985
169.953
169.929
169.912
169.902
169.899
169.902
169.913
169.93
169.954
169.984
170.021
170.063
170.112
170.166
170.226
170.292
170.363
170.439
170.52
170.606
170.697
170.792
170.892
170.997
171.105
171.217
171.333
171.453
171.576
171.703
171.833
171.965
172.101
172.239
172.379
172.522
172.667
172.814
172.962
173.112
173.263
173.415
173.567
173.721
173.874
174.028
174.181
174.333
174.485
174.636
174.785
174.933
175.078
175.222
175.363
175.5
175.635
175.762
46.6901
163.957
256.213
288.718
293.63
289.774
283.781
277.7
272.104
267.103
262.671
258.74
255.242
252.116
249.307
246.772
244.475
242.385
240.476
238.727
237.12
235.639
234.272
233.007
231.834
230.745
229.732
228.789
227.909
227.088
226.321
225.605
224.934
224.307
223.719
223.169
222.654
222.172
221.72
221.297
220.9
220.529
220.182
219.858
219.554
219.271
219.007
218.76
218.53
218.317
218.118
217.934
217.764
217.607
217.463
217.33
217.21
217.101
217.003
216.916
216.839
216.772
216.715
216.668
216.63
216.602
216.582
216.572
216.57
216.576
216.591
216.614
216.645
216.684
216.73
216.785
216.846
216.915
216.99
217.073
217.162
217.257
217.359
217.466
217.58
217.699
217.824
217.954
218.089
218.229
218.374
218.523
218.677
218.835
218.997
219.163
219.332
219.504
219.68
219.859
220.04
220.224
220.409
220.597
220.787
220.978
221.17
221.363
221.556
221.75
221.943
222.136
222.329
222.52
222.71
222.898
223.084
223.267
223.448
223.625
223.799
223.963
92.208
280.768
376.825
395.574
390.283
380.065
369.912
360.886
353.062
346.293
340.404
335.243
330.687
326.636
323.011
319.748
316.797
314.116
311.67
309.431
307.376
305.483
303.736
302.12
300.623
299.233
297.94
296.736
295.614
294.568
293.59
292.676
291.822
291.022
290.274
289.574
288.918
288.304
287.729
287.191
286.687
286.215
285.775
285.363
284.978
284.619
284.284
283.972
283.682
283.412
283.162
282.931
282.717
282.52
282.34
282.175
282.025
281.89
281.769
281.661
281.567
281.485
281.416
281.359
281.315
281.281
281.26
281.249
281.249
281.259
281.281
281.312
281.353
281.405
281.466
281.536
281.615
281.703
281.8
281.905
282.019
282.14
282.269
282.406
282.55
282.701
282.859
283.023
283.194
283.371
283.554
283.743
283.937
284.137
284.342
284.551
284.765
284.983
285.205
285.431
285.66
285.893
286.128
286.366
286.606
286.849
287.092
287.338
287.584
287.83
288.077
288.323
288.569
288.813
289.056
289.297
289.536
289.772
290.005
290.233
290.457
290.67
183.056
458.245
542.617
542.087
524.925
507.445
492.394
479.763
469.116
460.043
452.22
445.402
439.403
434.08
429.323
425.046
421.181
417.67
414.468
411.538
408.848
406.372
404.086
401.972
400.013
398.194
396.503
394.928
393.46
392.091
390.812
389.617
388.5
387.455
386.476
385.561
384.704
383.901
383.15
382.447
381.789
381.174
380.599
380.062
379.561
379.094
378.658
378.253
377.876
377.527
377.203
376.904
376.629
376.376
376.145
375.934
375.743
375.571
375.417
375.282
375.163
375.062
374.977
374.908
374.854
374.815
374.791
374.781
374.785
374.803
374.834
374.879
374.936
375.005
375.087
375.181
375.286
375.403
375.53
375.668
375.817
375.975
376.143
376.321
376.508
376.704
376.909
377.122
377.344
377.573
377.809
378.053
378.304
378.561
378.825
379.095
379.371
379.652
379.938
380.23
380.525
380.825
381.129
381.436
381.746
382.059
382.373
382.69
383.008
383.326
383.645
383.964
384.282
384.599
384.915
385.228
385.538
385.845
386.147
386.446
386.736
387.017
362.553
730.72
784.22
758.32
726.657
700.051
678.548
660.977
646.352
633.968
623.326
614.067
605.927
598.708
592.258
586.458
581.215
576.452
572.108
568.132
564.48
561.118
558.014
555.143
552.481
550.01
547.712
545.573
543.578
541.718
539.98
538.356
536.837
535.417
534.088
532.844
531.679
530.589
529.569
528.615
527.722
526.887
526.108
525.38
524.701
524.068
523.479
522.931
522.423
521.952
521.517
521.116
520.747
520.409
520.1
519.82
519.567
519.34
519.139
518.962
518.809
518.678
518.57
518.484
518.418
518.373
518.347
518.34
518.352
518.383
518.431
518.497
518.58
518.679
518.794
518.925
519.071
519.232
519.407
519.596
519.799
520.015
520.243
520.484
520.737
521.002
521.278
521.565
521.862
522.17
522.487
522.814
523.149
523.494
523.847
524.207
524.575
524.95
525.332
525.72
526.114
526.513
526.918
527.326
527.739
528.154
528.573
528.994
529.417
529.84
530.264
530.688
531.111
531.533
531.952
532.368
532.781
533.189
533.592
533.989
534.375
534.751
727.535
1175.53
1172.05
1111.42
1059.84
1020
988.702
963.396
942.421
924.688
909.454
896.195
884.534
874.185
864.934
856.61
849.082
842.239
835.996
830.279
825.027
820.189
815.721
811.587
807.755
804.196
800.886
797.803
794.93
792.248
789.744
787.404
785.215
783.168
781.252
779.46
777.782
776.211
774.742
773.367
772.082
770.88
769.758
768.711
767.735
766.825
765.98
765.194
764.466
763.792
763.171
762.598
762.073
761.593
761.156
760.761
760.406
760.089
759.808
759.564
759.354
759.177
759.032
758.919
758.836
758.782
758.756
758.757
758.786
758.84
758.92
759.024
759.152
759.304
759.478
759.673
759.89
760.128
760.386
760.662
760.958
761.272
761.603
761.952
762.317
762.698
763.094
763.505
763.931
764.37
764.822
765.288
765.765
766.254
766.755
767.266
767.787
768.317
768.856
769.404
769.959
770.522
771.091
771.665
772.244
772.828
773.415
774.005
774.597
775.19
775.783
776.376
776.967
777.555
778.14
778.72
779.295
779.863
780.424
780.977
781.51
782.035
1541.16
2000.71
1895.11
1779.62
1694.82
1631.66
1582.51
1542.85
1509.96
1482.12
1458.17
1437.31
1418.94
1402.62
1388.01
1374.87
1362.96
1352.14
1342.26
1333.21
1324.89
1317.22
1310.14
1303.59
1297.51
1291.86
1286.61
1281.72
1277.16
1272.91
1268.93
1265.22
1261.74
1258.49
1255.45
1252.61
1249.94
1247.45
1245.12
1242.94
1240.9
1238.99
1237.21
1235.55
1234
1232.56
1231.22
1229.98
1228.83
1227.77
1226.79
1225.89
1225.06
1224.31
1223.62
1223.01
1222.46
1221.97
1221.54
1221.16
1220.84
1220.58
1220.37
1220.2
1220.09
1220.02
1220
1220.02
1220.08
1220.19
1220.33
1220.51
1220.73
1220.99
1221.28
1221.61
1221.96
1222.35
1222.78
1223.23
1223.71
1224.21
1224.75
1225.31
1225.89
1226.5
1227.13
1227.79
1228.46
1229.16
1229.87
1230.61
1231.36
1232.13
1232.92
1233.72
1234.54
1235.37
1236.21
1237.07
1237.93
1238.81
1239.69
1240.58
1241.48
1242.39
1243.29
1244.21
1245.12
1246.03
1246.94
1247.85
1248.76
1249.66
1250.56
1251.44
1252.32
1253.18
1254.04
1254.88
1255.68
1256.48
3775.04
3941.35
3618.18
3387.09
3227.6
3110.01
3018.46
2944.39
2882.83
2830.61
2785.63
2746.37
2711.76
2680.99
2653.43
2628.59
2606.1
2585.64
2566.94
2549.81
2534.06
2519.54
2506.12
2493.7
2482.18
2471.48
2461.52
2452.25
2443.6
2435.53
2427.99
2420.94
2414.35
2408.18
2402.42
2397.02
2391.96
2387.24
2382.81
2378.67
2374.81
2371.19
2367.82
2364.67
2361.74
2359.01
2356.47
2354.12
2351.94
2349.93
2348.08
2346.38
2344.82
2343.41
2342.12
2340.97
2339.94
2339.03
2338.23
2337.54
2336.96
2336.48
2336.1
2335.82
2335.63
2335.53
2335.51
2335.58
2335.73
2335.96
2336.27
2336.64
2337.09
2337.61
2338.19
2338.84
2339.55
2340.31
2341.14
2342.02
2342.96
2343.94
2344.98
2346.06
2347.19
2348.36
2349.58
2350.84
2352.13
2353.46
2354.83
2356.23
2357.67
2359.13
2360.62
2362.14
2363.69
2365.26
2366.85
2368.46
2370.09
2371.73
2373.39
2375.06
2376.74
2378.43
2380.12
2381.82
2383.52
2385.21
2386.9
2388.59
2390.26
2391.92
2393.57
2395.2
2396.8
2398.39
2399.94
2401.47
2402.92
2404.39
11676.1
10215.1
9366.55
8821.2
8437.04
8148.03
7919.9
7733.64
7577.86
7445.12
7330.33
7229.89
7141.14
7062.08
6991.16
6927.18
6869.17
6816.34
6768.04
6723.75
6683
6645.41
6610.67
6578.49
6548.64
6520.89
6495.07
6471.01
6448.58
6427.63
6408.07
6389.78
6372.67
6356.67
6341.7
6327.69
6314.58
6302.31
6290.83
6280.1
6270.06
6260.69
6251.94
6243.78
6236.18
6229.11
6222.54
6216.45
6210.81
6205.6
6200.81
6196.41
6192.39
6188.73
6185.41
6182.43
6179.77
6177.43
6175.37
6173.61
6172.13
6170.92
6169.97
6169.27
6168.81
6168.59
6168.61
6168.84
6169.29
6169.94
6170.8
6171.86
6173.11
6174.54
6176.15
6177.93
6179.87
6181.98
6184.24
6186.65
6189.21
6191.91
6194.74
6197.7
6200.78
6203.98
6207.3
6210.73
6214.27
6217.9
6221.63
6225.46
6229.37
6233.36
6237.43
6241.58
6245.79
6250.06
6254.4
6258.79
6263.22
6267.7
6272.21
6276.76
6281.33
6285.92
6290.52
6295.13
6299.73
6304.33
6308.92
6313.48
6318.01
6322.51
6326.95
6331.35
6335.69
6339.96
6344.15
6348.26
6352.15
6356.09
)
;

boundaryField
{
    lowerWall
    {
        type            epsilonWallFunction;
        value           nonuniform List<scalar> 
122
(
11607.3
10157.7
9314.43
8772.21
8390.2
8102.79
7875.93
7690.7
7535.77
7403.76
7289.61
7189.73
7101.46
7022.84
6952.31
6888.69
6831
6778.46
6730.43
6686.38
6645.85
6608.48
6573.93
6541.93
6512.24
6484.64
6458.97
6435.04
6412.73
6391.9
6372.44
6354.26
6337.25
6321.34
6306.45
6292.51
6279.47
6267.27
6255.85
6245.18
6235.2
6225.88
6217.18
6209.06
6201.5
6194.47
6187.94
6181.88
6176.27
6171.09
6166.33
6161.95
6157.95
6154.32
6151.02
6148.06
6145.42
6143.09
6141.05
6139.3
6137.82
6136.61
6135.66
6134.96
6134.51
6134.28
6134.28
6134.51
6134.94
6135.58
6136.41
6137.44
6138.66
6140.06
6141.63
6143.37
6145.27
6147.33
6149.54
6151.9
6154.4
6157.04
6159.81
6162.7
6165.72
6168.86
6172.11
6175.46
6178.93
6182.49
6186.14
6189.89
6193.72
6197.64
6201.63
6205.69
6209.83
6214.03
6218.28
6222.59
6226.95
6231.35
6235.8
6240.27
6244.77
6249.3
6253.83
6258.38
6262.93
6267.48
6272.01
6276.53
6281.02
6285.47
6289.89
6294.26
6298.57
6302.82
6307
6311.1
6314.99
6318.93
)
;
    }
    upperWall
    {
        type            epsilonWallFunction;
        value           nonuniform List<scalar> 
122
(
11676.1
10215.1
9366.55
8821.2
8437.04
8148.03
7919.9
7733.64
7577.86
7445.12
7330.33
7229.89
7141.14
7062.08
6991.16
6927.18
6869.17
6816.34
6768.04
6723.75
6683
6645.41
6610.67
6578.49
6548.64
6520.89
6495.07
6471.01
6448.58
6427.63
6408.07
6389.78
6372.67
6356.67
6341.7
6327.69
6314.58
6302.31
6290.83
6280.1
6270.06
6260.69
6251.94
6243.78
6236.18
6229.11
6222.54
6216.45
6210.81
6205.6
6200.81
6196.41
6192.39
6188.73
6185.41
6182.43
6179.77
6177.43
6175.37
6173.61
6172.13
6170.92
6169.97
6169.27
6168.81
6168.59
6168.61
6168.84
6169.29
6169.94
6170.8
6171.86
6173.11
6174.54
6176.15
6177.93
6179.87
6181.98
6184.24
6186.65
6189.21
6191.91
6194.74
6197.7
6200.78
6203.98
6207.3
6210.73
6214.27
6217.9
6221.63
6225.46
6229.37
6233.36
6237.43
6241.58
6245.79
6250.06
6254.4
6258.79
6263.22
6267.7
6272.21
6276.76
6281.33
6285.92
6290.52
6295.13
6299.73
6304.33
6308.92
6313.48
6318.01
6322.51
6326.95
6331.35
6335.69
6339.96
6344.15
6348.26
6352.15
6356.09
)
;
    }
    inlet
    {
        type            turbulentMixingLengthDissipationRateInlet;
        mixingLength    0.07;
        phi             phi;
        k               k;
        value           uniform 2.0504;
    }
    outlet
    {
        type            zeroGradient;
    }
    frontAndBack
    {
        type            empty;
    }
}


// ************************************************************************* //
