/*--------------------------------*- C++ -*----------------------------------*\
  =========                 |
  \\      /  F ield         | OpenFOAM: The Open Source CFD Toolbox
   \\    /   O peration     | Website:  https://openfoam.org
    \\  /    A nd           | Version:  8
     \\/     M anipulation  |
\*---------------------------------------------------------------------------*/
FoamFile
{
    version     2.0;
    format      ascii;
    class       volScalarField;
    location    "700";
    object      k;
}
// * * * * * * * * * * * * * * * * * * * * * * * * * * * * * * * * * * * * * //

dimensions      [0 2 -2 0 0 0 0];

internalField   nonuniform List<scalar> 
7320
(
6.07652
5.55942
5.24732
5.04165
4.8942
4.78178
4.69211
4.61825
4.55602
4.50265
4.45625
4.41545
4.37924
4.34686
4.31771
4.29132
4.26733
4.24542
4.22534
4.20689
4.18987
4.17415
4.15959
4.14608
4.13352
4.12184
4.11095
4.10079
4.09131
4.08244
4.07415
4.0664
4.05914
4.05234
4.04598
4.04001
4.03443
4.0292
4.02431
4.01973
4.01545
4.01144
4.00771
4.00422
4.00097
3.99794
3.99513
3.99252
3.99011
3.98788
3.98583
3.98394
3.98221
3.98064
3.97922
3.97794
3.9768
3.97579
3.97491
3.97415
3.97351
3.97298
3.97256
3.97226
3.97205
3.97195
3.97195
3.97203
3.97222
3.97249
3.97284
3.97328
3.9738
3.9744
3.97507
3.97582
3.97663
3.97752
3.97847
3.97948
3.98056
3.9817
3.98289
3.98414
3.98544
3.98679
3.9882
3.98965
3.99114
3.99268
3.99426
3.99588
3.99754
3.99923
4.00096
4.00272
4.00451
4.00633
4.00817
4.01004
4.01193
4.01384
4.01577
4.01771
4.01966
4.02163
4.0236
4.02557
4.02755
4.02952
4.03149
4.03346
4.03541
4.03735
4.03927
4.04117
4.04305
4.04491
4.04673
4.04852
4.05022
4.05194
4.84215
5.67924
5.54001
5.36046
5.21715
5.10399
5.01225
4.93597
4.87129
4.81558
4.76697
4.72412
4.68601
4.65186
4.62109
4.59321
4.56782
4.54462
4.52335
4.50378
4.48573
4.46904
4.45358
4.43924
4.4259
4.41348
4.40191
4.39112
4.38103
4.37161
4.3628
4.35455
4.34683
4.3396
4.33284
4.3265
4.32057
4.31501
4.30981
4.30495
4.3004
4.29615
4.29218
4.28848
4.28504
4.28183
4.27885
4.27609
4.27354
4.27118
4.269
4.26701
4.26518
4.26352
4.26202
4.26067
4.25946
4.25839
4.25746
4.25665
4.25597
4.25542
4.25498
4.25466
4.25444
4.25434
4.25433
4.25443
4.25463
4.25492
4.2553
4.25578
4.25634
4.25699
4.25772
4.25854
4.25943
4.26039
4.26143
4.26254
4.26372
4.26497
4.26628
4.26765
4.26909
4.27058
4.27213
4.27373
4.27539
4.27709
4.27885
4.28065
4.2825
4.28438
4.28631
4.28828
4.29028
4.29232
4.29439
4.29648
4.29861
4.30076
4.30293
4.30512
4.30733
4.30955
4.31178
4.31402
4.31627
4.31851
4.32076
4.323
4.32523
4.32745
4.32965
4.33183
4.33399
4.33612
4.33822
4.34029
4.34228
4.34422
3.59581
5.0514
5.15997
5.06781
4.96411
4.87324
4.79598
4.72999
4.67307
4.62344
4.57977
4.541
4.50635
4.47517
4.44698
4.42135
4.39797
4.37656
4.35689
4.33877
4.32204
4.30655
4.29219
4.27885
4.26644
4.25488
4.2441
4.23404
4.22464
4.21585
4.20763
4.19994
4.19274
4.186
4.17969
4.17378
4.16825
4.16307
4.15822
4.15369
4.14946
4.14551
4.14182
4.13838
4.13518
4.13221
4.12945
4.12689
4.12452
4.12234
4.12033
4.11849
4.1168
4.11527
4.11388
4.11263
4.11152
4.11054
4.10968
4.10894
4.10832
4.10782
4.10742
4.10714
4.10696
4.10688
4.1069
4.10702
4.10723
4.10754
4.10794
4.10842
4.109
4.10966
4.1104
4.11122
4.11212
4.1131
4.11415
4.11528
4.11647
4.11774
4.11907
4.12047
4.12193
4.12345
4.12503
4.12667
4.12837
4.13012
4.13192
4.13376
4.13566
4.1376
4.13959
4.14162
4.14369
4.14579
4.14793
4.15011
4.15231
4.15454
4.1568
4.15908
4.16137
4.16369
4.16602
4.16836
4.17071
4.17306
4.17541
4.17775
4.18009
4.18242
4.18474
4.18703
4.1893
4.19155
4.19376
4.19594
4.19805
4.20008
2.74725
4.48339
4.83294
4.83938
4.78111
4.71517
4.65355
4.59832
4.54927
4.50567
4.46677
4.43188
4.40045
4.372
4.34614
4.32254
4.30093
4.28108
4.2628
4.24593
4.23032
4.21585
4.20241
4.18991
4.17828
4.16743
4.15731
4.14786
4.13902
4.13076
4.12303
4.11579
4.10901
4.10267
4.09673
4.09117
4.08597
4.0811
4.07655
4.0723
4.06833
4.06462
4.06116
4.05795
4.05495
4.05217
4.0496
4.04721
4.04501
4.04297
4.0411
4.03939
4.03783
4.03641
4.03512
4.03397
4.03295
4.03204
4.03126
4.03059
4.03003
4.02958
4.02924
4.029
4.02886
4.02882
4.02888
4.02904
4.02928
4.02962
4.03006
4.03058
4.03119
4.03188
4.03266
4.03352
4.03446
4.03549
4.03659
4.03776
4.03901
4.04033
4.04172
4.04318
4.04471
4.0463
4.04796
4.04967
4.05145
4.05328
4.05517
4.05711
4.05911
4.06115
4.06324
4.06538
4.06756
4.06978
4.07203
4.07433
4.07666
4.07901
4.0814
4.08381
4.08625
4.0887
4.09117
4.09365
4.09613
4.09863
4.10112
4.10362
4.1061
4.10857
4.11103
4.11347
4.11589
4.11827
4.12063
4.12294
4.1252
4.12733
2.10346
3.90602
4.48941
4.61127
4.60898
4.57387
4.53133
4.489
4.44924
4.41265
4.37922
4.34873
4.32092
4.29549
4.27219
4.2508
4.23111
4.21295
4.19616
4.18061
4.16619
4.15279
4.14032
4.12871
4.11788
4.10777
4.09833
4.08951
4.08125
4.07353
4.0663
4.05953
4.05319
4.04726
4.0417
4.0365
4.03164
4.02709
4.02284
4.01887
4.01516
4.01171
4.0085
4.00551
4.00273
4.00015
3.99777
3.99556
3.99353
3.99166
3.98994
3.98837
3.98694
3.98564
3.98447
3.98343
3.9825
3.98169
3.98099
3.9804
3.97992
3.97954
3.97927
3.97909
3.97902
3.97904
3.97916
3.97937
3.97967
3.98007
3.98055
3.98113
3.9818
3.98255
3.98339
3.98432
3.98533
3.98642
3.98759
3.98883
3.99016
3.99156
3.99304
3.99458
3.9962
3.99789
3.99964
4.00146
4.00334
4.00528
4.00728
4.00934
4.01145
4.01361
4.01583
4.01809
4.0204
4.02275
4.02515
4.02758
4.03005
4.03255
4.03508
4.03764
4.04022
4.04282
4.04543
4.04806
4.0507
4.05335
4.05599
4.05863
4.06127
4.06389
4.06649
4.06907
4.07163
4.07415
4.07664
4.07908
4.08147
4.0837
1.61624
3.30894
4.10161
4.35522
4.42201
4.42574
4.40724
4.38106
4.35281
4.32483
4.29808
4.27292
4.24944
4.22762
4.20738
4.18859
4.17115
4.15496
4.13991
4.1259
4.11285
4.10069
4.08934
4.07874
4.06884
4.05958
4.05091
4.0428
4.03521
4.0281
4.02144
4.0152
4.00935
4.00388
3.99876
3.99397
3.98949
3.9853
3.98139
3.97774
3.97434
3.97118
3.96824
3.9655
3.96297
3.96063
3.95846
3.95646
3.95463
3.95294
3.9514
3.94999
3.94872
3.94757
3.94654
3.94563
3.94483
3.94413
3.94354
3.94306
3.94268
3.94239
3.94221
3.94212
3.94213
3.94224
3.94244
3.94273
3.94311
3.94358
3.94415
3.9448
3.94555
3.94638
3.94731
3.94832
3.94941
3.95059
3.95185
3.95319
3.95461
3.95611
3.95769
3.95934
3.96106
3.96286
3.96472
3.96666
3.96866
3.97072
3.97284
3.97503
3.97727
3.97956
3.98191
3.98431
3.98676
3.98925
3.99179
3.99436
3.99698
3.99962
4.0023
4.00501
4.00773
4.01048
4.01325
4.01602
4.01881
4.0216
4.02439
4.02717
4.02994
4.0327
4.03544
4.03815
4.04083
4.04348
4.04608
4.04864
4.05114
4.05345
1.26812
2.7064
3.65726
4.05358
4.20386
4.25636
4.26838
4.26267
4.24897
4.23181
4.21339
4.19484
4.17674
4.15936
4.14285
4.12725
4.11255
4.09875
4.0858
4.07365
4.06226
4.05158
4.04157
4.03219
4.02339
4.01514
4.0074
4.00014
3.99333
3.98695
3.98096
3.97535
3.9701
3.96517
3.96057
3.95626
3.95223
3.94847
3.94496
3.94169
3.93865
3.93583
3.93321
3.93078
3.92854
3.92647
3.92457
3.92282
3.92122
3.91976
3.91843
3.91722
3.91614
3.91517
3.91431
3.91356
3.91292
3.91237
3.91192
3.91157
3.91132
3.91116
3.9111
3.91113
3.91125
3.91146
3.91177
3.91217
3.91265
3.91323
3.91389
3.91465
3.9155
3.91644
3.91746
3.91857
3.91977
3.92106
3.92243
3.92388
3.92541
3.92702
3.92872
3.93048
3.93233
3.93425
3.93623
3.93829
3.94042
3.94261
3.94487
3.94719
3.94956
3.95199
3.95448
3.95702
3.95961
3.96224
3.96492
3.96764
3.9704
3.97319
3.97601
3.97886
3.98173
3.98462
3.98753
3.99044
3.99336
3.99629
3.99921
4.00212
4.00502
4.0079
4.01076
4.01359
4.01638
4.01913
4.02183
4.02448
4.02708
4.02946
1.04443
2.13048
3.15609
3.69382
3.94125
4.05401
4.10457
4.12487
4.12967
4.12622
4.11833
4.10811
4.09673
4.0849
4.07304
4.06139
4.0501
4.03924
4.02888
4.01901
4.00966
4.0008
3.99243
3.98452
3.97707
3.97005
3.96343
3.95721
3.95136
3.94585
3.94069
3.93584
3.93129
3.92703
3.92305
3.91932
3.91584
3.91259
3.90957
3.90676
3.90416
3.90174
3.89951
3.89746
3.89556
3.89383
3.89224
3.89079
3.88948
3.88829
3.88722
3.88626
3.88542
3.88467
3.88403
3.88348
3.88303
3.88267
3.8824
3.88223
3.88214
3.88214
3.88223
3.8824
3.88267
3.88302
3.88347
3.884
3.88462
3.88532
3.88612
3.887
3.88797
3.88903
3.89018
3.89142
3.89274
3.89415
3.89565
3.89723
3.89889
3.90063
3.90245
3.90435
3.90632
3.90837
3.91049
3.91268
3.91495
3.91727
3.91967
3.92212
3.92464
3.92721
3.92984
3.93252
3.93525
3.93802
3.94084
3.9437
3.9466
3.94953
3.95249
3.95548
3.95848
3.96151
3.96455
3.96759
3.97064
3.97369
3.97674
3.97977
3.98278
3.98577
3.98873
3.99166
3.99455
3.99738
4.00017
4.0029
4.00557
4.008
0.919762
1.62589
2.61278
3.26902
3.62244
3.80741
3.90596
3.95917
3.98747
4.00145
4.00694
4.00725
4.00438
3.99954
3.99352
3.98681
3.97977
3.97259
3.96544
3.95842
3.95158
3.94497
3.93862
3.93255
3.92675
3.92124
3.91601
3.91106
3.90637
3.90195
3.89779
3.89387
3.89019
3.88675
3.88352
3.8805
3.87769
3.87507
3.87264
3.87039
3.86831
3.8664
3.86464
3.86304
3.86157
3.86025
3.85904
3.85797
3.857
3.85615
3.8554
3.85475
3.85419
3.85372
3.85335
3.85305
3.85285
3.85272
3.85268
3.85271
3.85283
3.85303
3.85331
3.85368
3.85413
3.85466
3.85527
3.85597
3.85675
3.85762
3.85857
3.85961
3.86073
3.86194
3.86324
3.86462
3.86609
3.86765
3.86928
3.87101
3.87281
3.87469
3.87666
3.8787
3.88081
3.88301
3.88527
3.88761
3.89001
3.89248
3.89502
3.89762
3.90027
3.90299
3.90576
3.90858
3.91145
3.91437
3.91732
3.92032
3.92336
3.92642
3.92952
3.93263
3.93577
3.93893
3.94209
3.94526
3.94843
3.95159
3.95475
3.95788
3.961
3.96409
3.96714
3.97015
3.97312
3.97604
3.97889
3.98168
3.98441
3.98688
0.860369
1.23773
2.06198
2.78202
3.23846
3.50547
3.66218
3.75644
3.81442
3.85055
3.87304
3.88674
3.89464
3.89864
3.89999
3.89953
3.89781
3.89526
3.89213
3.88865
3.88496
3.88115
3.87732
3.87352
3.86978
3.86614
3.86262
3.85924
3.856
3.85292
3.84999
3.84722
3.84461
3.84216
3.83986
3.83772
3.83573
3.83388
3.83218
3.83061
3.82918
3.82788
3.82671
3.82565
3.82471
3.82388
3.82316
3.82253
3.822
3.82155
3.8212
3.82092
3.82072
3.8206
3.82055
3.82058
3.82067
3.82084
3.82107
3.82138
3.82176
3.82221
3.82273
3.82333
3.824
3.82475
3.82558
3.82648
3.82747
3.82853
3.82967
3.83089
3.8322
3.83359
3.83506
3.83662
3.83826
3.83998
3.84178
3.84367
3.84563
3.84767
3.8498
3.85199
3.85427
3.85661
3.85903
3.86152
3.86408
3.8667
3.86938
3.87213
3.87494
3.8778
3.88071
3.88368
3.88669
3.88975
3.89284
3.89598
3.89915
3.90235
3.90557
3.90882
3.91208
3.91536
3.91864
3.92193
3.92521
3.92848
3.93174
3.93498
3.93819
3.94136
3.9445
3.94759
3.95063
3.95361
3.95652
3.95936
3.96214
3.96464
0.836787
0.98815
1.55966
2.25312
2.7872
3.13869
3.36248
3.50657
3.60152
3.66555
3.70958
3.74028
3.76187
3.77709
3.78779
3.79521
3.80023
3.80349
3.80544
3.80641
3.80665
3.80636
3.80567
3.8047
3.80353
3.80223
3.80084
3.79941
3.79797
3.79654
3.79514
3.7938
3.79251
3.79129
3.79014
3.78908
3.78809
3.7872
3.78639
3.78567
3.78504
3.78449
3.78403
3.78366
3.78336
3.78314
3.783
3.78293
3.78293
3.78299
3.78311
3.7833
3.78355
3.78385
3.78421
3.78462
3.78509
3.78562
3.7862
3.78684
3.78754
3.7883
3.78912
3.79
3.79096
3.79198
3.79306
3.79422
3.79545
3.79675
3.79813
3.79958
3.8011
3.8027
3.80438
3.80614
3.80798
3.8099
3.81189
3.81397
3.81611
3.81834
3.82064
3.82301
3.82546
3.82798
3.83056
3.83322
3.83594
3.83872
3.84157
3.84447
3.84743
3.85045
3.85351
3.85663
3.85979
3.86299
3.86623
3.8695
3.87281
3.87614
3.8795
3.88287
3.88626
3.88966
3.89306
3.89645
3.89984
3.90322
3.90658
3.90991
3.91321
3.91647
3.91968
3.92284
3.92594
3.92898
3.93195
3.93483
3.93764
3.94018
0.830413
0.857509
1.16926
1.7285
2.28148
2.70333
2.99742
3.19899
3.33861
3.4372
3.50825
3.56042
3.59936
3.62883
3.65138
3.6688
3.68236
3.69298
3.70133
3.70792
3.71312
3.71725
3.72051
3.72309
3.72514
3.72675
3.72803
3.72903
3.72983
3.73046
3.73097
3.73139
3.73175
3.73206
3.73234
3.73261
3.73288
3.73316
3.73346
3.73378
3.73414
3.73452
3.73495
3.73541
3.7359
3.73644
3.73702
3.73763
3.73828
3.73897
3.73969
3.74045
3.74124
3.74207
3.74293
3.74383
3.74476
3.74573
3.74674
3.74779
3.74889
3.75003
3.75122
3.75246
3.75375
3.7551
3.75651
3.75798
3.75951
3.7611
3.76276
3.76448
3.76627
3.76813
3.77006
3.77206
3.77413
3.77628
3.7785
3.78079
3.78315
3.78558
3.78809
3.79066
3.7933
3.79601
3.79879
3.80163
3.80453
3.80749
3.81051
3.81358
3.81671
3.81989
3.82312
3.82639
3.82971
3.83306
3.83645
3.83987
3.84332
3.84679
3.85028
3.85379
3.8573
3.86082
3.86434
3.86785
3.87135
3.87483
3.87829
3.88171
3.88509
3.88844
3.89172
3.89495
3.89812
3.90121
3.90422
3.90714
3.90999
3.91256
0.831632
0.801461
0.924682
1.27902
1.76057
2.20994
2.5635
2.82478
3.0153
3.15518
3.2594
3.33832
3.39906
3.44651
3.48408
3.51418
3.53856
3.5585
3.57496
3.58866
3.60014
3.60984
3.61808
3.62514
3.63123
3.63651
3.64112
3.64519
3.64878
3.652
3.65489
3.65752
3.65992
3.66214
3.6642
3.66613
3.66796
3.66971
3.67138
3.673
3.67457
3.67611
3.67763
3.67912
3.6806
3.68208
3.68354
3.685
3.68646
3.68792
3.68938
3.69084
3.69231
3.69378
3.69526
3.69676
3.69826
3.69978
3.70132
3.70288
3.70446
3.70608
3.70772
3.7094
3.71112
3.71287
3.71467
3.71652
3.71842
3.72037
3.72237
3.72442
3.72653
3.7287
3.73093
3.73322
3.73558
3.73799
3.74048
3.74303
3.74564
3.74832
3.75106
3.75387
3.75673
3.75966
3.76265
3.7657
3.76881
3.77197
3.77518
3.77845
3.78177
3.78513
3.78853
3.79198
3.79547
3.79899
3.80254
3.80611
3.80972
3.81334
3.81697
3.82061
3.82426
3.82791
3.83155
3.83518
3.8388
3.84238
3.84594
3.84946
3.85294
3.85636
3.85972
3.86302
3.86625
3.86939
3.87245
3.87541
3.8783
3.8809
0.835915
0.782667
0.803403
0.968303
1.29566
1.69673
2.07275
2.38225
2.62383
2.80953
2.95259
3.06386
3.15146
3.22133
3.27774
3.32383
3.3619
3.39365
3.42038
3.44308
3.46251
3.47926
3.49381
3.50652
3.51771
3.52762
3.53644
3.54435
3.55147
3.55793
3.56381
3.56921
3.57418
3.57878
3.58306
3.58708
3.59085
3.59442
3.59781
3.60104
3.60413
3.60711
3.60998
3.61277
3.61547
3.6181
3.62066
3.62317
3.62563
3.62805
3.63042
3.63275
3.63506
3.63733
3.63958
3.64181
3.64402
3.64622
3.64841
3.6506
3.65279
3.65499
3.65719
3.65941
3.66164
3.6639
3.66619
3.6685
3.67085
3.67323
3.67565
3.67811
3.68061
3.68316
3.68575
3.68839
3.69109
3.69384
3.69664
3.6995
3.70241
3.70538
3.70841
3.71149
3.71462
3.71781
3.72105
3.72434
3.72769
3.73108
3.73452
3.73801
3.74154
3.74511
3.74871
3.75236
3.75603
3.75974
3.76347
3.76722
3.77099
3.77478
3.77857
3.78237
3.78617
3.78996
3.79373
3.79749
3.80123
3.80493
3.8086
3.81222
3.81579
3.81931
3.82275
3.82613
3.82942
3.83262
3.83573
3.83873
3.84165
3.84429
0.841165
0.780282
0.755
0.801817
0.962762
1.23783
1.56799
1.88853
2.16639
2.39488
2.57903
2.72692
2.8462
2.94319
3.02278
3.08874
3.14394
3.19054
3.23023
3.26431
3.29379
3.31947
3.34199
3.36187
3.37951
3.39527
3.40941
3.42217
3.43375
3.44429
3.45394
3.46282
3.47102
3.47862
3.4857
3.49232
3.49853
3.50438
3.50992
3.51517
3.52017
3.52494
3.52951
3.53389
3.53812
3.54219
3.54613
3.54995
3.55365
3.55725
3.56076
3.56418
3.56752
3.57079
3.57399
3.57713
3.58022
3.58326
3.58626
3.58922
3.59216
3.59507
3.59797
3.60085
3.60373
3.60661
3.60949
3.61238
3.61528
3.6182
3.62113
3.62409
3.62707
3.63008
3.63312
3.6362
3.63931
3.64246
3.64565
3.64889
3.65216
3.65548
3.65885
3.66226
3.66571
3.66921
3.67275
3.67633
3.67996
3.68363
3.68733
3.69108
3.69486
3.69867
3.70252
3.70639
3.71029
3.71421
3.71815
3.7221
3.72607
3.73004
3.73401
3.73799
3.74195
3.7459
3.74983
3.75374
3.75762
3.76145
3.76524
3.76898
3.77266
3.77627
3.77981
3.78327
3.78664
3.78991
3.79307
3.79613
3.79909
3.80177
0.846372
0.784571
0.740866
0.731421
0.780818
0.913761
1.13036
1.39676
1.66969
1.92048
2.13792
2.32135
2.47447
2.60211
2.70889
2.79873
2.87484
2.93979
2.99561
3.04393
3.08604
3.12297
3.15556
3.18449
3.2103
3.23346
3.25433
3.27324
3.29043
3.30615
3.32056
3.33384
3.34611
3.35749
3.3681
3.378
3.38728
3.39601
3.40424
3.41203
3.41941
3.42644
3.43313
3.43953
3.44566
3.45154
3.4572
3.46264
3.4679
3.47298
3.47791
3.48268
3.48731
3.49181
3.4962
3.50048
3.50465
3.50874
3.51274
3.51667
3.52054
3.52434
3.5281
3.53181
3.53548
3.53912
3.54274
3.54634
3.54993
3.55351
3.55708
3.56066
3.56423
3.56782
3.57141
3.57502
3.57864
3.58229
3.58596
3.58965
3.59337
3.59712
3.6009
3.60472
3.60856
3.61243
3.61634
3.62028
3.62425
3.62824
3.63227
3.63633
3.64041
3.64451
3.64864
3.65278
3.65695
3.66112
3.66531
3.6695
3.6737
3.67789
3.68208
3.68626
3.69042
3.69456
3.69867
3.70275
3.70679
3.71078
3.71472
3.71859
3.7224
3.72613
3.72978
3.73333
3.73679
3.74014
3.74337
3.74648
3.74949
3.75223
0.851011
0.791143
0.741126
0.708367
0.70346
0.741579
0.838108
0.996907
1.20263
1.4285
1.65059
1.85477
2.03555
2.19259
2.3279
2.44426
2.54449
2.63115
2.70642
2.77214
2.82983
2.88074
2.9259
2.96617
3.00225
3.03473
3.0641
3.09076
3.11507
3.13732
3.15775
3.17659
3.19401
3.21018
3.22524
3.23929
3.25245
3.26481
3.27645
3.28743
3.29782
3.30768
3.31705
3.32598
3.33451
3.34266
3.35047
3.35797
3.36517
3.37211
3.3788
3.38527
3.39151
3.39756
3.40343
3.40912
3.41466
3.42005
3.42531
3.43044
3.43546
3.44038
3.4452
3.44994
3.4546
3.4592
3.46373
3.46822
3.47265
3.47705
3.48142
3.48576
3.49008
3.49437
3.49865
3.50292
3.50718
3.51144
3.51571
3.51997
3.52425
3.52853
3.53283
3.53713
3.54146
3.5458
3.55015
3.55452
3.55891
3.56332
3.56774
3.57217
3.57662
3.58108
3.58556
3.59003
3.59452
3.59901
3.60349
3.60798
3.61245
3.61692
3.62136
3.62579
3.63019
3.63456
3.63889
3.64317
3.6474
3.65158
3.65569
3.65973
3.66369
3.66757
3.67134
3.67502
3.67858
3.68203
3.68535
3.68853
3.69161
3.69442
0.854799
0.797919
0.746862
0.705362
0.677885
0.670753
0.692779
0.753704
0.859331
1.00619
1.18133
1.368
1.55204
1.72458
1.88152
2.02185
2.14624
2.2561
2.35311
2.43889
2.51496
2.58264
2.64307
2.69726
2.74603
2.79009
2.83005
2.86643
2.89966
2.93013
2.95816
2.98401
3.00794
3.03016
3.05084
3.07014
3.0882
3.10515
3.12109
3.13611
3.15031
3.16375
3.1765
3.18862
3.20017
3.21119
3.22171
3.23179
3.24145
3.25073
3.25965
3.26823
3.27651
3.2845
3.29222
3.2997
3.30694
3.31396
3.32079
3.32742
3.33389
3.3402
3.34636
3.35238
3.35828
3.36407
3.36975
3.37533
3.38084
3.38626
3.39162
3.39691
3.40215
3.40734
3.41248
3.41757
3.42263
3.42766
3.43266
3.43765
3.44261
3.44756
3.4525
3.45743
3.46235
3.46727
3.47219
3.4771
3.48201
3.48692
3.49183
3.49674
3.50165
3.50655
3.51145
3.51634
3.52122
3.52609
3.53095
3.53579
3.54061
3.54541
3.55018
3.55491
3.5596
3.56425
3.56885
3.57339
3.57786
3.58227
3.5866
3.59084
3.59499
3.59904
3.60298
3.6068
3.6105
3.61407
3.6175
3.62079
3.62394
3.62685
0.857613
0.803838
0.754023
0.710069
0.674015
0.648368
0.636594
0.64348
0.674826
0.73588
0.828724
0.950234
1.09243
1.24518
1.3992
1.54782
1.68713
1.81538
1.93217
2.03791
2.13338
2.21952
2.29731
2.36768
2.43146
2.48942
2.54224
2.59051
2.63474
2.67539
2.71285
2.74747
2.77955
2.80935
2.8371
2.86301
2.88725
2.90999
2.93136
2.95149
2.97049
2.98846
3.00548
3.02164
3.03701
3.05164
3.0656
3.07894
3.0917
3.10393
3.11566
3.12693
3.13776
3.1482
3.15826
3.16797
3.17736
3.18644
3.19523
3.20376
3.21205
3.2201
3.22794
3.23557
3.24303
3.25031
3.25743
3.2644
3.27124
3.27795
3.28455
3.29104
3.29743
3.30374
3.30995
3.31609
3.32215
3.32815
3.33409
3.33997
3.3458
3.35159
3.35734
3.36305
3.36873
3.37438
3.38
3.38559
3.39116
3.39671
3.40223
3.40774
3.41322
3.41867
3.42411
3.42952
3.4349
3.44026
3.44558
3.45087
3.45612
3.46133
3.4665
3.47161
3.47667
3.48167
3.48661
3.49147
3.49625
3.50094
3.50554
3.51004
3.51443
3.5187
3.52285
3.52687
3.53074
3.53447
3.53805
3.54146
3.54473
3.54775
0.859482
0.808378
0.760626
0.716973
0.678334
0.645749
0.620512
0.604371
0.599722
0.609658
0.637654
0.686738
0.758296
0.851094
0.961178
1.08279
1.20982
1.33698
1.46042
1.57773
1.68765
1.78972
1.88396
1.9707
2.05043
2.12369
2.19105
2.25304
2.31019
2.36296
2.41178
2.45704
2.49908
2.5382
2.5747
2.60881
2.64075
2.67072
2.69889
2.72542
2.75046
2.77413
2.79654
2.81779
2.83797
2.85718
2.87547
2.89293
2.90961
2.92556
2.94084
2.9555
2.96957
2.98309
2.99611
3.00865
3.02074
3.03241
3.0437
3.05462
3.06519
3.07544
3.0854
3.09507
3.10448
3.11364
3.12258
3.1313
3.13982
3.14815
3.15632
3.16431
3.17216
3.17987
3.18745
3.1949
3.20223
3.20945
3.21657
3.22359
3.23053
3.23738
3.24415
3.25085
3.25749
3.26406
3.27057
3.27703
3.28343
3.28979
3.29609
3.30234
3.30855
3.31471
3.32083
3.32689
3.33291
3.33888
3.34479
3.35065
3.35645
3.36218
3.36786
3.37346
3.37898
3.38443
3.38979
3.39506
3.40023
3.40529
3.41023
3.41506
3.41976
3.42432
3.42874
3.433
3.43711
3.44104
3.44481
3.44839
3.45181
3.45499
0.860565
0.811411
0.765711
0.723439
0.684828
0.650242
0.620147
0.595142
0.57603
0.563904
0.56022
0.566795
0.585676
0.618805
0.66751
0.731993
0.81102
0.902008
1.00149
1.10577
1.21146
1.31586
1.41705
1.51381
1.60547
1.69173
1.77257
1.84814
1.91867
1.98447
2.04585
2.10313
2.15665
2.20668
2.25353
2.29744
2.33867
2.37743
2.41392
2.44832
2.48081
2.51154
2.54064
2.56823
2.59444
2.61936
2.6431
2.66572
2.68733
2.70797
2.72773
2.74665
2.7648
2.78222
2.79897
2.81507
2.83059
2.84554
2.85996
2.8739
2.88737
2.9004
2.91303
2.92528
2.93716
2.94871
2.95993
2.97086
2.98151
2.99189
3.00203
3.01194
3.02163
3.03111
3.04041
3.04952
3.05846
3.06723
3.07586
3.08433
3.09266
3.10086
3.10894
3.1169
3.12475
3.1325
3.14015
3.14771
3.15518
3.16256
3.16985
3.17707
3.1842
3.19126
3.19824
3.20515
3.21197
3.21872
3.22538
3.23197
3.23847
3.24488
3.2512
3.25742
3.26355
3.26956
3.27547
3.28126
3.28692
3.29246
3.29785
3.3031
3.3082
3.31313
3.3179
3.32249
3.32689
3.33111
3.33512
3.33893
3.34257
3.34596
0.861099
0.813133
0.76901
0.728261
0.690673
0.656203
0.624916
0.596953
0.57254
0.551996
0.535764
0.524447
0.518835
0.519919
0.528854
0.546863
0.575059
0.614217
0.664541
0.725514
0.795886
0.873821
0.957145
1.04364
1.13129
1.21842
1.30375
1.3864
1.4658
1.54163
1.61374
1.68211
1.74682
1.80798
1.86575
1.92031
1.97185
2.02055
2.06661
2.11019
2.15146
2.19058
2.2277
2.26296
2.29649
2.3284
2.3588
2.3878
2.41549
2.44196
2.46727
2.49152
2.51476
2.53706
2.55847
2.57906
2.59886
2.61793
2.63631
2.65404
2.67116
2.68771
2.70371
2.7192
2.73421
2.74876
2.76289
2.77661
2.78995
2.80293
2.81557
2.8279
2.83992
2.85166
2.86312
2.87434
2.88531
2.89606
2.90658
2.9169
2.92702
2.93695
2.94669
2.95626
2.96567
2.97492
2.98403
2.99299
3.00182
3.01051
3.01908
3.02753
3.03585
3.04406
3.05215
3.06013
3.06799
3.07574
3.08337
3.09089
3.09828
3.10556
3.11271
3.11974
3.12663
3.13338
3.13999
3.14645
3.15276
3.1589
3.16487
3.17067
3.17629
3.18171
3.18693
3.19195
3.19675
3.20133
3.20569
3.20981
3.21373
3.2174
0.861317
0.813942
0.770775
0.731184
0.694718
0.661081
0.630095
0.601662
0.575754
0.552397
0.531673
0.513721
0.498751
0.487049
0.478999
0.475087
0.475905
0.482135
0.494503
0.513718
0.540366
0.574817
0.617121
0.666952
0.72361
0.786067
0.853079
0.923307
0.99544
1.06829
1.14087
1.21238
1.28223
1.35001
1.41546
1.47842
1.53881
1.59663
1.65191
1.7047
1.75508
1.80316
1.84903
1.89281
1.93461
1.97452
2.01266
2.04913
2.08401
2.11741
2.1494
2.18006
2.20948
2.23772
2.26485
2.29094
2.31603
2.34019
2.36348
2.38593
2.40759
2.42851
2.44873
2.46828
2.4872
2.50553
2.5233
2.54053
2.55726
2.57352
2.58932
2.60469
2.61966
2.63425
2.64847
2.66235
2.67589
2.68913
2.70207
2.71472
2.72711
2.73923
2.75111
2.76274
2.77414
2.78531
2.79628
2.80704
2.81761
2.82799
2.83819
2.84822
2.85807
2.86775
2.87727
2.88662
2.89582
2.90485
2.91373
2.92244
2.931
2.93939
2.94761
2.95566
2.96354
2.97124
2.97876
2.98609
2.99323
3.00016
3.00689
3.0134
3.01968
3.02574
3.03156
3.03714
3.04247
3.04754
3.05234
3.05688
3.06119
3.06524
0.861389
0.814244
0.77153
0.732597
0.696917
0.664079
0.633769
0.605753
0.579862
0.555979
0.53403
0.513979
0.495828
0.479611
0.4654
0.453309
0.443493
0.436161
0.431574
0.430052
0.431968
0.437737
0.4478
0.462586
0.482476
0.507758
0.538578
0.574904
0.616512
0.66298
0.713718
0.768009
0.825062
0.884071
0.944261
1.00493
1.06548
1.12542
1.18436
1.242
1.29816
1.35267
1.40547
1.4565
1.50576
1.55325
1.599
1.64305
1.68544
1.72623
1.76548
1.80324
1.8396
1.87459
1.90829
1.94076
1.97206
2.00223
2.03134
2.05944
2.08657
2.11278
2.13811
2.16262
2.18633
2.20929
2.23154
2.25312
2.27405
2.29436
2.31409
2.33327
2.35192
2.37007
2.38774
2.40496
2.42174
2.4381
2.45408
2.46967
2.48491
2.4998
2.51436
2.52861
2.54254
2.55617
2.56951
2.58258
2.59537
2.6079
2.62019
2.63223
2.64403
2.65561
2.66695
2.67808
2.68898
2.69967
2.71014
2.72039
2.73043
2.74025
2.74985
2.75923
2.76838
2.7773
2.78599
2.79444
2.80264
2.81059
2.81829
2.82572
2.83288
2.83976
2.84636
2.85268
2.85869
2.8644
2.86981
2.8749
2.87972
2.88427
0.861406
0.814329
0.771776
0.733121
0.697834
0.665476
0.635686
0.608168
0.582682
0.559037
0.53708
0.516692
0.497782
0.480288
0.464168
0.449403
0.435996
0.423969
0.413369
0.404262
0.396745
0.390937
0.38699
0.385084
0.385432
0.38827
0.393857
0.402461
0.414344
0.429748
0.448872
0.471851
0.49874
0.5295
0.563988
0.601962
0.643089
0.686962
0.733123
0.78109
0.830376
0.880517
0.931085
0.981703
1.03205
1.08185
1.13091
1.17906
1.22617
1.27217
1.317
1.36063
1.40303
1.4442
1.48415
1.5229
1.56045
1.59685
1.63211
1.66628
1.69938
1.73145
1.76252
1.79264
1.82185
1.85017
1.87765
1.90432
1.93021
1.95535
1.97978
2.00353
2.02663
2.04909
2.07096
2.09225
2.113
2.13321
2.15292
2.17215
2.19091
2.20923
2.22712
2.2446
2.26168
2.27839
2.29471
2.31068
2.32628
2.34154
2.35646
2.37106
2.38534
2.39931
2.41297
2.42634
2.43942
2.45221
2.4647
2.47692
2.48884
2.50048
2.51184
2.5229
2.53368
2.54415
2.55433
2.56421
2.57378
2.58304
2.59197
2.60058
2.60887
2.61681
2.62442
2.63167
2.63858
2.64513
2.65132
2.65715
2.66267
2.66788
0.861407
0.814342
0.77183
0.73326
0.698113
0.665954
0.636417
0.609191
0.584014
0.560665
0.538959
0.518737
0.499869
0.482247
0.46578
0.450397
0.43604
0.422666
0.410246
0.398762
0.388209
0.378592
0.36993
0.362255
0.355609
0.350053
0.345657
0.342512
0.340722
0.340409
0.341709
0.344772
0.349758
0.356833
0.366159
0.377891
0.392165
0.409093
0.428748
0.451161
0.476315
0.504139
0.534509
0.567254
0.602155
0.638961
0.677393
0.71716
0.757968
0.799529
0.841572
0.883846
0.92613
0.96823
1.00998
1.05126
1.09194
1.13195
1.17123
1.20972
1.24741
1.28425
1.32026
1.35542
1.38973
1.4232
1.45583
1.48765
1.51866
1.54888
1.57833
1.60703
1.635
1.66226
1.68883
1.71474
1.74
1.76465
1.78869
1.81216
1.83506
1.85742
1.87927
1.9006
1.92145
1.94182
1.96173
1.98119
2.00022
2.01882
2.03698
2.05473
2.07206
2.08899
2.10553
2.12168
2.13745
2.15284
2.16786
2.18251
2.19679
2.2107
2.22424
2.23741
2.25021
2.26264
2.27468
2.28635
2.29763
2.30852
2.31901
2.32911
2.33881
2.3481
2.35698
2.36544
2.3735
2.38113
2.38834
2.39514
2.40157
2.40765
0.861405
0.814337
0.771831
0.733277
0.698164
0.666062
0.636607
0.60949
0.584448
0.561253
0.53971
0.519653
0.500935
0.483431
0.467033
0.451647
0.437194
0.423603
0.410816
0.398785
0.387468
0.376832
0.366852
0.357508
0.348789
0.340687
0.333204
0.326348
0.32013
0.314572
0.309702
0.305553
0.30217
0.299604
0.297914
0.29717
0.297449
0.298836
0.301424
0.305311
0.3106
0.317392
0.325789
0.335884
0.347763
0.361497
0.377139
0.394721
0.414252
0.435713
0.459059
0.484214
0.511081
0.539536
0.569435
0.600618
0.632914
0.666145
0.700133
0.734702
0.769683
0.804917
0.840259
0.87558
0.910763
0.945711
0.980338
1.01458
1.04837
1.08168
1.11447
1.14671
1.17839
1.2095
1.24003
1.26997
1.29933
1.32811
1.3563
1.38393
1.41099
1.43748
1.46342
1.48881
1.51367
1.53799
1.56179
1.58508
1.60786
1.63015
1.65195
1.67326
1.6941
1.71445
1.73431
1.75369
1.77261
1.79105
1.80904
1.82656
1.84362
1.86022
1.87637
1.89205
1.90727
1.92202
1.93631
1.95012
1.96347
1.97634
1.98874
2.00065
2.01209
2.02305
2.03353
2.04352
2.05303
2.06206
2.07062
2.0787
2.08635
2.09363
0.861402
0.814329
0.77182
0.733266
0.698157
0.666065
0.636627
0.609537
0.584532
0.561385
0.539902
0.519913
0.50127
0.483846
0.467525
0.45221
0.437813
0.424257
0.411474
0.399403
0.387993
0.377196
0.366972
0.357284
0.348103
0.339402
0.331157
0.323351
0.315968
0.308997
0.302429
0.296259
0.290486
0.285112
0.280141
0.275581
0.271445
0.267749
0.264512
0.261758
0.259514
0.257813
0.256693
0.256195
0.256365
0.257255
0.25892
0.261419
0.264813
0.269166
0.274543
0.281006
0.288618
0.297436
0.307513
0.318892
0.331609
0.34569
0.361146
0.377976
0.396166
0.415686
0.436492
0.458528
0.481723
0.505994
0.531252
0.557396
0.584322
0.611923
0.640089
0.668712
0.697687
0.726913
0.756296
0.785747
0.815186
0.844541
0.873748
0.90275
0.9315
0.959956
0.988084
1.01586
1.04325
1.07024
1.09682
1.12297
1.14869
1.17396
1.19878
1.22315
1.24705
1.27049
1.29346
1.31595
1.33794
1.35941
1.38038
1.40083
1.42077
1.44019
1.45908
1.47744
1.49528
1.51258
1.52936
1.54559
1.56129
1.57646
1.59109
1.60518
1.61874
1.63177
1.64427
1.65625
1.6677
1.67864
1.68907
1.699
1.70847
1.71752
0.8614
0.814321
0.77181
0.733253
0.698143
0.66605
0.636614
0.609527
0.584528
0.561391
0.53992
0.519948
0.501326
0.483926
0.467634
0.45235
0.437986
0.424462
0.411709
0.399665
0.388273
0.377484
0.367254
0.35754
0.348309
0.339526
0.331164
0.323195
0.315596
0.308347
0.301429
0.294824
0.288519
0.282502
0.27676
0.271286
0.266072
0.261112
0.256403
0.251941
0.247725
0.243758
0.24004
0.236576
0.233372
0.230436
0.227778
0.225408
0.223341
0.221593
0.220182
0.219128
0.218456
0.21819
0.218358
0.218993
0.220126
0.221793
0.22403
0.226877
0.230374
0.234559
0.239474
0.245158
0.251648
0.25898
0.267187
0.276298
0.286336
0.29732
0.309263
0.32217
0.336041
0.350867
0.366631
0.383308
0.400868
0.419272
0.438474
0.458422
0.47906
0.500326
0.522156
0.544482
0.567235
0.590346
0.613745
0.637364
0.661137
0.684999
0.708891
0.732756
0.75654
0.780195
0.803677
0.826944
0.84997
0.872717
0.895148
0.917229
0.938936
0.960251
0.981156
1.00164
1.02169
1.04129
1.06045
1.07915
1.09738
1.11515
1.13245
1.14929
1.16565
1.18153
1.19694
1.21189
1.22635
1.24035
1.25388
1.26694
1.27956
1.29175
0.861399
0.814317
0.771804
0.733245
0.698133
0.666039
0.636602
0.609515
0.584516
0.561379
0.53991
0.51994
0.501322
0.483926
0.46764
0.452363
0.438006
0.424492
0.411749
0.399716
0.388335
0.377557
0.367336
0.357631
0.348405
0.339625
0.331258
0.323279
0.315662
0.308383
0.301421
0.294758
0.288376
0.282259
0.276392
0.270762
0.265357
0.260167
0.25518
0.250389
0.245786
0.241362
0.237113
0.233033
0.229117
0.225362
0.221765
0.218323
0.215035
0.211901
0.208922
0.206097
0.20343
0.200924
0.198581
0.196407
0.194407
0.192589
0.19096
0.18953
0.188308
0.187306
0.186537
0.186015
0.185755
0.185775
0.186092
0.186727
0.187701
0.189036
0.190756
0.192886
0.195451
0.198479
0.201996
0.206029
0.210606
0.215753
0.221497
0.227862
0.234872
0.242548
0.250908
0.25997
0.269745
0.280243
0.291469
0.303424
0.316104
0.329501
0.343603
0.358391
0.373845
0.389936
0.406634
0.423905
0.441711
0.460012
0.478765
0.49793
0.517454
0.537288
0.557378
0.577673
0.598121
0.618669
0.639269
0.659872
0.680431
0.700901
0.72124
0.741409
0.761369
0.781086
0.800528
0.819665
0.838471
0.85692
0.874992
0.892667
0.909931
0.926737
0.861399
0.814317
0.771804
0.733245
0.698133
0.666039
0.636602
0.609515
0.584516
0.561379
0.53991
0.51994
0.501322
0.483926
0.46764
0.452363
0.438006
0.424492
0.411749
0.399716
0.388335
0.377557
0.367336
0.357631
0.348405
0.339624
0.331258
0.323279
0.315662
0.308383
0.301421
0.294758
0.288376
0.282259
0.276392
0.270762
0.265358
0.260167
0.255181
0.25039
0.245786
0.241363
0.237114
0.233034
0.229119
0.225364
0.221766
0.218325
0.215038
0.211904
0.208925
0.206101
0.203435
0.200929
0.198586
0.196413
0.194415
0.192597
0.19097
0.18954
0.188319
0.187318
0.186551
0.18603
0.185771
0.185792
0.186111
0.186748
0.187723
0.189059
0.190781
0.192912
0.195478
0.198507
0.202024
0.206057
0.210633
0.215779
0.221521
0.227883
0.234889
0.24256
0.250915
0.25997
0.269738
0.280228
0.291445
0.303391
0.316062
0.32945
0.343542
0.358322
0.373767
0.389852
0.406545
0.423813
0.441618
0.459919
0.478677
0.497848
0.517383
0.53723
0.557336
0.577651
0.598121
0.618695
0.639324
0.659958
0.680551
0.701058
0.721435
0.741644
0.761646
0.781406
0.800891
0.820073
0.838924
0.857418
0.875535
0.893255
0.910564
0.927414
0.8614
0.814321
0.77181
0.733253
0.698143
0.66605
0.636614
0.609527
0.584528
0.561391
0.53992
0.519948
0.501326
0.483926
0.467634
0.45235
0.437985
0.424462
0.411709
0.399665
0.388273
0.377484
0.367253
0.35754
0.348309
0.339526
0.331164
0.323195
0.315596
0.308347
0.301429
0.294825
0.288521
0.282504
0.276763
0.27129
0.266077
0.261118
0.25641
0.251949
0.247736
0.24377
0.240055
0.236594
0.233393
0.230461
0.227806
0.225441
0.22338
0.221637
0.220233
0.219186
0.218522
0.218265
0.218444
0.219089
0.220234
0.221914
0.224166
0.227029
0.230542
0.234745
0.239679
0.245383
0.251894
0.259248
0.267477
0.27661
0.28667
0.297677
0.309642
0.322571
0.336462
0.351306
0.367087
0.38378
0.401354
0.41977
0.438982
0.458939
0.479583
0.500855
0.522688
0.545017
0.567772
0.590885
0.614286
0.637908
0.661684
0.685552
0.709451
0.733325
0.75712
0.78079
0.804289
0.827577
0.850628
0.873403
0.895866
0.917982
0.939728
0.961086
0.982038
1.00257
1.02267
1.04234
1.06155
1.08032
1.09862
1.11646
1.13383
1.15074
1.16718
1.18314
1.19864
1.21366
1.22821
1.24229
1.25591
1.26905
1.28176
1.29403
0.861402
0.814329
0.77182
0.733266
0.698157
0.666065
0.636627
0.609537
0.584532
0.561385
0.539902
0.519912
0.50127
0.483845
0.467524
0.452209
0.437812
0.424256
0.411472
0.399402
0.387991
0.377195
0.366971
0.357284
0.348103
0.339402
0.331159
0.323354
0.315973
0.309004
0.302438
0.296272
0.290503
0.285133
0.280167
0.275614
0.271485
0.267797
0.264569
0.261826
0.259595
0.257908
0.256804
0.256324
0.256515
0.257428
0.259119
0.261646
0.265072
0.269459
0.274874
0.281378
0.289034
0.297899
0.308025
0.319456
0.332227
0.346363
0.361876
0.378763
0.39701
0.416586
0.437448
0.459536
0.48278
0.507099
0.532399
0.558582
0.585542
0.613172
0.641362
0.670005
0.698995
0.728231
0.75762
0.787073
0.816511
0.845862
0.875062
0.904055
0.932795
0.96124
0.989357
1.01712
1.0445
1.07148
1.09806
1.1242
1.14992
1.17519
1.20001
1.22438
1.2483
1.27175
1.29474
1.31725
1.33926
1.36077
1.38177
1.40227
1.42225
1.44171
1.46066
1.47908
1.49698
1.51435
1.53119
1.54751
1.56328
1.57853
1.59324
1.60743
1.62108
1.6342
1.6468
1.65887
1.67042
1.68146
1.69199
1.70202
1.71158
1.72074
0.861405
0.814337
0.771831
0.733277
0.698164
0.666062
0.636607
0.60949
0.584447
0.561251
0.539709
0.519651
0.500932
0.483428
0.467029
0.451643
0.437189
0.423599
0.410813
0.398782
0.387467
0.376833
0.366856
0.357515
0.3488
0.340704
0.333229
0.326381
0.320173
0.314628
0.309772
0.305641
0.302278
0.299735
0.298072
0.297359
0.297673
0.299101
0.301735
0.305674
0.311021
0.317877
0.326343
0.336514
0.348474
0.362293
0.378026
0.395702
0.415329
0.436887
0.460329
0.485581
0.512541
0.541084
0.571067
0.602329
0.634696
0.667993
0.702038
0.736655
0.771677
0.806945
0.842313
0.877652
0.912846
0.947799
0.982425
1.01666
1.05044
1.08374
1.11651
1.14873
1.18038
1.21146
1.24196
1.27187
1.3012
1.32994
1.35811
1.38571
1.41273
1.4392
1.46511
1.49048
1.51532
1.53962
1.56341
1.58668
1.60946
1.63174
1.65354
1.67486
1.6957
1.71606
1.73594
1.75535
1.77429
1.79277
1.8108
1.82836
1.84548
1.86213
1.87833
1.89408
1.90937
1.92419
1.93856
1.95246
1.96589
1.97886
1.99135
2.00336
2.0149
2.02596
2.03655
2.04665
2.05627
2.06541
2.07408
2.08227
2.09004
2.09742
0.861407
0.814342
0.77183
0.73326
0.698112
0.665953
0.636415
0.609187
0.584009
0.560659
0.538951
0.518729
0.49986
0.482238
0.465771
0.450389
0.436034
0.422664
0.410249
0.398772
0.388227
0.378622
0.369975
0.362317
0.355694
0.350164
0.3458
0.342693
0.340947
0.340687
0.342048
0.345182
0.350249
0.357415
0.366842
0.378687
0.393083
0.410142
0.429934
0.45249
0.47779
0.50576
0.536275
0.569159
0.604193
0.641121
0.679666
0.719534
0.76043
0.802067
0.844172
0.886498
0.928822
0.970952
1.01273
1.05401
1.0947
1.13471
1.17397
1.21246
1.25012
1.28695
1.32292
1.35805
1.39233
1.42576
1.45836
1.49013
1.5211
1.55128
1.58068
1.60934
1.63726
1.66447
1.69099
1.71686
1.74208
1.76667
1.79068
1.8141
1.83697
1.8593
1.88111
1.90242
1.92324
1.94359
1.96348
1.98293
2.00195
2.02055
2.03871
2.05646
2.07381
2.09076
2.10732
2.1235
2.1393
2.15474
2.1698
2.1845
2.19884
2.21282
2.22643
2.23967
2.25255
2.26506
2.27719
2.28895
2.30032
2.31132
2.32192
2.33212
2.34193
2.35134
2.36033
2.36892
2.37709
2.38485
2.39218
2.3991
2.40565
2.41186
0.861405
0.814329
0.771776
0.733119
0.69783
0.66547
0.635677
0.608156
0.582668
0.559021
0.537062
0.516674
0.497766
0.480275
0.464162
0.449406
0.436013
0.424004
0.413427
0.40435
0.39687
0.391108
0.387218
0.385381
0.385811
0.388747
0.394449
0.403184
0.415218
0.430789
0.450095
0.47327
0.500363
0.531332
0.566028
0.604205
0.645524
0.689575
0.735897
0.784004
0.833409
0.883648
0.934294
0.984971
1.03536
1.08519
1.13427
1.18242
1.22953
1.27552
1.32033
1.36392
1.4063
1.44744
1.48735
1.52606
1.56358
1.59993
1.63515
1.66927
1.70232
1.73434
1.76536
1.79543
1.82458
1.85285
1.88027
1.90688
1.93271
1.9578
1.98217
2.00587
2.0289
2.05132
2.07313
2.09437
2.11506
2.13523
2.1549
2.17408
2.19281
2.21109
2.22895
2.2464
2.26346
2.28015
2.29646
2.31242
2.32802
2.34328
2.35821
2.37282
2.38712
2.40112
2.41482
2.42822
2.44134
2.45418
2.46673
2.479
2.491
2.50271
2.51414
2.52529
2.53616
2.54673
2.55701
2.56699
2.57667
2.58603
2.59509
2.60382
2.61222
2.62029
2.62803
2.63541
2.64245
2.64913
2.65545
2.66142
2.66706
2.6724
0.861388
0.814243
0.771526
0.73259
0.696905
0.664061
0.633746
0.605726
0.579833
0.55595
0.534004
0.513962
0.495824
0.479627
0.465445
0.453393
0.443628
0.436361
0.431857
0.430439
0.432481
0.438404
0.448649
0.463646
0.483775
0.509319
0.540418
0.577033
0.618928
0.665675
0.716672
0.771196
0.828451
0.887627
0.94795
1.00872
1.06935
1.12933
1.18829
1.24594
1.30208
1.35658
1.40935
1.46035
1.50956
1.55701
1.60271
1.6467
1.68904
1.72977
1.76896
1.80667
1.84296
1.8779
1.91155
1.94396
1.97519
2.00531
2.03436
2.0624
2.08946
2.11561
2.14089
2.16533
2.18898
2.21189
2.23407
2.25558
2.27645
2.2967
2.31638
2.33549
2.35409
2.37218
2.3898
2.40696
2.42369
2.44001
2.45594
2.4715
2.4867
2.50156
2.5161
2.53032
2.54424
2.55786
2.57119
2.58425
2.59705
2.6096
2.6219
2.63396
2.64579
2.6574
2.66879
2.67996
2.69092
2.70167
2.7122
2.72253
2.73264
2.74254
2.75223
2.76171
2.77096
2.77999
2.78878
2.79735
2.80567
2.81374
2.82156
2.82913
2.83642
2.84344
2.85017
2.85662
2.86277
2.86863
2.87417
2.8794
2.88436
2.88905
0.861316
0.813937
0.770764
0.731165
0.694689
0.661045
0.630052
0.601618
0.575716
0.552372
0.531671
0.513756
0.498837
0.487207
0.479253
0.475467
0.476447
0.482881
0.495498
0.515007
0.541992
0.576812
0.619504
0.669726
0.726757
0.789556
0.856863
0.927334
0.999656
1.07265
1.14531
1.21687
1.28674
1.35452
1.41994
1.48285
1.54319
1.60095
1.65615
1.70887
1.75918
1.80718
1.85298
1.89668
1.9384
1.97824
2.01631
2.0527
2.08752
2.12084
2.15276
2.18336
2.21272
2.24089
2.26796
2.29398
2.31901
2.34311
2.36633
2.38872
2.41032
2.43118
2.45133
2.47082
2.48968
2.50795
2.52565
2.54282
2.55949
2.57568
2.59142
2.60674
2.62165
2.63619
2.65035
2.66418
2.67768
2.69088
2.70378
2.7164
2.72875
2.74085
2.75271
2.76432
2.77571
2.78688
2.79785
2.80862
2.81921
2.82961
2.83983
2.84989
2.85978
2.86951
2.87908
2.88849
2.89775
2.90685
2.91581
2.9246
2.93324
2.94173
2.95005
2.95821
2.9662
2.97402
2.98166
2.98911
2.99637
3.00344
3.0103
3.01695
3.02337
3.02958
3.03554
3.04126
3.04674
3.05195
3.0569
3.06159
3.06603
3.07022
0.861096
0.813121
0.768984
0.72822
0.69062
0.656144
0.62486
0.596913
0.572531
0.55204
0.535888
0.524686
0.519235
0.520534
0.529752
0.548115
0.576736
0.616375
0.667213
0.728704
0.799565
0.877928
0.961604
1.04837
1.1362
1.22344
1.30883
1.39149
1.47086
1.54662
1.61866
1.68694
1.75155
1.81261
1.87027
1.92473
1.97616
2.02476
2.07071
2.1142
2.15537
2.1944
2.23144
2.26661
2.30006
2.33189
2.36221
2.39114
2.41876
2.44515
2.4704
2.49458
2.51776
2.53999
2.56135
2.58187
2.60161
2.62062
2.63894
2.65661
2.67367
2.69015
2.70609
2.72152
2.73647
2.75096
2.76502
2.77868
2.79196
2.80489
2.81747
2.82974
2.84171
2.85339
2.86482
2.87598
2.88692
2.89762
2.90812
2.91841
2.9285
2.93841
2.94814
2.95771
2.96711
2.97637
2.98549
2.99447
3.00331
3.01204
3.02064
3.02913
3.03751
3.04577
3.05392
3.06197
3.0699
3.07773
3.08545
3.09306
3.10056
3.10794
3.1152
3.12234
3.12935
3.13623
3.14296
3.14956
3.156
3.16228
3.1684
3.17435
3.18011
3.18568
3.19105
3.19622
3.20118
3.20591
3.21041
3.21468
3.21875
3.22256
0.860556
0.811383
0.765662
0.723372
0.684754
0.650177
0.620113
0.59517
0.576161
0.564196
0.560746
0.56765
0.586971
0.620647
0.669989
0.735154
0.814847
0.906433
1.0064
1.11104
1.21695
1.32148
1.42271
1.51944
1.61102
1.69718
1.7779
1.85333
1.92372
1.98938
2.05061
2.10776
2.16114
2.21104
2.25776
2.30156
2.34267
2.38132
2.4177
2.45201
2.48441
2.51504
2.54405
2.57157
2.5977
2.62255
2.64621
2.66877
2.6903
2.71088
2.73058
2.74944
2.76753
2.78489
2.80158
2.81763
2.83308
2.84798
2.86235
2.87622
2.88963
2.90261
2.91518
2.92736
2.93919
2.95067
2.96184
2.97271
2.9833
2.99363
3.00372
3.01357
3.02321
3.03265
3.0419
3.05097
3.05988
3.06862
3.07722
3.08567
3.09398
3.10217
3.11024
3.11821
3.12607
3.13383
3.1415
3.14908
3.15658
3.164
3.17134
3.17861
3.1858
3.19293
3.19998
3.20696
3.21387
3.22071
3.22747
3.23416
3.24076
3.24729
3.25373
3.26007
3.26632
3.27248
3.27852
3.28445
3.29026
3.29594
3.30148
3.30688
3.31213
3.31722
3.32214
3.32689
3.33145
3.33582
3.33999
3.34395
3.34773
3.35126
0.859464
0.80833
0.760551
0.716886
0.678261
0.645727
0.620595
0.604638
0.600284
0.610661
0.639266
0.689119
0.761547
0.855222
0.966084
1.08831
1.21574
1.34312
1.46664
1.58393
1.69375
1.79567
1.88974
1.9763
2.05583
2.1289
2.19607
2.25789
2.31487
2.36748
2.41614
2.46125
2.50315
2.54215
2.57852
2.61252
2.64435
2.67422
2.7023
2.72874
2.75369
2.77728
2.79961
2.82079
2.8409
2.86004
2.87827
2.89567
2.91229
2.92818
2.94341
2.95801
2.97203
2.9855
2.99846
3.01094
3.02298
3.0346
3.04583
3.0567
3.06722
3.07741
3.08731
3.09693
3.10628
3.11539
3.12427
3.13293
3.1414
3.14968
3.15779
3.16575
3.17355
3.18122
3.18875
3.19617
3.20348
3.21067
3.21777
3.22478
3.2317
3.23855
3.24532
3.25203
3.25868
3.26527
3.27182
3.27831
3.28475
3.29115
3.29751
3.30383
3.3101
3.31634
3.32253
3.32869
3.3348
3.34086
3.34688
3.35285
3.35876
3.36462
3.37042
3.37616
3.38182
3.38741
3.39291
3.39832
3.40364
3.40886
3.41396
3.41894
3.4238
3.42852
3.43309
3.43752
3.44178
3.44587
3.44979
3.45352
3.45709
3.46041
0.857582
0.803766
0.753927
0.709985
0.674001
0.648514
0.637038
0.644422
0.676518
0.738565
0.832541
0.955142
1.09823
1.25157
1.4059
1.55461
1.69386
1.82195
1.93853
2.04402
2.13923
2.22513
2.30268
2.37281
2.43637
2.49413
2.54676
2.59485
2.63892
2.67941
2.71673
2.75122
2.78317
2.81285
2.8405
2.8663
2.89045
2.9131
2.93438
2.95444
2.97336
2.99126
3.00822
3.02432
3.03962
3.0542
3.0681
3.08139
3.0941
3.10627
3.11795
3.12917
3.13996
3.15035
3.16036
3.17002
3.17936
3.18839
3.19713
3.20561
3.21384
3.22184
3.22963
3.23721
3.24461
3.25184
3.25891
3.26583
3.27262
3.27928
3.28583
3.29228
3.29864
3.3049
3.31109
3.3172
3.32324
3.32921
3.33514
3.34101
3.34684
3.35263
3.35839
3.36412
3.36982
3.3755
3.38115
3.38679
3.39241
3.39801
3.4036
3.40917
3.41473
3.42027
3.42579
3.43129
3.43678
3.44224
3.44768
3.45309
3.45846
3.4638
3.4691
3.47436
3.47956
3.4847
3.48979
3.4948
3.49974
3.50459
3.50935
3.514
3.51856
3.52299
3.5273
3.53147
3.53551
3.53939
3.54312
3.54668
3.5501
3.55326
0.854751
0.797826
0.746765
0.70534
0.678073
0.671377
0.694174
0.756253
0.863298
1.01155
1.18777
1.37509
1.55938
1.7319
1.88865
2.0287
2.15276
2.2623
2.35898
2.44445
2.52023
2.58765
2.64784
2.7018
2.75036
2.79423
2.83402
2.87024
2.90333
2.93366
2.96156
2.9873
3.01113
3.03324
3.05383
3.07304
3.09102
3.10789
3.12376
3.13872
3.15285
3.16623
3.17892
3.19099
3.20248
3.21345
3.22393
3.23396
3.24358
3.25281
3.26169
3.27023
3.27846
3.28641
3.29409
3.30152
3.30871
3.31569
3.32247
3.32906
3.33547
3.34173
3.34784
3.35381
3.35966
3.3654
3.37103
3.37657
3.38203
3.38741
3.39273
3.39798
3.40319
3.40834
3.41345
3.41853
3.42357
3.42858
3.43358
3.43856
3.44353
3.44849
3.45344
3.4584
3.46335
3.4683
3.47326
3.47823
3.48319
3.48817
3.49315
3.49813
3.50312
3.50812
3.51311
3.51811
3.5231
3.52808
3.53306
3.53803
3.54298
3.54791
3.55281
3.55769
3.56253
3.56733
3.57208
3.57678
3.58141
3.58598
3.59047
3.59487
3.59918
3.60339
3.6075
3.61148
3.61534
3.61906
3.62265
3.62608
3.62938
3.63242
0.850946
0.791039
0.741074
0.708546
0.704202
0.7434
0.841547
1.00216
1.20938
1.43613
1.65851
1.86259
2.04306
2.1997
2.33458
2.45052
2.55036
2.63665
2.71159
2.77701
2.83443
2.8851
2.93005
2.97012
3.00602
3.03833
3.06755
3.09408
3.11826
3.14039
3.16072
3.17946
3.19679
3.21288
3.22785
3.24183
3.25493
3.26722
3.27879
3.28972
3.30006
3.30987
3.31919
3.32807
3.33655
3.34466
3.35243
3.35989
3.36706
3.37396
3.38061
3.38703
3.39324
3.39925
3.40508
3.41073
3.41623
3.42158
3.42679
3.43188
3.43685
3.44172
3.4465
3.45119
3.4558
3.46035
3.46484
3.46928
3.47368
3.47804
3.48237
3.48668
3.49096
3.49523
3.49949
3.50374
3.50799
3.51224
3.5165
3.52077
3.52506
3.52936
3.53368
3.53801
3.54237
3.54676
3.55116
3.55559
3.56004
3.56452
3.56902
3.57353
3.57807
3.58263
3.5872
3.59179
3.59639
3.601
3.60561
3.61022
3.61484
3.61944
3.62403
3.6286
3.63315
3.63767
3.64216
3.6466
3.651
3.65534
3.65961
3.66381
3.66794
3.67197
3.67591
3.67974
3.68346
3.68706
3.69053
3.69386
3.69708
3.70002
0.846292
0.784482
0.740966
0.732137
0.78289
0.917939
1.13673
1.40461
1.67813
1.92885
2.1459
2.3288
2.48137
2.6085
2.7148
2.80421
2.87994
2.94455
3.00007
3.04813
3.09
3.12673
3.15913
3.18789
3.21355
3.23656
3.25731
3.2761
3.29319
3.30881
3.32314
3.33633
3.34852
3.35984
3.37037
3.38022
3.38944
3.39812
3.4063
3.41404
3.42138
3.42835
3.43501
3.44137
3.44746
3.4533
3.45892
3.46434
3.46956
3.47461
3.4795
3.48424
3.48883
3.4933
3.49765
3.50189
3.50603
3.51008
3.51404
3.51793
3.52175
3.52551
3.52923
3.53289
3.53652
3.54012
3.5437
3.54726
3.5508
3.55435
3.55789
3.56143
3.56498
3.56854
3.57212
3.57571
3.57933
3.58297
3.58665
3.59035
3.59409
3.59786
3.60167
3.60552
3.6094
3.61333
3.61729
3.62129
3.62533
3.6294
3.63351
3.63766
3.64183
3.64604
3.65027
3.65453
3.65881
3.66312
3.66743
3.67176
3.67609
3.68043
3.68477
3.6891
3.69341
3.69771
3.70198
3.70621
3.71041
3.71457
3.71866
3.7227
3.72667
3.73056
3.73437
3.73808
3.74169
3.74518
3.74857
3.75182
3.75497
3.75783
0.841078
0.780264
0.755504
0.803802
0.967329
1.24502
1.57667
1.89752
2.175
2.40285
2.5863
2.73353
2.85223
2.94869
3.02784
3.09342
3.14828
3.1946
3.23403
3.26789
3.29717
3.32267
3.34504
3.36477
3.38229
3.39794
3.41197
3.42464
3.43613
3.44659
3.45617
3.46498
3.47311
3.48065
3.48768
3.49425
3.50041
3.50622
3.51171
3.51692
3.52188
3.52662
3.53115
3.53551
3.5397
3.54374
3.54765
3.55144
3.55511
3.55868
3.56216
3.56555
3.56886
3.5721
3.57527
3.57837
3.58143
3.58443
3.58739
3.59032
3.59322
3.59609
3.59894
3.60179
3.60462
3.60746
3.6103
3.61315
3.61602
3.61891
3.62181
3.62474
3.6277
3.63069
3.63372
3.63679
3.6399
3.64305
3.64625
3.6495
3.6528
3.65615
3.65954
3.66299
3.66649
3.67005
3.67365
3.6773
3.681
3.68475
3.68854
3.69238
3.69626
3.70018
3.70413
3.70812
3.71214
3.71619
3.72026
3.72435
3.72846
3.73258
3.7367
3.74083
3.74494
3.74905
3.75314
3.75721
3.76124
3.76524
3.76919
3.77309
3.77693
3.7807
3.7844
3.78801
3.79152
3.79494
3.79825
3.80144
3.80453
3.80734
0.835835
0.782846
0.804872
0.972689
1.30328
1.70602
2.08215
2.39101
2.63171
2.81657
2.95888
3.0695
3.15657
3.22598
3.28202
3.32778
3.36557
3.39708
3.4236
3.44611
3.46538
3.48198
3.4964
3.509
3.52009
3.5299
3.53864
3.54647
3.55352
3.55991
3.56573
3.57107
3.57599
3.58054
3.58478
3.58875
3.59248
3.59601
3.59937
3.60257
3.60563
3.60858
3.61142
3.61418
3.61685
3.61945
3.622
3.62448
3.62692
3.6293
3.63165
3.63396
3.63624
3.63848
3.6407
3.6429
3.64508
3.64725
3.6494
3.65155
3.65371
3.65586
3.65803
3.66021
3.66241
3.66463
3.66688
3.66916
3.67147
3.67383
3.67622
3.67865
3.68114
3.68367
3.68625
3.68889
3.69159
3.69435
3.69716
3.70004
3.70298
3.70598
3.70904
3.71216
3.71535
3.71859
3.7219
3.72526
3.72868
3.73216
3.73569
3.73927
3.74291
3.74658
3.75031
3.75407
3.75787
3.7617
3.76557
3.76946
3.77337
3.7773
3.78124
3.78519
3.78914
3.79309
3.79702
3.80094
3.80483
3.8087
3.81252
3.81631
3.82003
3.8237
3.8273
3.83082
3.83426
3.8376
3.84085
3.84399
3.84703
3.84979
0.831589
0.802127
0.9281
1.28649
1.77028
2.21974
2.57241
2.8326
3.02211
3.16116
3.26468
3.34305
3.40333
3.4504
3.48765
3.51748
3.54164
3.56139
3.57767
3.59122
3.60257
3.61215
3.62029
3.62725
3.63325
3.63846
3.643
3.647
3.65054
3.6537
3.65654
3.65912
3.66148
3.66366
3.66568
3.66758
3.66938
3.67109
3.67273
3.67433
3.67587
3.67739
3.67888
3.68035
3.68181
3.68326
3.6847
3.68614
3.68758
3.68902
3.69046
3.69189
3.69334
3.69479
3.69624
3.69771
3.69918
3.70067
3.70218
3.7037
3.70525
3.70683
3.70844
3.71008
3.71176
3.71349
3.71525
3.71707
3.71894
3.72086
3.72284
3.72487
3.72696
3.72912
3.73135
3.73364
3.736
3.73843
3.74093
3.7435
3.74614
3.74885
3.75163
3.75449
3.75741
3.7604
3.76345
3.76658
3.76976
3.77301
3.77632
3.77968
3.7831
3.78657
3.79009
3.79366
3.79727
3.80092
3.8046
3.80832
3.81206
3.81582
3.8196
3.8234
3.8272
3.831
3.8348
3.83858
3.84235
3.84609
3.84981
3.85348
3.85711
3.86068
3.86419
3.86764
3.871
3.87429
3.87748
3.88057
3.88357
3.88629
0.83047
0.859252
1.17557
1.73833
2.29171
2.71247
3.00523
3.20563
3.34431
3.44216
3.51263
3.56434
3.6029
3.63205
3.65435
3.67155
3.68493
3.69539
3.7036
3.71007
3.71517
3.7192
3.72238
3.72488
3.72686
3.72841
3.72962
3.73058
3.73133
3.73192
3.73239
3.73277
3.73309
3.73336
3.73362
3.73386
3.7341
3.73436
3.73463
3.73493
3.73526
3.73563
3.73603
3.73647
3.73695
3.73747
3.73803
3.73863
3.73926
3.73993
3.74063
3.74137
3.74214
3.74294
3.74378
3.74465
3.74556
3.7465
3.74748
3.7485
3.74956
3.75067
3.75183
3.75304
3.7543
3.75562
3.757
3.75844
3.75994
3.76151
3.76314
3.76485
3.76663
3.76848
3.7704
3.77241
3.77449
3.77665
3.77888
3.7812
3.78359
3.78606
3.78861
3.79123
3.79393
3.7967
3.79954
3.80245
3.80544
3.80848
3.81159
3.81477
3.818
3.82129
3.82463
3.82802
3.83146
3.83494
3.83846
3.84202
3.84561
3.84922
3.85285
3.85651
3.86017
3.86384
3.86751
3.87117
3.87482
3.87845
3.88206
3.88563
3.88916
3.89265
3.89608
3.89945
3.90275
3.90597
3.90911
3.91216
3.91512
3.9178
0.837083
0.991886
1.56879
2.26379
2.79675
3.14662
3.36902
3.51204
3.60619
3.66961
3.71316
3.74348
3.76477
3.77975
3.79024
3.79749
3.80237
3.8055
3.80733
3.80821
3.80837
3.808
3.80724
3.80621
3.80498
3.80363
3.80219
3.80072
3.79924
3.79778
3.79635
3.79497
3.79365
3.7924
3.79123
3.79015
3.78914
3.78823
3.7874
3.78666
3.78601
3.78545
3.78497
3.78458
3.78427
3.78404
3.78388
3.78379
3.78377
3.78382
3.78393
3.7841
3.78433
3.78461
3.78495
3.78534
3.78578
3.78628
3.78684
3.78745
3.78812
3.78884
3.78964
3.79049
3.79141
3.7924
3.79346
3.7946
3.7958
3.79708
3.79844
3.79987
3.80139
3.80299
3.80467
3.80643
3.80828
3.81021
3.81222
3.81432
3.8165
3.81876
3.82111
3.82353
3.82603
3.82861
3.83126
3.83399
3.83679
3.83966
3.8426
3.8456
3.84866
3.85178
3.85496
3.85819
3.86147
3.8648
3.86816
3.87157
3.87501
3.87848
3.88198
3.8855
3.88903
3.89257
3.89611
3.89966
3.90319
3.90672
3.91022
3.91369
3.91713
3.92053
3.92388
3.92718
3.93041
3.93358
3.93666
3.93966
3.94259
3.94523
0.861181
1.2442
2.07273
2.79223
3.24675
3.51205
3.66751
3.76086
3.81819
3.85383
3.87594
3.88935
3.89701
3.90082
3.90201
3.9014
3.89958
3.89692
3.89371
3.89015
3.88639
3.88252
3.87863
3.87478
3.871
3.86732
3.86376
3.86035
3.85708
3.85397
3.85101
3.84822
3.84558
3.84311
3.84079
3.83863
3.83662
3.83476
3.83304
3.83146
3.83001
3.8287
3.82751
3.82645
3.82549
3.82465
3.82391
3.82327
3.82273
3.82227
3.8219
3.82161
3.8214
3.82126
3.82119
3.82119
3.82126
3.8214
3.82162
3.8219
3.82225
3.82267
3.82316
3.82373
3.82438
3.8251
3.82591
3.82679
3.82775
3.82879
3.82992
3.83113
3.83243
3.83382
3.83529
3.83685
3.8385
3.84024
3.84206
3.84397
3.84597
3.84805
3.85021
3.85246
3.85479
3.85719
3.85968
3.86224
3.86487
3.86758
3.87035
3.87319
3.87609
3.87906
3.88208
3.88516
3.88829
3.89146
3.89469
3.89795
3.90125
3.90458
3.90794
3.91132
3.91472
3.91813
3.92156
3.92498
3.9284
3.93181
3.93521
3.93858
3.94193
3.94524
3.94851
3.95172
3.95489
3.95798
3.96101
3.96396
3.96685
3.96945
0.921567
1.63494
2.62374
3.27799
3.62928
3.8127
3.91021
3.96269
3.99047
4.00408
4.00927
4.00936
4.0063
4.0013
3.99516
3.98835
3.98121
3.97396
3.96674
3.95965
3.95276
3.9461
3.93971
3.9336
3.92777
3.92222
3.91696
3.91198
3.90727
3.90283
3.89865
3.89471
3.89101
3.88755
3.8843
3.88127
3.87844
3.87581
3.87337
3.87111
3.86902
3.8671
3.86533
3.86371
3.86224
3.8609
3.85969
3.8586
3.85763
3.85676
3.856
3.85534
3.85476
3.85428
3.85389
3.85358
3.85335
3.8532
3.85314
3.85315
3.85325
3.85342
3.85368
3.85402
3.85444
3.85495
3.85554
3.85622
3.85698
3.85783
3.85877
3.8598
3.86091
3.86212
3.86342
3.86481
3.86629
3.86786
3.86952
3.87127
3.8731
3.87502
3.87702
3.87911
3.88128
3.88353
3.88586
3.88826
3.89074
3.89329
3.89591
3.8986
3.90135
3.90416
3.90704
3.90996
3.91294
3.91597
3.91905
3.92217
3.92532
3.92851
3.93173
3.93498
3.93825
3.94153
3.94482
3.94813
3.95143
3.95472
3.95801
3.96127
3.96452
3.96773
3.97091
3.97404
3.97712
3.98015
3.98311
3.986
3.98884
3.9914
1.04783
2.14113
3.16618
3.70126
3.94668
4.05816
4.10789
4.12764
4.13203
4.12829
4.12018
4.10978
4.09826
4.08632
4.07436
4.06263
4.05126
4.04035
4.02993
4.02002
4.01062
4.00173
3.99332
3.98539
3.97791
3.97086
3.96422
3.95797
3.9521
3.94658
3.9414
3.93654
3.93197
3.9277
3.9237
3.91996
3.91647
3.91321
3.91018
3.90736
3.90475
3.90233
3.90009
3.89802
3.89613
3.89438
3.89279
3.89133
3.89001
3.88881
3.88773
3.88677
3.88591
3.88515
3.88449
3.88393
3.88346
3.88308
3.88279
3.88259
3.88248
3.88246
3.88253
3.88268
3.88293
3.88326
3.88368
3.8842
3.8848
3.88549
3.88627
3.88715
3.88811
3.88917
3.89033
3.89157
3.8929
3.89433
3.89584
3.89744
3.89913
3.90091
3.90277
3.90471
3.90674
3.90884
3.91102
3.91328
3.91561
3.91801
3.92048
3.92302
3.92562
3.92829
3.93101
3.93379
3.93662
3.9395
3.94243
3.9454
3.94841
3.95146
3.95453
3.95764
3.96077
3.96391
3.96707
3.97024
3.97342
3.97659
3.97975
3.9829
3.98603
3.98914
3.99221
3.99525
3.99824
4.00119
4.00408
4.0069
4.00966
4.01218
1.27351
2.71741
3.66587
4.05945
4.20804
4.25954
4.27093
4.26479
4.2508
4.23342
4.21483
4.19615
4.17794
4.16048
4.14389
4.12823
4.11348
4.09963
4.08664
4.07446
4.06303
4.05233
4.04229
4.03289
4.02406
4.01579
4.00804
4.00076
3.99394
3.98754
3.98154
3.97592
3.97065
3.96572
3.9611
3.95678
3.95275
3.94898
3.94546
3.94219
3.93914
3.93631
3.93369
3.93125
3.92901
3.92693
3.92502
3.92327
3.92166
3.92019
3.91885
3.91764
3.91655
3.91557
3.9147
3.91393
3.91327
3.91271
3.91225
3.91188
3.91161
3.91143
3.91134
3.91135
3.91146
3.91165
3.91194
3.91232
3.91279
3.91336
3.91401
3.91476
3.91561
3.91654
3.91757
3.91869
3.9199
3.9212
3.92259
3.92406
3.92562
3.92727
3.929
3.9308
3.93269
3.93466
3.93671
3.93882
3.94101
3.94327
3.9456
3.94799
3.95045
3.95296
3.95554
3.95817
3.96085
3.96358
3.96636
3.96918
3.97203
3.97493
3.97786
3.98081
3.9838
3.9868
3.98981
3.99284
3.99587
3.99891
4.00194
4.00496
4.00797
4.01096
4.01392
4.01684
4.01973
4.02258
4.02537
4.02811
4.03079
4.03325
1.62357
3.31924
4.10848
4.35964
4.4251
4.42809
4.40914
4.38265
4.35419
4.32605
4.29917
4.27392
4.25037
4.22848
4.20818
4.18935
4.17187
4.15565
4.14056
4.12653
4.11346
4.10127
4.08991
4.07929
4.06937
4.0601
4.05142
4.0433
4.03569
4.02857
4.0219
4.01565
4.0098
4.00432
3.99919
3.99439
3.98991
3.98571
3.9818
3.97814
3.97474
3.97157
3.96862
3.96588
3.96335
3.961
3.95883
3.95683
3.95499
3.95329
3.95175
3.95034
3.94905
3.94789
3.94686
3.94593
3.94512
3.94441
3.94381
3.94331
3.94291
3.94261
3.94241
3.9423
3.9423
3.94239
3.94257
3.94285
3.94322
3.94368
3.94424
3.94489
3.94563
3.94647
3.94739
3.94841
3.94951
3.9507
3.95198
3.95335
3.95479
3.95632
3.95793
3.95962
3.96138
3.96322
3.96514
3.96712
3.96918
3.9713
3.97349
3.97574
3.97805
3.98042
3.98285
3.98533
3.98786
3.99043
3.99306
3.99572
3.99843
4.00117
4.00394
4.00674
4.00956
4.01241
4.01527
4.01815
4.02103
4.02392
4.02681
4.02969
4.03255
4.0354
4.03823
4.04103
4.0438
4.04653
4.04922
4.05185
4.05443
4.05681
2.11223
3.91483
4.49453
4.61442
4.61117
4.57553
4.53268
4.49014
4.45023
4.41353
4.38001
4.34947
4.32159
4.29612
4.27279
4.25136
4.23164
4.21346
4.19665
4.18108
4.16664
4.15323
4.14075
4.12912
4.11828
4.10817
4.09871
4.08988
4.08162
4.07389
4.06665
4.05987
4.05353
4.04759
4.04203
4.03683
4.03196
4.0274
4.02315
4.01917
4.01547
4.01201
4.00879
4.0058
4.00302
4.00044
3.99805
3.99584
3.99381
3.99193
3.99021
3.98863
3.9872
3.98589
3.98472
3.98366
3.98272
3.9819
3.98119
3.98059
3.9801
3.97971
3.97942
3.97923
3.97914
3.97915
3.97926
3.97946
3.97975
3.98014
3.98062
3.98119
3.98186
3.98261
3.98346
3.98439
3.98541
3.98651
3.9877
3.98896
3.99031
3.99174
3.99324
3.99482
3.99648
3.9982
4
4.00186
4.00379
4.00578
4.00784
4.00995
4.01213
4.01436
4.01664
4.01897
4.02135
4.02378
4.02625
4.02875
4.0313
4.03388
4.03649
4.03913
4.0418
4.04448
4.04719
4.0499
4.05262
4.05535
4.05808
4.0608
4.06352
4.06622
4.0689
4.07156
4.07419
4.07678
4.07934
4.08184
4.0843
4.08659
2.75671
4.49025
4.83644
4.84145
4.78254
4.71626
4.65444
4.59908
4.54993
4.50626
4.4673
4.43237
4.40091
4.37243
4.34654
4.32292
4.30129
4.28143
4.26313
4.24625
4.23063
4.21615
4.2027
4.1902
4.17855
4.1677
4.15757
4.14811
4.13927
4.131
4.12327
4.11603
4.10925
4.1029
4.09696
4.0914
4.08619
4.08132
4.07677
4.07251
4.06854
4.06483
4.06137
4.05815
4.05516
4.05238
4.0498
4.04741
4.0452
4.04317
4.04129
4.03958
4.03801
4.03659
4.0353
4.03414
4.0331
4.03219
4.0314
4.03072
4.03015
4.02969
4.02933
4.02909
4.02894
4.02889
4.02895
4.02909
4.02933
4.02967
4.0301
4.03062
4.03122
4.03192
4.03271
4.03357
4.03453
4.03556
4.03667
4.03787
4.03914
4.04048
4.0419
4.04339
4.04494
4.04657
4.04826
4.05002
4.05184
4.05371
4.05565
4.05764
4.05969
4.06178
4.06393
4.06612
4.06836
4.07064
4.07296
4.07532
4.07772
4.08014
4.08259
4.08507
4.08758
4.0901
4.09263
4.09518
4.09774
4.1003
4.10287
4.10543
4.10798
4.11051
4.11304
4.11554
4.11801
4.12045
4.12286
4.12523
4.12754
4.12971
3.60496
5.05607
5.16201
5.06896
4.96489
4.87383
4.79645
4.7304
4.67342
4.62376
4.58005
4.54126
4.50659
4.4754
4.44719
4.42155
4.39816
4.37674
4.35706
4.33894
4.3222
4.3067
4.29234
4.27899
4.26658
4.25501
4.24423
4.23417
4.22476
4.21597
4.20775
4.20006
4.19286
4.18611
4.1798
4.17389
4.16835
4.16317
4.15833
4.1538
4.14956
4.14561
4.14192
4.13848
4.13528
4.13231
4.12955
4.12699
4.12462
4.12243
4.12042
4.11858
4.11689
4.11535
4.11396
4.11271
4.11159
4.1106
4.10974
4.10899
4.10837
4.10786
4.10746
4.10716
4.10698
4.1069
4.10691
4.10703
4.10724
4.10754
4.10794
4.10842
4.109
4.10966
4.11041
4.11124
4.11215
4.11314
4.11421
4.11535
4.11657
4.11785
4.11921
4.12063
4.12212
4.12367
4.12528
4.12696
4.12869
4.13047
4.13231
4.1342
4.13614
4.13813
4.14016
4.14223
4.14435
4.1465
4.14869
4.15092
4.15317
4.15546
4.15777
4.1601
4.16245
4.16482
4.1672
4.16959
4.17199
4.1744
4.1768
4.17919
4.18158
4.18396
4.18632
4.18866
4.19097
4.19326
4.19551
4.19773
4.19987
4.20193
4.84955
5.68154
5.54072
5.36077
5.21733
5.1041
5.01232
4.93602
4.87132
4.8156
4.76698
4.72412
4.686
4.65185
4.62107
4.59319
4.5678
4.5446
4.52332
4.50375
4.4857
4.46901
4.45355
4.4392
4.42586
4.41344
4.40187
4.39107
4.38099
4.37156
4.36275
4.3545
4.34678
4.33956
4.33279
4.32645
4.32051
4.31496
4.30976
4.3049
4.30035
4.2961
4.29213
4.28843
4.28499
4.28178
4.2788
4.27604
4.27348
4.27112
4.26895
4.26695
4.26513
4.26347
4.26196
4.26061
4.25939
4.25832
4.25739
4.25658
4.2559
4.25534
4.2549
4.25457
4.25436
4.25425
4.25425
4.25434
4.25454
4.25484
4.25522
4.2557
4.25627
4.25693
4.25767
4.25849
4.2594
4.26038
4.26143
4.26256
4.26376
4.26502
4.26635
4.26775
4.26921
4.27073
4.2723
4.27393
4.27562
4.27736
4.27914
4.28097
4.28285
4.28478
4.28674
4.28874
4.29078
4.29285
4.29495
4.29709
4.29925
4.30144
4.30364
4.30587
4.30811
4.31037
4.31264
4.31491
4.31719
4.31947
4.32175
4.32402
4.32628
4.32852
4.33075
4.33296
4.33514
4.33729
4.33941
4.34149
4.34349
4.34545
6.07794
5.55972
5.2474
5.04169
4.89423
4.78182
4.69214
4.61828
4.55605
4.50269
4.45629
4.41549
4.37928
4.3469
4.31775
4.29137
4.26737
4.24547
4.22539
4.20693
4.18991
4.17419
4.15963
4.14612
4.13357
4.12188
4.111
4.10084
4.09135
4.08249
4.0742
4.06645
4.05919
4.05239
4.04602
4.04006
4.03448
4.02925
4.02436
4.01978
4.0155
4.01149
4.00776
4.00427
4.00102
3.99799
3.99518
3.99257
3.99016
3.98793
3.98588
3.98399
3.98226
3.98069
3.97927
3.97799
3.97685
3.97583
3.97495
3.97419
3.97355
3.97302
3.97261
3.9723
3.9721
3.972
3.972
3.97209
3.97228
3.97255
3.97291
3.97336
3.97389
3.9745
3.97518
3.97594
3.97677
3.97767
3.97864
3.97967
3.98076
3.98192
3.98313
3.9844
3.98572
3.9871
3.98852
3.98999
3.99151
3.99308
3.99468
3.99633
3.99801
3.99973
4.00148
4.00327
4.00508
4.00693
4.0088
4.01069
4.0126
4.01453
4.01648
4.01845
4.02042
4.0224
4.02439
4.02639
4.02838
4.03037
4.03235
4.03433
4.03629
4.03824
4.04017
4.04208
4.04396
4.04582
4.04764
4.04942
4.05112
4.05283
)
;

boundaryField
{
    lowerWall
    {
        type            kqRWallFunction;
        value           nonuniform List<scalar> 
122
(
6.07652
5.55942
5.24732
5.04165
4.8942
4.78178
4.69211
4.61825
4.55602
4.50265
4.45625
4.41545
4.37924
4.34686
4.31771
4.29132
4.26733
4.24542
4.22534
4.20689
4.18987
4.17415
4.15959
4.14608
4.13352
4.12184
4.11095
4.10079
4.09131
4.08244
4.07415
4.0664
4.05914
4.05234
4.04598
4.04001
4.03443
4.0292
4.02431
4.01973
4.01545
4.01144
4.00771
4.00422
4.00097
3.99794
3.99513
3.99252
3.99011
3.98788
3.98583
3.98394
3.98221
3.98064
3.97922
3.97794
3.9768
3.97579
3.97491
3.97415
3.97351
3.97298
3.97256
3.97226
3.97205
3.97195
3.97195
3.97203
3.97222
3.97249
3.97284
3.97328
3.9738
3.9744
3.97507
3.97582
3.97663
3.97752
3.97847
3.97948
3.98056
3.9817
3.98289
3.98414
3.98544
3.98679
3.9882
3.98965
3.99114
3.99268
3.99426
3.99588
3.99754
3.99923
4.00096
4.00272
4.00451
4.00633
4.00817
4.01004
4.01193
4.01384
4.01577
4.01771
4.01966
4.02163
4.0236
4.02557
4.02755
4.02952
4.03149
4.03346
4.03541
4.03735
4.03927
4.04117
4.04305
4.04491
4.04673
4.04852
4.05022
4.05194
)
;
    }
    upperWall
    {
        type            kqRWallFunction;
        value           nonuniform List<scalar> 
122
(
6.07794
5.55972
5.2474
5.04169
4.89423
4.78182
4.69214
4.61828
4.55605
4.50269
4.45629
4.41549
4.37928
4.3469
4.31775
4.29137
4.26737
4.24547
4.22539
4.20693
4.18991
4.17419
4.15963
4.14612
4.13357
4.12188
4.111
4.10084
4.09135
4.08249
4.0742
4.06645
4.05919
4.05239
4.04602
4.04006
4.03448
4.02925
4.02436
4.01978
4.0155
4.01149
4.00776
4.00427
4.00102
3.99799
3.99518
3.99257
3.99016
3.98793
3.98588
3.98399
3.98226
3.98069
3.97927
3.97799
3.97685
3.97583
3.97495
3.97419
3.97355
3.97302
3.97261
3.9723
3.9721
3.972
3.972
3.97209
3.97228
3.97255
3.97291
3.97336
3.97389
3.9745
3.97518
3.97594
3.97677
3.97767
3.97864
3.97967
3.98076
3.98192
3.98313
3.9844
3.98572
3.9871
3.98852
3.98999
3.99151
3.99308
3.99468
3.99633
3.99801
3.99973
4.00148
4.00327
4.00508
4.00693
4.0088
4.01069
4.0126
4.01453
4.01648
4.01845
4.02042
4.0224
4.02439
4.02639
4.02838
4.03037
4.03235
4.03433
4.03629
4.03824
4.04017
4.04208
4.04396
4.04582
4.04764
4.04942
4.05112
4.05283
)
;
    }
    inlet
    {
        type            turbulentIntensityKineticEnergyInlet;
        intensity       0.0223;
        value           uniform 0.91377;
    }
    outlet
    {
        type            zeroGradient;
    }
    frontAndBack
    {
        type            empty;
    }
}


// ************************************************************************* //
