/*--------------------------------*- C++ -*----------------------------------*\
  =========                 |
  \\      /  F ield         | OpenFOAM: The Open Source CFD Toolbox
   \\    /   O peration     | Website:  https://openfoam.org
    \\  /    A nd           | Version:  8
     \\/     M anipulation  |
\*---------------------------------------------------------------------------*/
FoamFile
{
    version     2.0;
    format      ascii;
    class       volScalarField;
    location    "700";
    object      nut;
}
// * * * * * * * * * * * * * * * * * * * * * * * * * * * * * * * * * * * * * //

dimensions      [0 2 -1 0 0 0 0];

internalField   nonuniform List<scalar> 
7320
(
0.000286299
0.000273847
0.000266049
0.000260783
0.000256941
0.000253973
0.00025158
0.000249592
0.000247905
0.000246449
0.000245176
0.000244051
0.000243048
0.000242148
0.000241334
0.000240596
0.000239922
0.000239306
0.000238739
0.000238217
0.000237735
0.000237288
0.000236874
0.000236489
0.000236131
0.000235797
0.000235485
0.000235194
0.000234922
0.000234667
0.000234429
0.000234206
0.000233997
0.000233801
0.000233617
0.000233445
0.000233283
0.000233132
0.000232991
0.000232858
0.000232734
0.000232618
0.00023251
0.000232409
0.000232314
0.000232226
0.000232145
0.000232069
0.000231999
0.000231934
0.000231874
0.000231819
0.000231769
0.000231723
0.000231682
0.000231644
0.000231611
0.000231581
0.000231555
0.000231532
0.000231513
0.000231498
0.000231485
0.000231476
0.000231469
0.000231466
0.000231465
0.000231467
0.000231472
0.000231479
0.000231489
0.000231501
0.000231516
0.000231533
0.000231552
0.000231573
0.000231597
0.000231622
0.00023165
0.000231679
0.00023171
0.000231743
0.000231778
0.000231814
0.000231852
0.000231892
0.000231933
0.000231975
0.000232019
0.000232064
0.000232111
0.000232159
0.000232208
0.000232258
0.000232309
0.000232361
0.000232414
0.000232468
0.000232523
0.000232578
0.000232635
0.000232692
0.000232749
0.000232807
0.000232865
0.000232924
0.000232983
0.000233043
0.000233102
0.000233162
0.000233221
0.00023328
0.000233339
0.000233398
0.000233456
0.000233514
0.000233571
0.000233628
0.000233683
0.000233738
0.00023379
0.000233843
0.000562815
0.000740638
0.000767571
0.000767651
0.000763096
0.000757975
0.000753148
0.000748779
0.000744861
0.00074135
0.000738193
0.000735345
0.000732764
0.000730416
0.000728271
0.000726307
0.000724501
0.000722838
0.000721301
0.000719879
0.00071856
0.000717334
0.000716194
0.000715131
0.00071414
0.000713215
0.00071235
0.000711541
0.000710785
0.000710076
0.000709412
0.000708791
0.000708208
0.000707662
0.000707151
0.000706672
0.000706224
0.000705804
0.000705412
0.000705045
0.000704703
0.000704383
0.000704085
0.000703808
0.00070355
0.00070331
0.000703088
0.000702882
0.000702692
0.000702517
0.000702356
0.000702209
0.000702074
0.000701952
0.000701841
0.000701741
0.000701653
0.000701574
0.000701506
0.000701448
0.000701399
0.00070136
0.00070133
0.000701309
0.000701297
0.000701293
0.000701298
0.000701311
0.000701333
0.000701362
0.0007014
0.000701446
0.0007015
0.000701561
0.000701631
0.000701707
0.000701792
0.000701883
0.000701982
0.000702088
0.000702201
0.00070232
0.000702446
0.000702578
0.000702717
0.000702862
0.000703013
0.00070317
0.000703332
0.0007035
0.000703673
0.000703852
0.000704035
0.000704224
0.000704417
0.000704614
0.000704816
0.000705021
0.000705231
0.000705444
0.00070566
0.00070588
0.000706102
0.000706327
0.000706554
0.000706784
0.000707015
0.000707248
0.000707481
0.000707716
0.000707951
0.000708186
0.00070842
0.000708654
0.000708887
0.000709118
0.000709347
0.000709574
0.000709798
0.000710018
0.000710235
0.000710436
0.00076108
0.00115457
0.00127125
0.00130573
0.00131552
0.00131688
0.00131508
0.00131204
0.00130855
0.00130497
0.00130147
0.00129811
0.00129493
0.00129193
0.00128913
0.0012865
0.00128405
0.00128176
0.00127961
0.00127761
0.00127574
0.00127398
0.00127234
0.0012708
0.00126936
0.00126801
0.00126674
0.00126555
0.00126444
0.0012634
0.00126242
0.0012615
0.00126064
0.00125984
0.00125908
0.00125838
0.00125772
0.0012571
0.00125653
0.00125599
0.0012555
0.00125503
0.0012546
0.00125421
0.00125384
0.0012535
0.00125319
0.0012529
0.00125263
0.00125239
0.00125217
0.00125197
0.00125179
0.00125163
0.00125148
0.00125135
0.00125124
0.00125114
0.00125106
0.001251
0.00125094
0.00125091
0.00125089
0.00125088
0.00125089
0.00125091
0.00125095
0.00125101
0.00125107
0.00125116
0.00125125
0.00125137
0.00125149
0.00125164
0.00125179
0.00125197
0.00125215
0.00125236
0.00125257
0.0012528
0.00125305
0.00125331
0.00125358
0.00125386
0.00125416
0.00125448
0.0012548
0.00125514
0.00125549
0.00125585
0.00125622
0.0012566
0.001257
0.0012574
0.00125782
0.00125824
0.00125867
0.00125912
0.00125957
0.00126003
0.00126049
0.00126096
0.00126144
0.00126193
0.00126241
0.00126291
0.0012634
0.0012639
0.00126441
0.00126491
0.00126541
0.00126592
0.00126642
0.00126692
0.00126742
0.00126791
0.0012684
0.00126888
0.00126936
0.00126982
0.00127029
0.0012707
0.00094219
0.00154866
0.00180331
0.00190635
0.0019512
0.00197187
0.00198147
0.00198555
0.00198668
0.00198617
0.00198472
0.00198276
0.00198051
0.00197813
0.00197571
0.00197331
0.00197095
0.00196867
0.00196648
0.00196438
0.00196238
0.00196047
0.00195867
0.00195695
0.00195534
0.00195381
0.00195237
0.00195101
0.00194973
0.00194852
0.00194739
0.00194633
0.00194534
0.00194441
0.00194354
0.00194273
0.00194197
0.00194127
0.00194061
0.00194001
0.00193945
0.00193894
0.00193846
0.00193803
0.00193763
0.00193727
0.00193695
0.00193665
0.00193638
0.00193615
0.00193593
0.00193575
0.00193558
0.00193544
0.00193532
0.00193522
0.00193513
0.00193507
0.00193503
0.00193501
0.00193501
0.00193503
0.00193507
0.00193513
0.00193521
0.00193531
0.00193544
0.00193558
0.00193575
0.00193594
0.00193616
0.0019364
0.00193666
0.00193695
0.00193726
0.0019376
0.00193796
0.00193834
0.00193875
0.00193918
0.00193964
0.00194012
0.00194063
0.00194116
0.00194171
0.00194228
0.00194288
0.00194349
0.00194413
0.00194479
0.00194547
0.00194617
0.00194688
0.00194762
0.00194837
0.00194914
0.00194992
0.00195072
0.00195154
0.00195237
0.00195321
0.00195406
0.00195492
0.00195579
0.00195667
0.00195756
0.00195845
0.00195935
0.00196025
0.00196115
0.00196205
0.00196295
0.00196385
0.00196474
0.00196562
0.0019665
0.00196736
0.00196821
0.00196905
0.00196987
0.00197069
0.0019714
0.00110978
0.00189233
0.00232606
0.0025368
0.00264438
0.00270313
0.00273713
0.00275765
0.00277031
0.00277817
0.00278296
0.00278574
0.00278718
0.00278769
0.00278758
0.00278703
0.00278618
0.00278514
0.00278397
0.00278273
0.00278144
0.00278014
0.00277885
0.00277758
0.00277634
0.00277515
0.002774
0.0027729
0.00277185
0.00277086
0.00276992
0.00276903
0.0027682
0.00276743
0.0027667
0.00276603
0.00276542
0.00276485
0.00276433
0.00276386
0.00276344
0.00276306
0.00276272
0.00276242
0.00276217
0.00276194
0.00276176
0.0027616
0.00276147
0.00276137
0.0027613
0.00276125
0.00276123
0.00276122
0.00276124
0.00276128
0.00276134
0.00276142
0.00276152
0.00276164
0.00276178
0.00276195
0.00276215
0.00276236
0.00276261
0.00276288
0.00276318
0.00276351
0.00276387
0.00276426
0.00276468
0.00276514
0.00276563
0.00276616
0.00276672
0.00276732
0.00276795
0.00276862
0.00276933
0.00277007
0.00277085
0.00277167
0.00277252
0.0027734
0.00277433
0.00277528
0.00277627
0.00277729
0.00277835
0.00277944
0.00278055
0.0027817
0.00278288
0.00278408
0.00278531
0.00278657
0.00278785
0.00278915
0.00279048
0.00279183
0.00279319
0.00279457
0.00279597
0.00279738
0.00279881
0.00280024
0.00280168
0.00280312
0.00280457
0.00280602
0.00280746
0.0028089
0.00281034
0.00281176
0.00281317
0.00281456
0.00281593
0.00281728
0.00281861
0.0028199
0.00282118
0.00282229
0.00129926
0.00216764
0.00280717
0.00316585
0.00336954
0.00349116
0.00356775
0.00361825
0.00365279
0.00367709
0.00369457
0.00370734
0.00371679
0.00372385
0.00372913
0.0037331
0.00373607
0.00373829
0.00373993
0.00374111
0.00374196
0.00374253
0.0037429
0.00374312
0.00374321
0.00374322
0.00374316
0.00374305
0.00374292
0.00374277
0.00374261
0.00374245
0.0037423
0.00374217
0.00374205
0.00374196
0.00374189
0.00374184
0.00374183
0.00374184
0.00374188
0.00374196
0.00374206
0.00374219
0.00374235
0.00374254
0.00374275
0.00374298
0.00374323
0.0037435
0.00374379
0.0037441
0.00374442
0.00374475
0.0037451
0.00374546
0.00374584
0.00374623
0.00374664
0.00374707
0.00374752
0.00374799
0.00374849
0.00374901
0.00374957
0.00375015
0.00375077
0.00375142
0.00375211
0.00375284
0.00375361
0.00375442
0.00375528
0.00375618
0.00375713
0.00375813
0.00375918
0.00376027
0.00376142
0.00376262
0.00376386
0.00376516
0.00376651
0.00376791
0.00376935
0.00377085
0.00377239
0.00377398
0.00377562
0.0037773
0.00377902
0.00378079
0.0037826
0.00378445
0.00378633
0.00378825
0.00379021
0.0037922
0.00379422
0.00379627
0.00379834
0.00380044
0.00380256
0.00380469
0.00380685
0.00380901
0.00381118
0.00381336
0.00381554
0.00381771
0.00381988
0.00382204
0.00382419
0.00382631
0.00382841
0.00383049
0.00383253
0.00383453
0.0038365
0.00383841
0.0038403
0.00384192
0.00158937
0.00236976
0.00321596
0.00375923
0.00409609
0.00431112
0.00445413
0.00455312
0.00462407
0.00467641
0.00471597
0.00474649
0.00477044
0.00478951
0.00480489
0.00481744
0.00482777
0.00483636
0.00484356
0.00484964
0.00485482
0.00485926
0.00486309
0.00486643
0.00486936
0.00487194
0.00487424
0.0048763
0.00487817
0.00487987
0.00488143
0.00488289
0.00488425
0.00488553
0.00488675
0.00488792
0.00488905
0.00489014
0.00489122
0.00489227
0.00489332
0.00489435
0.00489538
0.0048964
0.00489743
0.00489844
0.00489946
0.00490048
0.00490149
0.00490249
0.00490349
0.00490449
0.00490548
0.00490647
0.00490745
0.00490843
0.00490941
0.00491038
0.00491137
0.00491236
0.00491336
0.00491438
0.00491541
0.00491647
0.00491755
0.00491867
0.00491982
0.00492101
0.00492223
0.0049235
0.00492481
0.00492618
0.0049276
0.00492908
0.00493061
0.00493221
0.00493387
0.00493559
0.00493737
0.00493923
0.00494114
0.00494312
0.00494517
0.00494728
0.00494946
0.0049517
0.00495401
0.00495638
0.00495881
0.0049613
0.00496385
0.00496646
0.00496912
0.00497184
0.00497461
0.00497742
0.00498028
0.00498319
0.00498613
0.00498912
0.00499214
0.00499518
0.00499826
0.00500135
0.00500447
0.0050076
0.00501074
0.00501388
0.00501702
0.00502015
0.00502327
0.00502638
0.00502945
0.0050325
0.00503551
0.00503847
0.00504139
0.00504425
0.00504704
0.00504975
0.00505243
0.00505473
0.00212976
0.0025187
0.00352583
0.00427893
0.00478634
0.00512981
0.00536872
0.00554022
0.00566706
0.00576335
0.00583815
0.00589739
0.00594512
0.00598413
0.00601645
0.00604352
0.00606643
0.00608601
0.00610287
0.00611753
0.00613035
0.00614164
0.00615166
0.00616061
0.00616864
0.00617589
0.00618248
0.0061885
0.00619402
0.00619912
0.00620385
0.00620826
0.00621239
0.00621628
0.00621996
0.00622345
0.00622678
0.00622997
0.00623303
0.00623598
0.00623884
0.00624162
0.00624431
0.00624694
0.00624951
0.00625201
0.00625446
0.00625686
0.0062592
0.0062615
0.00626375
0.00626595
0.00626811
0.00627022
0.0062723
0.00627434
0.00627635
0.00627832
0.00628028
0.00628222
0.00628415
0.00628607
0.006288
0.00628993
0.00629188
0.00629386
0.00629585
0.00629788
0.00629995
0.00630206
0.00630422
0.00630643
0.0063087
0.00631104
0.00631344
0.00631591
0.00631846
0.00632108
0.00632378
0.00632656
0.00632942
0.00633236
0.00633539
0.00633849
0.00634168
0.00634495
0.0063483
0.00635174
0.00635525
0.00635884
0.0063625
0.00636624
0.00637004
0.00637392
0.00637786
0.00638187
0.00638593
0.00639005
0.00639422
0.00639844
0.0064027
0.006407
0.00641134
0.0064157
0.00642008
0.00642447
0.00642888
0.00643328
0.00643768
0.00644207
0.00644643
0.00645076
0.00645506
0.00645931
0.0064635
0.00646762
0.00647167
0.00647563
0.0064795
0.00648326
0.00648696
0.00649013
0.0031541
0.00268382
0.00372393
0.00468584
0.00539542
0.00590413
0.0062731
0.00654666
0.00675434
0.00691556
0.00704326
0.00714624
0.00723059
0.00730064
0.00735953
0.00740958
0.00745254
0.00748974
0.00752221
0.00755076
0.00757604
0.00759856
0.00761875
0.00763694
0.00765342
0.00766843
0.00768216
0.00769477
0.00770641
0.0077172
0.00772724
0.00773662
0.0077454
0.00775367
0.00776148
0.00776887
0.00777589
0.00778259
0.00778899
0.00779512
0.00780101
0.00780668
0.00781216
0.00781745
0.00782257
0.00782753
0.00783235
0.00783703
0.00784157
0.00784598
0.00785027
0.00785445
0.00785851
0.00786247
0.00786632
0.00787008
0.00787375
0.00787735
0.00788087
0.00788434
0.00788775
0.00789112
0.00789446
0.00789778
0.00790109
0.0079044
0.00790771
0.00791105
0.0079144
0.00791779
0.00792122
0.0079247
0.00792824
0.00793184
0.00793551
0.00793926
0.00794309
0.007947
0.007951
0.0079551
0.00795928
0.00796357
0.00796795
0.00797243
0.007977
0.00798168
0.00798646
0.00799133
0.0079963
0.00800137
0.00800652
0.00801177
0.00801711
0.00802253
0.00802804
0.00803362
0.00803927
0.008045
0.00805078
0.00805663
0.00806252
0.00806846
0.00807444
0.00808046
0.00808649
0.00809254
0.00809859
0.00810465
0.00811068
0.0081167
0.00812267
0.0081286
0.00813448
0.00814028
0.008146
0.00815163
0.00815714
0.00816254
0.00816781
0.00817291
0.00817792
0.00818223
0.00493181
0.00302612
0.0038337
0.00494834
0.00587406
0.00658116
0.00711649
0.00752622
0.00784508
0.00809766
0.00830115
0.00846767
0.00860586
0.00872199
0.00882068
0.0089054
0.00897879
0.0090429
0.00909931
0.00914929
0.00919386
0.00923384
0.00926988
0.00930255
0.00933229
0.00935949
0.00938448
0.00940752
0.00942884
0.00944865
0.00946711
0.00948437
0.00950056
0.00951579
0.00953016
0.00954376
0.00955666
0.00956893
0.00958063
0.00959181
0.00960251
0.00961278
0.00962266
0.00963216
0.00964133
0.00965018
0.00965872
0.00966699
0.00967499
0.00968273
0.00969023
0.0096975
0.00970454
0.00971138
0.00971802
0.00972447
0.00973074
0.00973685
0.00974282
0.00974865
0.00975436
0.00975997
0.00976549
0.00977094
0.00977633
0.00978168
0.009787
0.0097923
0.00979759
0.00980289
0.00980821
0.00981357
0.00981896
0.00982442
0.00982993
0.00983552
0.00984119
0.00984694
0.00985279
0.00985874
0.00986478
0.00987094
0.0098772
0.00988357
0.00989006
0.00989665
0.00990337
0.0099102
0.00991714
0.00992419
0.00993135
0.00993862
0.009946
0.00995347
0.00996104
0.00996871
0.00997646
0.00998429
0.0099922
0.0100002
0.0100082
0.0100163
0.0100244
0.0100326
0.0100408
0.010049
0.0100572
0.0100653
0.0100735
0.0100816
0.0100897
0.0100977
0.0101056
0.0101134
0.0101211
0.0101287
0.0101361
0.0101433
0.0101504
0.0101572
0.0101639
0.0101697
0.00765447
0.00384129
0.0039599
0.0050637
0.00617752
0.00710148
0.0078361
0.00841791
0.00888249
0.00925803
0.00956562
0.00982082
0.0100351
0.0102171
0.0103732
0.0105082
0.0106262
0.0107298
0.0108217
0.0109035
0.0109768
0.0110429
0.0111028
0.0111573
0.011207
0.0112527
0.0112948
0.0113337
0.0113697
0.0114033
0.0114346
0.0114639
0.0114915
0.0115173
0.0115418
0.0115649
0.0115868
0.0116076
0.0116275
0.0116464
0.0116645
0.0116818
0.0116984
0.0117143
0.0117297
0.0117445
0.0117587
0.0117725
0.0117857
0.0117985
0.0118109
0.0118229
0.0118345
0.0118457
0.0118566
0.0118671
0.0118774
0.0118873
0.011897
0.0119064
0.0119156
0.0119246
0.0119334
0.011942
0.0119505
0.0119589
0.0119672
0.0119755
0.0119836
0.0119918
0.0119999
0.012008
0.0120161
0.0120242
0.0120324
0.0120406
0.0120489
0.0120573
0.0120657
0.0120743
0.0120829
0.0120917
0.0121006
0.0121095
0.0121187
0.0121279
0.0121372
0.0121467
0.0121563
0.012166
0.0121759
0.0121858
0.0121959
0.0122061
0.0122164
0.0122269
0.0122374
0.012248
0.0122587
0.0122694
0.0122802
0.0122911
0.012302
0.012313
0.012324
0.012335
0.0123459
0.0123569
0.0123678
0.0123786
0.0123893
0.0124
0.0124105
0.0124209
0.0124311
0.0124412
0.012451
0.0124606
0.01247
0.0124791
0.0124879
0.0124956
0.0113266
0.00551803
0.00435849
0.00510578
0.00628855
0.00740978
0.00836168
0.0091471
0.00979278
0.0103264
0.0107711
0.0111453
0.0114634
0.0117362
0.0119723
0.0121782
0.0123592
0.0125193
0.0126619
0.0127896
0.0129046
0.0130086
0.0131032
0.0131896
0.0132687
0.0133415
0.0134088
0.0134711
0.0135289
0.0135829
0.0136333
0.0136805
0.0137249
0.0137666
0.0138061
0.0138434
0.0138787
0.0139123
0.0139442
0.0139747
0.0140038
0.0140316
0.0140583
0.0140839
0.0141085
0.0141321
0.0141548
0.0141768
0.0141979
0.0142183
0.0142379
0.0142569
0.0142753
0.014293
0.0143102
0.0143268
0.014343
0.0143586
0.0143738
0.0143885
0.0144029
0.0144169
0.0144306
0.014444
0.0144571
0.01447
0.0144827
0.0144953
0.0145076
0.0145199
0.014532
0.0145441
0.0145562
0.0145682
0.0145802
0.0145922
0.0146042
0.0146163
0.0146284
0.0146406
0.0146529
0.0146653
0.0146777
0.0146903
0.014703
0.0147158
0.0147288
0.0147418
0.014755
0.0147683
0.0147818
0.0147954
0.0148091
0.0148229
0.0148368
0.0148508
0.014865
0.0148792
0.0148936
0.014908
0.0149224
0.0149369
0.0149515
0.0149661
0.0149806
0.0149952
0.0150098
0.0150242
0.0150387
0.015053
0.0150672
0.0150812
0.0150951
0.0151088
0.0151223
0.0151355
0.0151484
0.0151611
0.0151734
0.0151853
0.0151969
0.015207
0.0157248
0.0083437
0.00547916
0.00531275
0.00627167
0.00748282
0.00862975
0.00963244
0.0104877
0.0112134
0.0118305
0.0123582
0.0128125
0.0132064
0.0135503
0.0138528
0.0141205
0.0143588
0.0145721
0.0147641
0.0149377
0.0150955
0.0152394
0.0153712
0.0154923
0.0156041
0.0157075
0.0158035
0.0158929
0.0159763
0.0160543
0.0161275
0.0161964
0.0162613
0.0163225
0.0163805
0.0164355
0.0164877
0.0165373
0.0165847
0.0166299
0.0166731
0.0167145
0.0167541
0.0167922
0.0168288
0.016864
0.0168978
0.0169305
0.0169619
0.0169922
0.0170215
0.0170498
0.0170771
0.0171035
0.017129
0.0171538
0.0171777
0.017201
0.0172235
0.0172455
0.0172668
0.0172876
0.017308
0.0173278
0.0173473
0.0173664
0.0173852
0.0174037
0.0174219
0.0174399
0.0174577
0.0174754
0.0174929
0.0175103
0.0175277
0.017545
0.0175623
0.0175796
0.017597
0.0176143
0.0176317
0.0176492
0.0176667
0.0176843
0.0177021
0.0177199
0.0177378
0.0177559
0.0177741
0.0177923
0.0178107
0.0178293
0.0178479
0.0178666
0.0178855
0.0179044
0.0179234
0.0179425
0.0179617
0.0179809
0.0180001
0.0180194
0.0180387
0.0180579
0.0180771
0.0180963
0.0181153
0.0181343
0.0181531
0.0181717
0.0181901
0.0182083
0.0182262
0.0182438
0.018261
0.0182779
0.0182944
0.0183104
0.0183259
0.018341
0.0183542
0.0204365
0.0122987
0.00781877
0.0061763
0.00638132
0.00739745
0.00862145
0.00980679
0.0108762
0.0118169
0.0126375
0.0133529
0.0139782
0.0145273
0.0150118
0.0154416
0.0158248
0.0161683
0.0164775
0.0167573
0.0170115
0.0172433
0.0174556
0.0176506
0.0178304
0.0179968
0.018151
0.0182946
0.0184284
0.0185535
0.0186708
0.018781
0.0188847
0.0189825
0.019075
0.0191625
0.0192455
0.0193244
0.0193995
0.0194711
0.0195394
0.0196047
0.0196672
0.0197271
0.0197846
0.0198398
0.0198929
0.019944
0.0199932
0.0200406
0.0200862
0.0201303
0.0201729
0.020214
0.0202537
0.0202921
0.0203293
0.0203652
0.0204001
0.020434
0.0204668
0.0204988
0.0205299
0.0205602
0.0205898
0.0206187
0.020647
0.0206748
0.0207021
0.0207288
0.0207552
0.0207812
0.0208069
0.0208323
0.0208575
0.0208824
0.0209072
0.0209319
0.0209564
0.0209809
0.0210053
0.0210297
0.021054
0.0210784
0.0211028
0.0211273
0.0211518
0.0211763
0.021201
0.0212257
0.0212505
0.0212754
0.0213003
0.0213254
0.0213505
0.0213757
0.0214009
0.0214263
0.0214516
0.021477
0.0215024
0.0215279
0.0215533
0.0215786
0.0216039
0.0216291
0.0216542
0.0216792
0.0217039
0.0217285
0.0217527
0.0217767
0.0218004
0.0218237
0.0218465
0.0218689
0.0218908
0.0219122
0.0219329
0.021953
0.0219725
0.0219897
0.024966
0.017029
0.011559
0.0083344
0.00718515
0.00746836
0.008455
0.00967289
0.0108973
0.0120408
0.0130773
0.0140053
0.014833
0.0155712
0.0162309
0.0168222
0.0173542
0.0178345
0.01827
0.0186661
0.0190279
0.0193593
0.0196641
0.0199451
0.020205
0.0204461
0.0206704
0.0208795
0.0210749
0.021258
0.0214298
0.0215915
0.0217439
0.0218879
0.0220241
0.0221531
0.0222756
0.0223921
0.022503
0.0226087
0.0227097
0.0228063
0.0228987
0.0229873
0.0230723
0.0231539
0.0232324
0.0233079
0.0233805
0.0234506
0.0235181
0.0235832
0.0236461
0.0237068
0.0237655
0.0238222
0.0238771
0.0239302
0.0239817
0.0240316
0.0240801
0.0241272
0.024173
0.0242175
0.024261
0.0243034
0.0243448
0.0243853
0.0244251
0.024464
0.0245023
0.0245399
0.0245769
0.0246134
0.0246495
0.0246851
0.0247204
0.0247554
0.02479
0.0248245
0.0248587
0.0248928
0.0249267
0.0249605
0.0249942
0.0250279
0.0250615
0.0250951
0.0251287
0.0251622
0.0251958
0.0252294
0.025263
0.0252966
0.0253302
0.0253639
0.0253975
0.0254312
0.0254648
0.0254984
0.025532
0.0255655
0.0255989
0.0256322
0.0256654
0.0256983
0.0257311
0.0257637
0.0257959
0.0258278
0.0258594
0.0258905
0.0259212
0.0259514
0.025981
0.0260099
0.0260382
0.0260657
0.0260925
0.0261184
0.0261435
0.0261657
0.0288721
0.0219727
0.0163572
0.0121026
0.00944208
0.00839318
0.00856599
0.00943681
0.0106072
0.0118514
0.0130626
0.0141965
0.0152393
0.0161903
0.0170549
0.0178406
0.0185555
0.0192071
0.0198026
0.0203481
0.0208492
0.0213109
0.0217373
0.0221322
0.0224988
0.02284
0.0231583
0.023456
0.0237348
0.0239967
0.024243
0.0244751
0.0246943
0.0249016
0.025098
0.0252844
0.0254614
0.0256299
0.0257905
0.0259437
0.0260901
0.0262302
0.0263643
0.0264928
0.0266162
0.0267348
0.0268487
0.0269584
0.027064
0.0271658
0.0272639
0.0273586
0.02745
0.0275382
0.0276236
0.0277061
0.0277859
0.0278632
0.0279381
0.0280107
0.0280811
0.0281496
0.0282161
0.0282808
0.0283438
0.0284052
0.0284651
0.0285237
0.0285809
0.028637
0.028692
0.0287459
0.0287989
0.028851
0.0289024
0.028953
0.0290029
0.0290522
0.029101
0.0291493
0.0291972
0.0292446
0.0292917
0.0293385
0.0293851
0.0294314
0.0294774
0.0295233
0.029569
0.0296146
0.02966
0.0297054
0.0297506
0.0297957
0.0298407
0.0298856
0.0299305
0.0299752
0.0300197
0.0300642
0.0301085
0.0301526
0.0301965
0.0302402
0.0302836
0.0303267
0.0303695
0.0304119
0.0304538
0.0304953
0.0305363
0.0305766
0.0306163
0.0306553
0.0306935
0.0307308
0.0307673
0.0308027
0.0308372
0.0308704
0.0309027
0.0309313
0.0318859
0.0265354
0.0215162
0.0170871
0.0134893
0.0110289
0.00983786
0.0097379
0.0103766
0.011418
0.0126294
0.0138773
0.0150935
0.0162465
0.0173241
0.0183239
0.0192482
0.0201018
0.0208901
0.0216189
0.0222936
0.0229193
0.0235006
0.0240417
0.0245463
0.025018
0.0254596
0.0258739
0.0262632
0.0266297
0.0269754
0.0273019
0.0276108
0.0279035
0.0281812
0.0284452
0.0286963
0.0289356
0.0291639
0.029382
0.0295905
0.0297901
0.0299814
0.030165
0.0303412
0.0305106
0.0306735
0.0308303
0.0309814
0.0311271
0.0312675
0.0314032
0.0315341
0.0316607
0.031783
0.0319013
0.0320159
0.0321268
0.0322342
0.0323385
0.0324396
0.0325378
0.0326332
0.0327259
0.0328162
0.0329042
0.03299
0.0330737
0.0331556
0.0332356
0.0333139
0.0333906
0.0334658
0.0335397
0.0336122
0.0336836
0.0337539
0.0338232
0.0338916
0.033959
0.0340257
0.0340917
0.0341569
0.0342216
0.0342857
0.0343492
0.0344123
0.034475
0.0345372
0.0345991
0.0346606
0.0347218
0.0347827
0.0348433
0.0349035
0.0349635
0.0350233
0.0350827
0.0351418
0.0352006
0.0352591
0.0353172
0.035375
0.0354323
0.0354892
0.0355455
0.0356014
0.0356566
0.0357112
0.0357651
0.0358182
0.0358704
0.0359218
0.0359722
0.0360214
0.0360696
0.0361165
0.0361622
0.0362064
0.0362491
0.0362905
0.0363275
0.0339568
0.0302574
0.0262964
0.0224018
0.0187493
0.0155657
0.0131348
0.01166
0.0111401
0.0113925
0.0121663
0.0132379
0.014448
0.0156984
0.0169334
0.0181236
0.0192548
0.0203216
0.0213231
0.0222613
0.0231394
0.0239613
0.0247308
0.0254521
0.0261288
0.0267645
0.0273626
0.027926
0.0284574
0.0289594
0.0294343
0.0298842
0.0303109
0.0307161
0.0311015
0.0314684
0.0318181
0.0321519
0.0324708
0.0327758
0.0330678
0.0333477
0.0336162
0.033874
0.0341218
0.0343601
0.0345895
0.0348105
0.0350235
0.035229
0.0354274
0.0356189
0.035804
0.035983
0.0361561
0.0363236
0.0364858
0.0366429
0.0367952
0.036943
0.0370863
0.0372256
0.0373609
0.0374924
0.0376205
0.0377451
0.0378667
0.0379852
0.0381009
0.038214
0.0383246
0.0384328
0.0385388
0.0386427
0.0387446
0.0388447
0.0389431
0.0390399
0.0391352
0.0392291
0.0393216
0.039413
0.0395031
0.0395922
0.0396804
0.0397675
0.0398538
0.0399393
0.040024
0.040108
0.0401913
0.040274
0.040356
0.0404374
0.0405182
0.0405984
0.0406781
0.0407572
0.0408357
0.0409137
0.040991
0.0410677
0.0411437
0.041219
0.0412936
0.0413674
0.0414404
0.0415125
0.0415836
0.0416536
0.0417226
0.0417903
0.0418568
0.041922
0.0419856
0.0420477
0.0421082
0.042167
0.0422239
0.0422788
0.042332
0.0423799
0.0352156
0.0329264
0.0301548
0.0271692
0.0241079
0.0210828
0.0182539
0.0158401
0.0140585
0.0130304
0.012737
0.0130508
0.0138009
0.0148263
0.0160022
0.0172434
0.018496
0.0197278
0.0209204
0.0220639
0.0231539
0.024189
0.0251702
0.026099
0.026978
0.0278099
0.0285976
0.0293438
0.0300513
0.0307226
0.0313603
0.0319665
0.0325433
0.0330929
0.0336169
0.0341171
0.034595
0.035052
0.0354895
0.0359087
0.0363107
0.0366966
0.0370673
0.0374237
0.0377666
0.0380968
0.038415
0.0387218
0.0390179
0.0393037
0.0395798
0.0398467
0.0401048
0.0403545
0.0405962
0.0408302
0.041057
0.0412769
0.0414901
0.041697
0.0418979
0.0420931
0.0422828
0.0424672
0.0426468
0.0428216
0.042992
0.0431581
0.0433203
0.0434786
0.0436334
0.0437847
0.0439328
0.0440779
0.0442201
0.0443594
0.0444963
0.0446307
0.0447629
0.0448928
0.0450208
0.0451468
0.0452709
0.0453934
0.0455142
0.0456336
0.0457514
0.0458679
0.0459831
0.0460971
0.0462098
0.0463214
0.0464319
0.0465414
0.0466498
0.0467572
0.0468636
0.0469691
0.0470735
0.0471769
0.0472793
0.0473807
0.0474809
0.0475801
0.0476781
0.047775
0.0478705
0.0479647
0.0480575
0.0481488
0.0482385
0.0483265
0.0484128
0.0484971
0.0485795
0.0486598
0.0487379
0.0488137
0.0488871
0.0489579
0.0490263
0.0490884
0.0358864
0.034593
0.0328633
0.0308401
0.0286213
0.0262674
0.0238358
0.0214144
0.0191386
0.0171788
0.0156958
0.0147878
0.0144645
0.0146593
0.0152639
0.0161609
0.0172464
0.01844
0.0196844
0.0209414
0.0221859
0.0234025
0.0245816
0.025718
0.0268092
0.0278544
0.0288542
0.0298096
0.0307222
0.0315939
0.0324266
0.0332223
0.0339831
0.0347109
0.0354074
0.0360745
0.0367138
0.037327
0.0379155
0.0384807
0.039024
0.0395465
0.0400494
0.0405337
0.0410005
0.0414507
0.041885
0.0423045
0.0427097
0.0431014
0.0434802
0.0438468
0.0442016
0.0445453
0.0448782
0.045201
0.045514
0.0458177
0.0461124
0.0463987
0.0466767
0.046947
0.0472098
0.0474656
0.0477145
0.047957
0.0481933
0.0484238
0.0486487
0.0488682
0.0490828
0.0492925
0.0494977
0.0496986
0.0498953
0.050088
0.050277
0.0504624
0.0506445
0.0508235
0.0509993
0.0511723
0.0513426
0.0515102
0.0516754
0.0518382
0.0519988
0.0521572
0.0523135
0.0524679
0.0526203
0.052771
0.0529199
0.053067
0.0532125
0.0533563
0.0534985
0.0536391
0.0537782
0.0539156
0.0540514
0.0541856
0.0543181
0.0544489
0.0545779
0.0547052
0.0548305
0.0549539
0.0550753
0.0551945
0.0553115
0.0554261
0.0555383
0.0556479
0.0557547
0.0558588
0.0559599
0.056058
0.0561528
0.0562442
0.0563325
0.0564134
0.0361963
0.0354884
0.0345011
0.0332718
0.0318469
0.0302605
0.0285351
0.0266917
0.024764
0.0228124
0.0209309
0.0192398
0.0178631
0.0168966
0.0163857
0.0163216
0.0166534
0.0173069
0.0182017
0.0192644
0.020434
0.0216643
0.0229216
0.0241827
0.0254314
0.0266568
0.0278519
0.0290123
0.0301354
0.0312203
0.0322666
0.0332747
0.0342455
0.03518
0.0360795
0.0369453
0.0377788
0.0385815
0.0393547
0.0400999
0.0408183
0.0415112
0.0421798
0.0428253
0.0434489
0.0440515
0.0446341
0.0451976
0.045743
0.0462711
0.0467826
0.0472782
0.0477587
0.0482247
0.0486767
0.0491155
0.0495414
0.0499551
0.0503571
0.0507478
0.0511277
0.0514973
0.051857
0.0522071
0.0525482
0.0528806
0.0532047
0.0535208
0.0538294
0.0541307
0.0544251
0.0547129
0.0549944
0.0552699
0.0555396
0.0558039
0.0560629
0.0563168
0.0565659
0.0568105
0.0570508
0.0572868
0.057519
0.0577473
0.057972
0.0581932
0.058411
0.0586256
0.0588372
0.0590458
0.0592515
0.0594544
0.0596546
0.0598522
0.0600472
0.0602397
0.0604297
0.0606172
0.0608023
0.060985
0.0611652
0.061343
0.0615183
0.061691
0.0618612
0.0620286
0.0621934
0.0623553
0.0625143
0.0626703
0.0628232
0.0629727
0.0631189
0.0632616
0.0634006
0.0635358
0.0636671
0.0637942
0.0639172
0.0640357
0.0641501
0.0642558
0.0363185
0.0358964
0.035342
0.0346443
0.0338099
0.0328502
0.0317745
0.0305881
0.0292942
0.0278982
0.0264145
0.0248739
0.0233287
0.0218531
0.0205352
0.0194615
0.0187
0.018288
0.0182293
0.0184992
0.0190539
0.0198402
0.020804
0.0218958
0.0230737
0.0243048
0.0255638
0.0268322
0.0280965
0.0293469
0.0305766
0.0317807
0.0329559
0.0341003
0.0352127
0.0362927
0.0373403
0.0383559
0.0393401
0.0402935
0.0412171
0.0421117
0.0429784
0.0438181
0.0446319
0.0454207
0.0461855
0.0469272
0.0476468
0.0483451
0.0490229
0.049681
0.0503201
0.0509411
0.0515446
0.0521313
0.0527017
0.0532566
0.0537965
0.0543219
0.0548335
0.0553317
0.055817
0.05629
0.0567511
0.0572009
0.0576396
0.058068
0.0584862
0.0588948
0.0592942
0.0596847
0.0600668
0.0604407
0.0608069
0.0611656
0.0615171
0.0618618
0.0621998
0.0625314
0.062857
0.0631767
0.0634909
0.0637998
0.0641035
0.0644023
0.0646963
0.0649856
0.0652705
0.0655512
0.0658276
0.0661
0.0663684
0.0666329
0.0668937
0.0671508
0.0674042
0.067654
0.0679001
0.0681427
0.0683818
0.0686172
0.0688489
0.069077
0.0693014
0.069522
0.0697386
0.0699513
0.0701598
0.0703641
0.0705641
0.0707596
0.0709504
0.0711365
0.0713176
0.0714936
0.0716643
0.0718297
0.0719895
0.0721435
0.0722921
0.0724306
0.0363591
0.0360515
0.0357024
0.0352937
0.0348163
0.0342669
0.0336458
0.0329534
0.032189
0.0313505
0.0304344
0.0294384
0.0283636
0.0272185
0.0260225
0.0248094
0.0236274
0.0225355
0.0215963
0.0208663
0.020387
0.0201807
0.0202495
0.0205783
0.0211397
0.021899
0.0228189
0.0238634
0.0249997
0.0262001
0.0274421
0.0287078
0.0299836
0.0312592
0.0325266
0.0337799
0.0350148
0.0362278
0.0374167
0.0385799
0.0397164
0.0408257
0.0419077
0.0429624
0.0439901
0.0449912
0.0459662
0.0469157
0.0478403
0.0487406
0.0496172
0.0504709
0.0513024
0.0521123
0.0529014
0.0536702
0.0544194
0.0551496
0.0558615
0.0565556
0.0572325
0.0578928
0.058537
0.0591657
0.0597794
0.0603787
0.060964
0.0615359
0.0620949
0.0626415
0.0631761
0.0636992
0.0642112
0.0647125
0.0652036
0.0656848
0.0661565
0.0666191
0.0670729
0.0675182
0.0679553
0.0683844
0.0688059
0.0692201
0.0696273
0.0700277
0.0704214
0.0708088
0.07119
0.0715652
0.0719345
0.0722981
0.0726561
0.0730087
0.0733559
0.0736978
0.0740344
0.074366
0.0746924
0.0750136
0.0753298
0.0756409
0.0759468
0.0762474
0.0765429
0.0768329
0.0771175
0.0773966
0.0776699
0.0779374
0.078199
0.0784545
0.0787036
0.0789463
0.0791825
0.0794118
0.0796342
0.0798495
0.0800575
0.080258
0.0804516
0.0806334
0.0363702
0.0360998
0.0358287
0.035546
0.0352425
0.0349115
0.0345487
0.0341513
0.0337177
0.0332458
0.0327334
0.0321771
0.0315728
0.0309161
0.0302028
0.0294306
0.0286007
0.02772
0.0268034
0.025875
0.0249679
0.0241225
0.023382
0.0227876
0.0223733
0.0221626
0.0221667
0.022385
0.0228072
0.023415
0.0241857
0.0250941
0.0261146
0.0272232
0.0283982
0.029621
0.0308761
0.0321509
0.0334354
0.0347218
0.0360039
0.0372769
0.038537
0.0397811
0.0410071
0.042213
0.0433976
0.0445599
0.0456995
0.0468159
0.0479092
0.0489793
0.0500264
0.0510507
0.0520527
0.0530325
0.0539906
0.0549275
0.0558434
0.0567389
0.0576144
0.0584705
0.0593075
0.0601262
0.0609269
0.0617102
0.0624766
0.0632266
0.0639607
0.0646795
0.0653834
0.0660728
0.0667483
0.0674104
0.0680594
0.0686958
0.06932
0.0699325
0.0705336
0.0711238
0.0717033
0.0722726
0.0728319
0.0733814
0.0739214
0.0744525
0.0749747
0.0754885
0.0759938
0.0764911
0.0769804
0.0774619
0.0779358
0.0784022
0.0788612
0.0793129
0.0797575
0.0801949
0.0806252
0.0810484
0.0814646
0.0818737
0.0822757
0.0826704
0.0830579
0.0834381
0.0838107
0.0841758
0.0845331
0.0848826
0.085224
0.0855572
0.085882
0.0861982
0.0865057
0.0868043
0.0870939
0.0873742
0.0876451
0.0879064
0.0881588
0.0883979
0.0363726
0.0361118
0.0358643
0.0356247
0.0353882
0.0351497
0.0349053
0.0346516
0.0343862
0.034107
0.0338124
0.0335008
0.0331704
0.032819
0.0324439
0.032042
0.0316095
0.0311425
0.0306372
0.0300908
0.0295024
0.0288739
0.0282116
0.0275273
0.0268383
0.0261678
0.0255434
0.0249947
0.0245508
0.0242373
0.0240743
0.0240748
0.0242446
0.0245827
0.0250818
0.0257305
0.0265136
0.0274144
0.028415
0.0294982
0.0306474
0.0318479
0.0330865
0.034352
0.0356353
0.0369286
0.0382258
0.039522
0.0408133
0.0420962
0.0433683
0.0446274
0.0458716
0.0470995
0.04831
0.0495021
0.0506752
0.0518287
0.0529624
0.0540761
0.0551699
0.0562438
0.0572979
0.0583325
0.0593478
0.0603441
0.0613218
0.062281
0.0632222
0.0641457
0.0650519
0.0659412
0.066814
0.0676707
0.0685117
0.0693375
0.0701485
0.0709451
0.0717278
0.072497
0.0732529
0.0739961
0.0747268
0.0754454
0.0761521
0.0768471
0.0775307
0.0782032
0.0788649
0.079516
0.0801567
0.0807872
0.0814076
0.0820182
0.0826189
0.08321
0.0837914
0.0843634
0.0849258
0.0854787
0.0860221
0.0865561
0.0870804
0.0875951
0.0881
0.088595
0.0890801
0.0895551
0.0900197
0.0904739
0.0909175
0.0913503
0.0917722
0.0921829
0.0925823
0.0929702
0.0933465
0.0937111
0.0940637
0.0944043
0.0947336
0.0950479
0.036373
0.0361141
0.035872
0.0356439
0.0354272
0.0352191
0.0350173
0.0348192
0.0346229
0.0344266
0.0342287
0.034028
0.0338235
0.033614
0.0333987
0.0331765
0.0329461
0.0327063
0.0324551
0.0321905
0.0319101
0.031611
0.0312904
0.0309453
0.0305734
0.030173
0.0297441
0.0292888
0.0288122
0.0283227
0.0278324
0.0273568
0.0269145
0.0265254
0.0262099
0.025987
0.0258729
0.0258804
0.0260178
0.0262892
0.0266943
0.0272295
0.0278877
0.0286597
0.0295347
0.0305006
0.0315452
0.0326562
0.0338219
0.0350316
0.0362755
0.037545
0.0388327
0.0401322
0.0414384
0.042747
0.0440543
0.0453575
0.0466542
0.0479424
0.0492204
0.0504867
0.0517402
0.0529798
0.0542046
0.055414
0.0566072
0.0577838
0.0589436
0.0600864
0.061212
0.0623205
0.0634119
0.0644865
0.0655444
0.0665859
0.0676112
0.0686206
0.0696144
0.0705929
0.0715564
0.072505
0.0734391
0.0743589
0.0752646
0.0761565
0.0770348
0.0778995
0.0787509
0.079589
0.0804141
0.0812264
0.0820261
0.0828132
0.0835879
0.0843503
0.0851004
0.0858382
0.0865639
0.0872773
0.0879785
0.0886673
0.0893438
0.0900077
0.090659
0.0912976
0.0919233
0.092536
0.0931354
0.0937215
0.094294
0.0948529
0.0953979
0.0959288
0.0964457
0.0969482
0.0974364
0.09791
0.098369
0.0988133
0.0992439
0.0996582
0.036373
0.0361144
0.0358731
0.0356473
0.035435
0.0352345
0.0350442
0.0348626
0.0346883
0.03452
0.0343566
0.0341972
0.0340406
0.0338863
0.0337335
0.0335815
0.03343
0.0332783
0.0331261
0.0329727
0.0328178
0.0326606
0.0325003
0.0323361
0.0321666
0.0319907
0.0318066
0.0316125
0.0314065
0.0311866
0.0309508
0.0306977
0.0304262
0.0301365
0.02983
0.0295099
0.0291814
0.0288519
0.0285313
0.0282311
0.0279644
0.0277452
0.0275872
0.0275034
0.0275052
0.0276018
0.0278001
0.0281042
0.0285156
0.0290336
0.0296552
0.0303755
0.0311882
0.032086
0.0330608
0.0341038
0.0352065
0.0363601
0.0375565
0.0387879
0.0400472
0.0413279
0.0426245
0.043932
0.0452461
0.0465634
0.0478809
0.0491961
0.0505069
0.0518118
0.0531093
0.0543983
0.0556777
0.0569468
0.0582047
0.0594509
0.0606847
0.0619056
0.0631133
0.0643073
0.0654873
0.0666532
0.0678047
0.0689417
0.0700642
0.0711721
0.0722654
0.0733441
0.0744084
0.0754581
0.0764934
0.0775141
0.0785204
0.079512
0.080489
0.0814515
0.0823994
0.0833328
0.0842516
0.0851556
0.0860448
0.0869191
0.0877783
0.0886223
0.089451
0.0902642
0.0910618
0.0918436
0.0926095
0.0933594
0.094093
0.0948104
0.0955113
0.0961957
0.0968635
0.0975146
0.098149
0.0987665
0.0993671
0.0999509
0.100519
0.10107
0.0363729
0.0361143
0.0358731
0.0356476
0.035436
0.0352369
0.0350488
0.0348708
0.0347016
0.0345405
0.0343865
0.0342388
0.0340968
0.0339597
0.0338271
0.0336984
0.0335731
0.0334509
0.0333314
0.0332143
0.0330994
0.0329864
0.0328751
0.0327653
0.032657
0.0325498
0.0324436
0.0323381
0.032233
0.032128
0.0320224
0.0319158
0.0318073
0.0316962
0.0315812
0.0314614
0.0313354
0.0312021
0.03106
0.0309083
0.0307461
0.0305731
0.0303898
0.0301975
0.0299988
0.0297973
0.0295981
0.0294077
0.0292338
0.029085
0.0289706
0.0289003
0.0288833
0.0289282
0.0290429
0.0292337
0.0295055
0.0298618
0.0303044
0.0308334
0.0314479
0.0321455
0.0329226
0.033775
0.0346974
0.0356844
0.0367298
0.0378276
0.0389713
0.040155
0.0413726
0.0426185
0.0438874
0.0451746
0.0464755
0.0477864
0.0491039
0.0504249
0.0517469
0.0530679
0.0543859
0.0556996
0.0570077
0.0583091
0.059603
0.0608887
0.0621655
0.0634328
0.0646901
0.065937
0.0671728
0.0683973
0.0696098
0.0708099
0.0719971
0.0731709
0.0743304
0.0754755
0.0766058
0.0777213
0.0788215
0.0799063
0.0809756
0.082029
0.0830664
0.0840878
0.0850929
0.0860817
0.087054
0.0880098
0.0889489
0.0898712
0.0907767
0.0916653
0.0925368
0.0933912
0.0942284
0.0950483
0.0958509
0.096636
0.0974047
0.0981557
0.0363728
0.0361141
0.035873
0.0356475
0.0354359
0.0352369
0.0350492
0.0348717
0.0347034
0.0345435
0.0343913
0.0342461
0.0341073
0.0339743
0.0338467
0.0337239
0.0336057
0.0334917
0.0333814
0.0332747
0.0331712
0.0330707
0.032973
0.032878
0.0327854
0.0326952
0.0326072
0.0325214
0.0324377
0.032356
0.0322764
0.0321988
0.0321231
0.0320494
0.0319776
0.0319077
0.0318395
0.031773
0.031708
0.0316444
0.0315817
0.0315198
0.0314581
0.0313961
0.0313333
0.031269
0.0312025
0.031133
0.0310599
0.0309824
0.0309001
0.0308127
0.0307204
0.0306236
0.0305236
0.0304222
0.0303219
0.0302262
0.0301393
0.0300662
0.0300126
0.0299845
0.0299884
0.0300309
0.0301182
0.0302564
0.0304506
0.0307057
0.0310252
0.0314122
0.0318683
0.0323947
0.0329912
0.0336572
0.0343911
0.0351905
0.0360527
0.0369743
0.0379515
0.0389804
0.0400566
0.0411758
0.0423336
0.0435255
0.0447473
0.0459949
0.0472644
0.048552
0.0498543
0.0511683
0.052491
0.0538201
0.0551532
0.0564884
0.057824
0.0591586
0.0604909
0.0618198
0.0631442
0.064463
0.0657757
0.0670818
0.0683808
0.0696724
0.0709561
0.0722316
0.0734984
0.0747561
0.0760043
0.0772425
0.0784701
0.0796866
0.0808915
0.0820841
0.0832638
0.0844299
0.0855819
0.0867191
0.0878409
0.0889466
0.0900364
0.0911075
0.0363728
0.0361141
0.0358729
0.0356474
0.0354358
0.0352368
0.0350491
0.0348716
0.0347034
0.0345437
0.0343917
0.0342468
0.0341085
0.0339761
0.0338494
0.0337277
0.0336109
0.0334984
0.0333901
0.0332856
0.0331847
0.0330872
0.0329928
0.0329013
0.0328125
0.0327264
0.0326427
0.0325613
0.0324821
0.0324051
0.0323301
0.032257
0.0321859
0.0321167
0.0320493
0.0319837
0.03192
0.0318582
0.0317983
0.0317403
0.0316844
0.0316305
0.0315788
0.0315294
0.0314822
0.0314375
0.0313953
0.0313557
0.0313187
0.0312844
0.0312528
0.0312239
0.0311978
0.0311742
0.0311532
0.0311346
0.0311181
0.0311036
0.0310909
0.0310797
0.0310697
0.0310607
0.0310526
0.0310455
0.0310395
0.0310349
0.0310326
0.0310335
0.0310391
0.0310515
0.031073
0.0311065
0.0311555
0.031224
0.031316
0.0314363
0.0315894
0.0317802
0.0320133
0.0322933
0.0326244
0.0330102
0.0334543
0.0339593
0.0345275
0.0351606
0.0358595
0.0366249
0.0374565
0.0383539
0.0393158
0.0403407
0.0414267
0.0425713
0.0437719
0.0450255
0.046329
0.0476788
0.0490714
0.0505032
0.0519703
0.053469
0.0549954
0.0565457
0.0581163
0.0597035
0.0613037
0.0629136
0.0645297
0.066149
0.0677685
0.0693853
0.0709967
0.0726004
0.0741938
0.0757749
0.0773415
0.0788919
0.0804244
0.0819372
0.0834293
0.0848952
0.0363728
0.0361141
0.0358729
0.0356474
0.0354358
0.0352368
0.0350491
0.0348716
0.0347034
0.0345437
0.0343917
0.0342468
0.0341085
0.0339761
0.0338494
0.0337277
0.0336109
0.0334984
0.0333901
0.0332856
0.0331847
0.0330872
0.0329927
0.0329012
0.0328125
0.0327264
0.0326427
0.0325613
0.0324821
0.0324051
0.0323301
0.032257
0.0321859
0.0321166
0.0320492
0.0319837
0.03192
0.0318582
0.0317982
0.0317403
0.0316843
0.0316305
0.0315788
0.0315293
0.0314821
0.0314374
0.0313952
0.0313555
0.0313185
0.0312841
0.0312525
0.0312236
0.0311973
0.0311737
0.0311526
0.0311338
0.0311173
0.0311027
0.0310898
0.0310784
0.0310682
0.031059
0.0310507
0.0310434
0.031037
0.0310322
0.0310296
0.0310302
0.0310355
0.0310475
0.0310686
0.0311017
0.0311503
0.0312182
0.0313097
0.0314293
0.0315817
0.0317717
0.0320038
0.0322827
0.0326125
0.032997
0.0334395
0.0339428
0.0345092
0.0351403
0.0358371
0.0366003
0.0374297
0.0383247
0.0392844
0.0403071
0.041391
0.0425336
0.0437325
0.0449846
0.0462868
0.0476357
0.0490278
0.0504594
0.0519268
0.0534262
0.0549539
0.0565059
0.0580786
0.0596685
0.0612718
0.0628851
0.0645052
0.0661289
0.0677531
0.0693751
0.070992
0.0726014
0.0742009
0.0757883
0.0773615
0.0789187
0.080458
0.081978
0.0834773
0.0849506
0.0363728
0.0361141
0.035873
0.0356475
0.0354359
0.0352369
0.0350492
0.0348717
0.0347034
0.0345435
0.0343913
0.0342461
0.0341073
0.0339743
0.0338466
0.0337239
0.0336057
0.0334916
0.0333814
0.0332746
0.0331711
0.0330706
0.0329729
0.0328778
0.0327853
0.032695
0.032607
0.0325212
0.0324375
0.0323558
0.0322761
0.0321985
0.0321228
0.032049
0.0319772
0.0319072
0.031839
0.0317724
0.0317073
0.0316436
0.0315808
0.0315187
0.0314568
0.0313947
0.0313317
0.0312671
0.0312003
0.0311305
0.0310569
0.030979
0.0308963
0.0308085
0.0307157
0.0306185
0.0305181
0.0304163
0.0303157
0.0302198
0.0301328
0.0300598
0.0300064
0.0299787
0.0299833
0.0300265
0.0301147
0.0302538
0.0304491
0.0307053
0.031026
0.031414
0.0318711
0.0323983
0.0329956
0.033662
0.0343961
0.0351956
0.0360575
0.0369785
0.0379549
0.0389827
0.0400575
0.0411752
0.0423312
0.0435212
0.044741
0.0459865
0.0472538
0.0485393
0.0498396
0.0511517
0.0524727
0.0538002
0.0551321
0.0564664
0.0578014
0.0591358
0.0604683
0.061798
0.0631235
0.064444
0.065759
0.0670678
0.0683702
0.0696657
0.0709539
0.0722344
0.0735069
0.0747709
0.0760259
0.0772715
0.0785071
0.0797321
0.080946
0.0821482
0.083338
0.0845147
0.0856778
0.0868265
0.0879601
0.0890782
0.0901807
0.0912648
0.0363729
0.0361143
0.0358731
0.0356476
0.035436
0.0352369
0.0350488
0.0348708
0.0347016
0.0345405
0.0343864
0.0342387
0.0340967
0.0339596
0.033827
0.0336982
0.0335729
0.0334506
0.0333311
0.0332139
0.0330989
0.0329858
0.0328744
0.0327646
0.0326561
0.0325488
0.0324424
0.0323368
0.0322315
0.0321263
0.0320205
0.0319136
0.0318048
0.0316932
0.0315779
0.0314575
0.031331
0.031197
0.0310543
0.0309018
0.0307387
0.0305649
0.0303808
0.0301877
0.0299883
0.0297862
0.0295867
0.0293962
0.0292224
0.0290742
0.0289608
0.0288917
0.0288763
0.0289233
0.0290403
0.0292337
0.0295083
0.0298675
0.030313
0.030845
0.0314625
0.0321628
0.0329426
0.0337974
0.034722
0.0357109
0.0367579
0.0378568
0.0390014
0.0401856
0.0414033
0.042649
0.0439173
0.0452035
0.0465033
0.0478127
0.0491283
0.0504474
0.0517673
0.0530859
0.0544016
0.0557129
0.0570185
0.0583175
0.0596091
0.0608925
0.0621672
0.0634327
0.0646883
0.0659337
0.0671685
0.0683921
0.0696042
0.0708042
0.0719917
0.0731663
0.074327
0.0754738
0.0766063
0.0777244
0.0788278
0.0799163
0.0809898
0.0820479
0.0830907
0.0841179
0.0851294
0.0861251
0.0871049
0.0880687
0.0890163
0.0899478
0.0908629
0.0917616
0.0926437
0.0935093
0.0943581
0.09519
0.096005
0.0968031
0.0975851
0.0983497
0.036373
0.0361144
0.0358731
0.0356473
0.035435
0.0352345
0.0350441
0.0348625
0.0346881
0.0345198
0.0343564
0.0341968
0.0340401
0.0338856
0.0337326
0.0335805
0.0334287
0.0332768
0.0331243
0.0329707
0.0328154
0.0326578
0.0324971
0.0323323
0.0321623
0.0319857
0.0318008
0.0316059
0.0313989
0.0311779
0.030941
0.0306865
0.0304137
0.0301226
0.0298147
0.0294934
0.0291638
0.0288337
0.0285128
0.0282129
0.0279471
0.0277293
0.0275734
0.0274922
0.0274972
0.0275975
0.0277997
0.028108
0.0285237
0.029046
0.0296717
0.0303961
0.0312127
0.0321141
0.033092
0.034138
0.0352432
0.036399
0.0375972
0.03883
0.0400903
0.0413717
0.0426687
0.0439762
0.04529
0.0466067
0.0479233
0.0492374
0.0505468
0.0518501
0.0531458
0.0544327
0.0557099
0.0569766
0.058232
0.0594756
0.0607067
0.0619249
0.0631298
0.064321
0.0654984
0.0666616
0.0678105
0.0689451
0.0700653
0.0711711
0.0722626
0.0733397
0.0744026
0.0754513
0.0764858
0.0775061
0.0785123
0.0795042
0.0804819
0.0814456
0.0823951
0.0833305
0.0842518
0.0851587
0.0860514
0.0869296
0.0877932
0.0886421
0.0894762
0.0902953
0.0910994
0.0918881
0.0926614
0.0934192
0.0941614
0.0948877
0.095598
0.0962923
0.0969705
0.0976324
0.098278
0.0989071
0.0995198
0.100116
0.100697
0.10126
0.036373
0.0361141
0.035872
0.0356439
0.0354271
0.035219
0.0350169
0.0348187
0.0346222
0.0344255
0.0342273
0.0340263
0.0338212
0.0336112
0.0333953
0.0331724
0.0329413
0.0327006
0.0324484
0.0321827
0.0319009
0.0316004
0.0312782
0.0309313
0.0305574
0.0301549
0.0297239
0.0292666
0.0287882
0.0282972
0.027806
0.0273302
0.0268885
0.026501
0.026188
0.0259685
0.0258587
0.025871
0.0260136
0.0262905
0.0267013
0.0272419
0.0279054
0.0286823
0.0295618
0.0305317
0.0315798
0.0326938
0.0338621
0.0350739
0.0363194
0.0375901
0.0388786
0.0401787
0.0414852
0.0427937
0.0441008
0.0454036
0.0466997
0.047987
0.049264
0.0505292
0.0517813
0.0530193
0.0542424
0.0554498
0.0566409
0.0578153
0.0589728
0.060113
0.061236
0.0623417
0.0634303
0.064502
0.065557
0.0665955
0.0676179
0.0686244
0.0696154
0.070591
0.0715518
0.0724978
0.0734295
0.074347
0.0752507
0.0761407
0.0770173
0.0778807
0.0787309
0.0795683
0.0803929
0.0812051
0.0820049
0.0827926
0.0835682
0.084332
0.0850838
0.0858238
0.0865521
0.0872685
0.0879732
0.0886659
0.0893468
0.0900156
0.0906722
0.0913166
0.0919485
0.0925678
0.0931744
0.0937681
0.0943488
0.0949161
0.0954701
0.0960104
0.096537
0.0970497
0.0975484
0.0980329
0.0985031
0.098959
0.0994014
0.0998277
0.0363726
0.0361118
0.0358641
0.0356245
0.0353876
0.0351488
0.0349038
0.0346496
0.0343834
0.0341033
0.0338076
0.0334948
0.033163
0.03281
0.0324332
0.0320293
0.0315946
0.0311251
0.0306171
0.0300679
0.0294764
0.0288449
0.02818
0.0274934
0.026803
0.0261322
0.0255087
0.0249624
0.0245221
0.0242135
0.0240563
0.0240634
0.0242401
0.0245851
0.0250911
0.0257461
0.026535
0.0274409
0.0284459
0.0295328
0.030685
0.0318878
0.0331281
0.0343949
0.0356789
0.0369727
0.03827
0.0395661
0.0408569
0.0421394
0.0434107
0.0446689
0.0459121
0.0471389
0.0483481
0.0495389
0.0507104
0.0518624
0.0529944
0.0541064
0.0551982
0.0562701
0.0573221
0.0583544
0.0593674
0.0603613
0.0613364
0.062293
0.0632314
0.0641522
0.0650555
0.0659419
0.0668117
0.0676655
0.0685036
0.0693265
0.0701346
0.0709284
0.0717083
0.0724748
0.0732283
0.0739691
0.0746976
0.0754141
0.076119
0.0768124
0.0774946
0.078166
0.0788269
0.0794774
0.0801179
0.0807485
0.0813693
0.0819806
0.0825825
0.083175
0.0837584
0.0843325
0.0848976
0.0854535
0.0860004
0.0865382
0.0870668
0.0875862
0.0880962
0.0885968
0.0890878
0.0895691
0.0900405
0.0905018
0.090953
0.0913937
0.0918239
0.0922433
0.0926517
0.0930489
0.0934349
0.0938093
0.0941722
0.0945232
0.0948632
0.0951884
0.0363701
0.0360996
0.0358282
0.0355449
0.0352404
0.0349082
0.0345439
0.0341448
0.0337091
0.033235
0.0327199
0.0321608
0.0315533
0.0308931
0.0301759
0.0293997
0.0285656
0.0276812
0.0267614
0.0258308
0.0249231
0.0240788
0.0233414
0.022752
0.0223444
0.0221414
0.0221539
0.0223807
0.0228111
0.0234265
0.024204
0.0251181
0.0261434
0.0272558
0.0284337
0.0296585
0.030915
0.0321906
0.0334754
0.0347617
0.0360434
0.0373157
0.0385749
0.039818
0.0410428
0.0422473
0.0434305
0.0445913
0.0457293
0.0468441
0.0479356
0.049004
0.0500493
0.0510719
0.052072
0.05305
0.0540062
0.054941
0.0558548
0.0567482
0.0576215
0.0584753
0.0593101
0.0601263
0.0609245
0.0617052
0.062469
0.0632164
0.0639478
0.0646638
0.0653649
0.0660515
0.0667242
0.0673834
0.0680296
0.0686633
0.0692849
0.0698948
0.0704934
0.0710812
0.0716585
0.0722257
0.072783
0.0733308
0.0738693
0.0743991
0.0749203
0.0754331
0.075938
0.0764349
0.0769242
0.077406
0.0778805
0.0783478
0.0788081
0.0792614
0.0797079
0.0801476
0.0805806
0.0810068
0.0814264
0.0818392
0.0822452
0.0826445
0.0830368
0.0834221
0.0838003
0.0841713
0.0845349
0.0848909
0.0852392
0.0855796
0.085912
0.0862361
0.0865518
0.0868588
0.087157
0.0874462
0.0877262
0.0879968
0.0882586
0.0885073
0.0363589
0.0360506
0.0357003
0.0352898
0.03481
0.0342577
0.0336332
0.032937
0.0321685
0.0313253
0.0304043
0.0294031
0.028323
0.0271727
0.0259725
0.0247565
0.0235737
0.0224835
0.0215488
0.0208257
0.0203552
0.0201589
0.0202379
0.0205765
0.0211468
0.0219138
0.0228401
0.0238895
0.0250295
0.0262325
0.0274761
0.0287427
0.0300187
0.031294
0.0325608
0.0338131
0.0350468
0.0362584
0.0374457
0.0386072
0.0397419
0.0408493
0.0419294
0.0429821
0.0440078
0.045007
0.04598
0.0469276
0.0478502
0.0487485
0.0496232
0.0504749
0.0513045
0.0521124
0.0528995
0.0536663
0.0544135
0.0551417
0.0558515
0.0565434
0.0572181
0.0578762
0.0585181
0.0591444
0.0597557
0.0603525
0.0609354
0.0615048
0.0620612
0.0626052
0.0631372
0.0636577
0.0641671
0.0646659
0.0651544
0.0656332
0.0661026
0.0665629
0.0670145
0.0674577
0.0678929
0.0683202
0.0687401
0.0691529
0.0695589
0.0699582
0.0703512
0.0707381
0.071119
0.0714941
0.0718636
0.0722277
0.0725865
0.0729401
0.0732887
0.0736322
0.0739709
0.0743047
0.0746336
0.0749578
0.0752772
0.0755918
0.0759015
0.0762064
0.0765063
0.0768011
0.0770908
0.0773752
0.0776543
0.0779278
0.0781956
0.0784575
0.0787134
0.0789632
0.0792065
0.0794433
0.0796733
0.0798964
0.0801124
0.080321
0.0805228
0.080713
0.0363178
0.0358937
0.0353361
0.0346341
0.0337946
0.0328293
0.0317475
0.0305547
0.029254
0.0278511
0.0263611
0.0248153
0.0232671
0.0217916
0.0204772
0.0194107
0.0186592
0.0182589
0.0182122
0.0184936
0.0190584
0.0198531
0.0208233
0.0219197
0.0231008
0.0243337
0.0255936
0.0268621
0.0281259
0.0293754
0.0306038
0.0318062
0.0329796
0.034122
0.0352324
0.0363102
0.0373556
0.038369
0.0393509
0.0403022
0.0412235
0.0421159
0.0429804
0.043818
0.0446297
0.0454164
0.0461792
0.0469189
0.0476365
0.0483328
0.0490087
0.0496649
0.0503022
0.0509213
0.0515229
0.0521077
0.0526762
0.0532291
0.0537671
0.0542905
0.0548
0.0552961
0.0557793
0.0562502
0.0567091
0.0571565
0.0575931
0.0580191
0.058435
0.0588413
0.0592383
0.0596265
0.0600063
0.060378
0.060742
0.0610986
0.0614481
0.0617908
0.062127
0.0624568
0.0627808
0.0630991
0.0634121
0.0637198
0.0640226
0.0643207
0.0646141
0.0649032
0.0651881
0.0654688
0.0657457
0.0660187
0.066288
0.0665537
0.0668159
0.0670747
0.06733
0.067582
0.0678306
0.068076
0.068318
0.0685567
0.0687921
0.069024
0.0692524
0.0694773
0.0696985
0.069916
0.0701296
0.0703393
0.0705448
0.070746
0.0709428
0.071135
0.0713224
0.0715049
0.0716823
0.0718544
0.0720211
0.072182
0.0723378
0.0724833
0.036194
0.0354812
0.034487
0.0332498
0.0318164
0.0302214
0.0284873
0.0266356
0.0247008
0.0227445
0.0208618
0.0191743
0.0178058
0.0168513
0.0163543
0.0163042
0.0166487
0.0173125
0.0182152
0.0192834
0.0204565
0.0216886
0.0229467
0.0242075
0.0254552
0.0266792
0.0278725
0.0290308
0.0301517
0.0312342
0.0322781
0.0332838
0.0342521
0.0351842
0.0360812
0.0369445
0.0377757
0.038576
0.0393469
0.0400899
0.0408061
0.0414968
0.0421634
0.0428069
0.0434284
0.044029
0.0446098
0.0451715
0.0457151
0.0462414
0.0467511
0.047245
0.0477238
0.0481881
0.0486384
0.0490755
0.0494997
0.0499117
0.0503119
0.0507008
0.0510789
0.0514466
0.0518044
0.0521526
0.0524917
0.0528221
0.0531442
0.0534583
0.0537648
0.0540641
0.0543565
0.0546423
0.0549218
0.0551954
0.0554633
0.0557258
0.0559831
0.0562354
0.056483
0.0567262
0.0569652
0.0572001
0.0574313
0.0576588
0.0578828
0.0581036
0.0583211
0.0585357
0.0587473
0.0589562
0.0591625
0.0593661
0.0595673
0.0597661
0.0599625
0.0601566
0.0603485
0.0605381
0.0607256
0.0609108
0.0610938
0.0612745
0.061453
0.0616292
0.061803
0.0619744
0.0621432
0.0623094
0.0624729
0.0626335
0.0627912
0.0629458
0.0630971
0.0632451
0.0633895
0.0635303
0.0636672
0.0638002
0.063929
0.0640534
0.0641738
0.0642854
0.0358805
0.034577
0.0328355
0.0308006
0.0285705
0.0262063
0.0237664
0.0213399
0.0190641
0.0171105
0.0156395
0.0147471
0.0144401
0.0146497
0.0152661
0.0161715
0.0172625
0.0184591
0.0197048
0.0209616
0.0222052
0.0234202
0.0245972
0.0257313
0.0268199
0.0278625
0.0288596
0.0298123
0.0307222
0.0315912
0.0324213
0.0332145
0.0339727
0.034698
0.0353922
0.036057
0.036694
0.037305
0.0378914
0.0384546
0.0389959
0.0395164
0.0400174
0.0405
0.040965
0.0414135
0.0418462
0.042264
0.0426677
0.0430578
0.0434352
0.0438002
0.0441536
0.0444958
0.0448273
0.0451486
0.0454601
0.0457623
0.0460555
0.0463402
0.0466167
0.0468853
0.0471465
0.0474006
0.0476478
0.0478886
0.0481232
0.0483519
0.0485751
0.0487929
0.0490057
0.0492138
0.0494173
0.0496166
0.0498118
0.050003
0.0501906
0.0503748
0.0505557
0.0507335
0.0509084
0.0510806
0.0512501
0.0514172
0.051582
0.0517445
0.051905
0.0520634
0.05222
0.0523748
0.0525279
0.0526793
0.0528292
0.0529775
0.0531244
0.0532697
0.0534137
0.0535562
0.0536974
0.0538371
0.0539754
0.0541123
0.0542477
0.0543815
0.0545138
0.0546444
0.0547734
0.0549005
0.0550257
0.0551489
0.0552701
0.055389
0.0555056
0.0556197
0.0557312
0.05584
0.0559459
0.0560488
0.0561486
0.0562449
0.0563382
0.0564241
0.0352026
0.0328963
0.0301085
0.0271089
0.0240365
0.0210044
0.0181744
0.0157675
0.0140001
0.0129902
0.0127151
0.0130442
0.0138053
0.0148377
0.0160172
0.0172597
0.018512
0.0197425
0.020933
0.0220741
0.0231613
0.0241936
0.0251718
0.0260977
0.0269738
0.0278029
0.0285877
0.0293312
0.0300361
0.0307049
0.03134
0.0319438
0.0325185
0.0330658
0.0335877
0.0340858
0.0345617
0.0350169
0.0354525
0.03587
0.0362703
0.0366545
0.0370236
0.0373785
0.0377199
0.0380487
0.0383655
0.038671
0.0389657
0.0392503
0.0395251
0.0397908
0.0400476
0.0402961
0.0405365
0.0407694
0.0409949
0.0412135
0.0414254
0.041631
0.0418306
0.0420244
0.0422127
0.0423957
0.0425738
0.0427472
0.0429162
0.0430808
0.0432415
0.0433984
0.0435518
0.0437017
0.0438485
0.0439923
0.0441332
0.0442714
0.0444071
0.0445405
0.0446717
0.0448009
0.0449281
0.0450535
0.0451772
0.0452993
0.0454199
0.0455391
0.045657
0.0457737
0.0458892
0.0460037
0.0461171
0.0462295
0.046341
0.0464515
0.0465612
0.0466701
0.0467781
0.0468852
0.0469916
0.047097
0.0472017
0.0473054
0.0474082
0.04751
0.0476108
0.0477106
0.0478092
0.0479066
0.0480027
0.0480974
0.0481907
0.0482823
0.0483723
0.0484605
0.0485468
0.048631
0.0487131
0.048793
0.0488704
0.0489453
0.0490178
0.049084
0.0339322
0.0302091
0.0262302
0.0223236
0.0186661
0.0154863
0.0130691
0.0116143
0.0111152
0.0113844
0.0121697
0.0132476
0.0144605
0.0157111
0.0169448
0.0181328
0.0192614
0.0203251
0.0213235
0.0222585
0.0231335
0.0239523
0.0247188
0.0254372
0.0261111
0.0267442
0.0273397
0.0279007
0.0284298
0.0289296
0.0294023
0.0298501
0.0302748
0.0306782
0.0310618
0.031427
0.0317751
0.0321072
0.0324246
0.0327282
0.0330188
0.0332973
0.0335645
0.0338211
0.0340676
0.0343048
0.0345331
0.034753
0.0349649
0.0351694
0.0353667
0.0355573
0.0357413
0.0359193
0.0360914
0.0362579
0.036419
0.0365751
0.0367264
0.036873
0.0370153
0.0371534
0.0372875
0.0374179
0.0375448
0.0376683
0.0377886
0.0379059
0.0380205
0.0381324
0.0382418
0.0383489
0.0384538
0.0385567
0.0386576
0.0387568
0.0388543
0.0389503
0.0390449
0.0391382
0.0392302
0.0393211
0.0394109
0.0394998
0.0395879
0.039675
0.0397615
0.0398472
0.0399323
0.0400168
0.0401008
0.0401842
0.0402671
0.0403496
0.0404315
0.0405131
0.0405942
0.0406748
0.040755
0.0408348
0.040914
0.0409927
0.0410709
0.0411486
0.0412255
0.0413019
0.0413774
0.0414522
0.0415261
0.041599
0.041671
0.0417418
0.0418114
0.0418796
0.0419465
0.0420119
0.0420757
0.0421378
0.042198
0.0422563
0.0423128
0.042364
0.0318454
0.0264681
0.0214346
0.0170017
0.0134119
0.0109706
0.00980315
0.00972374
0.0103762
0.0114249
0.012639
0.0138867
0.0151011
0.0162514
0.0173258
0.0183222
0.0192431
0.0200934
0.0208785
0.0216042
0.0222759
0.0228987
0.0234773
0.0240159
0.0245181
0.0249875
0.0254269
0.0258391
0.0262264
0.0265911
0.026935
0.0272598
0.0275671
0.0278583
0.0281346
0.0283971
0.0286469
0.0288849
0.029112
0.0293289
0.0295363
0.0297348
0.0299251
0.0301076
0.0302829
0.0304514
0.0306134
0.0307694
0.0309196
0.0310644
0.0312041
0.0313389
0.0314691
0.0315948
0.0317163
0.0318339
0.0319476
0.0320576
0.0321642
0.0322676
0.0323678
0.032465
0.0325595
0.0326513
0.0327407
0.0328277
0.0329125
0.0329953
0.0330761
0.0331552
0.0332326
0.0333084
0.0333828
0.0334558
0.0335276
0.0335983
0.0336679
0.0337366
0.0338045
0.0338715
0.0339378
0.0340034
0.0340685
0.0341331
0.0341971
0.0342608
0.0343241
0.034387
0.0344497
0.0345121
0.0345742
0.0346361
0.0346978
0.0347593
0.0348207
0.0348818
0.0349428
0.0350036
0.0350641
0.0351245
0.0351846
0.0352445
0.0353041
0.0353634
0.0354223
0.0354807
0.0355388
0.0355963
0.0356532
0.0357094
0.035765
0.0358198
0.0358737
0.0359266
0.0359786
0.0360294
0.036079
0.0361273
0.0361743
0.0362197
0.0362637
0.0363034
0.0288132
0.0218907
0.0162707
0.0120265
0.00938884
0.00836569
0.00855793
0.00943949
0.0106139
0.0118583
0.0130675
0.0141984
0.0152377
0.0161851
0.0170462
0.0178285
0.0185401
0.0191886
0.0197811
0.0203239
0.0208224
0.0212816
0.0217057
0.0220985
0.0224631
0.0228024
0.023119
0.0234149
0.0236922
0.0239525
0.0241974
0.0244282
0.0246461
0.0248522
0.0250475
0.0252327
0.0254087
0.0255762
0.0257359
0.0258882
0.0260337
0.0261729
0.0263062
0.026434
0.0265567
0.0266745
0.0267878
0.0268968
0.0270017
0.0271028
0.0272003
0.0272944
0.0273851
0.0274728
0.0275575
0.0276393
0.0277185
0.0277951
0.0278693
0.0279412
0.0280109
0.0280786
0.0281444
0.0282083
0.0282705
0.0283312
0.0283903
0.0284481
0.0285047
0.02856
0.0286142
0.0286675
0.0287198
0.0287713
0.028822
0.0288721
0.0289215
0.0289704
0.0290188
0.0290668
0.0291144
0.0291617
0.0292087
0.0292555
0.0293021
0.0293485
0.0293948
0.029441
0.0294871
0.0295331
0.0295791
0.0296251
0.0296711
0.029717
0.029763
0.0298089
0.0298548
0.0299006
0.0299464
0.0299922
0.0300379
0.0300835
0.0301289
0.0301742
0.0302193
0.0302642
0.0303088
0.030353
0.0303969
0.0304404
0.0304833
0.0305257
0.0305675
0.0306086
0.0306489
0.0306884
0.030727
0.0307646
0.0308012
0.0308366
0.030871
0.0309017
0.0248902
0.0169415
0.0114817
0.00828227
0.00716076
0.00746284
0.00845808
0.0096779
0.0109008
0.0120413
0.0130741
0.0139984
0.0148224
0.015557
0.0162134
0.0168016
0.0173307
0.0178084
0.0182413
0.0186352
0.0189948
0.0193243
0.0196272
0.0199065
0.0201648
0.0204044
0.0206273
0.0208351
0.0210292
0.0212111
0.0213819
0.0215426
0.021694
0.021837
0.0219723
0.0221005
0.0222222
0.0223379
0.0224481
0.0225532
0.0226535
0.0227494
0.0228412
0.0229292
0.0230136
0.0230947
0.0231727
0.0232476
0.0233198
0.0233894
0.0234564
0.023521
0.0235834
0.0236437
0.0237018
0.0237581
0.0238124
0.023865
0.023916
0.0239654
0.0240132
0.0240597
0.0241049
0.0241489
0.0241918
0.0242335
0.0242744
0.0243143
0.0243534
0.0243918
0.0244295
0.0244666
0.0245031
0.0245391
0.0245747
0.02461
0.0246449
0.0246795
0.024714
0.0247482
0.0247823
0.0248162
0.0248501
0.024884
0.0249178
0.0249516
0.0249854
0.0250193
0.0250533
0.0250873
0.0251213
0.0251555
0.0251897
0.0252241
0.0252585
0.025293
0.0253275
0.0253622
0.0253968
0.0254316
0.0254663
0.025501
0.0255357
0.0255703
0.0256049
0.0256393
0.0256735
0.0257076
0.0257414
0.0257749
0.0258081
0.0258409
0.0258732
0.0259051
0.0259363
0.025967
0.025997
0.0260263
0.0260547
0.0260823
0.0261091
0.0261329
0.0203501
0.0122174
0.00776295
0.00615095
0.00637583
0.00739972
0.00862442
0.0098073
0.0108731
0.0118098
0.0126265
0.0133382
0.0139602
0.0145062
0.0149878
0.015415
0.0157959
0.0161371
0.0164444
0.0167223
0.0169748
0.0172051
0.017416
0.0176097
0.0177883
0.0179535
0.0181067
0.0182492
0.0183821
0.0185063
0.0186228
0.0187322
0.0188352
0.0189323
0.0190241
0.019111
0.0191934
0.0192717
0.0193463
0.0194173
0.0194852
0.01955
0.0196121
0.0196715
0.0197286
0.0197834
0.0198361
0.0198868
0.0199356
0.0199826
0.020028
0.0200717
0.0201139
0.0201546
0.0201939
0.0202319
0.0202687
0.0203043
0.0203388
0.0203722
0.0204046
0.0204361
0.0204668
0.0204966
0.0205257
0.0205542
0.020582
0.0206093
0.0206361
0.0206624
0.0206884
0.020714
0.0207393
0.0207643
0.0207892
0.0208138
0.0208384
0.0208628
0.0208872
0.0209115
0.0209358
0.0209602
0.0209845
0.021009
0.0210335
0.0210581
0.0210828
0.0211077
0.0211326
0.0211577
0.021183
0.0212083
0.0212338
0.0212595
0.0212853
0.0213112
0.0213372
0.0213633
0.0213896
0.0214159
0.0214423
0.0214687
0.0214951
0.0215216
0.021548
0.0215743
0.0216006
0.0216268
0.0216528
0.0216786
0.0217042
0.0217295
0.0217544
0.021779
0.0218032
0.021827
0.0218502
0.0218729
0.021895
0.0219163
0.0219372
0.0219556
0.015637
0.00827904
0.00544824
0.00530522
0.00627267
0.00748408
0.00862803
0.00962674
0.010478
0.0111998
0.0118133
0.0123378
0.0127892
0.0131806
0.0135223
0.0138226
0.0140884
0.0143251
0.0145369
0.0147275
0.0148998
0.0150564
0.0151992
0.0153301
0.0154503
0.0155612
0.0156638
0.0157591
0.0158477
0.0159305
0.0160079
0.0160806
0.0161489
0.0162133
0.016274
0.0163316
0.0163861
0.0164379
0.0164872
0.0165341
0.016579
0.0166219
0.0166629
0.0167023
0.01674
0.0167763
0.0168112
0.0168448
0.0168772
0.0169083
0.0169384
0.0169674
0.0169954
0.0170224
0.0170485
0.0170738
0.0170982
0.0171219
0.0171448
0.017167
0.0171886
0.0172096
0.0172301
0.0172501
0.0172696
0.0172887
0.0173075
0.0173259
0.017344
0.0173619
0.0173796
0.0173971
0.0174145
0.0174317
0.0174489
0.0174661
0.0174832
0.0175004
0.0175176
0.0175348
0.0175521
0.0175695
0.017587
0.0176046
0.0176224
0.0176403
0.0176583
0.0176765
0.0176948
0.0177133
0.017732
0.0177508
0.0177698
0.0177889
0.0178082
0.0178276
0.0178472
0.0178669
0.0178867
0.0179066
0.0179265
0.0179466
0.0179667
0.0179868
0.018007
0.0180271
0.0180472
0.0180672
0.0180871
0.0181069
0.0181266
0.018146
0.0181652
0.0181842
0.0182028
0.0182211
0.018239
0.0182565
0.0182736
0.0182901
0.0183062
0.0183203
0.0112476
0.00547539
0.00434611
0.00510513
0.00628867
0.00740674
0.00835449
0.00913579
0.00977769
0.0103079
0.0107497
0.0111214
0.0114371
0.011708
0.0119423
0.0121466
0.0123262
0.012485
0.0126265
0.0127532
0.0128672
0.0129704
0.0130642
0.0131499
0.0132283
0.0133006
0.0133672
0.013429
0.0134863
0.0135398
0.0135898
0.0136366
0.0136806
0.013722
0.0137611
0.0137981
0.0138331
0.0138664
0.0138981
0.0139283
0.0139571
0.0139847
0.0140112
0.0140365
0.0140609
0.0140843
0.0141068
0.0141286
0.0141495
0.0141697
0.0141892
0.014208
0.0142261
0.0142437
0.0142607
0.0142771
0.014293
0.0143084
0.0143233
0.0143378
0.0143519
0.0143657
0.0143791
0.0143922
0.0144051
0.0144177
0.0144302
0.0144424
0.0144545
0.0144665
0.0144785
0.0144903
0.0145021
0.014514
0.0145258
0.0145376
0.0145495
0.0145615
0.0145736
0.0145857
0.014598
0.0146104
0.0146229
0.0146356
0.0146484
0.0146613
0.0146745
0.0146877
0.0147012
0.0147148
0.0147285
0.0147425
0.0147565
0.0147708
0.0147851
0.0147997
0.0148143
0.0148291
0.014844
0.014859
0.014874
0.0148892
0.0149044
0.0149197
0.014935
0.0149503
0.0149655
0.0149808
0.014996
0.0150111
0.0150261
0.0150409
0.0150556
0.0150701
0.0150844
0.0150984
0.0151121
0.0151255
0.0151386
0.0151513
0.0151636
0.0151744
0.00759178
0.00381868
0.0039565
0.00506317
0.00617406
0.0070938
0.00782429
0.00840243
0.00886384
0.00923667
0.00954195
0.00979516
0.0100077
0.0101882
0.010343
0.0104769
0.0105938
0.0106966
0.0107876
0.0108687
0.0109414
0.0110069
0.0110662
0.0111202
0.0111695
0.0112147
0.0112564
0.0112949
0.0113306
0.0113639
0.0113949
0.0114239
0.0114512
0.0114769
0.0115011
0.0115239
0.0115456
0.0115663
0.0115859
0.0116046
0.0116225
0.0116397
0.0116561
0.011672
0.0116872
0.0117018
0.0117159
0.0117295
0.0117426
0.0117553
0.0117676
0.0117794
0.0117909
0.0118019
0.0118127
0.0118231
0.0118331
0.0118429
0.0118524
0.0118616
0.0118706
0.0118794
0.011888
0.0118965
0.0119048
0.011913
0.0119211
0.0119291
0.0119371
0.0119451
0.011953
0.0119609
0.0119689
0.0119769
0.011985
0.0119931
0.0120013
0.0120096
0.012018
0.0120266
0.0120352
0.012044
0.0120529
0.012062
0.0120712
0.0120805
0.01209
0.0120997
0.0121095
0.0121194
0.0121296
0.0121398
0.0121502
0.0121607
0.0121714
0.0121822
0.0121931
0.0122041
0.0122153
0.0122265
0.0122378
0.0122492
0.0122606
0.0122721
0.0122836
0.0122952
0.0123067
0.0123182
0.0123297
0.0123411
0.0123525
0.0123638
0.0123749
0.0123859
0.0123967
0.0124074
0.0124178
0.012428
0.012438
0.0124476
0.012457
0.0124652
0.00488849
0.00301652
0.00383246
0.00494522
0.00586678
0.00656975
0.00710149
0.00750823
0.00782461
0.00807513
0.00827691
0.00844198
0.00857893
0.008694
0.00879177
0.00887569
0.00894838
0.00901186
0.00906771
0.0091172
0.00916132
0.00920088
0.00923655
0.00926888
0.00929831
0.00932523
0.00934995
0.00937274
0.00939384
0.00941343
0.00943169
0.00944877
0.00946478
0.00947985
0.00949407
0.00950752
0.00952028
0.00953242
0.00954399
0.00955505
0.00956564
0.0095758
0.00958557
0.00959497
0.00960404
0.00961279
0.00962125
0.00962942
0.00963733
0.00964498
0.00965239
0.00965956
0.00966651
0.00967324
0.00967977
0.00968611
0.00969227
0.00969826
0.0097041
0.0097098
0.00971538
0.00972085
0.00972623
0.00973153
0.00973677
0.00974198
0.00974715
0.00975231
0.00975747
0.00976264
0.00976784
0.00977308
0.00977838
0.00978374
0.00978917
0.0097947
0.00980031
0.00980603
0.00981186
0.0098178
0.00982386
0.00983004
0.00983635
0.0098428
0.00984937
0.00985608
0.00986292
0.00986989
0.009877
0.00988424
0.00989161
0.0098991
0.00990672
0.00991446
0.00992231
0.00993027
0.00993833
0.00994649
0.00995474
0.00996308
0.00997148
0.00997996
0.00998848
0.00999705
0.0100057
0.0100143
0.0100229
0.0100315
0.0100401
0.0100487
0.0100572
0.0100657
0.0100741
0.0100823
0.0100905
0.0100985
0.0101064
0.010114
0.0101215
0.0101288
0.0101359
0.0101421
0.00312828
0.00268014
0.00372157
0.0046797
0.00538514
0.00589032
0.00625644
0.00652772
0.00673357
0.00689332
0.00701982
0.00712179
0.00720529
0.00727462
0.0073329
0.00738242
0.00742491
0.00746169
0.0074938
0.00752202
0.00754701
0.00756926
0.00758921
0.00760718
0.00762347
0.00763829
0.00765185
0.00766431
0.00767581
0.00768646
0.00769637
0.00770563
0.00771431
0.00772247
0.00773018
0.00773748
0.00774441
0.00775102
0.00775734
0.0077634
0.00776921
0.00777482
0.00778022
0.00778545
0.00779051
0.00779541
0.00780017
0.00780479
0.00780927
0.00781362
0.00781785
0.00782196
0.00782596
0.00782985
0.00783363
0.00783731
0.0078409
0.00784441
0.00784785
0.00785122
0.00785454
0.00785781
0.00786105
0.00786426
0.00786747
0.00787068
0.00787389
0.00787713
0.00788039
0.00788368
0.00788703
0.00789043
0.0078939
0.00789744
0.00790106
0.00790476
0.00790856
0.00791245
0.00791645
0.00792054
0.00792475
0.00792906
0.00793349
0.00793803
0.00794268
0.00794745
0.00795232
0.00795732
0.00796242
0.00796763
0.00797295
0.00797837
0.0079839
0.00798952
0.00799524
0.00800105
0.00800694
0.00801291
0.00801896
0.00802508
0.00803125
0.00803749
0.00804377
0.00805009
0.00805643
0.0080628
0.00806918
0.00807556
0.00808194
0.00808829
0.0080946
0.00810087
0.00810708
0.00811322
0.00811928
0.00812524
0.00813108
0.0081368
0.00814238
0.00814779
0.0081531
0.0081577
0.00211639
0.00251651
0.00352139
0.00427039
0.00477425
0.00511496
0.00535176
0.00552165
0.00564723
0.00574253
0.00581652
0.00587511
0.00592229
0.00596084
0.00599277
0.0060195
0.00604212
0.00606144
0.00607808
0.00609253
0.00610518
0.00611631
0.00612619
0.006135
0.00614291
0.00615005
0.00615654
0.00616246
0.0061679
0.00617292
0.00617757
0.00618191
0.00618598
0.00618981
0.00619342
0.00619686
0.00620014
0.00620327
0.00620629
0.0062092
0.00621201
0.00621474
0.0062174
0.00621999
0.00622252
0.00622498
0.0062274
0.00622976
0.00623207
0.00623433
0.00623654
0.0062387
0.00624081
0.00624288
0.00624491
0.0062469
0.00624885
0.00625077
0.00625266
0.00625454
0.0062564
0.00625826
0.00626011
0.00626198
0.00626386
0.00626576
0.00626769
0.00626965
0.00627165
0.0062737
0.0062758
0.00627796
0.00628018
0.00628248
0.00628485
0.00628729
0.00628982
0.00629243
0.00629513
0.00629792
0.0063008
0.00630377
0.00630683
0.00630999
0.00631323
0.00631657
0.00632001
0.00632353
0.00632714
0.00633084
0.00633462
0.00633849
0.00634244
0.00634647
0.00635057
0.00635475
0.00635899
0.00636329
0.00636766
0.00637208
0.00637655
0.00638106
0.00638562
0.0063902
0.00639481
0.00639944
0.00640409
0.00640873
0.00641338
0.00641801
0.00642262
0.0064272
0.00643174
0.00643623
0.00644066
0.00644502
0.00644931
0.0064535
0.0064576
0.00646158
0.00646549
0.00646886
0.001583
0.00236704
0.00320964
0.00374928
0.00408339
0.00429644
0.00443801
0.00453595
0.00460609
0.00465781
0.00469688
0.004727
0.00475062
0.00476942
0.00478457
0.00479691
0.00480708
0.00481552
0.00482259
0.00482856
0.00483364
0.00483799
0.00484174
0.00484501
0.00484786
0.00485039
0.00485263
0.00485464
0.00485646
0.00485812
0.00485964
0.00486106
0.00486238
0.00486363
0.00486482
0.00486596
0.00486706
0.00486813
0.00486917
0.0048702
0.00487122
0.00487224
0.00487324
0.00487424
0.00487524
0.00487624
0.00487724
0.00487823
0.00487922
0.00488021
0.00488118
0.00488216
0.00488312
0.00488408
0.00488503
0.00488597
0.00488692
0.00488786
0.0048888
0.00488975
0.00489071
0.00489168
0.00489266
0.00489367
0.00489471
0.00489578
0.00489688
0.00489802
0.0048992
0.00490043
0.00490171
0.00490304
0.00490443
0.00490588
0.0049074
0.00490898
0.00491063
0.00491234
0.00491413
0.00491599
0.00491792
0.00491993
0.00492201
0.00492416
0.00492638
0.00492867
0.00493104
0.00493348
0.00493598
0.00493856
0.00494119
0.0049439
0.00494666
0.00494949
0.00495237
0.00495531
0.0049583
0.00496134
0.00496442
0.00496755
0.00497072
0.00497392
0.00497715
0.00498041
0.00498369
0.00498698
0.00499029
0.0049936
0.00499692
0.00500023
0.00500352
0.0050068
0.00501005
0.00501327
0.00501645
0.00501958
0.00502266
0.00502568
0.00502863
0.0050315
0.00503433
0.00503677
0.00129599
0.00216382
0.0027997
0.00315555
0.00335732
0.00347765
0.00355334
0.00360321
0.00363728
0.00366123
0.00367843
0.00369099
0.00370026
0.00370717
0.00371233
0.0037162
0.00371909
0.00372123
0.0037228
0.00372393
0.00372473
0.00372526
0.00372559
0.00372577
0.00372583
0.00372581
0.00372572
0.00372559
0.00372544
0.00372526
0.00372509
0.00372491
0.00372475
0.0037246
0.00372447
0.00372436
0.00372427
0.00372422
0.00372419
0.00372419
0.00372422
0.00372429
0.00372438
0.0037245
0.00372465
0.00372482
0.00372502
0.00372524
0.00372548
0.00372574
0.00372602
0.00372631
0.00372662
0.00372693
0.00372726
0.00372761
0.00372796
0.00372833
0.00372872
0.00372912
0.00372954
0.00372998
0.00373045
0.00373094
0.00373147
0.00373202
0.00373261
0.00373323
0.00373389
0.00373459
0.00373534
0.00373613
0.00373696
0.00373785
0.00373879
0.00373978
0.00374082
0.00374192
0.00374307
0.00374427
0.00374553
0.00374685
0.00374822
0.00374964
0.00375112
0.00375266
0.00375424
0.00375588
0.00375757
0.0037593
0.00376109
0.00376292
0.0037648
0.00376673
0.00376869
0.0037707
0.00377274
0.00377483
0.00377694
0.00377909
0.00378126
0.00378347
0.00378569
0.00378794
0.0037902
0.00379248
0.00379477
0.00379706
0.00379936
0.00380165
0.00380394
0.00380622
0.00380848
0.00381073
0.00381295
0.00381514
0.00381729
0.00381941
0.00382148
0.0038235
0.00382549
0.00382721
0.00110753
0.00188763
0.00231832
0.00252711
0.00263351
0.00269151
0.00272503
0.00274521
0.00275765
0.00276533
0.00276999
0.00277267
0.00277402
0.00277447
0.00277431
0.00277371
0.00277284
0.00277176
0.00277057
0.0027693
0.002768
0.00276668
0.00276538
0.0027641
0.00276285
0.00276164
0.00276049
0.00275938
0.00275832
0.00275732
0.00275638
0.00275549
0.00275465
0.00275387
0.00275314
0.00275247
0.00275185
0.00275128
0.00275076
0.00275028
0.00274985
0.00274947
0.00274913
0.00274883
0.00274857
0.00274834
0.00274815
0.00274799
0.00274786
0.00274775
0.00274767
0.00274762
0.00274758
0.00274757
0.00274758
0.00274761
0.00274765
0.00274772
0.0027478
0.00274791
0.00274804
0.00274819
0.00274836
0.00274856
0.00274879
0.00274904
0.00274933
0.00274964
0.00274998
0.00275035
0.00275076
0.00275121
0.00275169
0.0027522
0.00275276
0.00275335
0.00275398
0.00275465
0.00275536
0.00275611
0.0027569
0.00275773
0.00275859
0.0027595
0.00276044
0.00276142
0.00276244
0.00276349
0.00276458
0.0027657
0.00276686
0.00276805
0.00276927
0.00277053
0.00277181
0.00277312
0.00277446
0.00277582
0.00277721
0.00277862
0.00278005
0.0027815
0.00278297
0.00278445
0.00278595
0.00278745
0.00278897
0.00279049
0.00279201
0.00279354
0.00279506
0.00279658
0.00279809
0.00279959
0.00280107
0.00280254
0.00280398
0.00280541
0.0028068
0.00280817
0.00280951
0.00281069
0.000940091
0.00154366
0.00179618
0.00189808
0.00194231
0.00196263
0.00197202
0.00197596
0.001977
0.00197642
0.00197493
0.00197293
0.00197066
0.00196827
0.00196583
0.00196342
0.00196106
0.00195877
0.00195657
0.00195447
0.00195247
0.00195056
0.00194876
0.00194705
0.00194543
0.0019439
0.00194246
0.0019411
0.00193982
0.00193862
0.00193749
0.00193643
0.00193543
0.0019345
0.00193364
0.00193282
0.00193207
0.00193136
0.00193071
0.00193011
0.00192955
0.00192903
0.00192856
0.00192813
0.00192773
0.00192737
0.00192704
0.00192675
0.00192648
0.00192624
0.00192602
0.00192583
0.00192567
0.00192552
0.00192539
0.00192529
0.0019252
0.00192513
0.00192508
0.00192505
0.00192504
0.00192505
0.00192508
0.00192513
0.0019252
0.0019253
0.00192541
0.00192555
0.0019257
0.00192589
0.00192609
0.00192633
0.00192658
0.00192686
0.00192717
0.00192751
0.00192787
0.00192825
0.00192866
0.0019291
0.00192956
0.00193005
0.00193056
0.0019311
0.00193167
0.00193225
0.00193287
0.0019335
0.00193416
0.00193484
0.00193554
0.00193627
0.00193701
0.00193777
0.00193856
0.00193936
0.00194018
0.00194101
0.00194186
0.00194273
0.00194361
0.0019445
0.0019454
0.00194632
0.00194724
0.00194817
0.00194911
0.00195005
0.00195099
0.00195194
0.00195289
0.00195383
0.00195477
0.00195571
0.00195664
0.00195756
0.00195846
0.00195936
0.00196024
0.0019611
0.00196196
0.00196271
0.00075892
0.00114997
0.00126545
0.00129943
0.00130899
0.00131025
0.00130839
0.00130531
0.00130181
0.00129822
0.00129471
0.00129136
0.00128818
0.00128519
0.00128239
0.00127977
0.00127732
0.00127503
0.0012729
0.0012709
0.00126903
0.00126728
0.00126564
0.00126411
0.00126267
0.00126133
0.00126006
0.00125888
0.00125777
0.00125673
0.00125575
0.00125484
0.00125398
0.00125318
0.00125243
0.00125173
0.00125107
0.00125046
0.00124988
0.00124935
0.00124885
0.00124839
0.00124797
0.00124757
0.0012472
0.00124686
0.00124655
0.00124626
0.001246
0.00124576
0.00124554
0.00124534
0.00124515
0.00124499
0.00124484
0.00124471
0.0012446
0.0012445
0.00124441
0.00124434
0.00124429
0.00124425
0.00124422
0.00124421
0.00124422
0.00124423
0.00124427
0.00124432
0.00124438
0.00124446
0.00124455
0.00124466
0.00124479
0.00124493
0.00124508
0.00124525
0.00124544
0.00124564
0.00124586
0.00124609
0.00124634
0.0012466
0.00124688
0.00124717
0.00124748
0.00124779
0.00124813
0.00124847
0.00124883
0.0012492
0.00124959
0.00124999
0.00125039
0.00125081
0.00125124
0.00125168
0.00125213
0.00125259
0.00125306
0.00125354
0.00125402
0.00125452
0.00125501
0.00125552
0.00125603
0.00125655
0.00125706
0.00125759
0.00125811
0.00125864
0.00125916
0.00125969
0.00126022
0.00126074
0.00126126
0.00126178
0.00126229
0.00126279
0.00126329
0.00126378
0.00126426
0.00126469
0.000560691
0.000737105
0.000763632
0.000763607
0.000759028
0.000753908
0.000749091
0.000744734
0.000740829
0.00073733
0.000734186
0.000731348
0.000728778
0.00072644
0.000724305
0.000722349
0.000720551
0.000718895
0.000717366
0.00071595
0.000714637
0.000713417
0.000712282
0.000711224
0.000710238
0.000709317
0.000708456
0.000707651
0.000706898
0.000706192
0.000705532
0.000704913
0.000704333
0.00070379
0.000703281
0.000702805
0.000702359
0.000701941
0.00070155
0.000701185
0.000700844
0.000700526
0.00070023
0.000699954
0.000699697
0.000699459
0.000699238
0.000699033
0.000698844
0.000698669
0.000698509
0.000698362
0.000698227
0.000698105
0.000697994
0.000697894
0.000697804
0.000697725
0.000697656
0.000697597
0.000697547
0.000697506
0.000697475
0.000697452
0.000697439
0.000697434
0.000697437
0.000697449
0.000697469
0.000697497
0.000697534
0.000697579
0.000697631
0.000697692
0.000697761
0.000697838
0.000697922
0.000698014
0.000698113
0.00069822
0.000698334
0.000698455
0.000698582
0.000698717
0.000698858
0.000699006
0.00069916
0.00069932
0.000699486
0.000699658
0.000699836
0.000700019
0.000700207
0.000700401
0.000700599
0.000700802
0.00070101
0.000701222
0.000701438
0.000701657
0.000701881
0.000702108
0.000702337
0.00070257
0.000702805
0.000703042
0.000703281
0.000703522
0.000703764
0.000704006
0.000704249
0.000704492
0.000704735
0.000704977
0.000705217
0.000705456
0.000705693
0.000705928
0.000706159
0.000706387
0.000706611
0.000706818
0.000284746
0.000272336
0.000264576
0.000259339
0.000255518
0.000252566
0.000250187
0.00024821
0.000246532
0.000245084
0.000243818
0.000242699
0.000241702
0.000240807
0.000239998
0.000239264
0.000238594
0.000237981
0.000237417
0.000236898
0.000236419
0.000235975
0.000235563
0.00023518
0.000234824
0.000234491
0.000234182
0.000233892
0.000233621
0.000233368
0.000233131
0.000232909
0.000232701
0.000232506
0.000232324
0.000232152
0.000231992
0.000231842
0.000231701
0.000231569
0.000231446
0.00023133
0.000231223
0.000231122
0.000231028
0.000230941
0.00023086
0.000230784
0.000230715
0.00023065
0.000230591
0.000230536
0.000230486
0.00023044
0.000230399
0.000230362
0.000230328
0.000230299
0.000230273
0.00023025
0.000230231
0.000230216
0.000230203
0.000230194
0.000230187
0.000230184
0.000230183
0.000230185
0.00023019
0.000230197
0.000230207
0.00023022
0.000230234
0.000230251
0.000230271
0.000230292
0.000230316
0.000230342
0.000230369
0.000230399
0.00023043
0.000230464
0.000230499
0.000230535
0.000230574
0.000230614
0.000230655
0.000230698
0.000230743
0.000230788
0.000230835
0.000230884
0.000230933
0.000230984
0.000231035
0.000231088
0.000231142
0.000231196
0.000231252
0.000231308
0.000231365
0.000231422
0.00023148
0.000231539
0.000231598
0.000231657
0.000231716
0.000231776
0.000231836
0.000231896
0.000231956
0.000232015
0.000232075
0.000232134
0.000232192
0.00023225
0.000232307
0.000232364
0.000232419
0.000232474
0.000232526
0.000232579
)
;

boundaryField
{
    lowerWall
    {
        type            nutkWallFunction;
        Cmu             0.09;
        kappa           0.41;
        E               9.8;
        value           nonuniform List<scalar> 
122
(
3.38542e-05
3.22344e-05
3.12155e-05
3.05252e-05
3.00205e-05
2.96299e-05
2.93146e-05
2.90524e-05
2.88296e-05
2.86371e-05
2.84688e-05
2.83199e-05
2.81871e-05
2.80679e-05
2.79601e-05
2.78622e-05
2.77729e-05
2.76911e-05
2.76159e-05
2.75466e-05
2.74825e-05
2.74232e-05
2.73682e-05
2.7317e-05
2.72694e-05
2.7225e-05
2.71836e-05
2.71449e-05
2.71087e-05
2.70748e-05
2.70431e-05
2.70134e-05
2.69856e-05
2.69595e-05
2.6935e-05
2.69121e-05
2.68906e-05
2.68705e-05
2.68516e-05
2.6834e-05
2.68175e-05
2.6802e-05
2.67876e-05
2.67741e-05
2.67615e-05
2.67498e-05
2.6739e-05
2.67289e-05
2.67195e-05
2.67109e-05
2.67029e-05
2.66956e-05
2.66889e-05
2.66828e-05
2.66773e-05
2.66723e-05
2.66679e-05
2.6664e-05
2.66606e-05
2.66576e-05
2.66551e-05
2.66531e-05
2.66515e-05
2.66503e-05
2.66495e-05
2.66491e-05
2.66491e-05
2.66494e-05
2.66501e-05
2.66512e-05
2.66525e-05
2.66542e-05
2.66563e-05
2.66586e-05
2.66612e-05
2.66641e-05
2.66673e-05
2.66707e-05
2.66744e-05
2.66783e-05
2.66825e-05
2.66869e-05
2.66915e-05
2.66964e-05
2.67014e-05
2.67067e-05
2.67121e-05
2.67177e-05
2.67235e-05
2.67295e-05
2.67356e-05
2.67419e-05
2.67483e-05
2.67548e-05
2.67615e-05
2.67683e-05
2.67752e-05
2.67823e-05
2.67894e-05
2.67966e-05
2.68039e-05
2.68113e-05
2.68187e-05
2.68262e-05
2.68337e-05
2.68413e-05
2.68489e-05
2.68565e-05
2.68641e-05
2.68717e-05
2.68793e-05
2.68869e-05
2.68944e-05
2.69019e-05
2.69093e-05
2.69166e-05
2.69238e-05
2.69309e-05
2.69379e-05
2.69448e-05
2.69513e-05
2.69579e-05
)
;
    }
    upperWall
    {
        type            nutkWallFunction;
        Cmu             0.09;
        kappa           0.41;
        E               9.8;
        value           nonuniform List<scalar> 
122
(
3.36526e-05
3.20374e-05
3.10226e-05
3.03355e-05
2.98333e-05
2.94446e-05
2.91308e-05
2.88699e-05
2.86481e-05
2.84567e-05
2.82891e-05
2.8141e-05
2.80089e-05
2.78902e-05
2.77829e-05
2.76855e-05
2.75966e-05
2.75152e-05
2.74404e-05
2.73714e-05
2.73077e-05
2.72486e-05
2.71939e-05
2.7143e-05
2.70956e-05
2.70514e-05
2.70102e-05
2.69716e-05
2.69356e-05
2.69019e-05
2.68704e-05
2.68408e-05
2.68131e-05
2.67872e-05
2.67628e-05
2.674e-05
2.67186e-05
2.66986e-05
2.66798e-05
2.66623e-05
2.66458e-05
2.66305e-05
2.66161e-05
2.66027e-05
2.65902e-05
2.65785e-05
2.65677e-05
2.65577e-05
2.65483e-05
2.65398e-05
2.65318e-05
2.65246e-05
2.65179e-05
2.65118e-05
2.65063e-05
2.65014e-05
2.6497e-05
2.64931e-05
2.64897e-05
2.64867e-05
2.64842e-05
2.64822e-05
2.64806e-05
2.64794e-05
2.64786e-05
2.64783e-05
2.64783e-05
2.64786e-05
2.64793e-05
2.64804e-05
2.64818e-05
2.64835e-05
2.64856e-05
2.64879e-05
2.64906e-05
2.64935e-05
2.64967e-05
2.65002e-05
2.65039e-05
2.65079e-05
2.65121e-05
2.65166e-05
2.65212e-05
2.65261e-05
2.65312e-05
2.65365e-05
2.6542e-05
2.65477e-05
2.65536e-05
2.65596e-05
2.65658e-05
2.65721e-05
2.65786e-05
2.65852e-05
2.6592e-05
2.65988e-05
2.66058e-05
2.66129e-05
2.66201e-05
2.66274e-05
2.66347e-05
2.66421e-05
2.66496e-05
2.66572e-05
2.66647e-05
2.66723e-05
2.668e-05
2.66876e-05
2.66953e-05
2.67029e-05
2.67105e-05
2.67181e-05
2.67256e-05
2.6733e-05
2.67404e-05
2.67477e-05
2.67549e-05
2.6762e-05
2.6769e-05
2.67758e-05
2.67823e-05
2.67888e-05
)
;
    }
    inlet
    {
        type            calculated;
        value           uniform 0.0366503;
    }
    outlet
    {
        type            calculated;
        value           nonuniform List<scalar> 
60
(
0.000233843
0.000710436
0.0012707
0.0019714
0.00282229
0.00384192
0.00505473
0.00649013
0.00818223
0.0101697
0.0124956
0.015207
0.0183542
0.0219897
0.0261657
0.0309313
0.0363275
0.0423799
0.0490884
0.0564134
0.0642558
0.0724306
0.0806334
0.0883979
0.0950479
0.0996582
0.10107
0.0981557
0.0911075
0.0848952
0.0849506
0.0912648
0.0983497
0.10126
0.0998277
0.0951884
0.0885073
0.080713
0.0724833
0.0642854
0.0564241
0.049084
0.042364
0.0363034
0.0309017
0.0261329
0.0219556
0.0183203
0.0151744
0.0124652
0.0101421
0.0081577
0.00646886
0.00503677
0.00382721
0.00281069
0.00196271
0.00126469
0.000706818
0.000232579
)
;
    }
    frontAndBack
    {
        type            empty;
    }
}


// ************************************************************************* //
