/*--------------------------------*- C++ -*----------------------------------*\
  =========                 |
  \\      /  F ield         | OpenFOAM: The Open Source CFD Toolbox
   \\    /   O peration     | Website:  https://openfoam.org
    \\  /    A nd           | Version:  8
     \\/     M anipulation  |
\*---------------------------------------------------------------------------*/
FoamFile
{
    version     2.0;
    format      ascii;
    class       volScalarField;
    location    "450";
    object      k;
}
// * * * * * * * * * * * * * * * * * * * * * * * * * * * * * * * * * * * * * //

dimensions      [0 2 -2 0 0 0 0];

internalField   nonuniform List<scalar> 
7320
(
6.07652
5.55942
5.24732
5.04165
4.8942
4.78178
4.69211
4.61825
4.55601
4.50265
4.45625
4.41545
4.37924
4.34685
4.31769
4.29129
4.26726
4.24528
4.2251
4.2065
4.18931
4.17341
4.15868
4.14504
4.13243
4.12077
4.11003
4.10012
4.09099
4.0826
4.07487
4.06776
4.06121
4.05518
4.04962
4.0445
4.03978
4.03542
4.03141
4.02772
4.02432
4.02119
4.01833
4.01571
4.01332
4.01114
4.00917
4.0074
4.00581
4.00439
4.00315
4.00206
4.00113
4.00035
3.99972
3.99922
3.99885
3.99861
3.9985
3.99851
3.99863
3.99887
3.99921
3.99967
4.00023
4.00089
4.00165
4.0025
4.00345
4.00449
4.00562
4.00684
4.00814
4.00953
4.011
4.01254
4.01416
4.01586
4.01763
4.01947
4.02137
4.02334
4.02538
4.02748
4.02963
4.03184
4.0341
4.03641
4.03877
4.04118
4.04362
4.04611
4.04863
4.05118
4.05376
4.05636
4.05899
4.06163
4.06429
4.06696
4.06963
4.0723
4.07498
4.07765
4.0803
4.08294
4.08556
4.08816
4.09072
4.09326
4.09576
4.09822
4.10063
4.10299
4.10531
4.10757
4.10978
4.11192
4.11401
4.11603
4.11793
4.11985
4.84215
5.67924
5.54001
5.36046
5.21715
5.10399
5.01225
4.93597
4.87129
4.81558
4.76697
4.72412
4.686
4.65186
4.62108
4.59318
4.56776
4.54451
4.52314
4.50344
4.48522
4.46835
4.45271
4.43821
4.42478
4.41234
4.40084
4.39021
4.3804
4.37134
4.36299
4.35528
4.34817
4.3416
4.33555
4.32995
4.32478
4.32001
4.31561
4.31155
4.3078
4.30436
4.30119
4.29829
4.29563
4.2932
4.291
4.289
4.28721
4.2856
4.28418
4.28292
4.28183
4.2809
4.28012
4.27949
4.279
4.27865
4.27843
4.27833
4.27836
4.2785
4.27876
4.27914
4.27962
4.28021
4.28091
4.28171
4.2826
4.28359
4.28468
4.28585
4.28712
4.28847
4.28991
4.29143
4.29303
4.29471
4.29646
4.29829
4.30019
4.30216
4.3042
4.3063
4.30847
4.31069
4.31297
4.31531
4.3177
4.32014
4.32262
4.32514
4.32771
4.33031
4.33295
4.33561
4.33831
4.34102
4.34376
4.34651
4.34927
4.35204
4.35482
4.35759
4.36036
4.36312
4.36586
4.36858
4.37128
4.37396
4.3766
4.3792
4.38177
4.38429
4.38676
4.38918
4.39155
4.39386
4.39611
4.3983
4.40038
4.40243
3.59581
5.0514
5.15997
5.06781
4.96411
4.87324
4.79598
4.72999
4.67307
4.62344
4.57977
4.541
4.50635
4.47518
4.44698
4.42136
4.39796
4.3765
4.35675
4.33848
4.32153
4.30576
4.29105
4.27731
4.26449
4.25254
4.2414
4.23103
4.2214
4.21245
4.20416
4.19647
4.18934
4.18273
4.1766
4.17092
4.16566
4.16077
4.15624
4.15204
4.14815
4.14454
4.14121
4.13812
4.13527
4.13264
4.13023
4.12801
4.12598
4.12413
4.12245
4.12093
4.11956
4.11834
4.11727
4.11633
4.11552
4.11483
4.11427
4.11382
4.11349
4.11327
4.11315
4.11313
4.11322
4.11341
4.11368
4.11406
4.11452
4.11507
4.11571
4.11643
4.11724
4.11812
4.11909
4.12014
4.12126
4.12245
4.12372
4.12507
4.12648
4.12796
4.12951
4.13113
4.13281
4.13455
4.13635
4.13822
4.14014
4.14211
4.14414
4.14622
4.14834
4.15052
4.15273
4.15499
4.15729
4.15963
4.162
4.1644
4.16683
4.16928
4.17175
4.17424
4.17674
4.17925
4.18177
4.18429
4.1868
4.1893
4.1918
4.19427
4.19672
4.19914
4.20154
4.2039
4.20621
4.20849
4.21072
4.2129
4.215
4.21703
2.74725
4.48339
4.83294
4.83938
4.78111
4.71517
4.65355
4.59832
4.54927
4.50567
4.46677
4.43188
4.40046
4.37201
4.34616
4.32256
4.30095
4.28107
4.2627
4.24564
4.22972
4.21479
4.20075
4.18753
4.17508
4.16335
4.15232
4.14198
4.1323
4.12325
4.11481
4.10694
4.09962
4.0928
4.08645
4.08054
4.07503
4.0699
4.06512
4.06066
4.0565
4.05262
4.04901
4.04563
4.04249
4.03956
4.03684
4.0343
4.03195
4.02977
4.02775
4.02587
4.02415
4.02256
4.02111
4.01978
4.01857
4.01748
4.01651
4.01564
4.01487
4.01421
4.01365
4.01318
4.01281
4.01252
4.01233
4.01222
4.01219
4.01225
4.01239
4.01261
4.01291
4.01328
4.01374
4.01427
4.01487
4.01555
4.0163
4.01713
4.01803
4.019
4.02004
4.02115
4.02233
4.02357
4.02489
4.02627
4.02772
4.02923
4.03081
4.03245
4.03415
4.03591
4.03773
4.0396
4.04153
4.04351
4.04555
4.04764
4.04977
4.05194
4.05416
4.05641
4.0587
4.06102
4.06336
4.06573
4.06811
4.0705
4.07291
4.07531
4.07771
4.0801
4.08247
4.08483
4.08716
4.08947
4.09174
4.09397
4.09614
4.09822
2.10346
3.90602
4.48941
4.61127
4.60898
4.57387
4.53133
4.489
4.44924
4.41265
4.37922
4.34874
4.32092
4.29551
4.27223
4.25086
4.23117
4.21298
4.19607
4.18026
4.16538
4.15129
4.1379
4.12514
4.11297
4.10139
4.09039
4.07998
4.07016
4.06093
4.05226
4.04415
4.03656
4.02946
4.02282
4.01661
4.0108
4.00536
4.00027
3.99549
3.99101
3.9868
3.98284
3.97913
3.97563
3.97234
3.96924
3.96633
3.96359
3.961
3.95858
3.95629
3.95414
3.95211
3.95021
3.94843
3.94677
3.9452
3.94375
3.94239
3.94113
3.93997
3.93889
3.93791
3.93701
3.93619
3.93546
3.93481
3.93423
3.93374
3.93332
3.93298
3.93271
3.93253
3.93241
3.93237
3.93241
3.93252
3.93271
3.93298
3.93332
3.93373
3.93422
3.93479
3.93544
3.93616
3.93696
3.93784
3.9388
3.93983
3.94094
3.94213
3.94339
3.94473
3.94614
3.94763
3.9492
3.95083
3.95254
3.95433
3.95617
3.95809
3.96007
3.96211
3.96421
3.96635
3.96856
3.9708
3.97308
3.9754
3.97774
3.98011
3.98249
3.98488
3.98728
3.98967
3.99206
3.99443
3.99677
3.99909
4.00137
4.00354
1.61624
3.30894
4.10161
4.35522
4.42201
4.42574
4.40725
4.38106
4.35281
4.32483
4.29808
4.27292
4.24945
4.22765
4.20743
4.18867
4.17125
4.15501
4.13979
4.12542
4.11173
4.09859
4.08592
4.07366
4.06182
4.0504
4.03944
4.02896
4.01901
4.00958
4.00068
3.99231
3.98444
3.97705
3.97012
3.96361
3.95749
3.95173
3.9463
3.94119
3.93636
3.93179
3.92748
3.92338
3.9195
3.91581
3.91231
3.90898
3.9058
3.90278
3.8999
3.89716
3.89453
3.89202
3.88963
3.88734
3.88516
3.88308
3.88109
3.87919
3.87738
3.87566
3.87402
3.87247
3.87099
3.86959
3.86826
3.86702
3.86585
3.86475
3.86372
3.86277
3.86189
3.86109
3.86036
3.85972
3.85914
3.85865
3.85823
3.8579
3.85764
3.85747
3.85738
3.85738
3.85747
3.85764
3.8579
3.85825
3.8587
3.85923
3.85986
3.86058
3.8614
3.86231
3.86332
3.86442
3.86562
3.86692
3.86831
3.8698
3.87137
3.87304
3.8748
3.87664
3.87856
3.88056
3.88264
3.88478
3.88698
3.88924
3.89155
3.89391
3.89629
3.89871
3.90115
3.9036
3.90606
3.90851
3.91096
3.91339
3.9158
3.91809
1.26812
2.7064
3.65726
4.05358
4.20386
4.25637
4.26839
4.26267
4.24897
4.23181
4.21339
4.19485
4.17675
4.15939
4.14291
4.12735
4.11268
4.09881
4.08563
4.07298
4.06073
4.04875
4.03697
4.02536
4.01396
4.0028
3.99196
3.98149
3.97146
3.9619
3.95283
3.94425
3.93615
3.92852
3.92133
3.91455
3.90815
3.9021
3.89637
3.89094
3.88578
3.88086
3.87618
3.87172
3.86744
3.86335
3.85943
3.85566
3.85205
3.84856
3.84521
3.84197
3.83885
3.83583
3.83291
3.83008
3.82735
3.82471
3.82215
3.81968
3.81729
3.81497
3.81273
3.81056
3.80847
3.80644
3.80449
3.80261
3.8008
3.79906
3.79739
3.79579
3.79427
3.79282
3.79145
3.79016
3.78894
3.78781
3.78676
3.7858
3.78493
3.78414
3.78346
3.78287
3.78237
3.78198
3.78169
3.7815
3.78142
3.78145
3.78159
3.78185
3.78222
3.7827
3.7833
3.78402
3.78486
3.78582
3.7869
3.7881
3.78941
3.79084
3.79239
3.79404
3.79581
3.79767
3.79963
3.80169
3.80383
3.80605
3.80834
3.81069
3.8131
3.81556
3.81805
3.82058
3.82312
3.82568
3.82824
3.83079
3.83334
3.83576
1.04443
2.13048
3.15609
3.69382
3.94125
4.05401
4.10457
4.12488
4.12967
4.12622
4.11833
4.10811
4.09675
4.08494
4.07312
4.06151
4.05023
4.03929
4.02862
4.01811
4.00765
3.99714
3.98652
3.97581
3.96505
3.95434
3.94378
3.93347
3.9235
3.91393
3.9048
3.89613
3.88791
3.88013
3.87277
3.86581
3.8592
3.85293
3.84696
3.84127
3.83582
3.83061
3.8256
3.82079
3.81616
3.81168
3.80736
3.80317
3.79911
3.79517
3.79135
3.78762
3.78399
3.78044
3.77699
3.77362
3.77032
3.7671
3.76396
3.76089
3.75789
3.75496
3.7521
3.7493
3.74656
3.74389
3.74129
3.73876
3.73629
3.73388
3.73155
3.72929
3.7271
3.72498
3.72295
3.72099
3.71912
3.71734
3.71564
3.71404
3.71254
3.71113
3.70983
3.70864
3.70756
3.7066
3.70575
3.70502
3.70442
3.70395
3.7036
3.7034
3.70332
3.70338
3.70359
3.70393
3.70442
3.70505
3.70583
3.70675
3.70781
3.70901
3.71036
3.71184
3.71345
3.71519
3.71705
3.71903
3.72112
3.7233
3.72558
3.72794
3.73038
3.73288
3.73544
3.73804
3.74068
3.74334
3.74602
3.7487
3.75138
3.75393
0.919762
1.62589
2.61278
3.26902
3.62244
3.80741
3.90597
3.95917
3.98747
4.00146
4.00695
4.00726
4.0044
3.99958
3.9936
3.98695
3.9799
3.97261
3.96508
3.95726
3.94908
3.94046
3.93139
3.92191
3.91211
3.90213
3.89211
3.88219
3.8725
3.86312
3.85412
3.84552
3.83734
3.82956
3.82218
3.81516
3.80848
3.8021
3.79599
3.79013
3.7845
3.77906
3.77381
3.76872
3.76378
3.75898
3.7543
3.74974
3.74527
3.74091
3.73664
3.73245
3.72833
3.72428
3.7203
3.71639
3.71254
3.70875
3.70503
3.70137
3.69776
3.69422
3.69073
3.6873
3.68392
3.6806
3.67735
3.67415
3.67102
3.66795
3.66495
3.66202
3.65916
3.65638
3.65367
3.65106
3.64853
3.64609
3.64375
3.64151
3.63938
3.63736
3.63545
3.63367
3.63201
3.63047
3.62908
3.62782
3.6267
3.62573
3.62491
3.62425
3.62374
3.62339
3.62321
3.62319
3.62334
3.62365
3.62414
3.62479
3.62561
3.6266
3.62775
3.62907
3.63053
3.63215
3.63392
3.63583
3.63786
3.64001
3.64228
3.64465
3.64712
3.64966
3.65228
3.65496
3.65768
3.66044
3.66323
3.66603
3.66885
3.67154
0.860369
1.23773
2.06198
2.78202
3.23846
3.50547
3.66219
3.75644
3.81443
3.85056
3.87304
3.88675
3.89466
3.89869
3.90009
3.89966
3.89795
3.89523
3.89166
3.88725
3.88199
3.87585
3.86885
3.86108
3.85267
3.84381
3.83469
3.8255
3.81638
3.80747
3.79885
3.79057
3.78265
3.77509
3.76788
3.76099
3.7544
3.74808
3.74199
3.73611
3.73042
3.72489
3.71951
3.71425
3.70911
3.70407
3.69912
3.69425
3.68946
3.68474
3.68008
3.67548
3.67093
3.66642
3.66196
3.65755
3.65318
3.64886
3.64458
3.64036
3.63618
3.63204
3.62795
3.6239
3.61991
3.61596
3.61207
3.60823
3.60446
3.60074
3.59708
3.5935
3.58999
3.58655
3.5832
3.57993
3.57676
3.57369
3.57072
3.56786
3.56511
3.56248
3.55999
3.55763
3.5554
3.55332
3.55139
3.54962
3.548
3.54655
3.54528
3.54418
3.54325
3.54251
3.54195
3.54158
3.5414
3.54141
3.54162
3.54202
3.54261
3.54339
3.54435
3.5455
3.54683
3.54833
3.55
3.55183
3.55381
3.55593
3.55818
3.56056
3.56304
3.56562
3.56828
3.57103
3.57383
3.57668
3.57956
3.58247
3.58541
3.58822
0.836787
0.98815
1.55966
2.25312
2.7872
3.13869
3.36248
3.50658
3.60153
3.66556
3.70958
3.74029
3.76189
3.77714
3.78788
3.79534
3.80035
3.80342
3.80486
3.80479
3.80328
3.80038
3.79615
3.79072
3.78429
3.77709
3.76936
3.76132
3.75319
3.74512
3.73723
3.72958
3.72221
3.71515
3.70837
3.70186
3.6956
3.68955
3.68369
3.67799
3.67242
3.66697
3.66162
3.65635
3.65115
3.646
3.64091
3.63587
3.63086
3.62588
3.62093
3.61601
3.61111
3.60623
3.60137
3.59653
3.59171
3.58692
3.58215
3.57742
3.57271
3.56803
3.56339
3.55878
3.55421
3.54968
3.5452
3.54076
3.53638
3.53205
3.52778
3.52358
3.51945
3.51539
3.51143
3.50755
3.50377
3.50009
3.49652
3.49307
3.48974
3.48654
3.48349
3.48058
3.47782
3.47521
3.47278
3.47052
3.46843
3.46652
3.46481
3.46329
3.46197
3.46085
3.45994
3.45924
3.45875
3.45847
3.4584
3.45856
3.45892
3.45949
3.46028
3.46127
3.46245
3.46383
3.4654
3.46715
3.46906
3.47113
3.47336
3.47572
3.4782
3.4808
3.48349
3.48628
3.48914
3.49205
3.49502
3.49801
3.50105
3.50396
0.830413
0.857509
1.16926
1.7285
2.28149
2.70333
2.99743
3.199
3.33862
3.43721
3.50826
3.56044
3.59939
3.62888
3.65147
3.66893
3.68246
3.69288
3.70067
3.70615
3.70948
3.71079
3.71022
3.70797
3.70427
3.69942
3.69371
3.68742
3.6808
3.67406
3.66733
3.66072
3.6543
3.64807
3.64206
3.63625
3.63061
3.62512
3.61975
3.61448
3.60928
3.60414
3.59904
3.59396
3.5889
3.58384
3.57878
3.57372
3.56865
3.56357
3.55848
3.55338
3.54826
3.54313
3.53798
3.53282
3.52766
3.5225
3.51734
3.51219
3.50704
3.50191
3.4968
3.4917
3.48663
3.48159
3.47658
3.47161
3.46669
3.46181
3.45699
3.45223
3.44754
3.44293
3.4384
3.43396
3.42962
3.42539
3.42127
3.41728
3.41341
3.40969
3.40611
3.4027
3.39944
3.39636
3.39345
3.39073
3.38821
3.38588
3.38376
3.38185
3.38016
3.37869
3.37744
3.37642
3.37563
3.37507
3.37475
3.37466
3.37481
3.37518
3.37578
3.3766
3.37764
3.37889
3.38034
3.38199
3.38383
3.38583
3.38801
3.39033
3.39279
3.39538
3.39808
3.40088
3.40377
3.40672
3.40973
3.41278
3.41588
3.41887
0.831632
0.801461
0.924682
1.27902
1.76057
2.20995
2.56351
2.82479
3.0153
3.15519
3.2594
3.33833
3.39909
3.44656
3.48417
3.5143
3.53865
3.55838
3.57427
3.58682
3.59637
3.60315
3.6074
3.60938
3.6094
3.60779
3.60492
3.60113
3.5967
3.5919
3.58691
3.58186
3.57685
3.57192
3.56709
3.56236
3.55772
3.55314
3.5486
3.54408
3.53956
3.53502
3.53045
3.52584
3.52117
3.51645
3.51166
3.50681
3.50189
3.49691
3.49188
3.48678
3.48162
3.47641
3.47114
3.46582
3.46046
3.45507
3.44966
3.44422
3.43877
3.4333
3.42783
3.42236
3.4169
3.41145
3.40602
3.40062
3.39525
3.38991
3.38463
3.3794
3.37424
3.36914
3.36413
3.35921
3.35438
3.34967
3.34507
3.3406
3.33626
3.33207
3.32803
3.32416
3.32047
3.31695
3.31362
3.31049
3.30757
3.30485
3.30236
3.3001
3.29806
3.29626
3.29471
3.29339
3.29232
3.2915
3.29092
3.2906
3.29052
3.29069
3.2911
3.29175
3.29263
3.29374
3.29506
3.2966
3.29833
3.30024
3.30234
3.3046
3.30701
3.30955
3.31223
3.31501
3.31788
3.32083
3.32385
3.32692
3.33005
3.33308
0.835915
0.782667
0.803403
0.968303
1.29567
1.69673
2.07275
2.38226
2.62383
2.80954
2.9526
3.06387
3.15148
3.22137
3.27782
3.32394
3.36197
3.39351
3.41969
3.44127
3.45879
3.47264
3.48316
3.49072
3.49569
3.49847
3.49949
3.49913
3.49777
3.4957
3.49317
3.49034
3.48735
3.48428
3.48115
3.478
3.47481
3.47158
3.46829
3.46493
3.46147
3.4579
3.45422
3.4504
3.44646
3.44238
3.43816
3.43381
3.42933
3.42471
3.41998
3.41514
3.41018
3.40511
3.39994
3.39467
3.38932
3.3839
3.37841
3.37286
3.36727
3.36164
3.35598
3.35029
3.34458
3.33887
3.33315
3.32745
3.32176
3.3161
3.31047
3.30489
3.29936
3.29389
3.2885
3.2832
3.27798
3.27288
3.26789
3.26303
3.2583
3.25372
3.2493
3.24504
3.24097
3.23708
3.23339
3.22991
3.22663
3.22358
3.22076
3.21818
3.21584
3.21374
3.2119
3.21031
3.20897
3.2079
3.20709
3.20653
3.20624
3.2062
3.20642
3.20689
3.20759
3.20854
3.20971
3.2111
3.2127
3.2145
3.21649
3.21865
3.22097
3.22343
3.22603
3.22875
3.23157
3.23448
3.23747
3.24051
3.24361
3.24664
0.841165
0.780283
0.755
0.801817
0.962762
1.23783
1.56799
1.88853
2.1664
2.39489
2.57904
2.72693
2.84623
2.94323
3.02285
3.08884
3.144
3.19041
3.22959
3.26262
3.2903
3.3132
3.33184
3.34665
3.35813
3.36673
3.37295
3.37726
3.38006
3.38173
3.38256
3.38279
3.38259
3.38207
3.3813
3.38033
3.37918
3.37784
3.37632
3.3746
3.37267
3.37053
3.36817
3.36558
3.36276
3.35972
3.35645
3.35296
3.34926
3.34536
3.34126
3.33698
3.33251
3.32789
3.3231
3.31816
3.31308
3.30787
3.30255
3.29714
3.29163
3.28605
3.2804
3.27469
3.26893
3.26314
3.25732
3.25149
3.24566
3.23983
3.23401
3.22823
3.22248
3.21678
3.21115
3.20559
3.20012
3.19474
3.18948
3.18433
3.17932
3.17445
3.16974
3.16519
3.16082
3.15665
3.15267
3.14889
3.14534
3.14201
3.13891
3.13606
3.13345
3.1311
3.129
3.12716
3.12559
3.12428
3.12324
3.12247
3.12196
3.12172
3.12174
3.12201
3.12253
3.12329
3.12429
3.12552
3.12696
3.12861
3.13045
3.13247
3.13466
3.137
3.13948
3.14209
3.14481
3.14762
3.15052
3.15348
3.15651
3.15948
0.846372
0.784571
0.740866
0.731421
0.780818
0.913762
1.13036
1.39677
1.6697
1.92048
2.13793
2.32136
2.47448
2.60215
2.70895
2.79881
2.87489
2.93967
2.99505
3.04245
3.08294
3.11734
3.14632
3.17048
3.19038
3.20659
3.21967
3.23014
3.2385
3.24517
3.25054
3.25488
3.25843
3.26135
3.26377
3.26574
3.26734
3.26856
3.26944
3.26998
3.27016
3.27001
3.2695
3.26866
3.26747
3.26594
3.26409
3.26192
3.25944
3.25666
3.25361
3.25028
3.2467
3.24287
3.23882
3.23455
3.23008
3.22541
3.22057
3.21558
3.21045
3.2052
3.19983
3.19436
3.1888
3.18318
3.17749
3.17175
3.16599
3.1602
3.1544
3.1486
3.14282
3.13708
3.13137
3.12573
3.12015
3.11466
3.10926
3.10397
3.0988
3.09377
3.08889
3.08416
3.07961
3.07524
3.07107
3.0671
3.06334
3.05981
3.05651
3.05344
3.05063
3.04806
3.04576
3.04371
3.04193
3.04042
3.03917
3.03819
3.03748
3.03703
3.03685
3.03692
3.03724
3.03781
3.03862
3.03966
3.04091
3.04237
3.04403
3.04587
3.04789
3.05006
3.05238
3.05483
3.05739
3.06005
3.0628
3.06563
3.06852
3.07138
0.851011
0.791143
0.741126
0.708367
0.70346
0.74158
0.83811
0.996909
1.20264
1.42851
1.6506
1.85478
2.03556
2.19262
2.32794
2.44432
2.54453
2.63106
2.70597
2.77092
2.82724
2.87595
2.91792
2.95389
2.98454
3.01052
3.03247
3.05098
3.06662
3.0799
3.09125
3.10105
3.10957
3.11706
3.12369
3.12957
3.1348
3.13943
3.1435
3.14704
3.15005
3.15256
3.15457
3.1561
3.15715
3.15774
3.15787
3.15757
3.15685
3.15572
3.15421
3.15233
3.1501
3.14754
3.14466
3.14149
3.13803
3.13431
3.13035
3.12616
3.12177
3.11718
3.11243
3.10753
3.10249
3.09733
3.09206
3.08671
3.08128
3.0758
3.07027
3.06471
3.05913
3.05356
3.04801
3.04248
3.037
3.03158
3.02624
3.02098
3.01583
3.0108
3.00589
3.00114
2.99654
2.9921
2.98785
2.9838
2.97994
2.9763
2.97288
2.9697
2.96675
2.96404
2.96159
2.95939
2.95745
2.95576
2.95434
2.95319
2.95229
2.95166
2.95128
2.95116
2.95128
2.95165
2.95225
2.95307
2.95412
2.95537
2.95681
2.95844
2.96024
2.9622
2.9643
2.96654
2.96889
2.97135
2.9739
2.97652
2.97922
2.9819
0.854799
0.797919
0.746862
0.705362
0.677885
0.670753
0.69278
0.753705
0.859333
1.0062
1.18133
1.36801
1.55205
1.7246
1.88156
2.0219
2.14627
2.25604
2.35278
2.43797
2.51294
2.57882
2.63659
2.68709
2.73109
2.76934
2.80251
2.8313
2.85632
2.87815
2.89729
2.9142
2.92924
2.94271
2.95485
2.96585
2.97583
2.9849
2.99315
3.00061
3.00733
3.01335
3.01868
3.02335
3.02739
3.03081
3.03362
3.03587
3.03755
3.03871
3.03935
3.03951
3.03921
3.03847
3.03732
3.03577
3.03384
3.03157
3.02896
3.02604
3.02284
3.01937
3.01566
3.01172
3.00759
3.00328
2.9988
2.99418
2.98944
2.98458
2.97964
2.97462
2.96955
2.96444
2.9593
2.95416
2.94904
2.94393
2.93888
2.93388
2.92895
2.92412
2.91939
2.91478
2.91031
2.90598
2.90181
2.89781
2.894
2.89038
2.88697
2.88377
2.88079
2.87803
2.87552
2.87324
2.87121
2.86942
2.86788
2.8666
2.86556
2.86477
2.86422
2.86392
2.86386
2.86403
2.86442
2.86503
2.86585
2.86687
2.86808
2.86947
2.87103
2.87274
2.87459
2.87657
2.87866
2.88086
2.88315
2.88551
2.88795
2.89039
0.857613
0.803838
0.754023
0.710069
0.674015
0.648368
0.636594
0.643481
0.674827
0.735881
0.828727
0.950238
1.09244
1.24519
1.39922
1.54785
1.68716
1.81534
1.93195
2.03727
2.13193
2.21671
2.29241
2.3598
2.41964
2.47267
2.51958
2.56108
2.59783
2.63046
2.65952
2.68554
2.70896
2.73015
2.74941
2.76701
2.78314
2.79796
2.81158
2.82412
2.83563
2.84618
2.85581
2.86457
2.87249
2.87961
2.88596
2.89156
2.89645
2.90065
2.9042
2.90712
2.90945
2.91122
2.91244
2.91315
2.91338
2.91316
2.9125
2.91143
2.90997
2.90816
2.90601
2.90355
2.90082
2.89782
2.89459
2.89115
2.88751
2.8837
2.87974
2.87565
2.87145
2.86715
2.86278
2.85836
2.8539
2.84942
2.84494
2.84048
2.83606
2.83168
2.82738
2.82315
2.81903
2.81502
2.81113
2.80739
2.8038
2.80037
2.79713
2.79406
2.79119
2.78853
2.78607
2.78383
2.78181
2.78001
2.77844
2.7771
2.77599
2.77511
2.77445
2.77402
2.7738
2.77381
2.77402
2.77443
2.77504
2.77583
2.7768
2.77794
2.77923
2.78067
2.78223
2.78392
2.78572
2.78761
2.78959
2.79164
2.79377
2.79591
0.859482
0.808378
0.760626
0.716973
0.678334
0.645749
0.620512
0.604371
0.599723
0.609659
0.637655
0.68674
0.7583
0.851102
0.961192
1.08281
1.20984
1.33696
1.46029
1.57733
1.68672
1.78783
1.88057
1.9651
2.04179
2.11112
2.17364
2.22994
2.28062
2.32628
2.3675
2.4048
2.43868
2.46958
2.49785
2.52382
2.54776
2.56989
2.59037
2.60936
2.62696
2.64329
2.65841
2.67239
2.68529
2.69715
2.70804
2.71797
2.72701
2.73519
2.74253
2.74909
2.7549
2.75998
2.76439
2.76814
2.77128
2.77383
2.77583
2.7773
2.77828
2.77878
2.77884
2.77849
2.77776
2.77666
2.77524
2.77352
2.77152
2.76927
2.76678
2.7641
2.76123
2.75819
2.75502
2.75173
2.74834
2.74487
2.74135
2.73779
2.7342
2.73062
2.72705
2.72352
2.72004
2.71662
2.71329
2.71005
2.70692
2.70392
2.70106
2.69834
2.69577
2.69337
2.69115
2.68911
2.68725
2.68559
2.68411
2.68284
2.68177
2.68089
2.68021
2.67973
2.67944
2.67935
2.67943
2.67969
2.68013
2.68073
2.68148
2.68238
2.68342
2.68459
2.68587
2.68725
2.68873
2.6903
2.69194
2.69364
2.69541
2.6972
0.860565
0.811411
0.765711
0.723439
0.684828
0.650242
0.620147
0.595142
0.57603
0.563905
0.56022
0.566796
0.585678
0.618808
0.667516
0.732003
0.811029
0.902002
1.00143
1.10555
1.21092
1.31474
1.41496
1.51023
1.59976
1.68316
1.76036
1.83147
1.89678
1.95666
2.01152
2.06182
2.108
2.15048
2.18964
2.22584
2.25938
2.29054
2.31953
2.34655
2.37176
2.3953
2.41728
2.4378
2.45694
2.47479
2.49139
2.50681
2.52111
2.53434
2.54654
2.55775
2.56803
2.57742
2.58595
2.59367
2.60062
2.60683
2.61234
2.61719
2.62141
2.62503
2.62808
2.63059
2.6326
2.63413
2.63522
2.63589
2.63618
2.63612
2.63573
2.63504
2.63408
2.63287
2.63143
2.62979
2.62798
2.62601
2.62391
2.6217
2.61939
2.61702
2.6146
2.61215
2.60969
2.60723
2.60479
2.6024
2.60005
2.59778
2.59559
2.59349
2.5915
2.58962
2.58787
2.58625
2.58477
2.58344
2.58226
2.58123
2.58036
2.57965
2.5791
2.57871
2.57847
2.57839
2.57845
2.57866
2.57901
2.57949
2.58009
2.58081
2.58164
2.58258
2.5836
2.5847
2.58588
2.58712
2.58841
2.58975
2.59115
2.59255
0.861099
0.813133
0.76901
0.728261
0.690673
0.656203
0.624916
0.596954
0.572541
0.551996
0.535765
0.524448
0.518836
0.51992
0.528856
0.546866
0.575063
0.614214
0.664514
0.725419
0.795639
0.873273
0.956064
1.0417
1.12804
1.21333
1.2962
1.37571
1.45128
1.52259
1.58955
1.65221
1.71074
1.76535
1.81631
1.86387
1.90832
1.9499
1.98884
2.02536
2.05963
2.09183
2.12209
2.15054
2.17729
2.20242
2.22604
2.24822
2.26901
2.2885
2.30673
2.32377
2.33966
2.35446
2.36821
2.38097
2.39277
2.40367
2.41369
2.42289
2.43131
2.43898
2.44593
2.45221
2.45785
2.46287
2.46732
2.47122
2.4746
2.47751
2.47997
2.48201
2.48367
2.48497
2.48594
2.48661
2.487
2.48714
2.48706
2.48677
2.4863
2.48568
2.48493
2.48406
2.4831
2.48207
2.48098
2.47986
2.47872
2.47758
2.47645
2.47534
2.47428
2.47326
2.47231
2.47143
2.47063
2.46992
2.4693
2.46878
2.46836
2.46805
2.46784
2.46774
2.46775
2.46786
2.46807
2.46839
2.46879
2.46929
2.46987
2.47052
2.47125
2.47203
2.47288
2.47377
2.4747
2.47566
2.47665
2.47765
2.47869
2.47973
0.861318
0.813942
0.770775
0.731184
0.694718
0.661081
0.630095
0.601662
0.575754
0.552397
0.531673
0.513721
0.498751
0.487049
0.479
0.475088
0.475907
0.482134
0.494495
0.513685
0.540278
0.574611
0.61669
0.666132
0.722156
0.783652
0.849286
0.917643
0.987352
1.05719
1.12616
1.19348
1.25861
1.3212
1.38106
1.4381
1.49234
1.54383
1.59266
1.63895
1.68282
1.72439
1.76379
1.80111
1.83648
1.86999
1.90173
1.93179
1.96023
1.98713
2.01256
2.03658
2.05925
2.08062
2.10074
2.11967
2.13746
2.15416
2.16981
2.18446
2.19815
2.21092
2.22282
2.23388
2.24415
2.25366
2.26245
2.27055
2.27799
2.2848
2.29102
2.29669
2.30183
2.30649
2.31069
2.31447
2.31784
2.32085
2.32352
2.32588
2.32794
2.32975
2.33132
2.33267
2.33384
2.33483
2.33567
2.33639
2.33699
2.33751
2.33795
2.33833
2.33866
2.33897
2.33925
2.33953
2.33982
2.34012
2.34043
2.34078
2.34115
2.34156
2.34202
2.34251
2.34305
2.34362
2.34424
2.3449
2.34559
2.34632
2.34707
2.34784
2.34863
2.34944
2.35025
2.35106
2.35186
2.35266
2.35343
2.35419
2.35494
2.35568
0.861389
0.814244
0.77153
0.732597
0.696917
0.664079
0.633769
0.605753
0.579862
0.555979
0.53403
0.513979
0.495828
0.479611
0.4654
0.453309
0.443493
0.436161
0.431572
0.430043
0.431942
0.437676
0.447668
0.462326
0.481998
0.506922
0.537189
0.572703
0.613166
0.658092
0.706832
0.758629
0.812676
0.868169
0.924363
0.980601
1.03634
1.09114
1.14468
1.19674
1.24716
1.29584
1.34274
1.38784
1.43115
1.47269
1.51249
1.55057
1.58699
1.62179
1.65501
1.68671
1.71692
1.7457
1.77309
1.79914
1.82389
1.8474
1.8697
1.89084
1.91085
1.9298
1.9477
1.96461
1.98057
1.99562
2.00978
2.02311
2.03564
2.0474
2.05842
2.06874
2.07839
2.0874
2.0958
2.10363
2.11093
2.11772
2.12403
2.1299
2.13535
2.14041
2.14511
2.14948
2.15353
2.1573
2.1608
2.16406
2.16711
2.16995
2.17261
2.17511
2.17746
2.17968
2.18178
2.18378
2.18569
2.18751
2.18927
2.19096
2.1926
2.19418
2.19573
2.19723
2.19869
2.20011
2.20149
2.20284
2.20415
2.20542
2.20664
2.20782
2.20894
2.21001
2.21103
2.21198
2.21286
2.21368
2.21442
2.21509
2.21571
2.21628
0.861406
0.814329
0.771776
0.733121
0.697834
0.665476
0.635686
0.608168
0.582682
0.559037
0.53708
0.516692
0.497782
0.480288
0.464168
0.449403
0.435996
0.423969
0.413368
0.40426
0.396738
0.390921
0.386955
0.385016
0.385305
0.388045
0.393476
0.401839
0.413362
0.428248
0.446646
0.468641
0.494236
0.523343
0.555781
0.591283
0.629504
0.670045
0.71247
0.756334
0.801196
0.846642
0.892297
0.937831
0.982966
1.02747
1.07116
1.1139
1.15557
1.1961
1.23543
1.27353
1.31037
1.34594
1.38023
1.41326
1.44502
1.47554
1.50483
1.53291
1.5598
1.58555
1.61017
1.63369
1.65615
1.67759
1.69802
1.7175
1.73605
1.7537
1.77048
1.78644
1.80159
1.81597
1.82961
1.84254
1.85478
1.86637
1.87732
1.88769
1.8975
1.90678
1.91556
1.92386
1.93172
1.93915
1.9462
1.95287
1.95919
1.96518
1.97087
1.97626
1.98139
1.98627
1.99092
1.99534
1.99956
2.00358
2.00742
2.01109
2.0146
2.01795
2.02115
2.0242
2.02711
2.02989
2.03253
2.03504
2.03742
2.03966
2.04177
2.04375
2.04559
2.04729
2.04885
2.05027
2.05155
2.05269
2.05368
2.05453
2.05528
2.05592
0.861407
0.814342
0.77183
0.73326
0.698113
0.665954
0.636417
0.609191
0.584014
0.560665
0.538959
0.518737
0.499869
0.482247
0.46578
0.450397
0.43604
0.422666
0.410246
0.398762
0.388207
0.378588
0.369922
0.362238
0.355579
0.349999
0.345567
0.342364
0.340488
0.340048
0.341166
0.343973
0.348606
0.355202
0.363893
0.3748
0.388025
0.403643
0.421696
0.44219
0.465087
0.490307
0.517727
0.547184
0.578481
0.611394
0.645679
0.681081
0.717342
0.75421
0.791446
0.828826
0.866149
0.903235
0.93993
0.976102
1.01164
1.04647
1.0805
1.1137
1.14601
1.1774
1.20787
1.23739
1.26596
1.29358
1.32026
1.34598
1.37078
1.39466
1.41764
1.43973
1.46095
1.48134
1.50089
1.51965
1.53764
1.55487
1.57137
1.58716
1.60227
1.61671
1.63051
1.6437
1.65631
1.66836
1.67988
1.6909
1.70142
1.71148
1.7211
1.73029
1.73908
1.74748
1.75552
1.7632
1.77054
1.77756
1.78427
1.79067
1.79679
1.80262
1.80818
1.81347
1.8185
1.82328
1.8278
1.83208
1.83611
1.8399
1.84344
1.84675
1.84981
1.85264
1.85523
1.85759
1.85971
1.8616
1.86326
1.8647
1.86596
1.86706
0.861405
0.814337
0.771831
0.733277
0.698164
0.666062
0.636607
0.60949
0.584448
0.561253
0.53971
0.519653
0.500935
0.483431
0.467033
0.451647
0.437194
0.423603
0.410816
0.398785
0.387468
0.376832
0.36685
0.357504
0.348782
0.340675
0.333184
0.326314
0.320078
0.314493
0.309584
0.305381
0.301922
0.299253
0.297424
0.296494
0.296529
0.2976
0.299782
0.303156
0.307803
0.313804
0.321239
0.330178
0.340687
0.352818
0.366609
0.382081
0.399234
0.418048
0.438481
0.46047
0.483926
0.508746
0.534805
0.561965
0.590079
0.61899
0.64854
0.67857
0.708926
0.739461
0.770037
0.800528
0.83082
0.860813
0.89042
0.919568
0.948194
0.976249
1.00369
1.03049
1.05663
1.08209
1.10685
1.13092
1.15429
1.17696
1.19894
1.22022
1.24082
1.26075
1.28001
1.2986
1.31655
1.33386
1.35052
1.36657
1.38203
1.3969
1.41122
1.42499
1.43823
1.45096
1.46319
1.47494
1.48622
1.49704
1.50741
1.51735
1.52686
1.53596
1.54465
1.55294
1.56084
1.56835
1.57547
1.58223
1.58861
1.59462
1.60028
1.60557
1.61052
1.61511
1.61937
1.62328
1.62687
1.63013
1.63307
1.6357
1.63807
1.6402
0.861402
0.814329
0.77182
0.733266
0.698157
0.666065
0.636627
0.609537
0.584532
0.561385
0.539902
0.519913
0.50127
0.483846
0.467525
0.45221
0.437813
0.424257
0.411474
0.399403
0.387993
0.377195
0.366971
0.357283
0.348101
0.339398
0.331151
0.323342
0.315955
0.308977
0.302401
0.29622
0.290432
0.285037
0.280038
0.275443
0.27126
0.267503
0.264187
0.261333
0.258962
0.257101
0.255782
0.255037
0.254905
0.255426
0.256645
0.258609
0.261368
0.264971
0.26947
0.274916
0.281356
0.288837
0.2974
0.30708
0.317903
0.329891
0.343051
0.357382
0.372872
0.389494
0.407211
0.425974
0.445723
0.466386
0.487883
0.510127
0.533024
0.556477
0.580385
0.60465
0.629173
0.653857
0.678613
0.703354
0.728001
0.752483
0.776735
0.8007
0.824328
0.847578
0.870413
0.892803
0.914723
0.936161
0.957099
0.97752
0.997415
1.01677
1.03558
1.05383
1.07153
1.08868
1.10529
1.12136
1.1369
1.1519
1.16637
1.18032
1.19376
1.20667
1.21908
1.23098
1.24238
1.25329
1.26371
1.27365
1.28311
1.2921
1.30063
1.30871
1.31634
1.32353
1.33029
1.33664
1.34257
1.3481
1.35324
1.358
1.36242
1.36655
0.8614
0.814321
0.77181
0.733253
0.698143
0.66605
0.636614
0.609527
0.584528
0.561391
0.53992
0.519948
0.501326
0.483926
0.467634
0.45235
0.437986
0.424462
0.411709
0.399665
0.388273
0.377484
0.367253
0.357539
0.348307
0.339524
0.33116
0.32319
0.315589
0.308338
0.301416
0.294808
0.288499
0.282476
0.276729
0.271247
0.266023
0.261051
0.256327
0.251846
0.247608
0.243612
0.239859
0.236352
0.233095
0.230095
0.227358
0.224893
0.222712
0.220828
0.219254
0.218007
0.217107
0.216573
0.216428
0.216697
0.217407
0.218585
0.220261
0.222468
0.225235
0.228597
0.232584
0.237229
0.242563
0.248613
0.255406
0.262966
0.271311
0.280457
0.290412
0.30118
0.31276
0.325143
0.338313
0.352248
0.36692
0.382294
0.398328
0.414975
0.432184
0.449898
0.468059
0.486604
0.50547
0.524593
0.543909
0.563355
0.582868
0.602388
0.62187
0.641255
0.66049
0.679527
0.698318
0.716821
0.735004
0.752839
0.770303
0.787375
0.80404
0.820284
0.836097
0.851473
0.866405
0.880889
0.894925
0.908512
0.921649
0.93434
0.946587
0.958392
0.969759
0.980693
0.991199
1.00128
1.01094
1.0202
1.02904
1.03749
1.04556
1.05326
0.861399
0.814317
0.771804
0.733245
0.698133
0.666039
0.636602
0.609515
0.584516
0.561379
0.53991
0.51994
0.501322
0.483926
0.46764
0.452363
0.438006
0.424492
0.411749
0.399715
0.388335
0.377557
0.367335
0.35763
0.348403
0.339622
0.331255
0.323274
0.315655
0.308374
0.301411
0.294745
0.28836
0.28224
0.27637
0.270736
0.265328
0.260133
0.255141
0.250345
0.245735
0.241304
0.237047
0.232957
0.22903
0.225262
0.22165
0.218191
0.214883
0.211725
0.208717
0.205859
0.203153
0.200601
0.198204
0.195968
0.193896
0.191994
0.190268
0.188725
0.187374
0.186223
0.185285
0.184569
0.184088
0.183857
0.183891
0.184206
0.184819
0.185749
0.187015
0.188638
0.19064
0.193041
0.195865
0.199134
0.202871
0.207096
0.211833
0.2171
0.222918
0.229304
0.236271
0.243834
0.252001
0.26078
0.270173
0.280179
0.290794
0.302009
0.31381
0.326182
0.339101
0.352543
0.36648
0.380883
0.395713
0.410931
0.426491
0.442351
0.458463
0.474781
0.491257
0.507844
0.524496
0.541167
0.557814
0.574393
0.590864
0.607189
0.623332
0.639259
0.65494
0.670345
0.68545
0.700231
0.714668
0.728743
0.74244
0.755746
0.768655
0.781127
0.861399
0.814317
0.771804
0.733245
0.698133
0.666039
0.636602
0.609515
0.584516
0.561379
0.53991
0.51994
0.501322
0.483926
0.46764
0.452363
0.438006
0.424492
0.411749
0.399715
0.388335
0.377557
0.367335
0.35763
0.348403
0.339622
0.331255
0.323274
0.315655
0.308374
0.301411
0.294745
0.28836
0.28224
0.27637
0.270737
0.265328
0.260133
0.255142
0.250346
0.245736
0.241306
0.237049
0.23296
0.229034
0.225266
0.221655
0.218196
0.214889
0.211732
0.208726
0.205869
0.203164
0.200613
0.198217
0.195981
0.19391
0.192007
0.19028
0.188735
0.187381
0.186226
0.185281
0.184556
0.184064
0.183819
0.183835
0.184127
0.184713
0.18561
0.186837
0.188414
0.190361
0.1927
0.195451
0.198638
0.20228
0.2064
0.211019
0.216156
0.22183
0.228058
0.234856
0.242235
0.250207
0.258777
0.267952
0.277729
0.288107
0.299078
0.310631
0.32275
0.335416
0.348607
0.3623
0.376461
0.391055
0.406043
0.421383
0.437033
0.452946
0.469078
0.485382
0.501811
0.518319
0.534861
0.551392
0.567869
0.584252
0.600502
0.616581
0.632456
0.648095
0.663469
0.678551
0.693318
0.707748
0.721822
0.735524
0.748841
0.761765
0.774257
0.8614
0.814321
0.77181
0.733253
0.698143
0.66605
0.636614
0.609527
0.584528
0.561391
0.53992
0.519948
0.501326
0.483926
0.467634
0.45235
0.437985
0.424462
0.411709
0.399664
0.388273
0.377484
0.367252
0.357539
0.348307
0.339523
0.33116
0.323189
0.315589
0.308338
0.301417
0.294809
0.288501
0.282479
0.276732
0.271252
0.266029
0.261059
0.256337
0.251859
0.247624
0.243632
0.239884
0.236382
0.233132
0.230138
0.227409
0.224953
0.222781
0.220906
0.219341
0.218105
0.217214
0.216688
0.216551
0.216825
0.217537
0.218714
0.220384
0.222579
0.225327
0.228661
0.232611
0.237208
0.24248
0.248455
0.255158
0.26261
0.270829
0.27983
0.289622
0.300207
0.311583
0.323742
0.336669
0.350342
0.364734
0.379812
0.395535
0.411858
0.428731
0.446101
0.46391
0.482099
0.500605
0.519367
0.538323
0.55741
0.576568
0.595743
0.614883
0.63393
0.652834
0.671542
0.690007
0.708192
0.726065
0.743599
0.76077
0.777557
0.793945
0.80992
0.825473
0.840596
0.855283
0.869532
0.88334
0.896708
0.909636
0.922126
0.934181
0.945804
0.956999
0.967771
0.978124
0.988063
0.997595
1.00672
1.01546
1.0238
1.03178
1.0394
0.861402
0.814329
0.77182
0.733266
0.698157
0.666065
0.636627
0.609537
0.584532
0.561385
0.539902
0.519912
0.50127
0.483845
0.467524
0.452209
0.437812
0.424256
0.411472
0.399402
0.387991
0.377194
0.36697
0.357282
0.348101
0.339399
0.331153
0.323345
0.31596
0.308985
0.302412
0.296234
0.290451
0.285062
0.280071
0.275484
0.271312
0.267568
0.264267
0.26143
0.25908
0.257243
0.25595
0.255235
0.255135
0.255692
0.256949
0.258952
0.261751
0.265394
0.269931
0.275412
0.281882
0.289385
0.297961
0.307642
0.318453
0.330413
0.343527
0.357793
0.373197
0.389711
0.407298
0.425908
0.445481
0.465947
0.487227
0.509235
0.531879
0.555064
0.578692
0.602665
0.626887
0.651265
0.675709
0.700136
0.724468
0.748634
0.772571
0.796221
0.819538
0.842479
0.865007
0.887092
0.908711
0.929852
0.950493
0.970618
0.990216
1.00927
1.02778
1.04573
1.06314
1.08
1.09632
1.11211
1.12736
1.14208
1.15628
1.16995
1.18311
1.19576
1.2079
1.21954
1.23068
1.24133
1.2515
1.26119
1.27041
1.27917
1.28747
1.29532
1.30274
1.30972
1.31627
1.32242
1.32816
1.33351
1.33848
1.34307
1.34734
1.35132
0.861405
0.814337
0.771831
0.733277
0.698164
0.666062
0.636607
0.60949
0.584447
0.561251
0.539709
0.519651
0.500932
0.483428
0.467029
0.451643
0.437189
0.423599
0.410813
0.398782
0.387466
0.376832
0.366854
0.357511
0.348793
0.340692
0.333209
0.326349
0.320124
0.314553
0.309661
0.305479
0.302046
0.299407
0.297615
0.296729
0.296815
0.297945
0.300195
0.303645
0.308377
0.31447
0.322003
0.331045
0.341659
0.353893
0.367783
0.383346
0.400579
0.419457
0.439936
0.461946
0.485401
0.510191
0.536191
0.563265
0.591262
0.620029
0.649408
0.679242
0.70938
0.739678
0.769999
0.80022
0.830231
0.859933
0.889242
0.918085
0.946402
0.974146
1.00128
1.02777
1.05359
1.07873
1.10319
1.12695
1.15001
1.17237
1.19405
1.21503
1.23534
1.25497
1.27394
1.29225
1.30991
1.32693
1.34331
1.35908
1.37426
1.38886
1.40291
1.41641
1.42939
1.44185
1.45382
1.46531
1.47633
1.4869
1.49702
1.50671
1.51597
1.52483
1.53327
1.54132
1.54898
1.55626
1.56316
1.56969
1.57585
1.58164
1.58708
1.59217
1.59692
1.60131
1.60538
1.60911
1.61252
1.61561
1.61838
1.62086
1.62308
1.62508
0.861407
0.814342
0.77183
0.73326
0.698112
0.665953
0.636415
0.609187
0.584009
0.560659
0.538951
0.518729
0.49986
0.482238
0.465771
0.450389
0.436034
0.422664
0.410249
0.398771
0.388225
0.378618
0.369966
0.362301
0.355664
0.350111
0.345713
0.342551
0.340725
0.340346
0.341536
0.344429
0.349163
0.355877
0.364702
0.37576
0.38915
0.404945
0.423185
0.443869
0.466956
0.492357
0.519944
0.549548
0.580965
0.613968
0.648307
0.683726
0.719967
0.756776
0.793915
0.831164
0.868322
0.905215
0.94169
0.97762
1.0129
1.04745
1.08119
1.11408
1.14608
1.17716
1.2073
1.2365
1.26474
1.29203
1.31838
1.34378
1.36825
1.39181
1.41447
1.43625
1.45717
1.47724
1.4965
1.51497
1.53266
1.54961
1.56583
1.58134
1.59617
1.61034
1.62387
1.6368
1.64915
1.66095
1.67222
1.68298
1.69326
1.70308
1.71246
1.72142
1.72997
1.73814
1.74594
1.7534
1.76051
1.7673
1.77378
1.77996
1.78586
1.79147
1.79681
1.80189
1.80671
1.81128
1.81559
1.81967
1.8235
1.82709
1.83044
1.83356
1.83645
1.8391
1.84152
1.84372
1.84569
1.84743
1.84895
1.85026
1.85139
1.85238
0.861405
0.814329
0.771776
0.733119
0.69783
0.66547
0.635677
0.608156
0.582668
0.559021
0.537062
0.516674
0.497766
0.480275
0.464162
0.449406
0.436013
0.424004
0.413426
0.404347
0.396862
0.391091
0.387183
0.385313
0.385686
0.388528
0.39408
0.402586
0.414277
0.429353
0.447966
0.470198
0.496047
0.525421
0.55813
0.593899
0.632374
0.673148
0.715777
0.759808
0.804796
0.850324
0.896015
0.941541
0.986623
1.03103
1.07459
1.11716
1.15864
1.19894
1.23802
1.27585
1.3124
1.34766
1.38164
1.41434
1.44576
1.47594
1.50489
1.53262
1.55918
1.58458
1.60885
1.63204
1.65417
1.67528
1.69539
1.71455
1.73279
1.75014
1.76663
1.78229
1.79716
1.81127
1.82464
1.8373
1.84928
1.86061
1.87132
1.88144
1.89101
1.90006
1.90861
1.91669
1.92433
1.93155
1.93837
1.94483
1.95094
1.95672
1.9622
1.96739
1.97232
1.97699
1.98143
1.98566
1.98967
1.99349
1.99713
2.0006
2.0039
2.00705
2.01005
2.01291
2.01563
2.01822
2.02067
2.02299
2.02519
2.02725
2.02919
2.03099
2.03267
2.03421
2.03562
2.0369
2.03804
2.03905
2.03992
2.04065
2.04129
2.04184
0.861388
0.814243
0.771526
0.73259
0.696905
0.664061
0.633746
0.605726
0.579833
0.55595
0.534004
0.513962
0.495824
0.479627
0.465445
0.453393
0.443628
0.43636
0.431853
0.430427
0.432453
0.43834
0.448515
0.463387
0.483301
0.508499
0.539063
0.574892
0.61568
0.660932
0.70999
0.762087
0.816406
0.872139
0.928532
0.984928
1.04078
1.09565
1.14922
1.20125
1.25161
1.30019
1.34696
1.39189
1.435
1.47631
1.51585
1.55366
1.58978
1.62426
1.65716
1.68851
1.71838
1.7468
1.77384
1.79953
1.82393
1.84708
1.86903
1.88982
1.9095
1.92811
1.94569
1.96229
1.97793
1.99268
2.00655
2.0196
2.03184
2.04334
2.0541
2.06417
2.07357
2.08234
2.09051
2.09812
2.1052
2.11177
2.11788
2.12355
2.1288
2.13367
2.13818
2.14236
2.14623
2.14982
2.15314
2.15622
2.15909
2.16175
2.16423
2.16655
2.16872
2.17076
2.17268
2.17449
2.17622
2.17786
2.17943
2.18094
2.18239
2.18379
2.18515
2.18647
2.18774
2.18898
2.19019
2.19136
2.19249
2.19359
2.19465
2.19566
2.19663
2.19756
2.19843
2.19924
2.2
2.20069
2.20132
2.20189
2.20241
2.2029
0.861316
0.813937
0.770764
0.731165
0.694689
0.661045
0.630052
0.601618
0.575716
0.552372
0.531671
0.513756
0.498837
0.487207
0.479253
0.475467
0.476447
0.482877
0.495485
0.514968
0.541895
0.576596
0.619064
0.6689
0.725309
0.787166
0.853128
0.921773
0.991727
1.06177
1.1309
1.19835
1.26357
1.32622
1.3861
1.44314
1.49734
1.54875
1.59748
1.64363
1.68732
1.72869
1.76785
1.80492
1.84001
1.87322
1.90464
1.93437
1.96247
1.98902
2.01409
2.03775
2.06005
2.08106
2.10083
2.11941
2.13685
2.15321
2.16853
2.18286
2.19623
2.2087
2.22031
2.23109
2.24109
2.25034
2.25887
2.26672
2.27393
2.28052
2.28652
2.29198
2.29692
2.30139
2.3054
2.309
2.3122
2.31504
2.31754
2.31974
2.32164
2.32329
2.32471
2.32591
2.32692
2.32776
2.32845
2.32901
2.32946
2.32982
2.3301
2.33032
2.3305
2.33064
2.33076
2.33087
2.33099
2.33111
2.33126
2.33143
2.33162
2.33186
2.33213
2.33245
2.33281
2.33321
2.33365
2.33414
2.33466
2.33522
2.33581
2.33642
2.33706
2.33772
2.33839
2.33907
2.33975
2.34043
2.3411
2.34175
2.34242
2.34308
0.861096
0.813121
0.768984
0.72822
0.69062
0.656145
0.62486
0.596913
0.572531
0.55204
0.535888
0.524686
0.519234
0.520534
0.529752
0.548115
0.576733
0.616363
0.667174
0.728592
0.799295
0.877354
0.960498
1.04641
1.13296
1.21839
1.30135
1.38093
1.45654
1.52787
1.59484
1.6575
1.716
1.77057
1.82146
1.86894
1.91327
1.9547
1.99347
2.02978
2.06383
2.09577
2.12575
2.1539
2.18032
2.20513
2.2284
2.25023
2.27067
2.2898
2.30767
2.32435
2.3399
2.35435
2.36777
2.3802
2.39168
2.40227
2.412
2.42092
2.42906
2.43647
2.44317
2.44921
2.45462
2.45943
2.46366
2.46736
2.47056
2.47328
2.47557
2.47745
2.47895
2.4801
2.48092
2.48145
2.4817
2.48171
2.48149
2.48108
2.48048
2.47974
2.47885
2.47786
2.47677
2.47561
2.47439
2.47314
2.47186
2.47058
2.46931
2.46806
2.46685
2.46568
2.46458
2.46354
2.46257
2.4617
2.46091
2.46022
2.45963
2.45914
2.45876
2.45849
2.45832
2.45825
2.45829
2.45843
2.45867
2.459
2.45942
2.45991
2.46049
2.46113
2.46184
2.4626
2.4634
2.46425
2.46513
2.46604
2.467
2.46797
0.860556
0.811383
0.765662
0.723372
0.684754
0.650177
0.620113
0.59517
0.576161
0.564195
0.560745
0.56765
0.58697
0.620647
0.669989
0.735154
0.814843
0.906407
1.00631
1.11079
1.21638
1.32032
1.42058
1.51583
1.60531
1.68866
1.76579
1.83684
1.9021
1.96193
2.01674
2.067
2.11311
2.15551
2.19458
2.23065
2.26404
2.29501
2.32379
2.35058
2.37553
2.39878
2.42046
2.44066
2.45948
2.47698
2.49324
2.50832
2.52227
2.53515
2.54701
2.5579
2.56786
2.57693
2.58516
2.59259
2.59926
2.6052
2.61046
2.61507
2.61905
2.62246
2.6253
2.62762
2.62944
2.6308
2.63172
2.63224
2.63238
2.63218
2.63166
2.63084
2.62976
2.62843
2.62688
2.62513
2.62321
2.62114
2.61894
2.61662
2.61422
2.61174
2.60921
2.60666
2.60408
2.60151
2.59896
2.59645
2.59398
2.59158
2.58926
2.58702
2.58489
2.58287
2.58097
2.5792
2.57757
2.57607
2.57473
2.57353
2.57249
2.57161
2.57088
2.57031
2.5699
2.56964
2.56953
2.56956
2.56974
2.57005
2.57049
2.57106
2.57174
2.57252
2.57341
2.57438
2.57544
2.57657
2.57776
2.579
2.58032
2.58166
0.859464
0.80833
0.760551
0.716886
0.678261
0.645727
0.620595
0.604638
0.600284
0.61066
0.639265
0.689117
0.761546
0.855221
0.966084
1.08831
1.21573
1.34308
1.46647
1.58348
1.69275
1.79372
1.88629
1.97065
2.04719
2.11639
2.17881
2.23502
2.28564
2.33125
2.37241
2.40966
2.44347
2.47428
2.50244
2.52828
2.55205
2.57398
2.59423
2.61297
2.6303
2.64634
2.66115
2.67481
2.68739
2.69892
2.70948
2.71909
2.7278
2.73566
2.7427
2.74896
2.75448
2.75929
2.76344
2.76694
2.76984
2.77217
2.77396
2.77523
2.77602
2.77635
2.77624
2.77574
2.77486
2.77363
2.77208
2.77024
2.76813
2.76577
2.76319
2.76041
2.75745
2.75433
2.75107
2.74769
2.74422
2.74068
2.73707
2.73342
2.72976
2.72608
2.72243
2.7188
2.71523
2.71171
2.70827
2.70493
2.70169
2.69857
2.69558
2.69273
2.69003
2.68749
2.68513
2.68293
2.68092
2.67909
2.67746
2.67602
2.67477
2.67372
2.67287
2.67221
2.67174
2.67147
2.67138
2.67146
2.67173
2.67216
2.67275
2.67349
2.67438
2.6754
2.67654
2.6778
2.67916
2.68061
2.68215
2.68376
2.68546
2.68718
0.857582
0.803766
0.753927
0.709985
0.674001
0.648514
0.637038
0.644422
0.676517
0.738564
0.832539
0.955139
1.09822
1.25157
1.40591
1.55462
1.69385
1.82187
1.93825
2.04331
2.13771
2.22224
2.29771
2.3649
2.42458
2.47747
2.52429
2.56573
2.60243
2.63502
2.66406
2.69004
2.71339
2.7345
2.75365
2.7711
2.78706
2.80167
2.81507
2.82735
2.83859
2.84885
2.85819
2.86664
2.87426
2.88107
2.88711
2.89242
2.89701
2.90094
2.90422
2.90688
2.90896
2.91049
2.9115
2.912
2.91203
2.91162
2.91079
2.90956
2.90796
2.906
2.90373
2.90115
2.89831
2.89521
2.89189
2.88835
2.88463
2.88075
2.87671
2.87255
2.86828
2.86392
2.85949
2.855
2.85048
2.84594
2.8414
2.83687
2.83237
2.82793
2.82354
2.81924
2.81503
2.81093
2.80695
2.8031
2.7994
2.79587
2.7925
2.78931
2.78631
2.7835
2.7809
2.77851
2.77634
2.77438
2.77265
2.77114
2.76986
2.7688
2.76796
2.76735
2.76696
2.76678
2.76681
2.76705
2.76749
2.76811
2.76892
2.76989
2.77103
2.77233
2.77376
2.77532
2.777
2.77879
2.78067
2.78264
2.78469
2.78677
0.854751
0.797826
0.746765
0.70534
0.678073
0.671377
0.694173
0.756252
0.863296
1.01155
1.18777
1.37508
1.55938
1.7319
1.88866
2.02871
2.15275
2.26218
2.35858
2.44345
2.51813
2.58375
2.64129
2.6916
2.73547
2.77362
2.80674
2.83549
2.8605
2.88232
2.90145
2.91833
2.93332
2.94671
2.95874
2.96959
2.97941
2.98828
2.9963
3.00352
3.00998
3.01573
3.02078
3.02518
3.02893
3.03207
3.03462
3.03659
3.03803
3.03894
3.03935
3.03929
3.03878
3.03784
3.0365
3.03478
3.03269
3.03027
3.02753
3.02448
3.02116
3.01758
3.01378
3.00976
3.00554
3.00115
2.99661
2.99192
2.98712
2.98221
2.97721
2.97215
2.96703
2.96187
2.95668
2.9515
2.94632
2.94117
2.93606
2.931
2.92602
2.92112
2.91632
2.91164
2.90709
2.90268
2.89842
2.89432
2.89041
2.88668
2.88315
2.87983
2.87672
2.87383
2.87117
2.86874
2.86656
2.86461
2.86291
2.86145
2.86024
2.85927
2.85855
2.85807
2.85783
2.85782
2.85803
2.85847
2.85912
2.85997
2.86102
2.86225
2.86365
2.86522
2.86694
2.86879
2.87077
2.87287
2.87506
2.87735
2.87972
2.8821
0.850946
0.791039
0.741074
0.708546
0.704202
0.7434
0.841547
1.00216
1.20938
1.43612
1.6585
1.86258
2.04306
2.1997
2.3346
2.45054
2.55035
2.6365
2.71107
2.77572
2.83175
2.88023
2.92201
2.95783
2.98838
3.0143
3.03623
3.05475
3.07041
3.0837
3.09506
3.10484
3.11333
3.12075
3.12727
3.13302
3.13808
3.14252
3.14638
3.14969
3.15246
3.15473
3.15649
3.15777
3.15857
3.15891
3.1588
3.15827
3.15733
3.15599
3.15428
3.15221
3.14981
3.14708
3.14405
3.14074
3.13716
3.13332
3.12925
3.12496
3.12048
3.11581
3.11099
3.10602
3.10092
3.09571
3.09039
3.08499
3.07952
3.074
3.06843
3.06284
3.05723
3.05162
3.04603
3.04047
3.03495
3.02949
3.0241
3.0188
3.0136
3.00851
3.00354
2.99872
2.99404
2.98953
2.9852
2.98105
2.97709
2.97335
2.96981
2.96651
2.96343
2.96059
2.95799
2.95565
2.95355
2.95171
2.95012
2.9488
2.94773
2.94692
2.94637
2.94606
2.94601
2.94619
2.94662
2.94727
2.94814
2.94923
2.95051
2.95199
2.95364
2.95546
2.95744
2.95956
2.9618
2.96416
2.96662
2.96917
2.97181
2.97444
0.846292
0.784482
0.740966
0.732137
0.78289
0.917939
1.13673
1.40461
1.67813
1.92885
2.1459
2.3288
2.48137
2.6085
2.71482
2.80424
2.87994
2.94437
2.99943
3.04656
3.08681
3.12101
3.14984
3.17389
3.19373
3.20993
3.22302
3.23352
3.24192
3.24864
3.25402
3.25837
3.26189
3.26475
3.26707
3.26892
3.27036
3.27142
3.2721
3.27243
3.27241
3.27203
3.2713
3.27023
3.26883
3.26709
3.26503
3.26266
3.25999
3.25704
3.25382
3.25033
3.24661
3.24265
3.23847
3.23409
3.22951
3.22475
3.21982
3.21476
3.20956
3.20424
3.19881
3.1933
3.1877
3.18203
3.17631
3.17055
3.16475
3.15893
3.15311
3.14729
3.14149
3.13571
3.12998
3.12431
3.1187
3.11317
3.10774
3.10241
3.09719
3.09211
3.08717
3.08239
3.07776
3.07332
3.06906
3.065
3.06115
3.05751
3.0541
3.05092
3.04798
3.04528
3.04283
3.04064
3.03871
3.03704
3.03563
3.03448
3.0336
3.03298
3.03262
3.03251
3.03266
3.03305
3.03369
3.03455
3.03564
3.03694
3.03844
3.04014
3.04201
3.04405
3.04625
3.04858
3.05104
3.05362
3.05629
3.05904
3.06188
3.0647
0.841078
0.780264
0.755504
0.803802
0.967329
1.24502
1.57666
1.89751
2.175
2.40284
2.5863
2.73352
2.85222
2.9487
3.02788
3.09347
3.14829
3.1944
3.23331
3.26611
3.29358
3.31633
3.33484
3.34959
3.36104
3.36966
3.37593
3.38029
3.38316
3.38488
3.38575
3.38599
3.38577
3.3852
3.38435
3.38328
3.38199
3.3805
3.37881
3.37691
3.3748
3.37246
3.36991
3.36713
3.36412
3.36089
3.35744
3.35379
3.34993
3.34587
3.34164
3.33722
3.33264
3.3279
3.323
3.31797
3.31281
3.30752
3.30214
3.29666
3.2911
3.28547
3.27978
3.27404
3.26825
3.26243
3.25659
3.25074
3.24488
3.23903
3.2332
3.2274
3.22163
3.21592
3.21027
3.20468
3.19919
3.19378
3.18848
3.1833
3.17824
3.17333
3.16856
3.16396
3.15953
3.15528
3.15122
3.14736
3.14371
3.14028
3.13708
3.13411
3.13138
3.12889
3.12666
3.12468
3.12296
3.12149
3.12029
3.11936
3.11868
3.11827
3.11811
3.11821
3.11856
3.11915
3.11998
3.12104
3.12232
3.12382
3.12551
3.12739
3.12944
3.13166
3.13403
3.13653
3.13915
3.14188
3.14471
3.14761
3.15059
3.15352
0.835835
0.782846
0.804872
0.972689
1.30328
1.70602
2.08215
2.39101
2.63171
2.81656
2.95887
3.0695
3.15657
3.226
3.28206
3.32785
3.36559
3.39688
3.42283
3.44421
3.46156
3.47529
3.48573
3.49325
3.49822
3.50104
3.50213
3.50185
3.50057
3.49857
3.49608
3.49328
3.49028
3.48717
3.48398
3.48074
3.47744
3.47408
3.47065
3.46713
3.46351
3.45978
3.45592
3.45195
3.44784
3.4436
3.43923
3.43474
3.43012
3.42538
3.42053
3.41557
3.4105
3.40534
3.40009
3.39474
3.38932
3.38384
3.37829
3.3727
3.36707
3.3614
3.3557
3.34999
3.34426
3.33852
3.33279
3.32707
3.32137
3.31569
3.31005
3.30446
3.29892
3.29344
3.28803
3.28271
3.27747
3.27234
3.26732
3.26243
3.25766
3.25304
3.24857
3.24426
3.24012
3.23616
3.2324
3.22883
3.22547
3.22232
3.2194
3.2167
3.21424
3.21202
3.21004
3.20831
3.20683
3.20561
3.20464
3.20393
3.20347
3.20327
3.20332
3.20362
3.20416
3.20494
3.20595
3.20718
3.20863
3.21028
3.21212
3.21415
3.21634
3.21869
3.22118
3.2238
3.22654
3.22937
3.23229
3.23528
3.23835
3.24134
0.831589
0.802127
0.9281
1.28649
1.77028
2.21974
2.5724
2.83259
3.0221
3.16115
3.26467
3.34304
3.40334
3.45043
3.48771
3.51757
3.54168
3.56119
3.5769
3.58929
3.5987
3.60539
3.60958
3.61155
3.61159
3.61005
3.60726
3.60355
3.59922
3.59449
3.58956
3.58455
3.57954
3.57459
3.56972
3.56492
3.56018
3.5555
3.55084
3.54619
3.54153
3.53685
3.53214
3.52739
3.52258
3.51772
3.5128
3.50783
3.50279
3.49771
3.49257
3.48737
3.48213
3.47683
3.47149
3.46611
3.46069
3.45525
3.44979
3.44431
3.43882
3.43333
3.42783
3.42234
3.41686
3.4114
3.40595
3.40054
3.39516
3.38982
3.38452
3.37928
3.37411
3.369
3.36398
3.35904
3.3542
3.34946
3.34483
3.34033
3.33596
3.33173
3.32764
3.32372
3.31996
3.31638
3.31298
3.30977
3.30676
3.30396
3.30136
3.29899
3.29684
3.29492
3.29323
3.29178
3.29057
3.28961
3.28889
3.28841
3.28818
3.28819
3.28844
3.28893
3.28965
3.2906
3.29177
3.29315
3.29473
3.29651
3.29848
3.30061
3.3029
3.30534
3.30792
3.31061
3.3134
3.31629
3.31926
3.32228
3.32537
3.32838
0.83047
0.859252
1.17557
1.73833
2.29171
2.71247
3.00523
3.20562
3.3443
3.44215
3.51262
3.56433
3.6029
3.63208
3.65441
3.67165
3.68499
3.69523
3.70287
3.70821
3.71144
3.71267
3.71207
3.70982
3.70617
3.70139
3.69577
3.68958
3.68306
3.67639
3.66973
3.66317
3.65676
3.65053
3.64449
3.63862
3.63291
3.62733
3.62187
3.61649
3.61118
3.60592
3.6007
3.5955
3.59032
3.58514
3.57997
3.57481
3.56963
3.56446
3.55928
3.55409
3.5489
3.5437
3.53849
3.53327
3.52806
3.52285
3.51765
3.51246
3.50729
3.50213
3.497
3.49188
3.4868
3.48174
3.47672
3.47175
3.46681
3.46193
3.4571
3.45233
3.44763
3.44301
3.43847
3.43402
3.42966
3.42541
3.42126
3.41724
3.41334
3.40958
3.40596
3.40249
3.39918
3.39603
3.39306
3.39027
3.38766
3.38525
3.38303
3.38102
3.37922
3.37763
3.37626
3.37512
3.3742
3.3735
3.37304
3.3728
3.3728
3.37302
3.37347
3.37414
3.37503
3.37613
3.37744
3.37895
3.38065
3.38253
3.38458
3.38679
3.38914
3.39163
3.39424
3.39696
3.39978
3.40268
3.40564
3.40866
3.41173
3.4147
0.837083
0.991886
1.56879
2.26379
2.79675
3.14662
3.36902
3.51204
3.60618
3.6696
3.71315
3.74348
3.76478
3.77978
3.79031
3.79759
3.80244
3.80538
3.80669
3.80651
3.80492
3.80196
3.79771
3.7923
3.78592
3.7788
3.77116
3.76323
3.75519
3.74721
3.73939
3.73179
3.72445
3.71739
3.7106
3.70406
3.69774
3.69162
3.68568
3.67989
3.67423
3.66868
3.66323
3.65785
3.65255
3.64731
3.64212
3.63698
3.63188
3.62682
3.62179
3.6168
3.61183
3.60689
3.60197
3.59708
3.59221
3.58738
3.58258
3.57781
3.57308
3.56838
3.56372
3.55909
3.55451
3.54997
3.54547
3.54103
3.53663
3.5323
3.52802
3.52381
3.51967
3.51561
3.51163
3.50774
3.50394
3.50024
3.49665
3.49317
3.48981
3.48658
3.48348
3.48052
3.47771
3.47505
3.47255
3.47021
3.46805
3.46607
3.46426
3.46265
3.46122
3.46
3.45897
3.45815
3.45753
3.45713
3.45693
3.45695
3.45717
3.45761
3.45825
3.4591
3.46015
3.46139
3.46282
3.46444
3.46623
3.46818
3.47029
3.47255
3.47494
3.47745
3.48007
3.48278
3.48558
3.48844
3.49137
3.49434
3.49735
3.50025
0.861181
1.2442
2.07273
2.79223
3.24674
3.51205
3.66751
3.76086
3.81819
3.85383
3.87593
3.88934
3.89701
3.90085
3.90208
3.90151
3.89967
3.89684
3.89317
3.88868
3.88335
3.87716
3.87016
3.86241
3.85406
3.84528
3.83625
3.82716
3.81814
3.80932
3.80077
3.79255
3.78466
3.77712
3.7699
3.763
3.75637
3.74999
3.74384
3.73789
3.73212
3.72651
3.72104
3.71569
3.71046
3.70533
3.7003
3.69535
3.69048
3.68568
3.68095
3.67628
3.67167
3.66711
3.6626
3.65814
3.65373
3.64937
3.64506
3.64081
3.6366
3.63244
3.62833
3.62427
3.62026
3.6163
3.6124
3.60856
3.60477
3.60104
3.59738
3.59379
3.59027
3.58682
3.58346
3.58018
3.57699
3.57389
3.5709
3.56801
3.56524
3.56258
3.56004
3.55764
3.55536
3.55323
3.55124
3.5494
3.54771
3.54619
3.54483
3.54364
3.54262
3.54177
3.54111
3.54063
3.54034
3.54023
3.54032
3.54059
3.54105
3.5417
3.54254
3.54356
3.54476
3.54614
3.54768
3.54939
3.55126
3.55327
3.55543
3.5577
3.5601
3.5626
3.5652
3.56788
3.57063
3.57344
3.5763
3.57919
3.58211
3.58491
0.921567
1.63494
2.62374
3.27799
3.62928
3.8127
3.91021
3.96269
3.99047
4.00407
4.00927
4.00935
4.0063
4.00133
3.99522
3.98846
3.98131
3.97393
3.96632
3.95843
3.9502
3.94155
3.93248
3.92303
3.91328
3.90337
3.89344
3.88362
3.87402
3.86473
3.8558
3.84726
3.83912
3.83136
3.82399
3.81696
3.81024
3.80382
3.79767
3.79175
3.78605
3.78055
3.77522
3.77006
3.76504
3.76016
3.75541
3.75077
3.74624
3.74181
3.73747
3.73322
3.72905
3.72495
3.72092
3.71696
3.71308
3.70925
3.7055
3.70181
3.69818
3.69461
3.6911
3.68766
3.68427
3.68094
3.67767
3.67447
3.67133
3.66825
3.66524
3.6623
3.65943
3.65663
3.65392
3.65129
3.64874
3.64628
3.64392
3.64166
3.63949
3.63744
3.6355
3.63367
3.63196
3.63038
3.62893
3.62761
3.62643
3.62538
3.62449
3.62374
3.62315
3.62271
3.62243
3.62231
3.62235
3.62256
3.62293
3.62347
3.62418
3.62505
3.62609
3.62728
3.62864
3.63014
3.6318
3.6336
3.63553
3.63759
3.63977
3.64206
3.64445
3.64693
3.64949
3.65211
3.6548
3.65753
3.66029
3.66308
3.66589
3.66857
1.04783
2.14113
3.16618
3.70126
3.94668
4.05816
4.10789
4.12763
4.13203
4.12828
4.12018
4.10978
4.09827
4.08635
4.07442
4.06273
4.05137
4.04036
4.02963
4.01907
4.00857
3.99803
3.98742
3.97673
3.96602
3.95538
3.9449
3.93468
3.92479
3.9153
3.90624
3.89763
3.88945
3.8817
3.87435
3.86738
3.86075
3.85445
3.84844
3.8427
3.8372
3.83193
3.82686
3.82198
3.81728
3.81274
3.80835
3.8041
3.79998
3.79598
3.79209
3.78831
3.78463
3.78104
3.77754
3.77412
3.77079
3.76754
3.76437
3.76127
3.75825
3.75529
3.75241
3.7496
3.74685
3.74417
3.74155
3.739
3.73652
3.73411
3.73177
3.72949
3.72729
3.72517
3.72312
3.72115
3.71926
3.71745
3.71574
3.71411
3.71258
3.71114
3.70981
3.70858
3.70746
3.70644
3.70554
3.70476
3.7041
3.70356
3.70315
3.70286
3.70271
3.70269
3.70281
3.70306
3.70346
3.70399
3.70467
3.70548
3.70645
3.70755
3.70879
3.71016
3.71167
3.71331
3.71508
3.71696
3.71896
3.72106
3.72327
3.72556
3.72793
3.73038
3.73288
3.73544
3.73805
3.74068
3.74334
3.74601
3.7487
3.75125
1.27351
2.71741
3.66587
4.05945
4.20803
4.25953
4.27092
4.26479
4.25079
4.23341
4.21483
4.19615
4.17795
4.1605
4.14395
4.12832
4.11359
4.09967
4.08643
4.07375
4.06146
4.04947
4.03769
4.02611
4.01475
4.00365
3.99288
3.98249
3.97254
3.96304
3.95403
3.94551
3.93745
3.92984
3.92266
3.91588
3.90947
3.90339
3.89763
3.89216
3.88695
3.88199
3.87725
3.87272
3.86839
3.86424
3.86026
3.85644
3.85276
3.84923
3.84582
3.84254
3.83936
3.8363
3.83334
3.83048
3.82771
3.82504
3.82245
3.81995
3.81754
3.8152
3.81294
3.81075
3.80864
3.80661
3.80464
3.80275
3.80092
3.79917
3.79749
3.79588
3.79435
3.79288
3.7915
3.79019
3.78896
3.7878
3.78673
3.78575
3.78485
3.78403
3.78331
3.78268
3.78215
3.78171
3.78137
3.78114
3.781
3.78097
3.78105
3.78124
3.78154
3.78195
3.78247
3.78311
3.78387
3.78474
3.78574
3.78684
3.78807
3.78941
3.79086
3.79243
3.7941
3.79588
3.79776
3.79973
3.8018
3.80395
3.80617
3.80847
3.81082
3.81323
3.81569
3.81818
3.8207
3.82324
3.82579
3.82834
3.83088
3.8333
1.62357
3.31924
4.10848
4.35964
4.4251
4.42809
4.40914
4.38265
4.35419
4.32605
4.29917
4.27392
4.25037
4.2285
4.20822
4.18942
4.17196
4.15568
4.14043
4.12602
4.11231
4.09916
4.0865
4.07426
4.06245
4.05108
4.04018
4.02977
4.01987
4.0105
4.00166
3.99333
3.98549
3.97812
3.97119
3.96468
3.95855
3.95277
3.94731
3.94216
3.93729
3.93268
3.92832
3.92417
3.92024
3.9165
3.91294
3.90956
3.90634
3.90327
3.90034
3.89755
3.89488
3.89233
3.8899
3.88758
3.88537
3.88325
3.88124
3.87932
3.87749
3.87574
3.87409
3.87251
3.87102
3.8696
3.86827
3.86701
3.86582
3.86471
3.86367
3.8627
3.86181
3.861
3.86025
3.85959
3.85899
3.85848
3.85804
3.85768
3.8574
3.8572
3.85708
3.85704
3.85709
3.85722
3.85744
3.85774
3.85814
3.85862
3.85919
3.85985
3.86061
3.86146
3.8624
3.86343
3.86455
3.86578
3.86709
3.8685
3.87
3.87158
3.87326
3.87503
3.87688
3.8788
3.88081
3.88288
3.88503
3.88723
3.88949
3.89179
3.89414
3.89652
3.89893
3.90135
3.90379
3.90624
3.90868
3.91111
3.91352
3.91581
2.11223
3.91483
4.49453
4.61442
4.61117
4.57553
4.53268
4.49014
4.45023
4.41352
4.38001
4.34946
4.3216
4.29613
4.27282
4.25141
4.2317
4.21348
4.19654
4.18071
4.16582
4.15173
4.13834
4.1256
4.11346
4.10191
4.09096
4.0806
4.07083
4.06164
4.05301
4.04493
4.03735
4.03026
4.02363
4.01741
4.01159
4.00613
4.00101
3.9962
3.99168
3.98743
3.98343
3.97967
3.97612
3.97278
3.96964
3.96668
3.9639
3.96127
3.9588
3.95648
3.95429
3.95223
3.95029
3.94848
3.94678
3.9452
3.94372
3.94234
3.94105
3.93987
3.93878
3.93777
3.93686
3.93603
3.93528
3.93461
3.93402
3.93351
3.93308
3.93272
3.93244
3.93224
3.93211
3.93205
3.93207
3.93216
3.93232
3.93256
3.93287
3.93326
3.93372
3.93426
3.93487
3.93555
3.93631
3.93715
3.93806
3.93904
3.9401
3.94123
3.94244
3.94372
3.94507
3.9465
3.948
3.94958
3.95122
3.95294
3.95472
3.95657
3.95848
3.96046
3.9625
3.96459
3.96673
3.96892
3.97115
3.97342
3.97573
3.97805
3.98041
3.98277
3.98514
3.98752
3.98989
3.99226
3.9946
3.99693
3.99922
4.0014
2.75671
4.49025
4.83644
4.84145
4.78254
4.71626
4.65444
4.59908
4.54993
4.50626
4.4673
4.43237
4.40091
4.37243
4.34655
4.32294
4.30131
4.28142
4.26303
4.24595
4.23002
4.2151
4.20107
4.18786
4.17543
4.16373
4.15274
4.14243
4.13277
4.12375
4.11534
4.10748
4.10017
4.09335
4.08699
4.08107
4.07554
4.07038
4.06557
4.06108
4.05688
4.05297
4.04931
4.04589
4.04271
4.03974
4.03697
4.0344
4.03201
4.02978
4.02773
4.02582
4.02406
4.02244
4.02096
4.0196
4.01837
4.01725
4.01625
4.01536
4.01458
4.0139
4.01332
4.01283
4.01244
4.01214
4.01193
4.0118
4.01176
4.0118
4.01193
4.01213
4.01241
4.01277
4.01321
4.01371
4.0143
4.01495
4.01568
4.01648
4.01735
4.01829
4.0193
4.02038
4.02152
4.02273
4.02401
4.02535
4.02676
4.02822
4.02975
4.03134
4.03299
4.0347
4.03647
4.03829
4.04016
4.04209
4.04407
4.0461
4.04818
4.0503
4.05246
4.05466
4.0569
4.05917
4.06147
4.0638
4.06614
4.0685
4.07087
4.07325
4.07562
4.078
4.08036
4.08271
4.08504
4.08734
4.08962
4.09186
4.09404
4.09613
3.60496
5.05607
5.16201
5.06896
4.96489
4.87383
4.79645
4.7304
4.67342
4.62376
4.58005
4.54126
4.50659
4.4754
4.44719
4.42155
4.39815
4.37668
4.35692
4.33865
4.3217
4.30593
4.29123
4.27751
4.26471
4.25277
4.24165
4.23131
4.22169
4.21275
4.20446
4.19677
4.18963
4.18301
4.17687
4.17116
4.16587
4.16095
4.15639
4.15215
4.14822
4.14458
4.1412
4.13807
4.13518
4.13252
4.13006
4.12781
4.12574
4.12386
4.12214
4.12059
4.1192
4.11795
4.11685
4.11588
4.11505
4.11434
4.11376
4.11329
4.11294
4.1127
4.11256
4.11253
4.1126
4.11277
4.11303
4.11339
4.11383
4.11436
4.11499
4.11569
4.11648
4.11734
4.11829
4.11931
4.12041
4.12158
4.12283
4.12414
4.12553
4.12698
4.1285
4.13008
4.13172
4.13343
4.13519
4.13702
4.1389
4.14083
4.14281
4.14485
4.14693
4.14905
4.15123
4.15344
4.15569
4.15798
4.1603
4.16265
4.16504
4.16744
4.16987
4.17232
4.17479
4.17726
4.17974
4.18223
4.18472
4.1872
4.18967
4.19212
4.19456
4.19698
4.19936
4.20172
4.20404
4.20632
4.20856
4.21075
4.21287
4.21492
4.84955
5.68154
5.54072
5.36077
5.21733
5.1041
5.01232
4.93602
4.87132
4.8156
4.76698
4.72412
4.686
4.65185
4.62107
4.59316
4.56774
4.54448
4.52312
4.50342
4.48521
4.46835
4.45272
4.43824
4.42482
4.4124
4.40091
4.39028
4.38047
4.37141
4.36305
4.35533
4.3482
4.34161
4.33552
4.32989
4.32468
4.31987
4.31543
4.31133
4.30754
4.30405
4.30085
4.2979
4.29521
4.29274
4.2905
4.28847
4.28665
4.28501
4.28356
4.28227
4.28116
4.2802
4.2794
4.27875
4.27824
4.27787
4.27763
4.27751
4.27752
4.27765
4.2779
4.27826
4.27873
4.2793
4.27998
4.28076
4.28164
4.28261
4.28368
4.28484
4.28608
4.28741
4.28883
4.29033
4.2919
4.29356
4.29529
4.29709
4.29896
4.3009
4.3029
4.30497
4.3071
4.30929
4.31154
4.31384
4.31618
4.31858
4.32102
4.32351
4.32603
4.32859
4.33119
4.33381
4.33646
4.33914
4.34183
4.34455
4.34727
4.35001
4.35275
4.35549
4.35823
4.36096
4.36368
4.36638
4.36907
4.37173
4.37436
4.37695
4.37952
4.38204
4.38451
4.38694
4.38932
4.39164
4.3939
4.39611
4.39821
4.40028
6.07794
5.55973
5.2474
5.04169
4.89423
4.78182
4.69214
4.61828
4.55605
4.50269
4.45629
4.41549
4.37928
4.3469
4.31774
4.29134
4.26731
4.24533
4.22515
4.20656
4.18938
4.17349
4.15877
4.14515
4.13255
4.12091
4.11017
4.10027
4.09115
4.08274
4.075
4.06787
4.0613
4.05523
4.04964
4.04448
4.03972
4.03532
4.03127
4.02753
4.02409
4.02093
4.01803
4.01537
4.01294
4.01073
4.00873
4.00692
4.0053
4.00386
4.00259
4.00148
4.00053
3.99973
3.99908
3.99856
3.99818
3.99792
3.9978
3.99779
3.9979
3.99812
3.99846
3.9989
3.99944
4.00009
4.00084
4.00168
4.00261
4.00364
4.00475
4.00595
4.00724
4.00861
4.01005
4.01158
4.01318
4.01485
4.0166
4.01841
4.02029
4.02224
4.02424
4.02631
4.02843
4.03061
4.03284
4.03511
4.03744
4.03981
4.04222
4.04466
4.04715
4.04966
4.0522
4.05477
4.05736
4.05997
4.0626
4.06523
4.06788
4.07052
4.07317
4.07581
4.07845
4.08107
4.08367
4.08625
4.08881
4.09134
4.09383
4.09629
4.0987
4.10107
4.10339
4.10566
4.10788
4.11004
4.11214
4.11418
4.1161
4.11804
)
;

boundaryField
{
    lowerWall
    {
        type            kqRWallFunction;
        value           nonuniform List<scalar> 
122
(
6.07652
5.55942
5.24732
5.04165
4.8942
4.78178
4.69211
4.61825
4.55601
4.50265
4.45625
4.41545
4.37924
4.34685
4.31769
4.29129
4.26726
4.24528
4.2251
4.2065
4.18931
4.17341
4.15868
4.14504
4.13243
4.12077
4.11003
4.10012
4.09099
4.0826
4.07487
4.06776
4.06121
4.05518
4.04962
4.0445
4.03978
4.03542
4.03141
4.02772
4.02432
4.02119
4.01833
4.01571
4.01332
4.01114
4.00917
4.0074
4.00581
4.00439
4.00315
4.00206
4.00113
4.00035
3.99972
3.99922
3.99885
3.99861
3.9985
3.99851
3.99863
3.99887
3.99921
3.99967
4.00023
4.00089
4.00165
4.0025
4.00345
4.00449
4.00562
4.00684
4.00814
4.00953
4.011
4.01254
4.01416
4.01586
4.01763
4.01947
4.02137
4.02334
4.02538
4.02748
4.02963
4.03184
4.0341
4.03641
4.03877
4.04118
4.04362
4.04611
4.04863
4.05118
4.05376
4.05636
4.05899
4.06163
4.06429
4.06696
4.06963
4.0723
4.07498
4.07765
4.0803
4.08294
4.08556
4.08816
4.09072
4.09326
4.09576
4.09822
4.10063
4.10299
4.10531
4.10757
4.10978
4.11192
4.11401
4.11603
4.11793
4.11985
)
;
    }
    upperWall
    {
        type            kqRWallFunction;
        value           nonuniform List<scalar> 
122
(
6.07794
5.55973
5.2474
5.04169
4.89423
4.78182
4.69214
4.61828
4.55605
4.50269
4.45629
4.41549
4.37928
4.3469
4.31774
4.29134
4.26731
4.24533
4.22515
4.20656
4.18938
4.17349
4.15877
4.14515
4.13255
4.12091
4.11017
4.10027
4.09115
4.08274
4.075
4.06787
4.0613
4.05523
4.04964
4.04448
4.03972
4.03532
4.03127
4.02753
4.02409
4.02093
4.01803
4.01537
4.01294
4.01073
4.00873
4.00692
4.0053
4.00386
4.00259
4.00148
4.00053
3.99973
3.99908
3.99856
3.99818
3.99792
3.9978
3.99779
3.9979
3.99812
3.99846
3.9989
3.99944
4.00009
4.00084
4.00168
4.00261
4.00364
4.00475
4.00595
4.00724
4.00861
4.01005
4.01158
4.01318
4.01485
4.0166
4.01841
4.02029
4.02224
4.02424
4.02631
4.02843
4.03061
4.03284
4.03511
4.03744
4.03981
4.04222
4.04466
4.04715
4.04966
4.0522
4.05477
4.05736
4.05997
4.0626
4.06523
4.06788
4.07052
4.07317
4.07581
4.07845
4.08107
4.08367
4.08625
4.08881
4.09134
4.09383
4.09629
4.0987
4.10107
4.10339
4.10566
4.10788
4.11004
4.11214
4.11418
4.1161
4.11804
)
;
    }
    inlet
    {
        type            turbulentIntensityKineticEnergyInlet;
        intensity       0.0223;
        value           uniform 0.91377;
    }
    outlet
    {
        type            zeroGradient;
    }
    frontAndBack
    {
        type            empty;
    }
}


// ************************************************************************* //
