/*--------------------------------*- C++ -*----------------------------------*\
  =========                 |
  \\      /  F ield         | OpenFOAM: The Open Source CFD Toolbox
   \\    /   O peration     | Website:  https://openfoam.org
    \\  /    A nd           | Version:  8
     \\/     M anipulation  |
\*---------------------------------------------------------------------------*/
FoamFile
{
    version     2.0;
    format      ascii;
    class       volScalarField;
    location    "450";
    object      nut;
}
// * * * * * * * * * * * * * * * * * * * * * * * * * * * * * * * * * * * * * //

dimensions      [0 2 -1 0 0 0 0];

internalField   nonuniform List<scalar> 
7320
(
0.000286299
0.000273847
0.000266049
0.000260783
0.000256941
0.000253973
0.00025158
0.000249592
0.000247905
0.000246449
0.000245176
0.000244051
0.000243048
0.000242148
0.000241334
0.000240595
0.000239921
0.000239303
0.000238734
0.000238208
0.000237721
0.000237269
0.00023685
0.00023646
0.000236098
0.000235763
0.000235452
0.000235165
0.0002349
0.000234654
0.000234428
0.000234219
0.000234026
0.000233848
0.000233684
0.000233532
0.000233391
0.000233262
0.000233142
0.000233031
0.000232929
0.000232835
0.000232749
0.000232669
0.000232596
0.00023253
0.000232469
0.000232414
0.000232365
0.00023232
0.000232281
0.000232246
0.000232216
0.000232189
0.000232167
0.000232149
0.000232135
0.000232125
0.000232118
0.000232114
0.000232114
0.000232117
0.000232124
0.000232133
0.000232145
0.00023216
0.000232178
0.000232199
0.000232223
0.000232249
0.000232277
0.000232308
0.000232342
0.000232378
0.000232416
0.000232456
0.000232499
0.000232544
0.00023259
0.000232639
0.00023269
0.000232743
0.000232797
0.000232853
0.000232911
0.000232971
0.000233032
0.000233094
0.000233158
0.000233223
0.00023329
0.000233358
0.000233426
0.000233496
0.000233567
0.000233638
0.00023371
0.000233783
0.000233856
0.00023393
0.000234004
0.000234078
0.000234152
0.000234227
0.000234301
0.000234375
0.000234448
0.000234521
0.000234593
0.000234665
0.000234735
0.000234805
0.000234874
0.000234941
0.000235007
0.000235072
0.000235135
0.000235197
0.000235257
0.000235316
0.000235371
0.000235427
0.000562815
0.000740638
0.000767572
0.000767651
0.000763096
0.000757975
0.000753148
0.000748779
0.000744861
0.00074135
0.000738193
0.000735345
0.000732764
0.000730416
0.000728273
0.000726309
0.000724504
0.000722837
0.000721292
0.000719853
0.000718506
0.000717239
0.000716045
0.000714917
0.00071385
0.000712844
0.000711895
0.000711003
0.000710166
0.000709383
0.000708651
0.000707967
0.00070733
0.000706736
0.000706182
0.000705665
0.000705184
0.000704735
0.000704316
0.000703925
0.00070356
0.000703219
0.000702901
0.000702604
0.000702327
0.000702069
0.000701828
0.000701604
0.000701396
0.000701202
0.000701023
0.000700857
0.000700703
0.000700561
0.000700432
0.000700313
0.000700205
0.000700107
0.000700019
0.00069994
0.000699871
0.00069981
0.000699758
0.000699715
0.00069968
0.000699652
0.000699633
0.000699621
0.000699617
0.00069962
0.00069963
0.000699648
0.000699672
0.000699704
0.000699742
0.000699787
0.000699839
0.000699897
0.000699962
0.000700033
0.000700111
0.000700196
0.000700286
0.000700383
0.000700486
0.000700595
0.000700711
0.000700832
0.000700959
0.000701092
0.000701231
0.000701375
0.000701525
0.000701679
0.00070184
0.000702005
0.000702175
0.00070235
0.00070253
0.000702714
0.000702902
0.000703094
0.00070329
0.000703489
0.000703691
0.000703895
0.000704102
0.000704311
0.000704522
0.000704733
0.000704945
0.000705157
0.000705369
0.000705579
0.000705789
0.000705997
0.000706203
0.000706406
0.000706606
0.000706802
0.000706994
0.000707174
0.00076108
0.00115457
0.00127125
0.00130573
0.00131552
0.00131688
0.00131508
0.00131204
0.00130855
0.00130497
0.00130147
0.00129811
0.00129493
0.00129194
0.00128914
0.00128652
0.00128407
0.00128177
0.0012796
0.00127753
0.00127553
0.0012736
0.0012717
0.00126985
0.00126803
0.00126626
0.00126454
0.00126288
0.00126129
0.00125978
0.00125835
0.00125699
0.00125572
0.00125451
0.00125338
0.00125231
0.0012513
0.00125035
0.00124945
0.0012486
0.00124779
0.00124703
0.0012463
0.00124561
0.00124495
0.00124432
0.00124372
0.00124314
0.00124259
0.00124206
0.00124156
0.00124107
0.00124061
0.00124016
0.00123972
0.00123931
0.00123891
0.00123852
0.00123815
0.0012378
0.00123745
0.00123712
0.00123681
0.0012365
0.00123621
0.00123593
0.00123566
0.00123541
0.00123516
0.00123493
0.00123471
0.0012345
0.00123431
0.00123412
0.00123395
0.0012338
0.00123365
0.00123352
0.0012334
0.0012333
0.00123321
0.00123313
0.00123307
0.00123302
0.00123299
0.00123298
0.00123298
0.00123299
0.00123303
0.00123307
0.00123314
0.00123322
0.00123332
0.00123344
0.00123358
0.00123373
0.0012339
0.00123408
0.00123429
0.00123451
0.00123475
0.00123501
0.00123528
0.00123557
0.00123587
0.00123619
0.00123652
0.00123687
0.00123723
0.00123759
0.00123797
0.00123836
0.00123875
0.00123915
0.00123956
0.00123996
0.00124037
0.00124078
0.00124119
0.00124159
0.001242
0.00124237
0.00094219
0.00154866
0.00180331
0.00190636
0.0019512
0.00197187
0.00198147
0.00198555
0.00198668
0.00198617
0.00198472
0.00198276
0.00198052
0.00197815
0.00197574
0.00197335
0.001971
0.0019687
0.00196642
0.00196413
0.0019618
0.00195939
0.0019569
0.00195433
0.00195169
0.00194902
0.00194636
0.00194372
0.00194115
0.00193867
0.00193629
0.00193401
0.00193184
0.00192979
0.00192783
0.00192598
0.00192422
0.00192253
0.00192093
0.00191939
0.00191792
0.0019165
0.00191513
0.00191381
0.00191254
0.0019113
0.0019101
0.00190893
0.00190779
0.00190668
0.0019056
0.00190454
0.0019035
0.00190249
0.00190149
0.00190051
0.00189955
0.00189861
0.00189769
0.00189678
0.00189589
0.00189501
0.00189415
0.00189331
0.00189248
0.00189167
0.00189088
0.0018901
0.00188934
0.0018886
0.00188787
0.00188717
0.00188648
0.00188581
0.00188517
0.00188455
0.00188395
0.00188337
0.00188282
0.0018823
0.0018818
0.00188133
0.00188089
0.00188049
0.00188011
0.00187977
0.00187946
0.00187918
0.00187894
0.00187874
0.00187858
0.00187845
0.00187837
0.00187832
0.00187832
0.00187835
0.00187843
0.00187855
0.00187871
0.00187892
0.00187917
0.00187946
0.00187979
0.00188016
0.00188057
0.00188101
0.0018815
0.00188202
0.00188257
0.00188314
0.00188375
0.00188439
0.00188504
0.00188571
0.0018864
0.00188711
0.00188782
0.00188854
0.00188927
0.00189
0.00189073
0.0018914
0.00110978
0.00189233
0.00232606
0.0025368
0.00264439
0.00270313
0.00273713
0.00275765
0.00277031
0.00277817
0.00278296
0.00278575
0.00278719
0.00278772
0.00278762
0.0027871
0.00278626
0.00278516
0.00278379
0.00278213
0.00278014
0.00277779
0.00277507
0.00277201
0.00276866
0.00276512
0.00276144
0.00275772
0.00275403
0.00275041
0.0027469
0.00274352
0.00274028
0.00273718
0.00273423
0.0027314
0.00272868
0.00272608
0.00272356
0.00272113
0.00271877
0.00271648
0.00271425
0.00271206
0.00270992
0.00270782
0.00270576
0.00270372
0.00270172
0.00269974
0.00269778
0.00269584
0.00269393
0.00269202
0.00269014
0.00268827
0.00268642
0.00268459
0.00268277
0.00268097
0.00267919
0.00267742
0.00267567
0.00267394
0.00267222
0.00267052
0.00266885
0.0026672
0.00266557
0.00266396
0.00266238
0.00266083
0.00265931
0.00265782
0.00265636
0.00265495
0.00265356
0.00265222
0.00265093
0.00264968
0.00264848
0.00264733
0.00264623
0.00264519
0.00264421
0.00264329
0.00264243
0.00264164
0.00264091
0.00264025
0.00263967
0.00263917
0.00263873
0.00263837
0.0026381
0.0026379
0.00263778
0.00263774
0.00263779
0.00263792
0.00263813
0.00263842
0.0026388
0.00263925
0.00263978
0.00264038
0.00264105
0.00264179
0.0026426
0.00264346
0.00264438
0.00264535
0.00264637
0.00264742
0.00264852
0.00264964
0.00265079
0.00265195
0.00265313
0.00265432
0.00265552
0.00265662
0.00129926
0.00216764
0.00280717
0.00316585
0.00336955
0.00349117
0.00356775
0.00361825
0.00365279
0.00367709
0.00369457
0.00370735
0.00371681
0.00372389
0.00372921
0.00373321
0.00373618
0.00373826
0.00373952
0.00373995
0.00373952
0.00373821
0.00373604
0.00373309
0.00372947
0.00372534
0.00372085
0.00371616
0.0037114
0.00370665
0.003702
0.00369749
0.00369314
0.00368895
0.00368493
0.00368105
0.0036773
0.00367367
0.00367013
0.00366667
0.00366328
0.00365995
0.00365666
0.00365341
0.00365018
0.00364698
0.0036438
0.00364064
0.00363748
0.00363433
0.00363119
0.00362805
0.00362492
0.00362179
0.00361866
0.00361554
0.00361242
0.00360931
0.00360621
0.00360312
0.00360004
0.00359698
0.00359393
0.00359089
0.00358787
0.00358488
0.00358191
0.00357896
0.00357605
0.00357316
0.00357032
0.00356751
0.00356474
0.00356203
0.00355937
0.00355676
0.00355421
0.00355173
0.00354932
0.00354699
0.00354473
0.00354255
0.00354047
0.00353849
0.00353659
0.0035348
0.00353312
0.00353155
0.00353009
0.00352875
0.00352753
0.00352644
0.00352548
0.00352464
0.00352395
0.00352338
0.00352295
0.00352266
0.00352252
0.00352251
0.00352264
0.00352291
0.00352332
0.00352385
0.00352452
0.00352531
0.00352622
0.00352725
0.00352839
0.00352962
0.00353096
0.00353237
0.00353387
0.00353543
0.00353707
0.00353875
0.00354047
0.00354223
0.00354402
0.00354582
0.00354766
0.00354934
0.00158937
0.00236976
0.00321596
0.00375924
0.0040961
0.00431113
0.00445413
0.00455313
0.00462407
0.00467641
0.00471598
0.0047465
0.00477047
0.00478957
0.004805
0.00481758
0.00482788
0.00483623
0.00484281
0.00484766
0.0048508
0.00485224
0.00485206
0.00485039
0.00484745
0.0048435
0.00483882
0.00483365
0.00482821
0.00482268
0.00481718
0.00481178
0.00480652
0.00480143
0.00479649
0.0047917
0.00478702
0.00478244
0.00477793
0.00477347
0.00476904
0.00476462
0.00476021
0.00475579
0.00475136
0.0047469
0.00474242
0.00473791
0.00473336
0.00472878
0.00472418
0.00471954
0.00471486
0.00471016
0.00470543
0.00470067
0.0046959
0.00469111
0.00468632
0.00468152
0.00467671
0.0046719
0.00466711
0.00466231
0.00465754
0.00465277
0.00464804
0.00464334
0.00463867
0.00463404
0.00462946
0.00462493
0.00462047
0.00461607
0.00461175
0.00460751
0.00460337
0.00459931
0.00459537
0.00459154
0.00458783
0.00458425
0.00458081
0.00457752
0.00457437
0.00457138
0.00456856
0.00456591
0.00456344
0.00456116
0.00455907
0.00455717
0.00455547
0.00455398
0.0045527
0.00455162
0.00455076
0.00455011
0.00454969
0.00454948
0.00454948
0.0045497
0.00455012
0.00455075
0.00455158
0.0045526
0.00455381
0.0045552
0.00455675
0.00455845
0.00456031
0.0045623
0.0045644
0.00456662
0.00456893
0.00457133
0.0045738
0.00457632
0.00457889
0.00458148
0.00458413
0.00458656
0.00212976
0.00251869
0.00352583
0.00427893
0.00478635
0.00512982
0.00536873
0.00554023
0.00566707
0.00576336
0.00583816
0.00589741
0.00594515
0.00598421
0.00601658
0.00604369
0.00606653
0.00608573
0.00610167
0.00611452
0.00612437
0.00613131
0.00613548
0.00613714
0.00613664
0.00613437
0.00613076
0.00612621
0.00612106
0.00611558
0.00610996
0.00610435
0.0060988
0.00609336
0.00608803
0.00608279
0.0060776
0.00607245
0.0060673
0.00606213
0.00605689
0.00605158
0.0060462
0.00604071
0.00603511
0.0060294
0.00602358
0.00601765
0.0060116
0.00600544
0.00599918
0.00599282
0.00598635
0.00597979
0.00597315
0.00596643
0.00595965
0.00595281
0.00594592
0.00593899
0.00593203
0.00592504
0.00591804
0.00591103
0.00590402
0.00589701
0.00589003
0.00588307
0.00587615
0.00586928
0.00586247
0.00585572
0.00584905
0.00584248
0.00583601
0.00582966
0.00582344
0.00581735
0.00581141
0.00580564
0.00580004
0.00579462
0.00578942
0.00578442
0.00577964
0.0057751
0.0057708
0.00576675
0.00576296
0.00575944
0.0057562
0.00575326
0.0057506
0.00574824
0.00574619
0.00574444
0.00574301
0.00574188
0.00574108
0.00574059
0.00574041
0.00574053
0.00574096
0.00574168
0.00574269
0.00574397
0.00574553
0.00574735
0.0057494
0.00575167
0.00575416
0.00575684
0.00575969
0.0057627
0.00576586
0.00576913
0.00577251
0.00577597
0.00577951
0.00578308
0.00578672
0.00579008
0.0031541
0.00268382
0.00372393
0.00468584
0.00539542
0.00590414
0.00627311
0.00654667
0.00675435
0.00691557
0.00704328
0.00714626
0.00723064
0.00730074
0.00735969
0.00740978
0.00745262
0.00748929
0.00752048
0.0075466
0.00756786
0.00758449
0.00759675
0.00760505
0.00760988
0.00761185
0.00761158
0.00760964
0.00760654
0.00760269
0.00759841
0.00759389
0.00758927
0.00758461
0.00757993
0.00757521
0.00757043
0.00756554
0.00756052
0.00755532
0.00754992
0.00754428
0.00753841
0.00753227
0.00752587
0.00751921
0.00751228
0.0075051
0.00749766
0.00748998
0.00748208
0.00747395
0.00746561
0.00745706
0.00744834
0.00743945
0.00743041
0.00742123
0.00741194
0.00740255
0.00739307
0.00738352
0.00737391
0.00736425
0.00735456
0.00734485
0.00733515
0.00732547
0.00731581
0.0073062
0.00729665
0.00728719
0.00727782
0.00726856
0.00725944
0.00725048
0.00724168
0.00723306
0.00722465
0.00721647
0.00720852
0.00720082
0.00719341
0.00718629
0.00717947
0.00717298
0.00716682
0.00716102
0.00715558
0.00715051
0.00714584
0.00714157
0.00713771
0.00713425
0.00713123
0.00712863
0.00712645
0.00712471
0.00712341
0.00712254
0.0071221
0.00712208
0.00712247
0.00712327
0.00712447
0.00712604
0.00712798
0.00713028
0.0071329
0.00713583
0.00713905
0.00714254
0.00714626
0.00715021
0.00715435
0.00715866
0.00716312
0.00716769
0.00717236
0.00717709
0.00718192
0.00718639
0.00493182
0.00302612
0.0038337
0.00494834
0.00587407
0.00658117
0.0071165
0.00752623
0.00784509
0.00809767
0.00830117
0.0084677
0.00860592
0.0087221
0.00882086
0.00890561
0.00897882
0.00904225
0.00909705
0.00914395
0.00918344
0.00921593
0.00924186
0.00926182
0.00927652
0.00928679
0.00929349
0.00929743
0.00929932
0.00929978
0.00929927
0.0092981
0.00929648
0.00929454
0.00929233
0.00928984
0.00928706
0.00928394
0.00928045
0.00927654
0.00927217
0.00926732
0.00926199
0.00925614
0.00924979
0.00924292
0.00923556
0.00922771
0.00921939
0.00921061
0.00920142
0.00919182
0.00918182
0.00917145
0.00916073
0.0091497
0.00913838
0.0091268
0.009115
0.00910298
0.00909079
0.00907843
0.00906594
0.00905334
0.00904065
0.00902789
0.0090151
0.00900228
0.00898948
0.0089767
0.00896398
0.00895135
0.00893881
0.00892641
0.00891417
0.00890212
0.00889027
0.00887865
0.0088673
0.00885624
0.00884548
0.00883506
0.008825
0.00881533
0.00880606
0.00879722
0.00878883
0.0087809
0.00877346
0.00876652
0.0087601
0.00875421
0.00874887
0.00874407
0.00873984
0.00873618
0.00873308
0.00873056
0.00872862
0.00872725
0.00872644
0.00872619
0.00872649
0.00872732
0.00872868
0.00873053
0.00873287
0.00873567
0.00873891
0.00874256
0.00874659
0.00875097
0.00875567
0.00876066
0.00876591
0.00877139
0.00877707
0.00878291
0.00878888
0.00879494
0.00880113
0.00880687
0.00765447
0.00384129
0.0039599
0.0050637
0.00617753
0.00710149
0.00783611
0.00841792
0.00888251
0.00925805
0.00956565
0.00982086
0.0100352
0.0102172
0.0103733
0.0105085
0.0106261
0.010729
0.0108189
0.0108971
0.0109644
0.0110215
0.0110691
0.0111081
0.0111393
0.011164
0.0111832
0.0111981
0.0112095
0.0112185
0.0112256
0.0112313
0.011236
0.0112398
0.011243
0.0112454
0.0112472
0.0112483
0.0112487
0.0112482
0.011247
0.0112448
0.0112418
0.011238
0.0112332
0.0112276
0.0112211
0.0112138
0.0112057
0.0111969
0.0111873
0.011177
0.0111661
0.0111545
0.0111423
0.0111296
0.0111164
0.0111027
0.0110886
0.0110742
0.0110594
0.0110443
0.0110289
0.0110133
0.0109976
0.0109816
0.0109656
0.0109494
0.0109332
0.010917
0.0109009
0.0108847
0.0108687
0.0108528
0.0108371
0.0108216
0.0108063
0.0107913
0.0107766
0.0107622
0.0107483
0.0107347
0.0107216
0.010709
0.0106969
0.0106854
0.0106744
0.010664
0.0106542
0.010645
0.0106366
0.0106288
0.0106217
0.0106153
0.0106096
0.0106046
0.0106004
0.0105969
0.0105941
0.0105921
0.0105908
0.0105902
0.0105903
0.0105911
0.0105926
0.0105946
0.0105973
0.0106006
0.0106045
0.0106089
0.0106137
0.0106191
0.0106248
0.0106309
0.0106373
0.0106441
0.0106511
0.0106583
0.0106657
0.0106732
0.0106809
0.010688
0.0113266
0.00551803
0.00435849
0.00510578
0.00628855
0.00740979
0.00836169
0.00914712
0.0097928
0.0103264
0.0107711
0.0111454
0.0114635
0.0117364
0.0119725
0.0121784
0.0123591
0.0125183
0.0126588
0.0127824
0.0128905
0.0129843
0.0130648
0.0131331
0.0131904
0.0132383
0.013278
0.0133112
0.013339
0.0133627
0.0133831
0.0134011
0.013417
0.0134313
0.0134442
0.0134557
0.013466
0.013475
0.0134828
0.0134891
0.0134942
0.0134978
0.0135
0.0135009
0.0135003
0.0134984
0.0134951
0.0134905
0.0134846
0.0134776
0.0134693
0.01346
0.0134496
0.0134382
0.0134258
0.0134125
0.0133984
0.0133836
0.013368
0.0133519
0.0133351
0.0133178
0.0133
0.0132819
0.0132633
0.0132445
0.0132254
0.0132061
0.0131866
0.013167
0.0131474
0.0131278
0.0131082
0.0130887
0.0130693
0.0130502
0.0130313
0.0130127
0.0129944
0.0129766
0.0129591
0.0129422
0.0129258
0.01291
0.0128947
0.0128802
0.0128663
0.0128531
0.0128407
0.0128291
0.0128183
0.0128083
0.0127992
0.0127909
0.0127836
0.0127771
0.0127715
0.0127669
0.0127631
0.0127602
0.0127583
0.0127572
0.012757
0.0127576
0.012759
0.0127612
0.0127642
0.0127679
0.0127723
0.0127774
0.0127831
0.0127893
0.012796
0.0128033
0.0128109
0.012819
0.0128273
0.0128359
0.0128448
0.0128538
0.0128631
0.0128717
0.0157248
0.0083437
0.00547917
0.00531275
0.00627168
0.00748283
0.00862977
0.00963246
0.0104878
0.0112135
0.0118306
0.0123582
0.0128125
0.0132065
0.0135506
0.013853
0.0141204
0.0143577
0.0145688
0.0147564
0.0149227
0.0150693
0.0151976
0.0153093
0.0154058
0.015489
0.0155607
0.0156226
0.0156765
0.0157238
0.0157659
0.0158038
0.0158382
0.0158696
0.0158986
0.0159252
0.0159497
0.0159721
0.0159923
0.0160105
0.0160266
0.0160406
0.0160524
0.0160621
0.0160697
0.0160753
0.0160788
0.0160803
0.01608
0.0160777
0.0160738
0.0160681
0.0160608
0.016052
0.0160417
0.01603
0.016017
0.0160028
0.0159875
0.0159712
0.0159539
0.0159358
0.0159169
0.0158972
0.015877
0.0158561
0.0158348
0.0158131
0.015791
0.0157686
0.0157461
0.0157234
0.0157006
0.0156779
0.0156552
0.0156327
0.0156103
0.0155883
0.0155666
0.0155452
0.0155244
0.015504
0.0154843
0.0154651
0.0154467
0.015429
0.0154122
0.0153961
0.0153809
0.0153667
0.0153534
0.0153411
0.0153298
0.0153195
0.0153103
0.0153021
0.015295
0.015289
0.0152841
0.0152802
0.0152774
0.0152756
0.0152749
0.0152752
0.0152765
0.0152787
0.0152818
0.0152858
0.0152907
0.0152963
0.0153027
0.0153097
0.0153174
0.0153256
0.0153344
0.0153437
0.0153533
0.0153633
0.0153736
0.0153841
0.0153949
0.0154048
0.0204366
0.0122987
0.00781878
0.0061763
0.00638132
0.00739746
0.00862147
0.0098068
0.0108763
0.0118169
0.0126375
0.0133529
0.0139783
0.0145275
0.015012
0.0154418
0.0158248
0.0161673
0.0164742
0.0167496
0.0169962
0.0172164
0.0174122
0.0175857
0.0177389
0.0178738
0.0179926
0.0180976
0.0181909
0.0182743
0.0183497
0.0184182
0.0184811
0.0185393
0.0185932
0.0186434
0.0186901
0.0187336
0.0187738
0.0188108
0.0188448
0.0188756
0.0189033
0.0189279
0.0189496
0.0189682
0.0189839
0.0189967
0.0190068
0.0190141
0.019019
0.0190213
0.0190212
0.0190189
0.0190144
0.0190079
0.0189993
0.0189889
0.0189769
0.0189632
0.0189481
0.0189316
0.0189139
0.018895
0.018875
0.0188541
0.0188324
0.0188099
0.0187868
0.0187631
0.018739
0.0187145
0.0186897
0.0186647
0.0186397
0.0186146
0.0185896
0.0185648
0.0185403
0.0185161
0.0184923
0.0184691
0.0184464
0.0184243
0.018403
0.0183825
0.0183628
0.0183441
0.0183263
0.0183095
0.0182938
0.0182792
0.0182657
0.0182535
0.0182424
0.0182325
0.0182238
0.0182164
0.0182102
0.0182052
0.0182014
0.0181989
0.0181976
0.0181974
0.0181983
0.0182004
0.0182035
0.0182076
0.0182127
0.0182187
0.0182256
0.0182333
0.0182417
0.0182508
0.0182605
0.0182708
0.0182816
0.0182927
0.0183043
0.0183161
0.0183282
0.0183394
0.024966
0.017029
0.011559
0.00833441
0.00718516
0.00746837
0.00845501
0.0096729
0.0108973
0.0120408
0.0130773
0.0140054
0.0148331
0.0155713
0.0162311
0.0168224
0.0173541
0.0178336
0.0182668
0.0186587
0.019013
0.0193329
0.019621
0.0198799
0.0201119
0.0203197
0.0205058
0.0206728
0.0208233
0.0209596
0.0210838
0.0211978
0.0213031
0.0214009
0.0214922
0.0215775
0.0216576
0.0217326
0.0218029
0.0218686
0.0219297
0.0219864
0.0220388
0.0220868
0.0221306
0.0221702
0.0222057
0.0222373
0.0222649
0.0222888
0.022309
0.0223257
0.0223391
0.0223492
0.0223562
0.0223601
0.0223613
0.0223597
0.0223557
0.0223492
0.0223406
0.0223299
0.0223173
0.0223029
0.0222868
0.0222693
0.0222503
0.0222301
0.0222088
0.0221865
0.0221633
0.0221394
0.0221149
0.0220899
0.0220644
0.0220387
0.0220129
0.021987
0.0219612
0.0219356
0.0219102
0.0218852
0.0218607
0.0218368
0.0218136
0.0217911
0.0217695
0.0217488
0.021729
0.0217103
0.0216928
0.0216764
0.0216612
0.0216472
0.0216345
0.0216232
0.0216132
0.0216045
0.0215972
0.0215912
0.0215866
0.0215833
0.0215813
0.0215806
0.0215811
0.0215829
0.0215859
0.02159
0.0215952
0.0216014
0.0216086
0.0216167
0.0216256
0.0216353
0.0216457
0.0216567
0.0216683
0.0216803
0.0216928
0.0217056
0.0217188
0.0217307
0.0288721
0.0219727
0.0163572
0.0121026
0.00944208
0.00839318
0.008566
0.00943683
0.0106072
0.0118514
0.0130626
0.0141966
0.0152393
0.0161904
0.0170551
0.0178408
0.0185555
0.0192063
0.0197998
0.0203413
0.0208354
0.021286
0.0216962
0.0220691
0.0224077
0.0227148
0.0229934
0.0232466
0.0234772
0.0236881
0.0238818
0.0240607
0.0242267
0.0243816
0.0245266
0.0246628
0.024791
0.0249119
0.0250258
0.0251331
0.0252341
0.0253289
0.0254177
0.0255006
0.0255777
0.0256491
0.0257149
0.0257753
0.0258304
0.0258803
0.0259253
0.0259654
0.0260009
0.0260319
0.0260586
0.0260811
0.0260995
0.0261142
0.0261253
0.0261329
0.0261374
0.0261388
0.0261374
0.0261333
0.0261268
0.0261179
0.0261069
0.0260939
0.0260791
0.0260627
0.0260448
0.0260256
0.0260053
0.0259839
0.0259616
0.0259387
0.0259152
0.0258912
0.025867
0.0258427
0.0258183
0.025794
0.02577
0.0257464
0.0257233
0.0257007
0.0256789
0.0256578
0.0256376
0.0256184
0.0256003
0.0255833
0.0255675
0.0255529
0.0255396
0.0255276
0.025517
0.0255077
0.0254999
0.0254934
0.0254883
0.0254847
0.0254824
0.0254814
0.0254818
0.0254834
0.0254863
0.0254904
0.0254957
0.025502
0.0255093
0.0255177
0.0255269
0.0255369
0.0255476
0.0255591
0.0255711
0.0255836
0.0255966
0.0256099
0.0256236
0.0256359
0.031886
0.0265354
0.0215162
0.0170871
0.0134893
0.0110289
0.00983786
0.00973791
0.0103766
0.011418
0.0126294
0.0138773
0.0150936
0.0162467
0.0173243
0.018324
0.0192482
0.0201011
0.0208877
0.021613
0.0222813
0.0228967
0.0234628
0.023983
0.0244604
0.0248983
0.0253
0.0256687
0.0260078
0.0263205
0.0266098
0.0268784
0.0271288
0.0273632
0.0275833
0.0277907
0.0279866
0.0281718
0.0283473
0.0285135
0.0286709
0.0288198
0.0289605
0.0290933
0.0292183
0.0293357
0.0294458
0.0295486
0.0296444
0.0297333
0.0298156
0.0298913
0.0299609
0.0300244
0.030082
0.030134
0.0301806
0.0302218
0.0302581
0.0302896
0.0303166
0.0303394
0.0303581
0.0303729
0.0303842
0.030392
0.0303967
0.0303984
0.0303974
0.0303938
0.0303878
0.0303798
0.0303697
0.0303579
0.0303446
0.0303298
0.0303139
0.0302969
0.0302791
0.0302605
0.0302415
0.0302222
0.0302026
0.030183
0.0301636
0.0301443
0.0301255
0.0301071
0.0300894
0.0300724
0.0300563
0.0300411
0.0300269
0.0300137
0.0300017
0.0299909
0.0299814
0.0299731
0.0299661
0.0299605
0.0299561
0.0299531
0.0299515
0.0299511
0.029952
0.0299541
0.0299575
0.029962
0.0299676
0.0299743
0.029982
0.0299906
0.0300001
0.0300104
0.0300213
0.0300329
0.0300451
0.0300577
0.0300707
0.030084
0.0300977
0.0301096
0.0339568
0.0302574
0.0262964
0.0224018
0.0187493
0.0155657
0.0131348
0.01166
0.0111402
0.0113925
0.0121663
0.0132379
0.0144481
0.0156985
0.0169335
0.0181238
0.0192549
0.0203211
0.0213212
0.0222564
0.023129
0.0239417
0.0246976
0.0253995
0.0260506
0.026654
0.0272132
0.0277315
0.0282123
0.0286591
0.0290752
0.0294639
0.0298278
0.0301697
0.0304918
0.0307962
0.0310843
0.0313577
0.0316175
0.0318645
0.0320994
0.0323229
0.0325355
0.0327375
0.0329293
0.0331111
0.0332832
0.033446
0.0335995
0.0337441
0.0338801
0.0340075
0.0341268
0.0342382
0.0343418
0.034438
0.0345269
0.0346088
0.0346839
0.0347527
0.0348153
0.034872
0.0349231
0.0349689
0.0350097
0.0350456
0.035077
0.0351041
0.0351272
0.0351465
0.0351622
0.0351747
0.0351842
0.0351908
0.0351948
0.0351965
0.0351961
0.0351938
0.0351898
0.0351842
0.0351774
0.0351696
0.0351608
0.0351514
0.0351414
0.035131
0.0351205
0.03511
0.0350996
0.0350895
0.0350797
0.0350705
0.0350618
0.0350539
0.0350468
0.0350405
0.0350352
0.0350308
0.0350275
0.0350253
0.0350241
0.035024
0.0350251
0.0350272
0.0350303
0.0350346
0.0350398
0.035046
0.0350531
0.0350611
0.03507
0.0350795
0.0350898
0.0351007
0.0351121
0.035124
0.0351362
0.0351488
0.0351617
0.0351746
0.0351878
0.0351987
0.0352156
0.0329264
0.0301548
0.0271692
0.0241079
0.0210829
0.0182539
0.0158401
0.0140585
0.0130305
0.012737
0.0130509
0.013801
0.0148264
0.0160023
0.0172435
0.0184961
0.0197275
0.020919
0.0220601
0.0231455
0.024173
0.0251422
0.0260539
0.0269097
0.0277118
0.0284628
0.0291657
0.0298237
0.0304401
0.0310183
0.0315615
0.0320728
0.0325553
0.0330115
0.0334439
0.0338544
0.034245
0.0346171
0.034972
0.0353108
0.0356344
0.0359435
0.0362388
0.0365208
0.0367899
0.0370466
0.0372912
0.037524
0.0377454
0.0379556
0.0381551
0.038344
0.0385227
0.0386916
0.0388507
0.0390006
0.0391413
0.0392733
0.0393967
0.0395119
0.0396194
0.0397194
0.0398122
0.0398981
0.0399775
0.0400505
0.0401177
0.0401791
0.0402352
0.0402863
0.0403325
0.0403743
0.0404119
0.0404455
0.0404755
0.0405021
0.0405256
0.0405462
0.0405641
0.0405797
0.0405931
0.0406047
0.0406145
0.0406229
0.0406301
0.0406362
0.0406414
0.040646
0.04065
0.0406537
0.0406572
0.0406607
0.0406641
0.0406678
0.0406718
0.0406761
0.0406808
0.040686
0.0406918
0.0406982
0.0407051
0.0407127
0.0407209
0.0407298
0.0407392
0.0407493
0.0407599
0.040771
0.0407825
0.0407945
0.0408068
0.0408195
0.0408323
0.0408453
0.0408584
0.0408716
0.0408847
0.0408977
0.0409104
0.0409231
0.0409329
0.0358864
0.034593
0.0328633
0.0308401
0.0286213
0.0262674
0.0238358
0.0214144
0.0191386
0.0171787
0.0156958
0.0147878
0.0144645
0.0146594
0.015264
0.0161609
0.0172464
0.0184398
0.0196835
0.0209388
0.0221799
0.0233904
0.0245598
0.0256818
0.0267529
0.0277717
0.0287382
0.0296535
0.0305193
0.031338
0.0321124
0.0328452
0.0335394
0.0341979
0.0348235
0.0354187
0.0359858
0.0365271
0.0370443
0.0375391
0.0380129
0.038467
0.0389023
0.0393199
0.0397204
0.0401045
0.0404728
0.0408258
0.041164
0.0414878
0.0417976
0.0420939
0.042377
0.0426472
0.0429049
0.0431504
0.0433842
0.0436064
0.0438175
0.0440177
0.0442074
0.0443869
0.0445566
0.044717
0.0448684
0.045011
0.0451453
0.0452716
0.0453903
0.0455016
0.0456059
0.0457036
0.045795
0.0458805
0.0459602
0.0460346
0.046104
0.0461686
0.0462289
0.0462849
0.0463372
0.0463858
0.0464312
0.0464735
0.0465131
0.0465501
0.0465849
0.0466176
0.0466484
0.0466777
0.0467055
0.046732
0.0467574
0.0467819
0.0468056
0.0468287
0.0468512
0.0468732
0.0468949
0.0469162
0.0469373
0.0469582
0.046979
0.0469995
0.04702
0.0470403
0.0470604
0.0470803
0.0471
0.0471195
0.0471387
0.0471575
0.0471758
0.0471938
0.0472112
0.047228
0.0472441
0.0472596
0.0472744
0.0472882
0.0473015
0.0473109
0.0361963
0.0354884
0.0345011
0.0332718
0.0318469
0.0302605
0.0285351
0.0266917
0.024764
0.0228124
0.0209309
0.0192398
0.0178631
0.0168965
0.0163857
0.0163216
0.0166534
0.0173068
0.0182014
0.0192631
0.0204305
0.0216566
0.0229069
0.0241569
0.0253895
0.0265929
0.0277595
0.0288845
0.0299652
0.031001
0.0319919
0.0329392
0.0338444
0.0347095
0.0355366
0.036328
0.0370859
0.0378122
0.0385091
0.0391782
0.0398211
0.0404394
0.0410343
0.0416068
0.0421581
0.042689
0.0432003
0.0436926
0.0441666
0.0446229
0.045062
0.0454843
0.0458904
0.0462806
0.0466554
0.0470152
0.0473604
0.0476914
0.0480085
0.0483122
0.0486027
0.0488805
0.0491458
0.0493991
0.0496409
0.0498715
0.0500914
0.0503009
0.0505004
0.0506903
0.0508709
0.0510426
0.0512059
0.051361
0.0515083
0.0516482
0.051781
0.0519072
0.0520269
0.0521406
0.0522486
0.0523512
0.0524487
0.0525415
0.0526298
0.0527138
0.052794
0.0528705
0.0529436
0.0530136
0.0530806
0.0531449
0.0532067
0.0532661
0.0533234
0.0533786
0.053432
0.0534837
0.0535337
0.0535821
0.0536291
0.0536747
0.0537188
0.0537617
0.0538032
0.0538434
0.0538823
0.0539199
0.0539561
0.0539909
0.0540243
0.0540562
0.0540865
0.0541153
0.0541425
0.054168
0.0541918
0.0542138
0.054234
0.0542524
0.0542692
0.0542809
0.0363185
0.0358964
0.035342
0.0346443
0.0338099
0.0328502
0.0317745
0.0305881
0.0292942
0.0278982
0.0264145
0.0248739
0.0233287
0.0218531
0.0205351
0.0194614
0.0187
0.018288
0.0182294
0.0184991
0.0190531
0.0198375
0.0207974
0.0218821
0.023049
0.0242638
0.0255007
0.0267403
0.0279688
0.0291763
0.0303562
0.031504
0.0326171
0.0336943
0.0347354
0.0357406
0.036711
0.0376475
0.0385515
0.0394242
0.040267
0.0410811
0.0418677
0.0426281
0.0433631
0.0440739
0.0447613
0.045426
0.0460688
0.0466904
0.0472913
0.0478722
0.0484335
0.0489758
0.0494996
0.0500054
0.0504935
0.0509644
0.0514187
0.0518565
0.0522785
0.0526849
0.0530762
0.0534526
0.0538146
0.0541626
0.0544972
0.0548187
0.0551276
0.0554242
0.0557091
0.0559825
0.0562449
0.0564966
0.0567382
0.0569699
0.0571921
0.0574053
0.0576098
0.057806
0.0579942
0.0581748
0.0583481
0.0585146
0.0586745
0.0588281
0.0589757
0.0591177
0.0592544
0.0593859
0.0595126
0.0596347
0.0597524
0.0598659
0.0599755
0.0600813
0.0601835
0.0602821
0.0603774
0.0604695
0.0605584
0.0606442
0.0607269
0.0608067
0.0608835
0.0609574
0.0610282
0.0610961
0.0611611
0.0612229
0.0612817
0.0613374
0.06139
0.0614393
0.0614854
0.0615282
0.0615678
0.0616039
0.0616368
0.0616662
0.0616926
0.0617123
0.0363591
0.0360515
0.0357024
0.0352937
0.0348163
0.0342669
0.0336458
0.0329534
0.032189
0.0313505
0.0304344
0.0294384
0.0283636
0.0272185
0.0260225
0.0248094
0.0236273
0.0225355
0.0215967
0.0208671
0.0203885
0.0201826
0.020251
0.0205778
0.0211345
0.0218853
0.0227918
0.0238169
0.0249271
0.0260942
0.0272955
0.0285132
0.029734
0.0309481
0.0321484
0.0333297
0.0344884
0.035622
0.036729
0.0378085
0.0388602
0.039884
0.0408802
0.0418493
0.0427916
0.0437079
0.0445986
0.0454643
0.0463056
0.0471229
0.0479169
0.048688
0.0494368
0.0501637
0.0508692
0.0515538
0.052218
0.0528622
0.0534868
0.0540923
0.0546789
0.0552473
0.0557977
0.0563305
0.0568462
0.0573452
0.0578277
0.0582942
0.0587452
0.0591811
0.0596026
0.0600098
0.0604034
0.0607835
0.0611508
0.0615055
0.0618482
0.0621791
0.0624987
0.0628074
0.0631056
0.0633937
0.063672
0.0639409
0.0642008
0.064452
0.0646949
0.0649298
0.0651569
0.0653766
0.0655891
0.0657948
0.0659938
0.0661864
0.0663729
0.0665533
0.0667278
0.0668967
0.0670601
0.067218
0.0673706
0.0675179
0.0676601
0.0677971
0.0679289
0.0680556
0.0681772
0.0682937
0.0684049
0.0685109
0.0686117
0.0687071
0.0687972
0.0688819
0.0689611
0.0690349
0.0691031
0.0691659
0.0692231
0.0692748
0.0693215
0.0693594
0.0363702
0.0360998
0.0358287
0.035546
0.0352425
0.0349115
0.0345487
0.0341513
0.0337177
0.0332458
0.0327334
0.0321771
0.0315728
0.0309161
0.0302028
0.0294306
0.0286006
0.02772
0.0268037
0.0258759
0.0249698
0.024126
0.0233877
0.0227957
0.0223834
0.0221733
0.0221754
0.0223879
0.0227988
0.0233891
0.0241347
0.02501
0.0259893
0.0270485
0.0281666
0.0293254
0.0305103
0.0317096
0.0329141
0.0341169
0.0353125
0.0364968
0.0376668
0.0388199
0.0399542
0.0410684
0.0421614
0.0432325
0.0442811
0.0453071
0.0463103
0.0472906
0.0482483
0.0491833
0.050096
0.0509864
0.0518549
0.0527016
0.0535268
0.0543308
0.0551139
0.0558764
0.0566187
0.0573411
0.058044
0.0587277
0.0593926
0.060039
0.0606674
0.061278
0.0618711
0.0624472
0.0630069
0.0635505
0.0640784
0.0645911
0.065089
0.0655724
0.0660417
0.0664974
0.0669398
0.0673694
0.0677866
0.0681916
0.068585
0.068967
0.069338
0.0696983
0.0700482
0.0703881
0.0707182
0.0710388
0.0713502
0.0716525
0.071946
0.0722309
0.0725074
0.0727756
0.0730357
0.0732877
0.0735318
0.073768
0.0739964
0.0742169
0.0744297
0.0746346
0.0748318
0.075021
0.0752024
0.0753757
0.0755411
0.0756983
0.0758474
0.0759883
0.0761209
0.0762453
0.0763614
0.0764692
0.0765687
0.0766599
0.0767436
0.0768161
0.0363726
0.0361118
0.0358643
0.0356247
0.0353882
0.0351497
0.0349053
0.0346516
0.0343862
0.034107
0.0338124
0.0335008
0.0331704
0.032819
0.0324439
0.032042
0.0316095
0.0311425
0.0306373
0.0300912
0.0295033
0.0288758
0.0282154
0.0275338
0.0268487
0.0261831
0.0255644
0.0250214
0.0245821
0.0242709
0.0241063
0.0240997
0.0242555
0.0245712
0.0250389
0.0256467
0.0263794
0.0272206
0.0281535
0.0291614
0.0302293
0.0313432
0.0324912
0.0336631
0.0348504
0.0360463
0.037245
0.0384422
0.039634
0.0408176
0.0419905
0.0431507
0.0442964
0.0454263
0.0465391
0.0476339
0.04871
0.0497667
0.0508036
0.0518204
0.052817
0.0537932
0.0547491
0.0556847
0.0566001
0.0574955
0.0583709
0.0592267
0.0600628
0.0608796
0.0616773
0.0624561
0.0632163
0.0639579
0.0646814
0.0653873
0.0660758
0.0667473
0.0674023
0.0680411
0.0686642
0.0692717
0.0698642
0.0704419
0.0710052
0.0715545
0.07209
0.0726121
0.073121
0.0736171
0.0741006
0.0745718
0.075031
0.0754782
0.0759138
0.0763379
0.0767508
0.0771524
0.077543
0.0779225
0.0782912
0.078649
0.078996
0.0793321
0.0796574
0.0799717
0.0802751
0.0805675
0.0808487
0.0811188
0.0813777
0.0816252
0.0818613
0.0820859
0.082299
0.0825006
0.0826906
0.0828691
0.083036
0.0831915
0.0833364
0.0834676
0.036373
0.0361141
0.035872
0.0356439
0.0354272
0.0352191
0.0350173
0.0348192
0.0346229
0.0344266
0.0342287
0.034028
0.0338235
0.033614
0.0333987
0.0331765
0.0329461
0.0327063
0.0324551
0.0321906
0.0319103
0.0316116
0.0312916
0.0309476
0.0305773
0.0301794
0.0297542
0.0293039
0.0288338
0.0283523
0.0278712
0.0274056
0.0269729
0.0265919
0.0262812
0.0260582
0.0259375
0.02593
0.0260429
0.0262795
0.026639
0.0271179
0.0277095
0.0284055
0.0291961
0.0300704
0.0310176
0.0320267
0.0330872
0.0341895
0.0353246
0.0364846
0.0376626
0.0388528
0.04005
0.0412501
0.0424495
0.0436453
0.0448351
0.0460168
0.0471885
0.0483489
0.0494966
0.0506304
0.0517494
0.0528528
0.0539397
0.0550097
0.0560622
0.0570969
0.0581135
0.0591118
0.0600919
0.0610535
0.0619968
0.0629219
0.0638288
0.0647175
0.0655883
0.0664415
0.0672771
0.0680954
0.0688967
0.0696812
0.0704492
0.0712009
0.0719366
0.0726563
0.0733603
0.0740489
0.0747223
0.0753807
0.0760243
0.0766533
0.0772677
0.0778678
0.0784537
0.0790255
0.0795832
0.080127
0.0806567
0.0811725
0.0816742
0.0821619
0.0826356
0.083095
0.0835402
0.083971
0.0843874
0.0847892
0.0851764
0.0855489
0.0859066
0.0862494
0.0865773
0.0868903
0.0871884
0.0874716
0.0877399
0.0879935
0.0882334
0.0884572
0.036373
0.0361144
0.0358731
0.0356473
0.035435
0.0352345
0.0350442
0.0348626
0.0346883
0.03452
0.0343566
0.0341972
0.0340406
0.0338863
0.0337335
0.0335815
0.03343
0.0332783
0.0331261
0.0329728
0.0328179
0.0326607
0.0325006
0.0323365
0.0321675
0.0319921
0.0318089
0.0316161
0.031412
0.0311947
0.0309626
0.0307143
0.0304492
0.0301675
0.0298707
0.029562
0.0292462
0.0289302
0.0286229
0.0283345
0.0280766
0.0278614
0.0277011
0.0276068
0.0275887
0.027655
0.0278118
0.0280631
0.0284105
0.0288538
0.0293908
0.0300177
0.0307295
0.03152
0.0323823
0.0333091
0.0342927
0.0353258
0.0364007
0.0375106
0.0386487
0.039809
0.0409861
0.0421752
0.043372
0.0445728
0.0457746
0.0469747
0.0481708
0.0493612
0.0505442
0.0517185
0.0528829
0.0540364
0.0551782
0.0563074
0.0574233
0.0585253
0.0596129
0.0606854
0.0617425
0.0627836
0.0638086
0.064817
0.065809
0.0667839
0.0677418
0.068683
0.0696074
0.0705152
0.0714064
0.072281
0.0731391
0.0739807
0.0748058
0.0756146
0.076407
0.077183
0.0779426
0.0786857
0.0794124
0.0801224
0.0808158
0.0814924
0.0821522
0.082795
0.0834207
0.0840293
0.0846206
0.0851946
0.0857512
0.0862903
0.0868118
0.0873158
0.0878021
0.0882709
0.088722
0.0891556
0.0895717
0.0899704
0.0903529
0.0907177
0.0363729
0.0361143
0.0358731
0.0356476
0.035436
0.0352369
0.0350488
0.0348708
0.0347016
0.0345405
0.0343865
0.0342388
0.0340968
0.0339597
0.0338271
0.0336984
0.0335731
0.0334509
0.0333314
0.0332143
0.0330994
0.0329864
0.0328751
0.0327654
0.0326571
0.03255
0.0324439
0.0323386
0.0322337
0.032129
0.032024
0.0319181
0.0318107
0.0317009
0.0315879
0.0314707
0.0313482
0.0312192
0.0310829
0.0309383
0.0307848
0.0306222
0.0304511
0.0302724
0.0300884
0.0299021
0.0297178
0.0295407
0.0293773
0.0292348
0.0291209
0.0290438
0.0290114
0.0290315
0.029111
0.0292559
0.0294709
0.0297598
0.0301247
0.0305667
0.0310854
0.0316796
0.0323467
0.0330834
0.0338858
0.0347492
0.0356685
0.0366384
0.0376535
0.0387081
0.0397969
0.0409145
0.0420559
0.0432166
0.044392
0.0455783
0.046772
0.04797
0.0491695
0.0503681
0.0515639
0.0527551
0.0539402
0.0551179
0.0562872
0.0574472
0.0585969
0.0597357
0.0608628
0.0619778
0.0630794
0.0641675
0.0652418
0.0663019
0.0673474
0.0683781
0.0693934
0.0703933
0.0713772
0.0723449
0.0732962
0.0742308
0.0751486
0.0760494
0.076933
0.0777993
0.0786482
0.0794796
0.0802935
0.0810897
0.0818681
0.0826288
0.0833716
0.0840965
0.0848034
0.0854922
0.086163
0.0868156
0.0874499
0.0880661
0.088665
0.0892456
0.0363728
0.0361141
0.035873
0.0356475
0.0354359
0.0352369
0.0350492
0.0348717
0.0347034
0.0345435
0.0343913
0.0342461
0.0341073
0.0339743
0.0338467
0.0337239
0.0336057
0.0334917
0.0333814
0.0332747
0.0331712
0.0330707
0.032973
0.0328779
0.0327854
0.0326951
0.0326072
0.0325213
0.0324376
0.032356
0.0322763
0.0321987
0.0321231
0.0320494
0.0319777
0.0319079
0.0318399
0.0317737
0.0317091
0.031646
0.0315841
0.0315232
0.031463
0.031403
0.0313428
0.0312818
0.0312195
0.0311553
0.0310887
0.0310191
0.0309461
0.0308695
0.0307893
0.0307061
0.0306205
0.0305339
0.0304483
0.0303664
0.0302913
0.030227
0.030178
0.0301493
0.0301463
0.0301746
0.0302396
0.0303468
0.030501
0.0307069
0.0309682
0.031288
0.0316687
0.0321117
0.0326177
0.0331866
0.0338177
0.0345094
0.0352595
0.0360655
0.0369243
0.0378324
0.0387861
0.0397816
0.0408147
0.0418815
0.0429778
0.0440998
0.0452436
0.0464056
0.0475825
0.0487709
0.049968
0.0511713
0.0523781
0.0535865
0.0547944
0.056
0.0572022
0.0583998
0.0595921
0.0607781
0.0619574
0.0631293
0.0642934
0.0654492
0.0665962
0.0677341
0.0688623
0.0699804
0.0710879
0.0721843
0.073269
0.0743415
0.0754011
0.0764471
0.077479
0.0784961
0.0794976
0.0804829
0.0814514
0.0824024
0.083336
0.0842494
0.0363728
0.0361141
0.0358729
0.0356474
0.0354358
0.0352368
0.0350491
0.0348716
0.0347034
0.0345437
0.0343917
0.0342468
0.0341085
0.0339761
0.0338494
0.0337277
0.0336109
0.0334984
0.0333901
0.0332856
0.0331847
0.0330872
0.0329927
0.0329012
0.0328125
0.0327263
0.0326426
0.0325612
0.032482
0.0324049
0.0323298
0.0322567
0.0321855
0.0321162
0.0320487
0.0319831
0.0319193
0.0318573
0.0317973
0.0317392
0.0316831
0.0316291
0.0315773
0.0315276
0.0314803
0.0314354
0.031393
0.0313532
0.0313161
0.0312817
0.0312502
0.0312215
0.0311957
0.0311728
0.0311527
0.0311354
0.0311208
0.0311088
0.0310993
0.031092
0.031087
0.031084
0.031083
0.031084
0.0310872
0.0310929
0.0311015
0.031114
0.0311314
0.0311552
0.0311873
0.0312299
0.0312858
0.0313581
0.0314502
0.031566
0.0317095
0.0318848
0.0320962
0.0323477
0.0326433
0.0329867
0.0333813
0.0338298
0.0343348
0.0348981
0.0355212
0.0362049
0.0369494
0.0377545
0.0386195
0.0395431
0.0405237
0.0415593
0.0426474
0.0437853
0.0449699
0.046198
0.0474662
0.0487709
0.0501085
0.0514751
0.0528672
0.0542809
0.0557125
0.0571584
0.0586152
0.0600792
0.0615473
0.0630164
0.0644833
0.0659453
0.0673996
0.0688437
0.0702754
0.0716923
0.0730924
0.074474
0.0758352
0.0771746
0.0784908
0.0797789
0.0363728
0.0361141
0.0358729
0.0356474
0.0354358
0.0352368
0.0350491
0.0348716
0.0347034
0.0345437
0.0343917
0.0342468
0.0341085
0.0339761
0.0338494
0.0337277
0.0336109
0.0334984
0.0333901
0.0332856
0.0331847
0.0330872
0.0329927
0.0329012
0.0328125
0.0327263
0.0326426
0.0325611
0.0324819
0.0324049
0.0323298
0.0322567
0.0321855
0.0321162
0.0320487
0.0319831
0.0319193
0.0318574
0.0317974
0.0317393
0.0316833
0.0316293
0.0315775
0.031528
0.0314808
0.031436
0.0313938
0.0313541
0.0313172
0.031283
0.0312517
0.0312233
0.0311977
0.031175
0.0311552
0.031138
0.0311236
0.0311117
0.0311021
0.0310947
0.0310894
0.031086
0.0310844
0.0310845
0.0310866
0.0310909
0.0310978
0.0311082
0.031123
0.0311438
0.0311723
0.0312108
0.0312618
0.0313285
0.0314143
0.0315228
0.031658
0.031824
0.032025
0.0322651
0.0325481
0.0328778
0.0332576
0.0336904
0.0341787
0.0347245
0.0353295
0.0359945
0.03672
0.037506
0.0383519
0.0392568
0.0402192
0.0412371
0.0423083
0.0434303
0.0446002
0.0458149
0.047071
0.0483651
0.0496936
0.0510526
0.0524385
0.0538475
0.0552758
0.0567198
0.0581759
0.0596404
0.06111
0.0625815
0.0640516
0.0655176
0.0669765
0.0684258
0.0698629
0.0712857
0.072692
0.0740798
0.0754475
0.0767933
0.0781161
0.0794106
0.0363728
0.0361141
0.035873
0.0356475
0.0354359
0.0352369
0.0350492
0.0348717
0.0347034
0.0345435
0.0343913
0.0342461
0.0341073
0.0339743
0.0338466
0.0337239
0.0336057
0.0334916
0.0333814
0.0332746
0.0331711
0.0330706
0.0329729
0.0328778
0.0327852
0.032695
0.032607
0.0325211
0.0324374
0.0323558
0.0322761
0.0321985
0.0321229
0.0320492
0.0319775
0.0319078
0.0318399
0.0317738
0.0317094
0.0316465
0.031585
0.0315244
0.0314646
0.0314052
0.0313455
0.0312852
0.0312237
0.0311603
0.0310945
0.0310257
0.0309536
0.0308778
0.0307985
0.0307159
0.0306308
0.0305446
0.0304592
0.030377
0.0303014
0.030236
0.0301855
0.0301546
0.0301487
0.0301731
0.0302333
0.0303345
0.0304815
0.0306789
0.0309303
0.0312389
0.0316068
0.0320356
0.032526
0.033078
0.0336909
0.0343632
0.0350929
0.0358776
0.0367142
0.0375996
0.0385302
0.0395022
0.0405117
0.0415548
0.0426276
0.0437263
0.0448471
0.0459865
0.0471411
0.0483078
0.0494838
0.0506664
0.0518531
0.0530418
0.0542304
0.0554173
0.0566014
0.0577815
0.0589568
0.0601266
0.0612902
0.062447
0.0635965
0.0647384
0.0658722
0.0669974
0.0681136
0.0692205
0.0703174
0.071404
0.0724796
0.0735436
0.0745955
0.0756347
0.0766604
0.0776719
0.0786687
0.0796499
0.080615
0.0815633
0.0824947
0.0834067
0.0363729
0.0361143
0.0358731
0.0356476
0.035436
0.0352369
0.0350488
0.0348708
0.0347016
0.0345405
0.0343864
0.0342387
0.0340967
0.0339596
0.033827
0.0336982
0.0335729
0.0334506
0.0333311
0.0332139
0.0330989
0.0329858
0.0328744
0.0327646
0.0326562
0.032549
0.0324428
0.0323373
0.0322324
0.0321276
0.0320225
0.0319165
0.031809
0.0316993
0.0315863
0.0314693
0.031347
0.0312184
0.0310826
0.0309387
0.030786
0.0306245
0.0304546
0.0302774
0.0300951
0.0299107
0.0297285
0.0295537
0.0293928
0.0292528
0.0291414
0.0290667
0.0290365
0.0290584
0.0291391
0.0292845
0.0294992
0.0297867
0.0301491
0.0305873
0.0311011
0.0316889
0.0323483
0.0330762
0.0338684
0.0347206
0.0356277
0.0365845
0.0375856
0.0386257
0.0396994
0.0408015
0.0419272
0.0430719
0.0442312
0.0454014
0.046579
0.0477608
0.0489442
0.0501268
0.0513066
0.0524818
0.0536509
0.0548127
0.055966
0.05711
0.0582436
0.0593662
0.0604771
0.0615754
0.0626604
0.0637318
0.0647892
0.0658324
0.066861
0.0678745
0.0688726
0.069855
0.0708214
0.0717715
0.0727051
0.073622
0.0745219
0.0754049
0.0762706
0.0771191
0.0779503
0.078764
0.0795603
0.0803391
0.0811005
0.0818442
0.0825705
0.0832791
0.0839702
0.0846436
0.0852994
0.0859376
0.0865581
0.087161
0.0877473
0.0883159
0.036373
0.0361144
0.0358731
0.0356473
0.035435
0.0352345
0.0350441
0.0348625
0.0346881
0.0345198
0.0343564
0.0341968
0.0340401
0.0338856
0.0337326
0.0335805
0.0334287
0.0332768
0.0331243
0.0329707
0.0328155
0.0326579
0.0324974
0.0323329
0.0321633
0.0319873
0.0318035
0.0316101
0.0314053
0.0311874
0.0309547
0.0307059
0.0304405
0.0301587
0.0298623
0.0295543
0.0292398
0.0289258
0.028621
0.028336
0.0280823
0.027872
0.0277171
0.0276288
0.0276169
0.0276894
0.0278523
0.0281091
0.0284615
0.0289088
0.0294488
0.0300774
0.0307895
0.031579
0.0324389
0.033362
0.0343406
0.0353674
0.036435
0.0375365
0.0386655
0.0398159
0.0409826
0.0421607
0.0433462
0.0445354
0.0457253
0.0469134
0.0480974
0.0492755
0.0504462
0.0516081
0.0527602
0.0539013
0.0550307
0.0561475
0.057251
0.0583407
0.0594158
0.0604758
0.0615204
0.062549
0.0635612
0.0645569
0.0655359
0.0664976
0.0674422
0.0683699
0.0692806
0.0701745
0.0710514
0.0719115
0.0727547
0.0735812
0.074391
0.0751841
0.0759605
0.0767202
0.0774633
0.0781896
0.0788992
0.079592
0.0802679
0.0809268
0.0815687
0.0821936
0.0828012
0.0833917
0.0839649
0.0845207
0.0850592
0.0855802
0.0860839
0.0865701
0.087039
0.0874906
0.0879248
0.0883419
0.0887418
0.0891248
0.0894921
0.0898423
0.036373
0.0361141
0.035872
0.0356439
0.0354271
0.035219
0.0350169
0.0348187
0.0346222
0.0344255
0.0342273
0.0340263
0.0338212
0.0336112
0.0333953
0.0331724
0.0329413
0.0327006
0.0324484
0.0321828
0.0319013
0.0316011
0.0312796
0.0309339
0.0305618
0.0301622
0.0297353
0.0292837
0.0288126
0.0283309
0.0278505
0.0273865
0.0269568
0.02658
0.026275
0.0260588
0.025946
0.0259472
0.0260694
0.0263153
0.0266841
0.0271717
0.0277713
0.0284742
0.0292704
0.030149
0.0310989
0.0321093
0.0331696
0.0342702
0.0354024
0.0365582
0.0377311
0.0389151
0.0401054
0.0412979
0.0424892
0.0436764
0.0448571
0.0460295
0.0471917
0.0483423
0.04948
0.0506038
0.0517128
0.052806
0.0538827
0.0549425
0.0559848
0.0570093
0.0580156
0.0590038
0.0599735
0.0609249
0.0618579
0.0627727
0.0636691
0.0645474
0.0654076
0.0662501
0.0670749
0.0678823
0.0686725
0.0694458
0.0702024
0.0709425
0.0716663
0.0723739
0.0730657
0.0737417
0.0744023
0.0750476
0.0756779
0.0762932
0.0768937
0.0774797
0.0780511
0.0786082
0.0791509
0.0796794
0.0801937
0.0806938
0.0811798
0.0816515
0.0821089
0.0825521
0.0829809
0.0833954
0.0837953
0.0841808
0.0845516
0.0849079
0.0852494
0.0855763
0.0858884
0.0861859
0.0864688
0.086737
0.0869908
0.0872302
0.0874563
0.0876669
0.0363726
0.0361118
0.0358641
0.0356245
0.0353876
0.0351488
0.0349038
0.0346496
0.0343834
0.0341033
0.0338076
0.0334948
0.033163
0.03281
0.0324332
0.0320293
0.0315946
0.0311252
0.0306173
0.0300683
0.0294775
0.0288472
0.0281843
0.0275008
0.0268147
0.0261495
0.0255326
0.0249932
0.0245592
0.024255
0.0240987
0.0241016
0.0242677
0.0245941
0.0250726
0.0256907
0.0264332
0.0272832
0.0282237
0.0292381
0.0303108
0.0314282
0.0325783
0.0337509
0.0349377
0.0361318
0.0373277
0.038521
0.0397082
0.0408865
0.0420533
0.0432069
0.0443455
0.0454679
0.0465729
0.0476596
0.0487274
0.0497756
0.0508039
0.051812
0.0527998
0.0537672
0.0547142
0.0556409
0.0565474
0.0574339
0.0583005
0.0591473
0.0599745
0.0607824
0.0615712
0.0623411
0.0630922
0.0638248
0.0645393
0.0652361
0.0659154
0.0665777
0.0672233
0.0678527
0.0684661
0.069064
0.0696466
0.0702142
0.0707674
0.0713063
0.0718312
0.0723426
0.0728406
0.0733256
0.0737977
0.0742574
0.0747047
0.0751399
0.0755633
0.075975
0.0763752
0.076764
0.0771415
0.0775079
0.0778632
0.0782075
0.0785408
0.0788632
0.0791746
0.079475
0.0797645
0.080043
0.0803103
0.0805666
0.0808117
0.0810456
0.0812683
0.0814796
0.0816797
0.0818685
0.0820461
0.0822124
0.0823675
0.0825116
0.0826454
0.082766
0.0363701
0.0360996
0.0358282
0.0355449
0.0352404
0.0349082
0.0345439
0.0341448
0.0337091
0.033235
0.0327199
0.0321608
0.0315533
0.0308931
0.0301759
0.0293996
0.0285657
0.0276813
0.0267618
0.0258319
0.0249254
0.0240829
0.023348
0.0227615
0.0223565
0.0221551
0.022167
0.0223897
0.0228112
0.0234118
0.0241673
0.0250519
0.0260396
0.0271063
0.0282307
0.0293949
0.030584
0.0317864
0.0329929
0.0341965
0.035392
0.0365753
0.0377432
0.0388934
0.040024
0.0411339
0.0422219
0.0432874
0.0443301
0.0453496
0.0463461
0.0473195
0.0482699
0.0491975
0.0501026
0.0509853
0.0518459
0.0526848
0.053502
0.0542981
0.0550732
0.0558277
0.056562
0.0572764
0.0579713
0.058647
0.0593039
0.0599424
0.0605628
0.0611654
0.0617505
0.0623187
0.0628704
0.0634061
0.063926
0.0644306
0.0649204
0.0653956
0.0658566
0.066304
0.066738
0.0671591
0.0675677
0.067964
0.0683485
0.0687215
0.0690834
0.0694345
0.069775
0.0701053
0.0704257
0.0707365
0.0710378
0.0713299
0.0716131
0.0718875
0.0721534
0.0724108
0.0726599
0.0729009
0.0731339
0.0733588
0.0735759
0.0737851
0.0739865
0.0741801
0.0743659
0.0745438
0.0747139
0.0748761
0.0750304
0.0751768
0.0753152
0.0754456
0.075568
0.0756824
0.0757888
0.0758872
0.0759776
0.0760602
0.0761355
0.0762002
0.0363589
0.0360506
0.0357003
0.0352898
0.03481
0.0342577
0.0336332
0.032937
0.0321685
0.0313254
0.0304043
0.0294031
0.028323
0.0271727
0.0259725
0.0247565
0.0235737
0.0224837
0.0215493
0.0208268
0.0203571
0.0201613
0.0202403
0.0205775
0.021144
0.0219038
0.0228183
0.0238505
0.0249669
0.0261395
0.0273455
0.0285673
0.0297916
0.0310084
0.0322107
0.0333933
0.0345525
0.0356859
0.0367919
0.0378696
0.0389188
0.0399395
0.040932
0.0418968
0.0428345
0.0437455
0.0446307
0.0454905
0.0463256
0.0471365
0.0479238
0.0486881
0.0494299
0.0501498
0.0508482
0.0515256
0.0521826
0.0528195
0.0534368
0.0540349
0.0546143
0.0551753
0.0557185
0.0562441
0.0567526
0.0572444
0.0577197
0.0581791
0.0586231
0.059052
0.0594665
0.0598668
0.0602533
0.0606265
0.0609868
0.0613346
0.0616702
0.0619942
0.0623067
0.0626084
0.0628995
0.0631804
0.0634515
0.0637131
0.0639656
0.0642094
0.0644447
0.0646718
0.0648912
0.065103
0.0653076
0.0655052
0.065696
0.0658803
0.0660582
0.0662301
0.066396
0.0665562
0.0667107
0.0668597
0.0670034
0.0671417
0.0672748
0.0674027
0.0675255
0.0676432
0.0677558
0.0678633
0.0679657
0.068063
0.0681551
0.0682421
0.0683239
0.0684006
0.068472
0.0685382
0.0685991
0.0686549
0.0687054
0.0687507
0.0687914
0.0688237
0.0363178
0.0358937
0.0353361
0.0346341
0.0337946
0.0328293
0.0317475
0.0305547
0.029254
0.0278512
0.0263611
0.0248154
0.0232671
0.0217916
0.0204772
0.0194107
0.0186592
0.0182589
0.0182124
0.0184936
0.0190578
0.0198507
0.0208174
0.0219075
0.0230785
0.0242967
0.0255362
0.0267781
0.0280086
0.0292179
0.0303992
0.0315481
0.032662
0.0337396
0.0347804
0.035785
0.0367541
0.0376888
0.0385905
0.0394603
0.0402997
0.04111
0.0418924
0.0426481
0.0433782
0.0440837
0.0447654
0.0454243
0.0460611
0.0466765
0.0472711
0.0478456
0.0484004
0.0489361
0.0494533
0.0499523
0.0504338
0.0508981
0.0513457
0.0517769
0.0521923
0.0525922
0.052977
0.0533471
0.0537027
0.0540445
0.0543728
0.0546882
0.054991
0.0552817
0.0555605
0.055828
0.0560845
0.0563305
0.0565662
0.0567921
0.0570086
0.0572161
0.0574148
0.0576052
0.0577877
0.0579625
0.05813
0.0582906
0.0584446
0.0585922
0.0587338
0.0588697
0.0590002
0.0591255
0.0592458
0.0593615
0.0594727
0.0595797
0.0596826
0.0597817
0.059877
0.0599688
0.0600572
0.0601422
0.0602241
0.0603028
0.0603785
0.0604512
0.0605209
0.0605877
0.0606516
0.0607126
0.0607706
0.0608258
0.060878
0.0609272
0.0609735
0.0610168
0.061057
0.0610942
0.0611283
0.0611593
0.0611873
0.0612121
0.0612343
0.0612501
0.036194
0.0354812
0.034487
0.0332498
0.0318164
0.0302214
0.0284873
0.0266356
0.0247008
0.0227445
0.0208618
0.0191743
0.0178058
0.0168513
0.0163543
0.0163042
0.0166486
0.0173123
0.0182147
0.0192819
0.020453
0.0216812
0.0229326
0.024183
0.0254157
0.0266192
0.0277857
0.0289106
0.0299915
0.0310272
0.0320181
0.0329652
0.0338699
0.0347342
0.0355602
0.0363501
0.0371059
0.0378299
0.0385239
0.0391898
0.0398291
0.0404434
0.0410339
0.0416018
0.0421482
0.0426739
0.0431798
0.0436666
0.0441349
0.0445854
0.0450186
0.0454349
0.045835
0.0462192
0.046588
0.0469418
0.047281
0.047606
0.0479173
0.0482152
0.0485
0.0487721
0.0490319
0.0492797
0.0495161
0.0497415
0.0499562
0.0501606
0.050355
0.05054
0.0507157
0.0508827
0.0510412
0.0511916
0.0513343
0.0514697
0.051598
0.0517196
0.0518349
0.0519441
0.0520476
0.0521458
0.0522388
0.052327
0.0524107
0.0524902
0.0525657
0.0526375
0.0527059
0.052771
0.0528331
0.0528925
0.0529493
0.0530036
0.0530558
0.0531058
0.053154
0.0532003
0.0532449
0.053288
0.0533295
0.0533696
0.0534083
0.0534457
0.0534818
0.0535166
0.0535501
0.0535823
0.0536133
0.053643
0.0536713
0.0536983
0.053724
0.0537482
0.0537709
0.0537923
0.0538121
0.0538303
0.0538471
0.0538621
0.0538759
0.0538849
0.0358805
0.034577
0.0328355
0.0308006
0.0285705
0.0262063
0.0237664
0.0213399
0.0190641
0.0171105
0.0156396
0.0147472
0.0144401
0.0146497
0.015266
0.0161714
0.0172624
0.0184587
0.0197036
0.0209588
0.0221991
0.0234082
0.024576
0.0256963
0.0267659
0.0277834
0.0287488
0.0296632
0.0305283
0.0313464
0.03212
0.032852
0.0335453
0.0342026
0.0348266
0.0354199
0.0359849
0.0365235
0.0370378
0.0375293
0.0379995
0.0384497
0.0388808
0.0392939
0.0396897
0.0400689
0.0404322
0.04078
0.041113
0.0414315
0.041736
0.0420269
0.0423046
0.0425695
0.0428219
0.0430623
0.0432908
0.043508
0.0437141
0.0439095
0.0440943
0.0442691
0.0444344
0.0445903
0.0447373
0.0448757
0.0450058
0.0451281
0.0452428
0.0453503
0.0454508
0.0455449
0.0456326
0.0457145
0.0457908
0.0458617
0.0459277
0.045989
0.0460458
0.0460985
0.0461474
0.0461927
0.0462347
0.0462737
0.0463099
0.0463435
0.0463747
0.0464039
0.0464312
0.0464568
0.0464809
0.0465037
0.0465254
0.046546
0.0465658
0.0465849
0.0466034
0.0466213
0.0466389
0.0466561
0.046673
0.0466897
0.0467063
0.0467226
0.0467389
0.046755
0.046771
0.0467868
0.0468026
0.0468181
0.0468334
0.0468485
0.0468633
0.0468778
0.0468919
0.0469056
0.0469188
0.0469316
0.0469437
0.0469553
0.0469664
0.0469739
0.0352026
0.0328963
0.0301085
0.0271089
0.0240365
0.0210044
0.0181744
0.0157675
0.0140001
0.0129902
0.0127151
0.0130442
0.0138053
0.0148376
0.0160172
0.0172596
0.0185119
0.0197419
0.0209313
0.0220699
0.0231527
0.0241775
0.0251442
0.0260536
0.0269075
0.0277079
0.0284576
0.0291593
0.0298164
0.0304319
0.0310092
0.0315515
0.0320617
0.0325428
0.0329974
0.0334279
0.0338362
0.0342242
0.0345934
0.0349451
0.0352805
0.0356004
0.0359055
0.0361967
0.0364744
0.036739
0.0369911
0.0372311
0.0374593
0.037676
0.0378816
0.0380764
0.0382608
0.038435
0.0385993
0.0387541
0.0388997
0.0390363
0.0391642
0.0392836
0.0393951
0.0394989
0.0395953
0.0396846
0.0397672
0.0398432
0.0399132
0.0399773
0.0400358
0.040089
0.0401373
0.0401808
0.04022
0.040255
0.0402861
0.0403136
0.0403377
0.0403587
0.0403769
0.0403924
0.0404056
0.0404166
0.0404257
0.0404331
0.0404391
0.0404437
0.0404472
0.0404499
0.0404518
0.0404531
0.0404541
0.0404548
0.0404554
0.040456
0.0404567
0.0404577
0.0404589
0.0404605
0.0404626
0.0404652
0.0404684
0.0404721
0.0404764
0.0404814
0.040487
0.0404932
0.0405001
0.0405075
0.0405156
0.0405241
0.0405332
0.0405426
0.0405525
0.0405628
0.0405733
0.0405841
0.040595
0.0406061
0.0406172
0.0406282
0.0406394
0.0406479
0.0339322
0.0302091
0.0262302
0.0223236
0.0186661
0.0154863
0.0130691
0.0116143
0.0111152
0.0113844
0.0121696
0.0132476
0.0144604
0.0157111
0.0169448
0.0181328
0.0192612
0.0203243
0.0213212
0.0222533
0.0231228
0.0239326
0.0246858
0.0253854
0.0260346
0.0266365
0.0271943
0.0277115
0.0281915
0.0286375
0.0290528
0.0294404
0.0298033
0.0301439
0.0304645
0.030767
0.031053
0.031324
0.031581
0.031825
0.0320568
0.0322769
0.0324859
0.0326842
0.0328721
0.03305
0.0332182
0.033377
0.0335266
0.0336672
0.0337992
0.0339229
0.0340384
0.034146
0.0342461
0.0343388
0.0344243
0.034503
0.034575
0.0346407
0.0347004
0.0347543
0.0348028
0.034846
0.0348842
0.0349178
0.0349469
0.0349718
0.0349928
0.0350101
0.0350239
0.0350345
0.0350421
0.0350469
0.0350492
0.0350492
0.035047
0.035043
0.0350373
0.0350301
0.0350216
0.0350121
0.0350016
0.0349904
0.0349786
0.0349665
0.0349541
0.0349417
0.0349294
0.0349173
0.0349055
0.0348941
0.0348834
0.0348732
0.0348639
0.0348553
0.0348476
0.0348409
0.0348352
0.0348305
0.0348268
0.0348242
0.0348227
0.0348223
0.034823
0.0348247
0.0348275
0.0348312
0.034836
0.0348416
0.0348482
0.0348556
0.0348637
0.0348726
0.0348821
0.0348922
0.0349028
0.0349139
0.0349253
0.034937
0.0349491
0.0349591
0.0318454
0.0264681
0.0214346
0.0170017
0.0134119
0.0109706
0.00980316
0.00972374
0.0103762
0.0114249
0.0126389
0.0138866
0.0151011
0.0162514
0.0173258
0.0183222
0.0192429
0.0200924
0.0208757
0.0215978
0.0222632
0.022876
0.0234397
0.0239578
0.0244335
0.0248701
0.0252707
0.0256386
0.025977
0.026289
0.0265776
0.0268454
0.0270948
0.027328
0.0275467
0.0277524
0.0279463
0.0281293
0.0283023
0.0284659
0.0286204
0.0287663
0.028904
0.0290335
0.0291553
0.0292694
0.0293761
0.0294757
0.0295682
0.0296539
0.029733
0.0298057
0.0298723
0.0299329
0.0299878
0.0300371
0.0300811
0.0301199
0.0301538
0.0301831
0.030208
0.0302288
0.0302455
0.0302586
0.0302681
0.0302743
0.0302774
0.0302776
0.0302752
0.0302702
0.030263
0.0302536
0.0302423
0.0302294
0.0302148
0.0301989
0.0301818
0.0301637
0.0301448
0.0301251
0.030105
0.0300844
0.0300637
0.0300429
0.0300221
0.0300016
0.0299814
0.0299617
0.0299426
0.0299241
0.0299065
0.0298897
0.0298738
0.029859
0.0298453
0.0298328
0.0298214
0.0298113
0.0298024
0.0297949
0.0297886
0.0297836
0.02978
0.0297776
0.0297765
0.0297767
0.0297781
0.0297807
0.0297845
0.0297894
0.0297953
0.0298022
0.02981
0.0298187
0.0298282
0.0298384
0.0298493
0.0298608
0.0298728
0.0298851
0.029898
0.0299092
0.0288132
0.0218907
0.0162707
0.0120265
0.00938884
0.00836569
0.00855793
0.00943949
0.0106139
0.0118583
0.0130674
0.0141984
0.0152377
0.0161851
0.0170462
0.0178285
0.0185398
0.0191875
0.0197779
0.0203167
0.0208082
0.0212565
0.0216647
0.022036
0.0223732
0.0226792
0.0229571
0.0232096
0.0234397
0.0236501
0.0238433
0.0240215
0.0241867
0.0243405
0.0244842
0.0246189
0.0247454
0.0248643
0.0249761
0.0250812
0.0251798
0.025272
0.0253582
0.0254384
0.0255128
0.0255815
0.0256447
0.0257024
0.025755
0.0258024
0.0258449
0.0258827
0.025916
0.0259448
0.0259694
0.02599
0.0260065
0.0260194
0.0260289
0.026035
0.0260379
0.026038
0.0260353
0.02603
0.0260222
0.0260123
0.0260003
0.0259863
0.0259706
0.0259534
0.0259346
0.0259146
0.0258935
0.0258713
0.0258484
0.0258247
0.0258004
0.0257758
0.0257508
0.0257257
0.0257006
0.0256755
0.0256507
0.0256262
0.0256022
0.0255787
0.0255559
0.0255338
0.0255126
0.0254923
0.0254731
0.0254549
0.0254378
0.0254219
0.0254073
0.0253939
0.0253819
0.0253712
0.0253619
0.0253539
0.0253473
0.0253421
0.0253382
0.0253357
0.0253345
0.0253346
0.025336
0.0253385
0.0253423
0.0253472
0.0253532
0.0253601
0.0253681
0.0253769
0.0253865
0.0253969
0.0254079
0.0254196
0.0254318
0.0254444
0.0254575
0.0254692
0.0248902
0.0169415
0.0114817
0.00828228
0.00716077
0.00746284
0.00845808
0.0096779
0.0109008
0.0120413
0.0130741
0.0139984
0.0148224
0.015557
0.0162134
0.0168016
0.0173304
0.0178071
0.0182378
0.0186274
0.0189796
0.0192976
0.0195842
0.0198417
0.0200728
0.0202798
0.0204654
0.020632
0.0207822
0.0209182
0.021042
0.0211555
0.0212601
0.021357
0.0214472
0.0215313
0.0216098
0.0216832
0.0217517
0.0218155
0.0218746
0.0219293
0.0219795
0.0220254
0.0220671
0.0221046
0.022138
0.0221676
0.0221932
0.0222152
0.0222336
0.0222486
0.0222604
0.0222689
0.0222744
0.022277
0.0222769
0.0222741
0.0222689
0.0222614
0.0222518
0.0222402
0.0222267
0.0222115
0.0221948
0.0221765
0.0221569
0.0221362
0.0221143
0.0220915
0.0220678
0.0220434
0.0220184
0.0219929
0.0219671
0.0219409
0.0219146
0.0218883
0.021862
0.0218359
0.02181
0.0217845
0.0217595
0.021735
0.0217111
0.021688
0.0216656
0.0216441
0.0216236
0.0216041
0.0215857
0.0215684
0.0215522
0.0215373
0.0215236
0.0215111
0.0215
0.0214902
0.0214817
0.0214745
0.0214687
0.0214642
0.0214609
0.021459
0.0214583
0.0214589
0.0214606
0.0214635
0.0214675
0.0214726
0.0214787
0.0214857
0.0214937
0.0215024
0.0215119
0.0215221
0.021533
0.0215444
0.0215562
0.0215685
0.0215812
0.0215928
0.0203501
0.0122174
0.00776295
0.00615095
0.00637584
0.00739972
0.00862442
0.0098073
0.0108731
0.0118098
0.0126265
0.0133382
0.0139602
0.0145062
0.0149879
0.015415
0.0157956
0.0161358
0.0164408
0.0167143
0.0169592
0.017178
0.0173727
0.0175452
0.0176977
0.0178321
0.0179507
0.0180555
0.0181486
0.0182319
0.0183069
0.0183751
0.0184375
0.0184949
0.018548
0.0185971
0.0186427
0.0186847
0.0187235
0.0187591
0.0187914
0.0188206
0.0188467
0.0188697
0.0188897
0.0189067
0.0189208
0.0189322
0.0189408
0.0189468
0.0189503
0.0189515
0.0189503
0.0189469
0.0189414
0.0189338
0.0189244
0.0189132
0.0189004
0.0188861
0.0188704
0.0188533
0.018835
0.0188157
0.0187953
0.018774
0.0187519
0.0187291
0.0187057
0.0186817
0.0186573
0.0186325
0.0186075
0.0185823
0.018557
0.0185316
0.0185064
0.0184813
0.0184565
0.018432
0.0184079
0.0183842
0.0183611
0.0183387
0.0183169
0.0182959
0.0182757
0.0182564
0.0182381
0.0182207
0.0182043
0.018189
0.0181748
0.0181617
0.0181498
0.0181391
0.0181295
0.0181212
0.0181141
0.0181082
0.0181035
0.0180999
0.0180976
0.0180964
0.0180964
0.0180975
0.0180996
0.0181028
0.018107
0.0181121
0.0181181
0.0181249
0.0181326
0.018141
0.01815
0.0181597
0.0181699
0.0181805
0.0181916
0.018203
0.0182149
0.0182258
0.015637
0.00827905
0.00544824
0.00530522
0.00627267
0.00748408
0.00862802
0.00962674
0.010478
0.0111998
0.0118133
0.0123378
0.0127892
0.0131806
0.0135223
0.0138227
0.0140882
0.0143238
0.0145333
0.0147195
0.0148845
0.01503
0.0151575
0.0152686
0.0153647
0.0154477
0.0155192
0.0155811
0.015635
0.0156822
0.0157242
0.0157618
0.0157957
0.0158267
0.0158549
0.0158807
0.0159043
0.0159256
0.0159448
0.0159618
0.0159767
0.0159894
0.016
0.0160085
0.0160149
0.0160193
0.0160217
0.0160222
0.0160208
0.0160176
0.0160127
0.0160062
0.0159982
0.0159886
0.0159776
0.0159653
0.0159517
0.015937
0.0159213
0.0159045
0.0158869
0.0158684
0.0158492
0.0158293
0.0158088
0.0157877
0.0157662
0.0157443
0.0157221
0.0156996
0.0156769
0.0156541
0.0156312
0.0156083
0.0155855
0.0155628
0.0155403
0.0155181
0.0154962
0.0154747
0.0154536
0.015433
0.015413
0.0153936
0.0153748
0.0153568
0.0153395
0.0153231
0.0153074
0.0152927
0.0152789
0.015266
0.0152542
0.0152433
0.0152334
0.0152246
0.0152168
0.0152101
0.0152044
0.0151998
0.0151962
0.0151937
0.0151922
0.0151917
0.0151922
0.0151937
0.015196
0.0151993
0.0152034
0.0152083
0.015214
0.0152204
0.0152275
0.0152352
0.0152435
0.0152522
0.0152614
0.0152711
0.015281
0.0152912
0.0153018
0.0153116
0.0112476
0.00547539
0.00434611
0.00510513
0.00628867
0.00740673
0.00835448
0.00913578
0.00977768
0.0103079
0.0107497
0.0111213
0.0114371
0.011708
0.0119424
0.0121467
0.012326
0.0124839
0.0126231
0.0127457
0.0128529
0.0129459
0.0130258
0.0130937
0.0131509
0.0131987
0.0132385
0.0132717
0.0132996
0.0133233
0.0133437
0.0133614
0.0133771
0.013391
0.0134034
0.0134143
0.0134239
0.0134322
0.0134391
0.0134446
0.0134487
0.0134515
0.0134528
0.0134528
0.0134514
0.0134486
0.0134445
0.0134392
0.0134326
0.0134249
0.013416
0.0134061
0.0133952
0.0133833
0.0133705
0.0133568
0.0133424
0.0133272
0.0133114
0.0132949
0.013278
0.0132605
0.0132426
0.0132243
0.0132056
0.0131867
0.0131675
0.0131481
0.0131285
0.0131089
0.0130892
0.0130695
0.0130499
0.0130304
0.0130109
0.0129917
0.0129728
0.0129541
0.0129357
0.0129177
0.0129001
0.012883
0.0128664
0.0128504
0.0128349
0.0128201
0.0128059
0.0127924
0.0127797
0.0127677
0.0127565
0.0127461
0.0127365
0.0127278
0.01272
0.012713
0.0127069
0.0127016
0.0126973
0.0126939
0.0126913
0.0126896
0.0126887
0.0126887
0.0126896
0.0126912
0.0126936
0.0126967
0.0127006
0.0127051
0.0127102
0.012716
0.0127223
0.0127291
0.0127363
0.012744
0.012752
0.0127604
0.012769
0.0127778
0.0127869
0.0127954
0.00759179
0.00381868
0.0039565
0.00506317
0.00617406
0.0070938
0.00782429
0.00840242
0.00886383
0.00923666
0.00954193
0.00979514
0.0100078
0.0101883
0.0103431
0.010477
0.0105937
0.0106956
0.0107847
0.0108621
0.0109287
0.0109853
0.0110326
0.0110714
0.0111026
0.0111273
0.0111466
0.0111615
0.0111731
0.0111822
0.0111893
0.0111949
0.0111994
0.011203
0.0112058
0.0112079
0.0112092
0.0112097
0.0112095
0.0112084
0.0112065
0.0112038
0.0112001
0.0111957
0.0111903
0.0111841
0.0111771
0.0111693
0.0111607
0.0111514
0.0111415
0.0111308
0.0111195
0.0111076
0.0110952
0.0110822
0.0110688
0.0110549
0.0110407
0.0110261
0.0110112
0.010996
0.0109805
0.0109649
0.010949
0.0109331
0.010917
0.0109008
0.0108846
0.0108684
0.0108522
0.0108361
0.01082
0.0108041
0.0107884
0.0107728
0.0107575
0.0107424
0.0107277
0.0107133
0.0106992
0.0106855
0.0106723
0.0106595
0.0106473
0.0106355
0.0106243
0.0106137
0.0106036
0.0105942
0.0105854
0.0105773
0.0105699
0.0105631
0.010557
0.0105517
0.0105471
0.0105431
0.0105399
0.0105374
0.0105357
0.0105346
0.0105342
0.0105345
0.0105355
0.0105371
0.0105394
0.0105422
0.0105457
0.0105496
0.0105541
0.010559
0.0105644
0.0105702
0.0105763
0.0105828
0.0105896
0.0105966
0.0106038
0.0106112
0.0106188
0.0106258
0.00488849
0.00301652
0.00383246
0.00494522
0.00586678
0.00656975
0.00710149
0.00750822
0.0078246
0.00807512
0.00827689
0.00844196
0.00857894
0.00869405
0.00879188
0.00887581
0.00894829
0.00901106
0.00906527
0.00911166
0.00915073
0.0091829
0.00920863
0.00922849
0.00924321
0.00925358
0.00926042
0.00926452
0.00926657
0.00926714
0.00926668
0.0092655
0.0092638
0.00926171
0.00925927
0.00925651
0.0092534
0.00924991
0.00924602
0.0092417
0.00923691
0.00923164
0.00922588
0.00921962
0.00921286
0.00920561
0.00919789
0.0091897
0.00918106
0.009172
0.00916253
0.00915268
0.00914246
0.00913189
0.009121
0.00910982
0.00909837
0.00908668
0.00907478
0.00906269
0.00905043
0.00903803
0.0090255
0.00901288
0.00900017
0.00898741
0.00897461
0.0089618
0.008949
0.00893623
0.00892352
0.00891089
0.00889836
0.00888596
0.00887372
0.00886165
0.00884978
0.00883813
0.00882674
0.00881562
0.00880481
0.00879431
0.00878416
0.00877438
0.00876499
0.008756
0.00874745
0.00873935
0.00873172
0.00872457
0.00871793
0.0087118
0.00870619
0.00870112
0.0086966
0.00869263
0.00868921
0.00868636
0.00868408
0.00868236
0.00868119
0.00868058
0.00868052
0.00868099
0.00868199
0.00868349
0.00868549
0.00868795
0.00869086
0.00869419
0.00869792
0.00870202
0.00870647
0.00871122
0.00871626
0.00872154
0.00872705
0.00873274
0.00873859
0.00874455
0.00875066
0.00875635
0.00312828
0.00268014
0.00372157
0.0046797
0.00538514
0.00589032
0.00625644
0.00652772
0.00673357
0.00689331
0.0070198
0.00712178
0.0072053
0.00727467
0.007333
0.00738254
0.00742489
0.00746113
0.00749193
0.00751771
0.00753871
0.00755514
0.0075673
0.00757558
0.00758047
0.00758257
0.00758245
0.00758067
0.00757773
0.00757401
0.0075698
0.00756532
0.00756068
0.00755594
0.00755114
0.00754625
0.00754126
0.00753615
0.00753087
0.0075254
0.00751972
0.00751381
0.00750766
0.00750125
0.00749459
0.00748767
0.00748051
0.0074731
0.00746546
0.00745759
0.00744951
0.00744122
0.00743274
0.00742407
0.00741524
0.00740625
0.00739713
0.00738789
0.00737855
0.00736911
0.0073596
0.00735002
0.0073404
0.00733073
0.00732104
0.00731134
0.00730165
0.00729197
0.00728233
0.00727273
0.0072632
0.00725375
0.00724439
0.00723514
0.00722603
0.00721705
0.00720824
0.00719961
0.00719118
0.00718295
0.00717496
0.00716722
0.00715974
0.00715254
0.00714563
0.00713903
0.00713276
0.00712683
0.00712125
0.00711604
0.0071112
0.00710674
0.00710268
0.00709903
0.00709578
0.00709295
0.00709054
0.00708856
0.007087
0.00708587
0.00708516
0.00708487
0.007085
0.00708553
0.00708646
0.00708777
0.00708945
0.00709149
0.00709387
0.00709657
0.00709958
0.00710286
0.0071064
0.00711017
0.00711416
0.00711833
0.00712266
0.00712713
0.00713172
0.00713638
0.00714116
0.0071456
0.00211639
0.00251651
0.00352139
0.00427039
0.00477425
0.00511496
0.00535176
0.00552165
0.00564722
0.00574252
0.00581651
0.0058751
0.0059223
0.00596089
0.00599286
0.00601962
0.00604215
0.00606108
0.00607678
0.00608942
0.00609911
0.00610594
0.00611007
0.00611175
0.00611132
0.00610917
0.00610571
0.00610131
0.00609631
0.00609094
0.00608542
0.00607986
0.00607433
0.00606887
0.00606348
0.00605814
0.00605285
0.00604756
0.00604226
0.00603691
0.00603151
0.00602603
0.00602047
0.00601481
0.00600904
0.00600317
0.0059972
0.00599112
0.00598494
0.00597866
0.00597229
0.00596582
0.00595926
0.00595262
0.00594591
0.00593913
0.0059323
0.00592542
0.0059185
0.00591154
0.00590456
0.00589756
0.00589056
0.00588354
0.00587653
0.00586954
0.00586256
0.00585562
0.00584871
0.00584185
0.00583505
0.00582831
0.00582166
0.00581509
0.00580863
0.00580227
0.00579604
0.00578994
0.00578399
0.00577819
0.00577256
0.00576711
0.00576186
0.0057568
0.00575196
0.00574734
0.00574296
0.00573882
0.00573493
0.0057313
0.00572794
0.00572486
0.00572207
0.00571956
0.00571735
0.00571544
0.00571383
0.00571253
0.00571154
0.00571086
0.00571049
0.00571041
0.00571065
0.00571117
0.00571199
0.00571309
0.00571446
0.00571609
0.00571797
0.00572008
0.00572241
0.00572494
0.00572766
0.00573055
0.0057336
0.00573677
0.00574007
0.00574346
0.00574694
0.00575046
0.00575407
0.00575741
0.001583
0.00236704
0.00320964
0.00374928
0.00408339
0.00429644
0.00443801
0.00453594
0.00460608
0.0046578
0.00469687
0.00472699
0.00475063
0.00476945
0.00478464
0.00479702
0.00480714
0.00481533
0.00482177
0.0048265
0.00482956
0.00483094
0.00483075
0.00482911
0.00482625
0.0048224
0.00481784
0.0048128
0.00480748
0.00480206
0.00479664
0.0047913
0.00478608
0.00478099
0.00477604
0.0047712
0.00476647
0.00476181
0.00475722
0.00475267
0.00474814
0.00474362
0.0047391
0.00473458
0.00473004
0.00472548
0.0047209
0.0047163
0.00471167
0.00470701
0.00470234
0.00469763
0.00469289
0.00468814
0.00468336
0.00467857
0.00467376
0.00466895
0.00466414
0.00465932
0.0046545
0.00464968
0.00464488
0.00464009
0.00463531
0.00463056
0.00462583
0.00462113
0.00461647
0.00461185
0.00460728
0.00460276
0.0045983
0.00459391
0.00458959
0.00458535
0.00458119
0.00457713
0.00457318
0.00456933
0.0045656
0.00456199
0.00455852
0.00455519
0.004552
0.00454896
0.00454608
0.00454337
0.00454083
0.00453846
0.00453629
0.0045343
0.0045325
0.00453091
0.00452951
0.00452832
0.00452734
0.00452657
0.00452602
0.00452567
0.00452554
0.00452562
0.00452591
0.0045264
0.00452709
0.00452798
0.00452906
0.00453032
0.00453175
0.00453334
0.00453509
0.00453697
0.00453899
0.00454112
0.00454336
0.00454569
0.00454811
0.00455058
0.00455312
0.00455568
0.00455831
0.00456072
0.00129599
0.00216382
0.0027997
0.00315555
0.00335732
0.00347765
0.00355334
0.00360321
0.00363728
0.00366122
0.00367842
0.00369098
0.00370027
0.00370719
0.00371239
0.00371629
0.00371916
0.00372116
0.00372235
0.00372272
0.00372225
0.00372091
0.00371875
0.00371583
0.00371228
0.00370822
0.00370383
0.00369923
0.00369456
0.0036899
0.00368532
0.00368086
0.00367655
0.00367238
0.00366836
0.00366447
0.0036607
0.00365703
0.00365345
0.00364995
0.0036465
0.00364311
0.00363976
0.00363645
0.00363316
0.0036299
0.00362666
0.00362344
0.00362023
0.00361703
0.00361385
0.00361067
0.00360749
0.00360433
0.00360117
0.00359802
0.00359488
0.00359175
0.00358864
0.00358554
0.00358245
0.00357938
0.00357632
0.00357328
0.00357027
0.00356727
0.0035643
0.00356136
0.00355845
0.00355557
0.00355272
0.00354992
0.00354716
0.00354444
0.00354178
0.00353917
0.00353661
0.00353413
0.00353171
0.00352936
0.00352708
0.00352489
0.00352279
0.00352077
0.00351885
0.00351702
0.0035153
0.00351368
0.00351218
0.00351078
0.00350951
0.00350836
0.00350733
0.00350642
0.00350565
0.00350501
0.0035045
0.00350413
0.0035039
0.0035038
0.00350384
0.00350402
0.00350433
0.00350478
0.00350535
0.00350605
0.00350688
0.00350783
0.00350888
0.00351004
0.0035113
0.00351266
0.00351409
0.0035156
0.00351719
0.00351882
0.00352051
0.00352224
0.00352401
0.0035258
0.00352762
0.00352929
0.00110753
0.00188763
0.00231832
0.00252711
0.00263351
0.00269151
0.00272503
0.00274521
0.00275764
0.00276533
0.00276999
0.00277267
0.00277403
0.00277449
0.00277434
0.00277378
0.0027729
0.00277176
0.00277036
0.00276868
0.00276667
0.00276432
0.00276161
0.00275857
0.00275527
0.00275178
0.00274817
0.00274451
0.00274088
0.00273732
0.00273386
0.00273052
0.00272731
0.00272424
0.00272129
0.00271847
0.00271575
0.00271313
0.0027106
0.00270814
0.00270576
0.00270343
0.00270117
0.00269895
0.00269677
0.00269463
0.00269254
0.00269047
0.00268843
0.00268642
0.00268444
0.00268248
0.00268053
0.00267861
0.00267671
0.00267482
0.00267296
0.00267111
0.00266928
0.00266747
0.00266568
0.0026639
0.00266215
0.00266041
0.00265869
0.00265699
0.00265532
0.00265366
0.00265203
0.00265043
0.00264885
0.00264729
0.00264577
0.00264428
0.00264282
0.0026414
0.00264001
0.00263866
0.00263736
0.0026361
0.00263488
0.00263372
0.00263261
0.00263155
0.00263054
0.0026296
0.00262872
0.00262789
0.00262714
0.00262645
0.00262583
0.00262528
0.0026248
0.0026244
0.00262408
0.00262383
0.00262366
0.00262357
0.00262357
0.00262364
0.00262379
0.00262403
0.00262435
0.00262474
0.00262521
0.00262576
0.00262638
0.00262707
0.00262782
0.00262864
0.00262951
0.00263044
0.00263142
0.00263245
0.00263351
0.00263461
0.00263573
0.00263688
0.00263805
0.00263922
0.00264042
0.00264152
0.000940091
0.00154366
0.00179618
0.00189808
0.00194231
0.00196263
0.00197202
0.00197596
0.001977
0.00197642
0.00197493
0.00197293
0.00197067
0.00196828
0.00196585
0.00196345
0.0019611
0.00195879
0.0019565
0.00195421
0.00195188
0.00194948
0.001947
0.00194444
0.00194183
0.0019392
0.00193656
0.00193397
0.00193144
0.00192899
0.00192663
0.00192438
0.00192224
0.0019202
0.00191826
0.00191641
0.00191464
0.00191296
0.00191135
0.0019098
0.00190831
0.00190688
0.0019055
0.00190416
0.00190286
0.00190161
0.00190039
0.0018992
0.00189805
0.00189692
0.00189582
0.00189475
0.00189369
0.00189266
0.00189165
0.00189067
0.0018897
0.00188875
0.00188781
0.0018869
0.001886
0.00188512
0.00188426
0.00188341
0.00188258
0.00188176
0.00188097
0.00188018
0.00187942
0.00187867
0.00187795
0.00187724
0.00187655
0.00187587
0.00187523
0.0018746
0.00187399
0.00187341
0.00187285
0.00187232
0.00187181
0.00187133
0.00187089
0.00187046
0.00187007
0.00186972
0.00186939
0.0018691
0.00186884
0.00186862
0.00186843
0.00186828
0.00186817
0.0018681
0.00186807
0.00186807
0.00186812
0.00186821
0.00186834
0.00186852
0.00186873
0.00186899
0.00186928
0.00186962
0.00187
0.00187042
0.00187087
0.00187136
0.00187188
0.00187243
0.00187302
0.00187363
0.00187426
0.00187492
0.00187559
0.00187628
0.00187698
0.0018777
0.00187842
0.00187914
0.00187987
0.00188054
0.00075892
0.00114997
0.00126545
0.00129943
0.00130899
0.00131025
0.00130839
0.00130531
0.00130181
0.00129822
0.00129471
0.00129135
0.00128818
0.00128519
0.0012824
0.00127978
0.00127734
0.00127505
0.00127288
0.00127081
0.00126882
0.00126689
0.00126501
0.00126316
0.00126136
0.0012596
0.0012579
0.00125627
0.0012547
0.0012532
0.00125178
0.00125044
0.00124917
0.00124798
0.00124685
0.00124578
0.00124477
0.00124382
0.00124292
0.00124206
0.00124125
0.00124048
0.00123975
0.00123904
0.00123838
0.00123774
0.00123713
0.00123654
0.00123599
0.00123545
0.00123494
0.00123444
0.00123397
0.00123351
0.00123307
0.00123265
0.00123224
0.00123185
0.00123148
0.00123111
0.00123077
0.00123043
0.00123011
0.0012298
0.00122951
0.00122922
0.00122895
0.00122869
0.00122845
0.00122821
0.00122799
0.00122777
0.00122757
0.00122739
0.00122721
0.00122705
0.0012269
0.00122676
0.00122664
0.00122653
0.00122643
0.00122635
0.00122628
0.00122622
0.00122618
0.00122616
0.00122615
0.00122615
0.00122618
0.00122621
0.00122627
0.00122634
0.00122642
0.00122653
0.00122665
0.00122678
0.00122694
0.00122711
0.0012273
0.0012275
0.00122773
0.00122797
0.00122822
0.00122849
0.00122878
0.00122909
0.0012294
0.00122973
0.00123008
0.00123043
0.0012308
0.00123118
0.00123156
0.00123195
0.00123235
0.00123275
0.00123315
0.00123356
0.00123396
0.00123437
0.00123477
0.00123514
0.000560691
0.000737105
0.000763632
0.000763607
0.000759028
0.000753908
0.000749091
0.000744734
0.000740829
0.00073733
0.000734185
0.000731348
0.000728778
0.00072644
0.000724306
0.000722351
0.000720553
0.000718894
0.000717356
0.000715924
0.000714583
0.000713323
0.000712135
0.000711014
0.000709955
0.000708955
0.000708013
0.000707128
0.000706298
0.00070552
0.000704792
0.000704113
0.000703479
0.000702886
0.000702334
0.000701818
0.000701337
0.000700887
0.000700466
0.000700073
0.000699706
0.000699362
0.000699042
0.000698742
0.000698461
0.0006982
0.000697956
0.000697728
0.000697516
0.000697319
0.000697137
0.000696967
0.000696811
0.000696666
0.000696533
0.000696412
0.000696301
0.0006962
0.00069611
0.000696028
0.000695956
0.000695893
0.000695839
0.000695793
0.000695756
0.000695726
0.000695704
0.00069569
0.000695684
0.000695684
0.000695692
0.000695707
0.000695728
0.000695757
0.000695792
0.000695834
0.000695882
0.000695937
0.000695999
0.000696066
0.00069614
0.00069622
0.000696307
0.000696399
0.000696497
0.000696602
0.000696712
0.000696828
0.00069695
0.000697077
0.00069721
0.000697348
0.000697491
0.00069764
0.000697794
0.000697953
0.000698116
0.000698285
0.000698458
0.000698635
0.000698817
0.000699002
0.000699192
0.000699385
0.000699581
0.00069978
0.000699982
0.000700185
0.000700391
0.000700598
0.000700806
0.000701014
0.000701223
0.000701431
0.000701639
0.000701845
0.000702049
0.000702251
0.000702451
0.000702647
0.00070284
0.00070302
0.000284746
0.000272336
0.000264576
0.000259339
0.000255518
0.000252566
0.000250187
0.00024821
0.000246532
0.000245084
0.000243818
0.000242699
0.000241702
0.000240807
0.000239998
0.000239263
0.000238593
0.000237978
0.000237412
0.000236889
0.000236406
0.000235957
0.00023554
0.000235153
0.000234793
0.00023446
0.000234152
0.000233866
0.000233602
0.000233358
0.000233133
0.000232925
0.000232733
0.000232555
0.000232391
0.000232239
0.000232098
0.000231968
0.000231848
0.000231737
0.000231634
0.00023154
0.000231453
0.000231372
0.000231299
0.000231232
0.000231171
0.000231115
0.000231065
0.00023102
0.00023098
0.000230945
0.000230914
0.000230887
0.000230865
0.000230846
0.000230832
0.000230821
0.000230814
0.00023081
0.000230809
0.000230812
0.000230818
0.000230827
0.000230838
0.000230853
0.000230871
0.000230891
0.000230914
0.000230939
0.000230967
0.000230998
0.00023103
0.000231066
0.000231103
0.000231143
0.000231184
0.000231228
0.000231274
0.000231322
0.000231372
0.000231423
0.000231476
0.000231531
0.000231588
0.000231646
0.000231706
0.000231767
0.00023183
0.000231894
0.000231959
0.000232025
0.000232092
0.000232161
0.00023223
0.0002323
0.00023237
0.000232442
0.000232514
0.000232586
0.000232659
0.000232731
0.000232804
0.000232877
0.00023295
0.000233023
0.000233096
0.000233168
0.000233239
0.00023331
0.00023338
0.000233449
0.000233517
0.000233584
0.00023365
0.000233714
0.000233778
0.000233839
0.0002339
0.000233958
0.000234014
0.00023407
)
;

boundaryField
{
    lowerWall
    {
        type            nutkWallFunction;
        Cmu             0.09;
        kappa           0.41;
        E               9.8;
        value           nonuniform List<scalar> 
122
(
3.38542e-05
3.22345e-05
3.12155e-05
3.05252e-05
3.00205e-05
2.96299e-05
2.93146e-05
2.90524e-05
2.88296e-05
2.86371e-05
2.84688e-05
2.83199e-05
2.81871e-05
2.80679e-05
2.79601e-05
2.78621e-05
2.77726e-05
2.76905e-05
2.7615e-05
2.75451e-05
2.74804e-05
2.74204e-05
2.73648e-05
2.73131e-05
2.72653e-05
2.7221e-05
2.71801e-05
2.71423e-05
2.71075e-05
2.70754e-05
2.70458e-05
2.70186e-05
2.69935e-05
2.69704e-05
2.6949e-05
2.69294e-05
2.69112e-05
2.68944e-05
2.6879e-05
2.68648e-05
2.68517e-05
2.68396e-05
2.68286e-05
2.68185e-05
2.68092e-05
2.68008e-05
2.67932e-05
2.67864e-05
2.67802e-05
2.67748e-05
2.677e-05
2.67658e-05
2.67622e-05
2.67591e-05
2.67567e-05
2.67547e-05
2.67533e-05
2.67524e-05
2.6752e-05
2.6752e-05
2.67525e-05
2.67534e-05
2.67547e-05
2.67565e-05
2.67587e-05
2.67612e-05
2.67642e-05
2.67675e-05
2.67711e-05
2.67751e-05
2.67795e-05
2.67842e-05
2.67893e-05
2.67946e-05
2.68003e-05
2.68062e-05
2.68125e-05
2.68191e-05
2.68259e-05
2.6833e-05
2.68403e-05
2.68479e-05
2.68558e-05
2.68639e-05
2.68721e-05
2.68807e-05
2.68894e-05
2.68983e-05
2.69073e-05
2.69166e-05
2.6926e-05
2.69355e-05
2.69452e-05
2.6955e-05
2.69649e-05
2.69749e-05
2.6985e-05
2.69951e-05
2.70053e-05
2.70155e-05
2.70258e-05
2.7036e-05
2.70463e-05
2.70565e-05
2.70666e-05
2.70767e-05
2.70867e-05
2.70966e-05
2.71065e-05
2.71161e-05
2.71257e-05
2.7135e-05
2.71443e-05
2.71533e-05
2.71621e-05
2.71707e-05
2.71791e-05
2.71873e-05
2.71952e-05
2.72029e-05
2.72102e-05
2.72175e-05
)
;
    }
    upperWall
    {
        type            nutkWallFunction;
        Cmu             0.09;
        kappa           0.41;
        E               9.8;
        value           nonuniform List<scalar> 
122
(
3.36526e-05
3.20374e-05
3.10226e-05
3.03356e-05
2.98333e-05
2.94446e-05
2.91308e-05
2.88699e-05
2.86481e-05
2.84567e-05
2.82891e-05
2.8141e-05
2.80089e-05
2.78902e-05
2.77829e-05
2.76854e-05
2.75964e-05
2.75147e-05
2.74395e-05
2.737e-05
2.73057e-05
2.7246e-05
2.71906e-05
2.71393e-05
2.70917e-05
2.70477e-05
2.70071e-05
2.69695e-05
2.69348e-05
2.69029e-05
2.68734e-05
2.68462e-05
2.68212e-05
2.6798e-05
2.67767e-05
2.67569e-05
2.67387e-05
2.67219e-05
2.67063e-05
2.6692e-05
2.66788e-05
2.66667e-05
2.66555e-05
2.66453e-05
2.6636e-05
2.66275e-05
2.66198e-05
2.66129e-05
2.66067e-05
2.66011e-05
2.65962e-05
2.6592e-05
2.65883e-05
2.65852e-05
2.65827e-05
2.65807e-05
2.65792e-05
2.65783e-05
2.65778e-05
2.65777e-05
2.65782e-05
2.6579e-05
2.65803e-05
2.6582e-05
2.65841e-05
2.65866e-05
2.65895e-05
2.65927e-05
2.65963e-05
2.66002e-05
2.66045e-05
2.66092e-05
2.66141e-05
2.66194e-05
2.66249e-05
2.66308e-05
2.66369e-05
2.66434e-05
2.66501e-05
2.6657e-05
2.66642e-05
2.66717e-05
2.66794e-05
2.66873e-05
2.66955e-05
2.67038e-05
2.67123e-05
2.67211e-05
2.673e-05
2.6739e-05
2.67483e-05
2.67576e-05
2.67671e-05
2.67767e-05
2.67864e-05
2.67963e-05
2.68062e-05
2.68161e-05
2.68261e-05
2.68362e-05
2.68463e-05
2.68564e-05
2.68664e-05
2.68765e-05
2.68865e-05
2.68965e-05
2.69064e-05
2.69162e-05
2.6926e-05
2.69356e-05
2.6945e-05
2.69544e-05
2.69635e-05
2.69725e-05
2.69813e-05
2.69899e-05
2.69984e-05
2.70065e-05
2.70145e-05
2.70222e-05
2.70295e-05
2.70369e-05
)
;
    }
    inlet
    {
        type            calculated;
        value           uniform 0.0366503;
    }
    outlet
    {
        type            calculated;
        value           nonuniform List<scalar> 
60
(
0.000235427
0.000707174
0.00124237
0.0018914
0.00265662
0.00354934
0.00458656
0.00579008
0.00718639
0.00880687
0.010688
0.0128717
0.0154048
0.0183394
0.0217307
0.0256359
0.0301096
0.0351987
0.0409329
0.0473109
0.0542809
0.0617123
0.0693594
0.0768161
0.0834676
0.0884572
0.0907177
0.0892456
0.0842494
0.0797789
0.0794106
0.0834067
0.0883159
0.0898423
0.0876669
0.082766
0.0762002
0.0688237
0.0612501
0.0538849
0.0469739
0.0406479
0.0349591
0.0299092
0.0254692
0.0215928
0.0182258
0.0153116
0.0127954
0.0106258
0.00875635
0.0071456
0.00575741
0.00456072
0.00352929
0.00264152
0.00188054
0.00123514
0.00070302
0.00023407
)
;
    }
    frontAndBack
    {
        type            empty;
    }
}


// ************************************************************************* //
